/*--------------------------------*- C++ -*----------------------------------*\
  =========                 |
  \\      /  F ield         | OpenFOAM: The Open Source CFD Toolbox
   \\    /   O peration     | Website:  https://openfoam.org
    \\  /    A nd           | Version:  7
     \\/     M anipulation  |
\*---------------------------------------------------------------------------*/
FoamFile
{
    version     2.0;
    format      ascii;
    class       volVectorField;
    location    "6.5";
    object      U;
}
// * * * * * * * * * * * * * * * * * * * * * * * * * * * * * * * * * * * * * //

dimensions      [0 1 -1 0 0 0 0];

internalField   nonuniform List<vector> 
3700
(
(1.33119 -0.354881 0)
(1.30862 -0.461758 0)
(1.33963 -0.266981 0)
(1.4132 -0.251456 0)
(1.52928 -0.190888 0)
(1.53957 -0.182749 0)
(1.5062 -0.187748 0)
(1.48044 -0.161721 0)
(1.46644 -0.161562 0)
(1.51033 -0.14873 0)
(1.60529 -0.146862 0)
(1.6569 -0.160043 0)
(1.6895 -0.213487 0)
(1.71675 -0.269659 0)
(1.70256 -0.260686 0)
(1.6684 -0.205764 0)
(1.69369 -0.125562 0)
(1.75048 -0.140783 0)
(1.82575 -0.2431 0)
(1.8728 -0.247362 0)
(1.79002 -1.22847 0)
(1.76584 -1.0616 0)
(1.83097 -1.00943 0)
(1.99613 -1.08473 0)
(2.02994 -1.22348 0)
(1.90255 -1.29857 0)
(1.76397 -1.35621 0)
(1.76159 -1.30048 0)
(1.76402 -1.45549 0)
(1.83441 -1.40389 0)
(1.92918 -1.43885 0)
(2.04532 -1.35807 0)
(2.1544 -1.3688 0)
(2.19283 -1.34933 0)
(2.1873 -1.28838 0)
(2.16167 -1.14813 0)
(2.17386 -1.03971 0)
(2.22571 -1.08297 0)
(2.28401 -1.19641 0)
(2.31968 -1.2767 0)
(1.77783 -1.25954 0)
(1.90541 -1.14537 0)
(2.03735 -1.22205 0)
(2.19741 -1.4016 0)
(2.19202 -1.82786 0)
(2.02875 -2.15749 0)
(2.01432 -2.2712 0)
(2.09632 -2.21987 0)
(2.04708 -2.31089 0)
(2.11989 -2.15384 0)
(2.09846 -2.16719 0)
(2.17772 -1.99996 0)
(2.259 -1.92283 0)
(2.35982 -1.85197 0)
(2.47972 -1.80024 0)
(2.61273 -1.72299 0)
(2.6729 -1.67608 0)
(2.68445 -1.63968 0)
(2.66056 -1.63054 0)
(2.60988 -1.60936 0)
(1.73632 -1.25089 0)
(1.83174 -1.25145 0)
(1.91098 -1.43297 0)
(1.96239 -1.70669 0)
(1.8938 -2.03097 0)
(1.94358 -2.20488 0)
(1.98931 -2.26728 0)
(2.11349 -2.18991 0)
(2.12897 -2.19788 0)
(2.30063 -2.00833 0)
(2.24657 -2.08303 0)
(2.29604 -1.95565 0)
(2.3169 -1.86083 0)
(2.37329 -1.76248 0)
(2.46462 -1.6765 0)
(2.61488 -1.53642 0)
(2.6661 -1.43258 0)
(2.76947 -1.302 0)
(2.83144 -1.21823 0)
(2.80388 -1.26694 0)
(1.55193 -1.23505 0)
(1.60915 -1.35237 0)
(1.66372 -1.65307 0)
(1.67732 -1.97328 0)
(1.66019 -2.19421 0)
(1.61532 -2.26033 0)
(1.86905 -2.13151 0)
(2.09015 -2.02538 0)
(2.27738 -1.87809 0)
(2.42506 -1.85079 0)
(2.44245 -1.79497 0)
(2.5 -1.71217 0)
(2.49419 -1.6868 0)
(2.47169 -1.67063 0)
(2.50067 -1.58227 0)
(2.55818 -1.49696 0)
(2.59148 -1.36759 0)
(2.70145 -1.28541 0)
(2.75901 -1.079 0)
(2.85705 -0.883638 0)
(1.36076 -1.19126 0)
(1.42976 -1.43798 0)
(1.53623 -1.83055 0)
(1.55153 -2.08328 0)
(1.56061 -2.25526 0)
(1.69992 -2.27943 0)
(1.91516 -2.15187 0)
(2.05315 -1.94825 0)
(2.22922 -1.75494 0)
(2.40449 -1.73691 0)
(2.52746 -1.54146 0)
(2.63838 -1.45041 0)
(2.68372 -1.34718 0)
(2.64858 -1.36823 0)
(2.65939 -1.31594 0)
(2.64036 -1.32506 0)
(2.63207 -1.19821 0)
(2.65441 -1.17213 0)
(2.69745 -1.10918 0)
(2.77671 -0.869967 0)
(1.19634 -1.1504 0)
(1.32756 -1.55347 0)
(1.49451 -1.92278 0)
(1.52083 -2.15446 0)
(1.73993 -2.27559 0)
(1.86953 -2.32077 0)
(2.03532 -2.18108 0)
(2.14138 -1.90615 0)
(2.17547 -1.78534 0)
(2.31317 -1.69906 0)
(2.42432 -1.49912 0)
(2.60913 -1.43981 0)
(2.67754 -1.14679 0)
(2.75315 -1.05452 0)
(2.76175 -0.884548 0)
(2.74092 -0.882645 0)
(2.73706 -0.833604 0)
(2.72042 -0.82417 0)
(2.70733 -0.896016 0)
(2.70851 -0.724536 0)
(1.11868 -1.14374 0)
(1.30713 -1.62186 0)
(1.59318 -2.01761 0)
(1.80376 -2.24855 0)
(2.06304 -2.11135 0)
(2.17472 -2.20752 0)
(2.36037 -2.04916 0)
(2.40674 -1.81932 0)
(2.31662 -1.72777 0)
(2.33529 -1.67275 0)
(2.42705 -1.46024 0)
(2.54135 -1.37567 0)
(2.58968 -1.13006 0)
(2.71462 -1.04069 0)
(2.73928 -0.780529 0)
(2.78858 -0.651727 0)
(2.78762 -0.508503 0)
(2.77402 -0.404373 0)
(2.7257 -0.522607 0)
(2.68715 -0.476331 0)
(1.10742 -1.2028 0)
(1.36949 -1.81354 0)
(1.79893 -2.11557 0)
(2.12759 -2.24099 0)
(2.46497 -2.0143 0)
(2.54804 -2.02675 0)
(2.59855 -1.77715 0)
(2.66257 -1.51205 0)
(2.59331 -1.49489 0)
(2.58596 -1.44257 0)
(2.57583 -1.33952 0)
(2.60989 -1.19033 0)
(2.60874 -1.02003 0)
(2.66583 -0.93553 0)
(2.68226 -0.73902 0)
(2.7338 -0.614659 0)
(2.76172 -0.447645 0)
(2.75807 -0.230793 0)
(2.72064 -0.183059 0)
(2.66983 -0.165767 0)
(1.23989 -1.40224 0)
(1.53647 -1.98242 0)
(1.9765 -2.25017 0)
(2.15586 -2.33782 0)
(2.35311 -2.02203 0)
(2.46368 -1.87893 0)
(2.64457 -1.51737 0)
(2.76302 -1.28441 0)
(2.79966 -1.19235 0)
(2.77815 -0.966234 0)
(2.76405 -0.959796 0)
(2.75158 -0.762531 0)
(2.72189 -0.702906 0)
(2.7202 -0.595351 0)
(2.7016 -0.490865 0)
(2.68938 -0.420929 0)
(2.70171 -0.357219 0)
(2.69023 -0.212099 0)
(2.65645 -0.0303383 0)
(2.61889 0.0419517 0)
(1.47763 -1.66895 0)
(1.72463 -2.19014 0)
(1.94652 -2.2089 0)
(1.87632 -2.16796 0)
(2.06847 -1.89995 0)
(2.19462 -1.70692 0)
(2.34355 -1.41821 0)
(2.45419 -1.2875 0)
(2.582 -1.17327 0)
(2.63911 -0.785935 0)
(2.70554 -0.633657 0)
(2.70554 -0.390488 0)
(2.72268 -0.292724 0)
(2.70464 -0.1432 0)
(2.6854 -0.0631738 0)
(2.65765 -0.0352592 0)
(2.63536 -0.0417008 0)
(2.6279 -0.0529124 0)
(2.55845 0.107716 0)
(2.57792 0.104402 0)
(1.53907 -1.77784 0)
(1.68809 -2.18615 0)
(1.77686 -2.1219 0)
(1.76883 -2.02685 0)
(2.00887 -1.80438 0)
(2.17243 -1.54577 0)
(2.28008 -1.30319 0)
(2.34336 -1.20734 0)
(2.4072 -1.04276 0)
(2.47887 -0.833709 0)
(2.57433 -0.643939 0)
(2.60628 -0.389623 0)
(2.64695 -0.205512 0)
(2.63889 -0.00592415 0)
(2.58861 0.195722 0)
(2.55772 0.278637 0)
(2.51666 0.350998 0)
(2.51508 0.257347 0)
(2.4524 0.324949 0)
(2.47538 0.274723 0)
(1.47238 -1.78932 0)
(1.60224 -2.14235 0)
(1.68014 -1.9843 0)
(1.85572 -1.68215 0)
(2.12382 -1.62737 0)
(2.29983 -1.09222 0)
(2.37748 -1.09294 0)
(2.45462 -0.991346 0)
(2.50688 -0.636222 0)
(2.52686 -0.548705 0)
(2.55514 -0.340561 0)
(2.55731 -0.168795 0)
(2.55826 -0.0250892 0)
(2.54666 0.10816 0)
(2.48805 0.285121 0)
(2.47263 0.36923 0)
(2.39248 0.52465 0)
(2.34671 0.562563 0)
(2.30429 0.590157 0)
(2.31915 0.532708 0)
(1.1964 -1.6767 0)
(1.5906 -1.95199 0)
(1.8163 -1.82298 0)
(1.99096 -1.09644 0)
(2.12322 -1.21257 0)
(2.35735 -0.710379 0)
(2.53692 -0.488678 0)
(2.6202 -0.258512 0)
(2.57943 -0.0297062 0)
(2.56546 0.0588474 0)
(2.53139 0.212768 0)
(2.49198 0.328688 0)
(2.45336 0.410076 0)
(2.41186 0.474786 0)
(2.35632 0.535158 0)
(2.32879 0.55568 0)
(2.26762 0.626224 0)
(2.21408 0.703457 0)
(2.15814 0.78433 0)
(2.13301 0.798074 0)
(0.914473 -1.44734 0)
(1.71516 -1.5633 0)
(2.11378 -1.44177 0)
(2.10964 -0.863678 0)
(2.39496 -0.547634 0)
(2.56034 -0.277371 0)
(2.59508 -0.3315 0)
(2.53898 0.0303752 0)
(2.50462 0.112217 0)
(2.47278 0.30171 0)
(2.41195 0.477894 0)
(2.33008 0.634559 0)
(2.27502 0.721752 0)
(2.20593 0.80695 0)
(2.15901 0.831128 0)
(2.11764 0.844616 0)
(2.08082 0.87622 0)
(2.07294 0.880293 0)
(2.03941 0.922152 0)
(2.05876 0.952035 0)
(0.99981 -0.972041 0)
(1.47568 -1.47398 0)
(2.17744 -0.733646 0)
(2.49865 -0.477046 0)
(2.49217 -0.0998262 0)
(2.48049 -0.232348 0)
(2.44856 0.0299475 0)
(2.39651 0.222749 0)
(2.34057 0.368754 0)
(2.31457 0.52539 0)
(2.22016 0.693282 0)
(2.14206 0.818207 0)
(2.08598 0.891601 0)
(2.02534 0.959434 0)
(1.98237 0.979205 0)
(1.94767 1.0015 0)
(1.95252 1.02181 0)
(1.96897 0.997166 0)
(1.99601 0.994894 0)
(2.07284 0.976062 0)
(1.21776 -0.593532 0)
(1.83307 -0.717598 0)
(2.35306 0.2394 0)
(2.30735 -0.122696 0)
(2.33166 0.0140036 0)
(2.36908 0.233193 0)
(2.27735 0.533216 0)
(2.20067 0.688908 0)
(2.13634 0.779712 0)
(2.07882 0.908252 0)
(1.96696 1.01038 0)
(1.91322 1.06054 0)
(1.88768 1.07477 0)
(1.87322 1.08335 0)
(1.87509 1.05436 0)
(1.89704 1.04821 0)
(1.95941 1.023 0)
(2.16067 0.90732 0)
(2.3805 0.795368 0)
(2.78023 0.441434 0)
(1.0002 0.0315812 0)
(1.87185 0.0646051 0)
(2.26838 0.059469 0)
(2.21357 0.514057 0)
(2.2063 0.609344 0)
(2.12583 0.781663 0)
(2.04984 0.896834 0)
(1.96903 0.975256 0)
(1.91105 1.04139 0)
(1.8463 1.12892 0)
(1.78389 1.15903 0)
(1.7864 1.15386 0)
(1.80833 1.13279 0)
(1.8529 1.08754 0)
(2.04414 0.948382 0)
(2.26142 0.826104 0)
(2.6634 0.504411 0)
(3.03557 0.0931098 0)
(3.05532 -0.0236033 0)
(3.00403 -0.00465276 0)
(1.01042 0.0288672 0)
(1.92463 0.771066 0)
(2.10184 0.84134 0)
(1.99397 0.95559 0)
(1.9524 0.981176 0)
(1.87372 1.07628 0)
(1.79648 1.1344 0)
(1.76529 1.14627 0)
(1.76153 1.16317 0)
(1.73696 1.20263 0)
(1.71251 1.19649 0)
(1.8537 1.07233 0)
(2.09097 0.889382 0)
(2.50214 0.580027 0)
(2.98783 0.136633 0)
(3.07357 -0.0292957 0)
(3.00814 -0.0076994 0)
(3.00294 -0.00386064 0)
(3.00123 -0.00220941 0)
(3.00008 -0.000489589 0)
(1.15243 0.777307 0)
(1.82783 1.15233 0)
(1.83919 1.1508 0)
(1.72972 1.19936 0)
(1.70784 1.19089 0)
(1.66692 1.23995 0)
(1.66383 1.21158 0)
(1.73349 1.16563 0)
(1.76865 1.22597 0)
(1.79575 1.13606 0)
(2.26552 0.739191 0)
(2.85373 0.211415 0)
(3.09838 -0.0278232 0)
(3.02131 -0.0126834 0)
(3.00427 -0.0052658 0)
(3.00176 -0.0029087 0)
(3.00006 -0.000572169 0)
(2.99998 -2.3498e-05 0)
(2.99999 1.44371e-05 0)
(3 5.93626e-06 0)
(1.57615 1.25851 0)
(1.58189 1.26613 0)
(1.58547 1.27342 0)
(1.59229 1.2644 0)
(1.60725 1.2457 0)
(1.60278 1.26635 0)
(1.92126 1.1691 0)
(2.99188 0.368447 0)
(3.30962 -0.562857 0)
(3 6.29305e-11 0)
(3 -7.39625e-11 0)
(3 7.8621e-11 0)
(3 2.20996e-15 0)
(3 -4.23738e-13 0)
(3 -1.10955e-14 0)
(3 2.31962e-14 0)
(3 -4.74897e-15 0)
(3 2.04689e-15 0)
(3 1.38448e-15 0)
(3 -1.83925e-15 0)
(1.58362 1.25138 0)
(1.59406 1.25933 0)
(1.59845 1.27604 0)
(1.59886 1.28469 0)
(1.65529 1.26604 0)
(1.72007 1.2385 0)
(2.26715 0.752904 0)
(2.99564 0.0177254 0)
(3 5.4959e-08 0)
(3 -3.27683e-11 0)
(3 -3.52306e-15 0)
(3 -4.77565e-15 0)
(3 3.64159e-17 0)
(3 3.72925e-15 0)
(3 3.06519e-15 0)
(3 4.52451e-15 0)
(3 6.85677e-15 0)
(3 2.51617e-15 0)
(3 1.47672e-15 0)
(3 -2.87087e-16 0)
(1.58819 1.2494 0)
(1.60642 1.25463 0)
(1.61521 1.25991 0)
(1.59995 1.28888 0)
(1.67268 1.23715 0)
(2.18921 0.804077 0)
(2.98675 0.00647536 0)
(3.00055 -0.00102806 0)
(3 6.86524e-07 0)
(3 6.14181e-11 0)
(3 -4.73405e-14 0)
(3 -7.59451e-16 0)
(3 7.5399e-17 0)
(3 1.99523e-15 0)
(3 2.8609e-15 0)
(3 4.15261e-15 0)
(3 5.69965e-15 0)
(3 2.01134e-15 0)
(3 1.25335e-15 0)
(3 3.08208e-17 0)
(1.58658 1.25286 0)
(1.60917 1.25471 0)
(1.62489 1.25275 0)
(1.64218 1.26405 0)
(1.87358 1.07265 0)
(2.75752 0.205502 0)
(3.00517 -0.00251676 0)
(2.9999 9.35429e-05 0)
(3 -8.81642e-07 0)
(3 8.94351e-10 0)
(3 -9.17784e-15 0)
(3 -1.00932e-15 0)
(3 3.48695e-16 0)
(3 2.25191e-15 0)
(3 3.21507e-15 0)
(3 3.35274e-15 0)
(3 4.16491e-15 0)
(3 2.73014e-15 0)
(3 2.36194e-16 0)
(3 -9.72937e-16 0)
(1.58512 1.26358 0)
(1.59505 1.26013 0)
(1.62507 1.25157 0)
(1.73418 1.1992 0)
(2.37811 0.627791 0)
(3.01897 -0.0171948 0)
(2.99976 0.000188583 0)
(3 -4.39032e-06 0)
(3 8.54206e-08 0)
(3 -9.21043e-10 0)
(3 1.7118e-13 0)
(3 -6.24789e-16 0)
(3 6.05458e-16 0)
(3 1.44405e-15 0)
(3 2.61988e-15 0)
(3 2.98905e-15 0)
(3 3.23459e-15 0)
(3 3.75764e-15 0)
(3 -1.31954e-16 0)
(3 -8.69974e-16 0)
(1.58241 1.27492 0)
(1.57861 1.27007 0)
(1.63104 1.26354 0)
(1.75619 1.17669 0)
(2.67734 0.281341 0)
(3 -5.94385e-10 0)
(3 1.4324e-08 0)
(3 -1.29533e-08 0)
(3 5.63063e-10 0)
(3 3.11674e-12 0)
(3 -9.92718e-14 0)
(3 3.74868e-16 0)
(3 -4.66884e-16 0)
(3 5.91958e-16 0)
(3 1.85846e-15 0)
(3 3.24525e-15 0)
(3 2.87365e-15 0)
(3 3.29932e-15 0)
(3 9.30331e-16 0)
(3 -7.72991e-16 0)
(1.57914 1.29549 0)
(1.56036 1.29429 0)
(1.67539 1.24135 0)
(2.16945 0.839113 0)
(3.01726 -0.0179791 0)
(3 -9.09017e-12 0)
(3 -1.39922e-11 0)
(3 2.45082e-11 0)
(3 -3.3129e-12 0)
(3 -9.26338e-17 0)
(3 7.48911e-17 0)
(3 -5.38558e-16 0)
(3 -5.09893e-16 0)
(3 6.34114e-16 0)
(3 1.23474e-15 0)
(3 2.24859e-15 0)
(3 1.48766e-15 0)
(3 4.11955e-17 0)
(3 2.19994e-15 0)
(3 7.035e-17 0)
(1.58856 1.32281 0)
(1.50007 1.33033 0)
(1.78365 1.1785 0)
(2.44217 0.536938 0)
(3 -4.0139e-06 0)
(3 -3.36713e-12 0)
(3 9.82703e-14 0)
(3 -1.0091e-13 0)
(3 1.87499e-14 0)
(3 -9.51815e-16 0)
(3 -6.79244e-16 0)
(3 -1.89676e-16 0)
(3 -1.38681e-16 0)
(3 8.60759e-16 0)
(3 1.549e-15 0)
(3 1.73246e-15 0)
(3 9.7174e-16 0)
(3 -1.66602e-15 0)
(3 -1.27757e-15 0)
(3 -5.77443e-16 0)
(1.5906 1.3085 0)
(1.46628 1.36528 0)
(1.91056 1.05092 0)
(2.8444 0.133373 0)
(3 -2.29956e-08 0)
(3 5.00498e-12 0)
(3 -5.93228e-14 0)
(3 9.79781e-16 0)
(3 -2.43658e-16 0)
(3 -2.74665e-16 0)
(3 -9.80424e-16 0)
(3 -6.46185e-16 0)
(3 3.18439e-16 0)
(3 1.63564e-15 0)
(3 2.36229e-15 0)
(3 2.06043e-15 0)
(3 1.05078e-15 0)
(3 -6.59385e-16 0)
(3 -1.97411e-15 0)
(3 -1.77046e-15 0)
(1.6048 1.29417 0)
(1.47886 1.37583 0)
(2.18104 0.810338 0)
(3.0108 -0.00916582 0)
(3 3.06506e-08 0)
(3 -8.42528e-13 0)
(3 2.22419e-14 0)
(3 6.72548e-16 0)
(3 1.28581e-15 0)
(3 4.65668e-16 0)
(3 -4.21859e-16 0)
(3 -4.10785e-16 0)
(3 -9.1333e-17 0)
(3 1.19087e-15 0)
(3 2.66878e-15 0)
(3 2.40658e-15 0)
(3 2.81604e-15 0)
(3 2.9426e-15 0)
(3 3.40364e-16 0)
(3 -6.8338e-16 0)
(1.62182 1.27909 0)
(1.57304 1.31346 0)
(2.41763 0.537005 0)
(3 -3.17207e-12 0)
(3 -2.68756e-11 0)
(3 4.78653e-14 0)
(3 -4.93012e-16 0)
(3 9.39075e-16 0)
(3 1.20372e-15 0)
(3 8.00775e-16 0)
(3 3.31067e-16 0)
(3 1.39639e-16 0)
(3 4.12037e-16 0)
(3 2.70765e-16 0)
(3 1.05962e-15 0)
(3 1.94026e-15 0)
(3 3.17944e-15 0)
(3 3.51034e-15 0)
(3 2.56558e-15 0)
(3 1.45459e-15 0)
(1.63912 1.26003 0)
(1.62618 1.24923 0)
(2.65288 0.28886 0)
(3 4.60877e-13 0)
(3 -4.05678e-14 0)
(3 -8.45213e-16 0)
(3 -6.30523e-16 0)
(3 -4.17638e-16 0)
(3 3.95715e-16 0)
(3 2.00408e-16 0)
(3 -1.52485e-16 0)
(3 -5.29782e-16 0)
(3 -1.27179e-16 0)
(3 -4.06741e-16 0)
(3 -5.00532e-16 0)
(3 6.1652e-17 0)
(3 1.9517e-15 0)
(3 2.91658e-15 0)
(3 3.24267e-15 0)
(3 3.29496e-15 0)
(1.65672 1.2389 0)
(1.83344 1.10183 0)
(2.87662 0.0933414 0)
(3 -3.58853e-13 0)
(3 -1.24531e-15 0)
(3 -2.10108e-15 0)
(3 -2.05721e-15 0)
(3 -1.78979e-15 0)
(3 -1.47336e-15 0)
(3 -1.30262e-15 0)
(3 -7.45722e-16 0)
(3 -3.01053e-16 0)
(3 -4.27574e-16 0)
(3 -3.07247e-16 0)
(3 -7.66618e-17 0)
(3 1.22569e-15 0)
(3 2.08813e-15 0)
(3 2.5816e-15 0)
(3 3.56558e-15 0)
(3 4.41806e-15 0)
(1.67063 1.19852 0)
(1.88778 0.984404 0)
(2.98804 0.00992454 0)
(3 -3.20238e-15 0)
(3 -3.98868e-15 0)
(3 -4.68357e-15 0)
(3 -4.57753e-15 0)
(3 -3.343e-15 0)
(3 -2.63487e-15 0)
(3 -2.52394e-15 0)
(3 -2.51369e-15 0)
(3 -1.89814e-15 0)
(3 -1.07996e-15 0)
(3 -1.20037e-15 0)
(3 -1.12914e-15 0)
(3 -5.08518e-16 0)
(3 -1.88344e-16 0)
(3 4.50573e-16 0)
(3 1.84454e-15 0)
(3 3.17398e-15 0)
(1.69214 1.17371 0)
(2.04001 0.827346 0)
(3 -5.53251e-15 0)
(3 -5.74662e-15 0)
(3 -5.07809e-15 0)
(3 -4.804e-15 0)
(3 -4.83414e-15 0)
(3 -3.44528e-15 0)
(3 -3.24063e-15 0)
(3 -2.50092e-15 0)
(3 -2.15492e-15 0)
(3 -1.87564e-15 0)
(3 -1.15777e-15 0)
(3 -5.20126e-16 0)
(3 -3.25405e-16 0)
(3 -5.46959e-16 0)
(3 -3.08296e-16 0)
(3 3.17035e-16 0)
(3 8.32901e-16 0)
(3 1.82645e-15 0)
(1.77642 1.10691 0)
(2.23651 0.647419 0)
(3 -5.28419e-15 0)
(3 -4.70471e-15 0)
(3 -3.31811e-15 0)
(3 -2.84171e-15 0)
(3 -2.52472e-15 0)
(3 -1.80205e-15 0)
(3 -1.21268e-15 0)
(3 -1.51301e-15 0)
(3 -2.08566e-15 0)
(3 -2.48933e-15 0)
(3 -2.63473e-15 0)
(3 -2.40318e-15 0)
(3 -1.56246e-15 0)
(3 -1.39263e-15 0)
(3 -1.73996e-15 0)
(3 -1.77087e-15 0)
(3 -2.15663e-15 0)
(3 -2.59798e-15 0)
(1.8383 1.00302 0)
(2.46851 0.432424 0)
(3 -4.05629e-15 0)
(3 -3.69666e-15 0)
(3 -4.32915e-15 0)
(3 -4.33503e-15 0)
(3 -4.29415e-15 0)
(3 -4.33528e-15 0)
(3 -5.10272e-15 0)
(3 -5.37889e-15 0)
(3 -4.27423e-15 0)
(3 -2.91201e-15 0)
(3 -3.37214e-15 0)
(3 -3.02919e-15 0)
(3 -3.24408e-15 0)
(3 -2.75666e-15 0)
(3 -2.81367e-15 0)
(3 -2.3304e-15 0)
(3 -1.65868e-15 0)
(3 -1.49399e-15 0)
(1.92648 0.869067 0)
(2.71056 0.207474 0)
(3 7.3522e-16 0)
(3 4.47038e-16 0)
(3 -2.67901e-16 0)
(3 -1.15066e-15 0)
(3 -7.32092e-16 0)
(3 -5.45503e-16 0)
(3 -1.05259e-15 0)
(3 -1.78549e-15 0)
(3 -2.00898e-15 0)
(3 -1.97238e-15 0)
(3 -8.50597e-16 0)
(3 4.22267e-16 0)
(3 1.21409e-15 0)
(3 1.65579e-15 0)
(3 1.92861e-15 0)
(3 1.733e-15 0)
(3 2.25882e-15 0)
(3 2.33082e-15 0)
(2.09224 0.664286 0)
(2.99089 1.051e-05 0)
(3 -4.01805e-16 0)
(3 -5.95734e-16 0)
(3 -9.17771e-16 0)
(3 -1.34754e-15 0)
(3 -1.18042e-15 0)
(3 -6.51673e-16 0)
(3 -2.72548e-16 0)
(3 -3.44848e-16 0)
(3 -5.55406e-16 0)
(3 -8.00103e-16 0)
(3 -1.3404e-15 0)
(3 -1.42787e-15 0)
(3 -1.7456e-15 0)
(3 -1.80418e-15 0)
(3 -1.62322e-15 0)
(3 -1.55047e-15 0)
(3 -1.47087e-15 0)
(3 -9.71104e-16 0)
(1.99209 0.372418 0)
(2.99988 -1.01715e-05 0)
(3 5.13622e-16 0)
(3 -2.13499e-16 0)
(3 -2.09207e-16 0)
(3 -7.04642e-16 0)
(3 -8.25385e-16 0)
(3 -6.94638e-16 0)
(3 -5.98179e-16 0)
(3 -7.65742e-16 0)
(3 -1.04246e-15 0)
(3 -1.30817e-15 0)
(3 -1.29845e-15 0)
(3 -1.314e-15 0)
(3 -1.6629e-15 0)
(3 -1.78564e-15 0)
(3 -1.76695e-15 0)
(3 -1.80822e-15 0)
(3 -1.95059e-15 0)
(3 -2.26224e-15 0)
(1.99267 -0.372351 0)
(2.99989 7.38848e-06 0)
(3 -3.47527e-17 0)
(3 3.85188e-16 0)
(3 3.37782e-16 0)
(3 5.49107e-16 0)
(3 4.00622e-16 0)
(3 1.69677e-16 0)
(3 1.47429e-16 0)
(3 1.77169e-16 0)
(3 -5.64241e-16 0)
(3 -1.13619e-15 0)
(3 -1.23913e-15 0)
(3 -1.07297e-15 0)
(3 -7.68673e-16 0)
(3 -6.91715e-16 0)
(3 -8.25432e-16 0)
(3 -7.54138e-16 0)
(3 -7.2618e-16 0)
(3 -8.65343e-16 0)
(2.09593 -0.664519 0)
(2.99049 -3.19742e-05 0)
(3 -3.46645e-16 0)
(3 -3.57562e-16 0)
(3 1.45439e-16 0)
(3 1.35542e-16 0)
(3 6.99043e-17 0)
(3 1.01888e-16 0)
(3 5.0595e-17 0)
(3 -4.17477e-16 0)
(3 -1.00648e-15 0)
(3 -1.17162e-15 0)
(3 -1.53377e-15 0)
(3 -1.9501e-15 0)
(3 -2.02304e-15 0)
(3 -2.34655e-15 0)
(3 -2.57281e-15 0)
(3 -2.63912e-15 0)
(3 -2.84719e-15 0)
(3 -3.27223e-15 0)
(1.9255 -0.872093 0)
(2.70543 -0.211421 0)
(3 6.88479e-16 0)
(3 4.64214e-17 0)
(3 -1.48462e-17 0)
(3 -4.68274e-16 0)
(3 -1.19492e-15 0)
(3 -1.50579e-15 0)
(3 -2.16776e-15 0)
(3 -2.65194e-15 0)
(3 -3.0476e-15 0)
(3 -3.71318e-15 0)
(3 -4.275e-15 0)
(3 -4.81048e-15 0)
(3 -4.85175e-15 0)
(3 -4.36209e-15 0)
(3 -3.82059e-15 0)
(3 -4.36411e-15 0)
(3 -5.08847e-15 0)
(3 -5.76612e-15 0)
(1.83038 -1.00223 0)
(2.46439 -0.433788 0)
(3 -9.32258e-16 0)
(3 -7.02666e-16 0)
(3 -1.176e-15 0)
(3 -1.61392e-15 0)
(3 -2.31982e-15 0)
(3 -3.33475e-15 0)
(3 -4.04081e-15 0)
(3 -4.55143e-15 0)
(3 -6.04353e-15 0)
(3 -6.52868e-15 0)
(3 -6.79016e-15 0)
(3 -6.4863e-15 0)
(3 -6.07206e-15 0)
(3 -5.44795e-15 0)
(3 -5.92766e-15 0)
(3 -6.02056e-15 0)
(3 -5.54962e-15 0)
(3 -4.58967e-15 0)
(1.77994 -1.1064 0)
(2.23934 -0.647284 0)
(3 -5.48069e-16 0)
(3 -1.92656e-16 0)
(3 4.98738e-18 0)
(3 5.39264e-16 0)
(3 -2.6106e-18 0)
(3 -2.91034e-16 0)
(3 -8.11355e-16 0)
(3 -2.0632e-15 0)
(3 -3.27027e-15 0)
(3 -3.4976e-15 0)
(3 -3.11755e-15 0)
(3 -1.582e-15 0)
(3 -7.67755e-16 0)
(3 -1.04264e-15 0)
(3 -1.27811e-15 0)
(3 -1.1225e-15 0)
(3 -1.12219e-17 0)
(3 2.87828e-16 0)
(1.69695 -1.17124 0)
(2.04639 -0.823198 0)
(3 -5.05499e-16 0)
(3 -4.42094e-16 0)
(3 -1.69169e-16 0)
(3 -5.94926e-16 0)
(3 -4.17427e-16 0)
(3 -5.90897e-16 0)
(3 -1.99659e-15 0)
(3 -2.78314e-15 0)
(3 -3.51419e-15 0)
(3 -3.46277e-15 0)
(3 -2.94548e-15 0)
(3 -2.05346e-15 0)
(3 -1.82314e-15 0)
(3 -1.71154e-15 0)
(3 -1.41525e-15 0)
(3 -7.1661e-16 0)
(3 -7.54423e-16 0)
(3 -1.28181e-15 0)
(1.66821 -1.2011 0)
(1.88292 -0.98569 0)
(2.98286 -0.0132469 0)
(3 -7.84284e-16 0)
(3 -8.96487e-16 0)
(3 -1.00068e-15 0)
(3 -1.26214e-15 0)
(3 -3.09719e-15 0)
(3 -4.68286e-15 0)
(3 -5.00783e-15 0)
(3 -4.60483e-15 0)
(3 -2.96634e-15 0)
(3 -1.9959e-15 0)
(3 -1.29957e-15 0)
(3 -6.58644e-16 0)
(3 -2.19914e-16 0)
(3 -1.99797e-16 0)
(3 -1.45395e-16 0)
(3 -4.21025e-16 0)
(3 -1.03663e-15 0)
(1.65591 -1.23973 0)
(1.83243 -1.1039 0)
(2.8742 -0.0966343 0)
(3 9.80391e-14 0)
(3 -2.12192e-15 0)
(3 -1.67846e-15 0)
(3 -2.09025e-15 0)
(3 -4.36813e-15 0)
(3 -3.90948e-15 0)
(3 -3.72772e-15 0)
(3 -2.73352e-15 0)
(3 -1.26475e-15 0)
(3 4.25374e-16 0)
(3 6.04202e-16 0)
(3 6.74539e-16 0)
(3 2.3601e-16 0)
(3 2.8275e-16 0)
(3 2.76875e-16 0)
(3 -7.7738e-16 0)
(3 -1.58762e-15 0)
(1.63906 -1.26008 0)
(1.62827 -1.24879 0)
(2.65335 -0.289488 0)
(3 -4.58063e-13 0)
(3 9.27517e-15 0)
(3 -2.90957e-15 0)
(3 -3.19929e-15 0)
(3 -4.00554e-15 0)
(3 -3.55608e-15 0)
(3 -3.24093e-15 0)
(3 -2.26152e-15 0)
(3 -3.64178e-16 0)
(3 1.5784e-15 0)
(3 1.06768e-15 0)
(3 8.15674e-16 0)
(3 -3.47097e-16 0)
(3 -1.54727e-15 0)
(3 -1.93169e-15 0)
(3 -2.16266e-15 0)
(3 -2.27476e-15 0)
(1.62139 -1.27861 0)
(1.5691 -1.31657 0)
(2.41383 -0.541837 0)
(3 3.22737e-12 0)
(3 3.56711e-11 0)
(3 -6.53883e-14 0)
(3 -2.13955e-15 0)
(3 -2.85236e-15 0)
(3 -1.81541e-15 0)
(3 -1.21092e-15 0)
(3 -3.74882e-16 0)
(3 9.06925e-16 0)
(3 1.50328e-15 0)
(3 -1.97716e-16 0)
(3 -1.49596e-15 0)
(3 -1.68073e-15 0)
(3 -1.815e-15 0)
(3 -2.07243e-15 0)
(3 -1.45436e-15 0)
(3 -4.96428e-16 0)
(1.60443 -1.2931 0)
(1.47916 -1.37283 0)
(2.18877 -0.805488 0)
(3.01066 0.00905443 0)
(3 -3.61379e-08 0)
(3 3.728e-12 0)
(3 7.86988e-15 0)
(3 -1.99104e-15 0)
(3 -6.33378e-16 0)
(3 5.68515e-16 0)
(3 8.95651e-16 0)
(3 6.76629e-17 0)
(3 2.78665e-16 0)
(3 -1.09041e-16 0)
(3 -1.6637e-15 0)
(3 -1.59331e-15 0)
(3 -6.17751e-16 0)
(3 -2.09757e-16 0)
(3 7.09322e-16 0)
(3 2.41061e-15 0)
(1.59017 -1.30836 0)
(1.46754 -1.36663 0)
(1.91354 -1.04973 0)
(2.84518 -0.131671 0)
(3 2.15566e-08 0)
(3 -9.50744e-12 0)
(3 4.83061e-15 0)
(3 -7.54834e-16 0)
(3 9.55905e-18 0)
(3 1.58762e-16 0)
(3 3.32333e-16 0)
(3 -1.20155e-15 0)
(3 1.04055e-16 0)
(3 8.18054e-17 0)
(3 -7.56153e-16 0)
(3 -3.58875e-16 0)
(3 3.99307e-16 0)
(3 1.6938e-15 0)
(3 2.60062e-15 0)
(3 2.91029e-15 0)
(1.58997 -1.32393 0)
(1.49579 -1.33188 0)
(1.77209 -1.17891 0)
(2.43379 -0.54019 0)
(3 2.25821e-06 0)
(3 4.87568e-13 0)
(3 4.36691e-15 0)
(3 -9.25525e-15 0)
(3 -5.69888e-15 0)
(3 1.33447e-15 0)
(3 8.35574e-16 0)
(3 1.32586e-16 0)
(3 8.18175e-16 0)
(3 7.65709e-18 0)
(3 6.94652e-17 0)
(3 3.87805e-16 0)
(3 1.61333e-15 0)
(3 3.09727e-15 0)
(3 2.26281e-15 0)
(3 3.26578e-15 0)
(1.5793 -1.29645 0)
(1.56167 -1.29717 0)
(1.67738 -1.24211 0)
(2.1895 -0.831 0)
(3.02125 0.0219948 0)
(3 6.4857e-12 0)
(3 -1.69679e-12 0)
(3 -9.39908e-12 0)
(3 2.39697e-12 0)
(3 -5.15607e-15 0)
(3 6.01678e-16 0)
(3 1.02124e-15 0)
(3 8.26898e-16 0)
(3 8.05928e-16 0)
(3 1.56372e-15 0)
(3 1.83167e-15 0)
(3 1.61556e-15 0)
(3 3.3948e-15 0)
(3 2.25552e-15 0)
(3 3.35058e-15 0)
(1.58207 -1.27509 0)
(1.57877 -1.27314 0)
(1.63875 -1.26171 0)
(1.75009 -1.18137 0)
(2.66866 -0.287098 0)
(3 6.03188e-10 0)
(3 -1.43424e-08 0)
(3 1.29478e-08 0)
(3 -5.60491e-10 0)
(3 -3.01079e-12 0)
(3 1.31366e-13 0)
(3 -9.51138e-16 0)
(3 1.57599e-15 0)
(3 2.11084e-15 0)
(3 2.06641e-15 0)
(3 1.52461e-15 0)
(3 2.34286e-15 0)
(3 2.07239e-15 0)
(3 2.07551e-15 0)
(3 3.42218e-15 0)
(1.5844 -1.26295 0)
(1.59405 -1.25949 0)
(1.62678 -1.25541 0)
(1.72089 -1.20587 0)
(2.3704 -0.630745 0)
(3.01908 0.0172387 0)
(2.99976 -0.000183625 0)
(3 4.37953e-06 0)
(3 -8.50538e-08 0)
(3 9.2537e-10 0)
(3 -1.77089e-12 0)
(3 4.06649e-15 0)
(3 2.11212e-15 0)
(3 3.56599e-15 0)
(3 2.54338e-15 0)
(3 2.09141e-15 0)
(3 1.28825e-15 0)
(3 1.12796e-15 0)
(3 2.62575e-15 0)
(3 2.72437e-15 0)
(1.58559 -1.2529 0)
(1.60688 -1.25417 0)
(1.62311 -1.25215 0)
(1.64458 -1.26008 0)
(1.88656 -1.06602 0)
(2.76268 -0.203374 0)
(3.005 0.00222624 0)
(2.9999 -9.0706e-05 0)
(3 9.04374e-07 0)
(3 -9.03895e-10 0)
(3 -8.65485e-14 0)
(3 5.22692e-15 0)
(3 2.30928e-15 0)
(3 3.75731e-15 0)
(3 3.77365e-15 0)
(3 2.47735e-15 0)
(3 2.25872e-16 0)
(3 1.37867e-15 0)
(3 1.97648e-15 0)
(3 2.13738e-15 0)
(1.58713 -1.24869 0)
(1.60588 -1.25469 0)
(1.61594 -1.25841 0)
(1.6052 -1.28564 0)
(1.67119 -1.23621 0)
(2.20461 -0.792778 0)
(2.99128 -0.00232799 0)
(3.0005 0.000964348 0)
(3 -7.16869e-07 0)
(3 -6.10076e-11 0)
(3 3.72925e-14 0)
(3 -1.24666e-16 0)
(3 3.31568e-15 0)
(3 1.86114e-15 0)
(3 2.6924e-15 0)
(3 1.7922e-15 0)
(3 1.26965e-15 0)
(3 1.39835e-15 0)
(3 1.34173e-15 0)
(3 1.45913e-15 0)
(1.58475 -1.25052 0)
(1.595 -1.25855 0)
(1.60108 -1.27272 0)
(1.60312 -1.28363 0)
(1.65182 -1.26823 0)
(1.71412 -1.23724 0)
(2.25589 -0.75725 0)
(2.99374 -0.019688 0)
(3 -5.33516e-08 0)
(3 3.43539e-11 0)
(3 2.92407e-13 0)
(3 3.45574e-14 0)
(3 1.63231e-15 0)
(3 7.86848e-16 0)
(3 1.87095e-15 0)
(3 1.40533e-15 0)
(3 -5.80954e-17 0)
(3 1.21816e-15 0)
(3 2.07841e-15 0)
(3 1.23244e-15 0)
(1.57734 -1.25846 0)
(1.58253 -1.2658 0)
(1.58717 -1.27268 0)
(1.59387 -1.26515 0)
(1.60568 -1.24809 0)
(1.59912 -1.26768 0)
(1.91592 -1.17314 0)
(2.98398 -0.379125 0)
(3.31251 0.569877 0)
(3 -6.29718e-11 0)
(3 7.63359e-11 0)
(3 -7.98329e-11 0)
(3 6.4143e-16 0)
(3 4.35242e-13 0)
(3 1.64727e-14 0)
(3 -1.65408e-14 0)
(3 1.15745e-14 0)
(3 2.49512e-15 0)
(3 3.33089e-15 0)
(3 4.86356e-15 0)
(1.16201 -0.760132 0)
(1.82145 -1.16136 0)
(1.84349 -1.14913 0)
(1.7312 -1.20092 0)
(1.70394 -1.19376 0)
(1.66394 -1.24068 0)
(1.66251 -1.21202 0)
(1.73361 -1.16589 0)
(1.77062 -1.22684 0)
(1.8004 -1.13498 0)
(2.27037 -0.734789 0)
(2.85658 -0.208149 0)
(3.09912 0.028924 0)
(3.02146 0.012774 0)
(3.00429 0.00535523 0)
(3.00174 0.00291067 0)
(3.00006 0.000564878 0)
(2.99998 2.27655e-05 0)
(2.99999 -1.44121e-05 0)
(3 -5.92541e-06 0)
(1.01931 -0.015024 0)
(1.91713 -0.782751 0)
(2.09825 -0.84561 0)
(1.99416 -0.95173 0)
(1.96742 -0.965552 0)
(1.86217 -1.08211 0)
(1.79133 -1.13644 0)
(1.76577 -1.14567 0)
(1.76321 -1.16256 0)
(1.74024 -1.20195 0)
(1.71568 -1.19582 0)
(1.85287 -1.07163 0)
(2.08834 -0.888846 0)
(2.499 -0.581368 0)
(2.98639 -0.138243 0)
(3.07375 0.0290008 0)
(3.00818 0.00769716 0)
(3.00294 0.00385445 0)
(3.00123 0.00220618 0)
(3.00008 0.000490202 0)
(1.02437 -0.044871 0)
(1.88492 -0.00138486 0)
(2.26909 -0.122644 0)
(2.22375 -0.536225 0)
(2.19301 -0.662299 0)
(2.13389 -0.773338 0)
(2.04941 -0.890592 0)
(1.96582 -0.97701 0)
(1.91093 -1.04129 0)
(1.84633 -1.13017 0)
(1.78578 -1.16062 0)
(1.78799 -1.15322 0)
(1.80793 -1.13252 0)
(1.85189 -1.08806 0)
(2.04412 -0.948786 0)
(2.26178 -0.826372 0)
(2.66314 -0.504717 0)
(3.03543 -0.0933339 0)
(3.05537 0.0235472 0)
(3.00402 0.00464624 0)
(1.16013 0.591367 0)
(1.72142 0.668493 0)
(2.24256 -0.0645446 0)
(2.27552 0.119058 0)
(2.32374 0.0449095 0)
(2.36111 -0.247734 0)
(2.27182 -0.550333 0)
(2.2033 -0.685323 0)
(2.13764 -0.774615 0)
(2.08199 -0.905381 0)
(1.97024 -1.00879 0)
(1.91444 -1.06013 0)
(1.88622 -1.07592 0)
(1.872 -1.08421 0)
(1.87511 -1.05417 0)
(1.8977 -1.0477 0)
(1.95994 -1.02252 0)
(2.1607 -0.907296 0)
(2.38035 -0.795622 0)
(2.78038 -0.441427 0)
(1.02671 0.963117 0)
(1.4361 1.51506 0)
(2.25954 0.759318 0)
(2.44294 0.634777 0)
(2.48963 0.170742 0)
(2.46143 0.223572 0)
(2.44196 0.00073324 0)
(2.39506 -0.218293 0)
(2.3427 -0.366742 0)
(2.3154 -0.528224 0)
(2.22232 -0.696239 0)
(2.14161 -0.821451 0)
(2.0831 -0.895422 0)
(2.02294 -0.962128 0)
(1.98234 -0.979082 0)
(1.94908 -0.999883 0)
(1.95256 -1.02124 0)
(1.96893 -0.997114 0)
(1.99593 -0.995161 0)
(2.07289 -0.976422 0)
(0.976955 1.44075 0)
(1.64991 1.60703 0)
(1.89206 1.63801 0)
(2.17389 0.981261 0)
(2.4698 0.489149 0)
(2.54384 0.417217 0)
(2.58717 0.283812 0)
(2.5389 -0.0424635 0)
(2.50453 -0.126251 0)
(2.47151 -0.308868 0)
(2.41384 -0.479622 0)
(2.32901 -0.637668 0)
(2.273 -0.723977 0)
(2.20446 -0.808113 0)
(2.1597 -0.829045 0)
(2.11912 -0.841476 0)
(2.08015 -0.875519 0)
(2.0722 -0.880199 0)
(2.03912 -0.922542 0)
(2.05907 -0.952367 0)
(1.24535 1.73863 0)
(1.65902 1.94835 0)
(1.90213 1.81483 0)
(2.07654 1.13878 0)
(2.19867 1.17334 0)
(2.36779 0.736265 0)
(2.52519 0.465467 0)
(2.61714 0.282461 0)
(2.5795 0.0439989 0)
(2.56687 -0.0459334 0)
(2.53407 -0.202393 0)
(2.49282 -0.323319 0)
(2.45266 -0.407479 0)
(2.41121 -0.473025 0)
(2.3571 -0.531577 0)
(2.32808 -0.554505 0)
(2.26693 -0.624978 0)
(2.21369 -0.702692 0)
(2.15799 -0.784946 0)
(2.13322 -0.799107 0)
(1.483 1.91764 0)
(1.59281 2.23901 0)
(1.7209 1.96684 0)
(1.8858 1.6423 0)
(2.11396 1.65668 0)
(2.28612 1.10829 0)
(2.34312 1.16153 0)
(2.44695 0.987661 0)
(2.50476 0.662801 0)
(2.529 0.552421 0)
(2.55813 0.346795 0)
(2.55857 0.169491 0)
(2.55769 0.0219414 0)
(2.5473 -0.110851 0)
(2.48884 -0.287662 0)
(2.47261 -0.370821 0)
(2.39206 -0.524857 0)
(2.34599 -0.563399 0)
(2.30398 -0.59196 0)
(2.31922 -0.533813 0)
(1.58377 1.95959 0)
(1.65788 2.36166 0)
(1.70536 2.09261 0)
(1.77773 1.96051 0)
(1.98852 1.78822 0)
(2.145 1.50642 0)
(2.24597 1.37314 0)
(2.35537 1.19584 0)
(2.41768 1.04104 0)
(2.48934 0.838113 0)
(2.5829 0.639439 0)
(2.61272 0.382516 0)
(2.64903 0.193222 0)
(2.64233 -0.00140216 0)
(2.59121 -0.200751 0)
(2.55933 -0.279589 0)
(2.51673 -0.351895 0)
(2.51369 -0.258893 0)
(2.45259 -0.323714 0)
(2.47644 -0.272248 0)
(1.56605 1.92366 0)
(1.75349 2.44537 0)
(1.88043 2.22911 0)
(1.88088 2.11306 0)
(2.04265 1.88266 0)
(2.15605 1.68867 0)
(2.35341 1.45397 0)
(2.49192 1.26942 0)
(2.60516 1.16931 0)
(2.65787 0.803278 0)
(2.71544 0.621931 0)
(2.71118 0.379121 0)
(2.72549 0.285501 0)
(2.70983 0.143419 0)
(2.69023 0.0663654 0)
(2.6598 0.0403322 0)
(2.63465 0.0436008 0)
(2.62686 0.0558843 0)
(2.5583 -0.105566 0)
(2.57821 -0.103549 0)
(1.41812 1.74176 0)
(1.71965 2.31721 0)
(1.98648 2.29279 0)
(2.20548 2.31723 0)
(2.35465 1.97839 0)
(2.42223 1.82246 0)
(2.58956 1.48424 0)
(2.71767 1.29373 0)
(2.7626 1.21387 0)
(2.76903 0.978112 0)
(2.76389 0.975309 0)
(2.75445 0.764321 0)
(2.72537 0.711535 0)
(2.72386 0.604549 0)
(2.70347 0.497592 0)
(2.6888 0.424555 0)
(2.69974 0.357414 0)
(2.69061 0.214969 0)
(2.65686 0.0279568 0)
(2.61858 -0.0481784 0)
(1.22095 1.44582 0)
(1.5202 2.05127 0)
(1.85931 2.25099 0)
(2.07213 2.24438 0)
(2.3775 2.03156 0)
(2.50556 2.01295 0)
(2.46191 1.65696 0)
(2.48866 1.5131 0)
(2.5435 1.50037 0)
(2.56045 1.45214 0)
(2.56507 1.35944 0)
(2.60918 1.19916 0)
(2.61179 1.0303 0)
(2.67052 0.940553 0)
(2.68584 0.742717 0)
(2.73461 0.610536 0)
(2.7623 0.442603 0)
(2.75951 0.227623 0)
(2.72182 0.178728 0)
(2.67409 0.161468 0)
(1.18143 1.265 0)
(1.38953 1.84535 0)
(1.64269 2.12939 0)
(1.82782 2.23065 0)
(2.05257 2.19404 0)
(2.12519 2.1823 0)
(2.23821 1.9152 0)
(2.27292 1.80893 0)
(2.28327 1.73169 0)
(2.3228 1.66728 0)
(2.4277 1.46422 0)
(2.55274 1.37532 0)
(2.60081 1.12873 0)
(2.72462 1.03525 0)
(2.74588 0.775132 0)
(2.78989 0.642846 0)
(2.78878 0.510207 0)
(2.7775 0.403404 0)
(2.72947 0.525611 0)
(2.69199 0.476409 0)
(1.23431 1.19472 0)
(1.38576 1.63139 0)
(1.50102 2.03276 0)
(1.55318 2.24326 0)
(1.73904 2.24041 0)
(1.85792 2.18664 0)
(1.97599 2.1025 0)
(2.09233 1.87141 0)
(2.1572 1.771 0)
(2.32461 1.67934 0)
(2.44538 1.48306 0)
(2.62696 1.41866 0)
(2.69468 1.14718 0)
(2.76119 1.06546 0)
(2.76837 0.904263 0)
(2.74954 0.896599 0)
(2.74415 0.847497 0)
(2.7274 0.821393 0)
(2.71178 0.899278 0)
(2.71266 0.725616 0)
(1.34632 1.2408 0)
(1.45225 1.53455 0)
(1.53411 1.92819 0)
(1.53218 2.16045 0)
(1.52136 2.24805 0)
(1.76418 2.17281 0)
(1.89574 2.13135 0)
(2.07216 1.85358 0)
(2.20112 1.78322 0)
(2.42074 1.73795 0)
(2.54581 1.54578 0)
(2.6343 1.46998 0)
(2.66919 1.37561 0)
(2.64908 1.39655 0)
(2.66971 1.32333 0)
(2.65087 1.33172 0)
(2.63959 1.20328 0)
(2.65668 1.16958 0)
(2.70155 1.11482 0)
(2.78166 0.871341 0)
(1.55039 1.33536 0)
(1.57659 1.46084 0)
(1.62421 1.78113 0)
(1.6477 2.05872 0)
(1.6884 2.22373 0)
(1.74143 2.24142 0)
(1.91551 2.22952 0)
(2.12572 1.93167 0)
(2.21177 1.97029 0)
(2.39788 1.85178 0)
(2.41138 1.7918 0)
(2.47369 1.70742 0)
(2.49845 1.6885 0)
(2.48091 1.67728 0)
(2.50889 1.58243 0)
(2.5646 1.50618 0)
(2.5943 1.3733 0)
(2.70194 1.2854 0)
(2.76173 1.08173 0)
(2.86249 0.881778 0)
(1.74004 1.33248 0)
(1.79555 1.33381 0)
(1.83732 1.4975 0)
(1.87984 1.78005 0)
(1.87894 2.07272 0)
(1.98265 2.22392 0)
(1.99863 2.26794 0)
(2.05423 2.16232 0)
(2.0695 2.14417 0)
(2.24337 1.97033 0)
(2.22376 2.04954 0)
(2.29982 1.93702 0)
(2.32785 1.85614 0)
(2.3821 1.76247 0)
(2.46497 1.67283 0)
(2.61199 1.55759 0)
(2.66708 1.43108 0)
(2.77047 1.29887 0)
(2.83558 1.21626 0)
(2.80886 1.26596 0)
(1.79168 1.28129 0)
(1.89333 1.21237 0)
(1.99137 1.25711 0)
(2.11024 1.39261 0)
(2.16876 1.77762 0)
(2.05901 2.13922 0)
(2.01924 2.2334 0)
(1.99969 2.22701 0)
(1.99678 2.21055 0)
(2.06767 2.09106 0)
(2.08797 2.1143 0)
(2.18377 1.97316 0)
(2.26323 1.91183 0)
(2.3631 1.85635 0)
(2.47007 1.79862 0)
(2.59235 1.72637 0)
(2.65204 1.67699 0)
(2.67166 1.64007 0)
(2.65488 1.62566 0)
(2.60691 1.60974 0)
(1.84128 1.2324 0)
(1.76426 1.12811 0)
(1.81227 0.968396 0)
(2.02263 1.10978 0)
(2.04673 1.34287 0)
(1.99703 1.44981 0)
(1.93111 1.59036 0)
(1.88687 1.8115 0)
(1.87932 1.9534 0)
(1.85219 1.84098 0)
(1.81951 1.6975 0)
(1.79602 1.34104 0)
(1.83758 1.07792 0)
(1.9662 0.890761 0)
(2.04923 0.834056 0)
(2.23832 0.961656 0)
(2.32343 1.21183 0)
(2.29572 1.25628 0)
(2.24482 1.16711 0)
(2.29862 1.20969 0)
(1.34783 0.313378 0)
(1.30578 0.459065 0)
(1.33824 0.250591 0)
(1.46396 0.279121 0)
(1.55536 0.265813 0)
(1.5726 0.244067 0)
(1.57696 0.246139 0)
(1.57066 0.326215 0)
(1.56636 0.437411 0)
(1.54939 0.435031 0)
(1.50826 0.386036 0)
(1.4718 0.268527 0)
(1.49071 0.102816 0)
(1.5813 0.0147521 0)
(1.68086 0.0378464 0)
(1.71424 0.116666 0)
(1.78037 0.24106 0)
(1.79309 0.27499 0)
(1.79581 0.200424 0)
(1.86186 0.217739 0)
(1.95557 -0.170128 0)
(2.04167 -0.149879 0)
(2.0751 -0.0798434 0)
(2.10933 -0.0667298 0)
(2.11906 -0.0260341 0)
(2.14845 -0.0148646 0)
(2.18583 -0.00172873 0)
(2.1929 -0.0100209 0)
(2.19944 -0.0115476 0)
(2.19586 -0.0103503 0)
(2.19334 -0.00756296 0)
(2.20531 0.00119885 0)
(2.22793 0.00397718 0)
(2.2338 0.00285534 0)
(2.24598 0.00115997 0)
(2.25405 -0.000607868 0)
(2.25895 -0.00369917 0)
(2.26762 -0.00191921 0)
(2.27646 0.00133471 0)
(2.28612 0.00300795 0)
(2.30691 -0.807071 0)
(2.32145 -0.558808 0)
(2.28993 -0.330563 0)
(2.30555 -0.173758 0)
(2.27606 -0.0276298 0)
(2.2713 -0.0307849 0)
(2.25251 -0.0078088 0)
(2.27467 -0.0321161 0)
(2.28328 -0.0356778 0)
(2.26868 -0.0347724 0)
(2.25971 -0.0268922 0)
(2.26481 -0.00974115 0)
(2.28369 -0.00670055 0)
(2.28939 -0.0130337 0)
(2.295 -0.0111442 0)
(2.29676 -0.00344487 0)
(2.29718 -0.00214117 0)
(2.30384 -0.00122564 0)
(2.30873 -0.00326628 0)
(2.3117 -0.00396079 0)
(2.64898 -1.47288 0)
(2.66352 -1.43792 0)
(2.62529 -1.10711 0)
(2.62978 -0.840177 0)
(2.59468 -0.460671 0)
(2.60074 -0.270405 0)
(2.48983 -0.0408227 0)
(2.444 -0.0692009 0)
(2.4043 -0.0379567 0)
(2.41575 -0.0367027 0)
(2.40503 -0.0368906 0)
(2.39156 -0.00928612 0)
(2.39457 0.0063436 0)
(2.40349 -0.00573563 0)
(2.4038 -0.0169702 0)
(2.3962 -0.0153651 0)
(2.38952 -0.0102853 0)
(2.38461 -0.00018759 0)
(2.38112 0.00476157 0)
(2.37816 6.56204e-05 0)
(2.69947 -1.26254 0)
(2.70422 -1.21464 0)
(2.70301 -1.22118 0)
(2.72502 -1.18287 0)
(2.7381 -1.06385 0)
(2.75741 -0.802593 0)
(2.70098 -0.421142 0)
(2.7318 -0.312059 0)
(2.59269 -0.0817121 0)
(2.55271 -0.070439 0)
(2.51471 -0.0399128 0)
(2.50935 -0.0173529 0)
(2.5049 -0.00698649 0)
(2.50965 -0.0195555 0)
(2.51627 -0.0238164 0)
(2.50273 -0.0193865 0)
(2.49284 -0.0154545 0)
(2.48098 -0.0066145 0)
(2.47152 0.00205914 0)
(2.46317 8.57946e-05 0)
(2.74386 -1.02517 0)
(2.71547 -1.06393 0)
(2.70666 -1.07834 0)
(2.74388 -1.02421 0)
(2.78344 -0.985711 0)
(2.78711 -0.950924 0)
(2.77177 -0.92383 0)
(2.7727 -0.735403 0)
(2.7323 -0.42379 0)
(2.73436 -0.210097 0)
(2.63271 -0.0689528 0)
(2.59891 -0.0200144 0)
(2.58618 -0.00125259 0)
(2.57337 -0.0200733 0)
(2.56756 -0.0234306 0)
(2.55958 -0.0108999 0)
(2.55486 -0.00979993 0)
(2.5456 -0.00534736 0)
(2.5393 0.000580893 0)
(2.53153 -0.000797084 0)
(2.76541 -0.828922 0)
(2.719 -0.907359 0)
(2.72375 -0.930228 0)
(2.74747 -0.921323 0)
(2.80277 -0.895521 0)
(2.82404 -0.857101 0)
(2.82575 -0.848245 0)
(2.7794 -0.902155 0)
(2.73656 -0.83155 0)
(2.73635 -0.495165 0)
(2.73518 -0.264454 0)
(2.65399 -0.0631472 0)
(2.6225 0.00745867 0)
(2.59467 -0.0161386 0)
(2.58638 -0.0167061 0)
(2.57811 -0.0140239 0)
(2.57506 -0.0115184 0)
(2.57084 -0.0022603 0)
(2.56787 0.00428343 0)
(2.56617 -0.000332146 0)
(2.74041 -0.668691 0)
(2.73601 -0.710907 0)
(2.72882 -0.788609 0)
(2.74779 -0.792346 0)
(2.80447 -0.784952 0)
(2.82912 -0.784519 0)
(2.8134 -0.78218 0)
(2.77421 -0.787703 0)
(2.74102 -0.810235 0)
(2.72169 -0.796377 0)
(2.70037 -0.610098 0)
(2.68784 -0.347947 0)
(2.612 -0.0821192 0)
(2.59387 -0.0439482 0)
(2.58993 -0.015244 0)
(2.5791 -0.0192211 0)
(2.58055 -0.012506 0)
(2.57984 0.00273566 0)
(2.57832 0.00235096 0)
(2.57701 -0.00416179 0)
(2.69884 -0.504676 0)
(2.73928 -0.567967 0)
(2.74993 -0.651842 0)
(2.75085 -0.69453 0)
(2.78549 -0.711245 0)
(2.83097 -0.708262 0)
(2.78947 -0.698545 0)
(2.75011 -0.705821 0)
(2.71784 -0.717329 0)
(2.68115 -0.730325 0)
(2.69717 -0.751881 0)
(2.70684 -0.643626 0)
(2.66361 -0.385586 0)
(2.6105 -0.141004 0)
(2.579 -0.00586362 0)
(2.57588 -0.0219457 0)
(2.58131 -0.0049227 0)
(2.58428 0.0110595 0)
(2.58044 -0.00239704 0)
(2.57755 -0.00866123 0)
(2.65927 -0.277122 0)
(2.72636 -0.404707 0)
(2.77741 -0.482357 0)
(2.76227 -0.543961 0)
(2.75242 -0.583785 0)
(2.78948 -0.615762 0)
(2.75726 -0.598447 0)
(2.7033 -0.618185 0)
(2.68399 -0.647562 0)
(2.68022 -0.671312 0)
(2.71278 -0.70104 0)
(2.73089 -0.717228 0)
(2.72428 -0.655684 0)
(2.66386 -0.393042 0)
(2.64301 -0.194424 0)
(2.61289 -0.0543398 0)
(2.59775 -0.00384283 0)
(2.58428 0.00190996 0)
(2.56253 -0.023761 0)
(2.57349 -0.011637 0)
(2.62235 -0.106865 0)
(2.69539 -0.241397 0)
(2.77472 -0.317959 0)
(2.73963 -0.412783 0)
(2.70641 -0.495725 0)
(2.72664 -0.543825 0)
(2.71851 -0.55371 0)
(2.67022 -0.570043 0)
(2.66326 -0.586775 0)
(2.68496 -0.615813 0)
(2.72148 -0.645738 0)
(2.7459 -0.681394 0)
(2.73586 -0.689249 0)
(2.71901 -0.654577 0)
(2.68146 -0.402934 0)
(2.6596 -0.145211 0)
(2.62186 0.0352939 0)
(2.57384 -0.00537947 0)
(2.56357 -0.0240721 0)
(2.57823 -0.0112171 0)
(2.50925 0.132288 0)
(2.57145 0.0646221 0)
(2.54834 0.0526365 0)
(2.60431 -0.15511 0)
(2.64509 -0.32916 0)
(2.65429 -0.403201 0)
(2.68346 -0.425029 0)
(2.68136 -0.479125 0)
(2.68041 -0.497836 0)
(2.68332 -0.502097 0)
(2.72812 -0.541448 0)
(2.74136 -0.574885 0)
(2.73472 -0.60633 0)
(2.73396 -0.657312 0)
(2.72978 -0.622305 0)
(2.72016 -0.449861 0)
(2.70586 -0.224881 0)
(2.68067 -0.133708 0)
(2.66296 -0.0379253 0)
(2.62087 -0.00635917 0)
(2.32946 0.592985 0)
(2.47218 0.261705 0)
(2.5159 0.147794 0)
(2.54915 0.057856 0)
(2.61833 -0.153873 0)
(2.6276 -0.285241 0)
(2.66765 -0.314903 0)
(2.70076 -0.405813 0)
(2.70461 -0.44175 0)
(2.69217 -0.418825 0)
(2.7244 -0.44361 0)
(2.73248 -0.479681 0)
(2.73511 -0.509523 0)
(2.73928 -0.557823 0)
(2.77984 -0.562832 0)
(2.78697 -0.564502 0)
(2.77582 -0.503064 0)
(2.76387 -0.333042 0)
(2.75901 -0.188106 0)
(2.71619 -0.0523878 0)
(2.34651 0.709952 0)
(2.37538 0.621661 0)
(2.47416 0.383159 0)
(2.52725 0.250991 0)
(2.55299 0.147085 0)
(2.5987 -0.0445168 0)
(2.6305 -0.0431382 0)
(2.67527 -0.142157 0)
(2.67099 -0.194833 0)
(2.65999 -0.2686 0)
(2.70883 -0.33443 0)
(2.73105 -0.384151 0)
(2.75943 -0.402605 0)
(2.78654 -0.439009 0)
(2.80325 -0.473998 0)
(2.81776 -0.523118 0)
(2.82397 -0.534025 0)
(2.82439 -0.524094 0)
(2.83136 -0.455063 0)
(2.80452 -0.209659 0)
(2.43383 0.686247 0)
(2.43201 0.679275 0)
(2.43382 0.641696 0)
(2.47401 0.530521 0)
(2.52543 0.389836 0)
(2.59844 0.173359 0)
(2.61413 0.108968 0)
(2.67829 -0.0541117 0)
(2.69575 -0.208191 0)
(2.70127 -0.235851 0)
(2.72815 -0.311689 0)
(2.75852 -0.356928 0)
(2.79856 -0.344743 0)
(2.81985 -0.34251 0)
(2.82078 -0.374153 0)
(2.81902 -0.415466 0)
(2.82552 -0.444793 0)
(2.83975 -0.489044 0)
(2.87566 -0.491188 0)
(2.88595 -0.417295 0)
(2.71556 0.450693 0)
(2.60445 0.602618 0)
(2.5208 0.624892 0)
(2.51817 0.614647 0)
(2.52323 0.574717 0)
(2.56966 0.455349 0)
(2.61681 0.299205 0)
(2.64641 0.21122 0)
(2.69205 0.0541397 0)
(2.71361 0.00556151 0)
(2.72884 -0.0447152 0)
(2.75689 -0.130314 0)
(2.76989 -0.133248 0)
(2.79025 -0.208522 0)
(2.82871 -0.282155 0)
(2.84025 -0.327542 0)
(2.86031 -0.364099 0)
(2.88723 -0.399129 0)
(2.9154 -0.414671 0)
(2.91934 -0.418161 0)
(2.96751 0.0712911 0)
(2.85297 0.311731 0)
(2.73874 0.473859 0)
(2.61113 0.580446 0)
(2.6085 0.581048 0)
(2.60934 0.563718 0)
(2.61977 0.511273 0)
(2.64862 0.422381 0)
(2.70758 0.257657 0)
(2.73548 0.163614 0)
(2.7591 0.081971 0)
(2.80898 -0.0932424 0)
(2.81046 -0.149933 0)
(2.82514 -0.201453 0)
(2.85123 -0.284355 0)
(2.88151 -0.296862 0)
(2.91215 -0.300074 0)
(2.92371 -0.306431 0)
(2.91709 -0.322924 0)
(2.93384 -0.389624 0)
(2.99892 0.00352179 0)
(2.98592 0.0361003 0)
(2.95024 0.135772 0)
(2.82348 0.371293 0)
(2.75085 0.480963 0)
(2.66669 0.551264 0)
(2.66573 0.550445 0)
(2.66962 0.533968 0)
(2.68562 0.486254 0)
(2.72633 0.373889 0)
(2.76052 0.272355 0)
(2.7839 0.189711 0)
(2.81486 0.0720956 0)
(2.83497 0.0177115 0)
(2.85433 -0.0510664 0)
(2.86573 -0.0757394 0)
(2.87232 -0.0846527 0)
(2.88529 -0.156941 0)
(2.9178 -0.246888 0)
(2.94097 -0.299369 0)
(2.99998 7.27827e-05 0)
(2.99964 0.00090208 0)
(2.99749 0.00748387 0)
(2.97486 0.064602 0)
(2.93384 0.173308 0)
(2.82466 0.384301 0)
(2.77104 0.471601 0)
(2.71492 0.519567 0)
(2.7147 0.517878 0)
(2.71996 0.501179 0)
(2.73452 0.460115 0)
(2.77215 0.364899 0)
(2.80753 0.260698 0)
(2.83781 0.165926 0)
(2.8664 0.0762026 0)
(2.89212 -0.0430183 0)
(2.89751 -0.107778 0)
(2.91298 -0.17346 0)
(2.9376 -0.230601 0)
(2.96824 -0.26509 0)
(3 1.10274e-06 0)
(3 9.45645e-06 0)
(2.99995 0.000111542 0)
(2.99918 0.00200661 0)
(2.99505 0.0136889 0)
(2.96822 0.0795565 0)
(2.9226 0.196989 0)
(2.8422 0.363287 0)
(2.79286 0.452657 0)
(2.75183 0.493524 0)
(2.75244 0.491044 0)
(2.75857 0.476019 0)
(2.77562 0.43441 0)
(2.80749 0.35284 0)
(2.83716 0.269007 0)
(2.86588 0.174553 0)
(2.88768 0.0954706 0)
(2.90772 0.0315328 0)
(2.91618 0.00731506 0)
(2.93095 -0.0560267 0)
(3 1.26715e-08 0)
(3 7.9244e-08 0)
(3 9.322e-07 0)
(2.99999 2.05005e-05 0)
(2.9999 0.000249696 0)
(2.99872 0.00305021 0)
(2.99276 0.0185145 0)
(2.9669 0.0829777 0)
(2.92286 0.193676 0)
(2.85236 0.34795 0)
(2.81484 0.422244 0)
(2.78378 0.464014 0)
(2.78443 0.462614 0)
(2.78889 0.451729 0)
(2.80378 0.416633 0)
(2.82912 0.355608 0)
(2.86343 0.261984 0)
(2.89304 0.176167 0)
(2.91825 0.0895569 0)
(2.94411 -0.0323566 0)
(3 1.08425e-10 0)
(3 6.23105e-10 0)
(3 6.42982e-09 0)
(3 1.42269e-07 0)
(3 2.07962e-06 0)
(2.99998 3.58136e-05 0)
(2.99983 0.000380849 0)
(2.99847 0.00362501 0)
(2.99197 0.0195036 0)
(2.96628 0.0821819 0)
(2.92765 0.180275 0)
(2.86778 0.31984 0)
(2.83226 0.39437 0)
(2.80793 0.435857 0)
(2.80845 0.435783 0)
(2.8124 0.428253 0)
(2.82553 0.400667 0)
(2.84667 0.351137 0)
(2.87723 0.26972 0)
(2.91166 0.16241 0)
(3 7.18187e-13 0)
(3 4.40231e-12 0)
(3 4.07108e-11 0)
(3 8.41159e-10 0)
(3 1.35712e-08 0)
(3 2.56343e-07 0)
(3 3.37507e-06 0)
(2.99998 4.58692e-05 0)
(2.9998 0.000437235 0)
(2.99833 0.003858 0)
(2.99232 0.0183728 0)
(2.9695 0.0735224 0)
(2.93233 0.164825 0)
(2.88514 0.278774 0)
(2.84551 0.371586 0)
(2.82708 0.409542 0)
(2.82791 0.408992 0)
(2.83095 0.403903 0)
(2.83973 0.3878 0)
(2.87106 0.313466 0)
(3 5.7765e-15 0)
(3 2.46354e-14 0)
(3 2.35128e-13 0)
(3 4.49018e-12 0)
(3 7.79775e-11 0)
(3 1.53383e-09 0)
(3 2.25045e-08 0)
(3 3.40193e-07 0)
(3 4.13496e-06 0)
(2.99998 5.02241e-05 0)
(2.99981 0.000438459 0)
(2.99854 0.00323662 0)
(2.99257 0.0177425 0)
(2.97743 0.0536769 0)
(2.93395 0.161323 0)
(2.90808 0.228501 0)
(2.8622 0.337526 0)
(2.83942 0.38814 0)
(2.84269 0.38557 0)
(2.84945 0.374352 0)
(3 -5.39631e-15 0)
(3 -6.6225e-15 0)
(3 -6.31788e-15 0)
(3 1.69907e-14 0)
(3 3.99512e-13 0)
(3 8.14716e-12 0)
(3 1.32689e-10 0)
(3 2.04303e-09 0)
(3 2.91429e-08 0)
(3 3.6992e-07 0)
(3 4.2517e-06 0)
(2.99998 4.35328e-05 0)
(2.99982 0.000397131 0)
(2.99891 0.00250259 0)
(2.99366 0.0144588 0)
(2.98168 0.045137 0)
(2.94787 0.128563 0)
(2.91751 0.204243 0)
(2.88316 0.303788 0)
(2.87286 0.346737 0)
(3 -3.86703e-15 0)
(3 -4.13725e-15 0)
(3 -4.52479e-15 0)
(3 -5.22079e-15 0)
(3 -2.51695e-15 0)
(3 3.05286e-14 0)
(3 6.05466e-13 0)
(3 9.92767e-12 0)
(3 1.48017e-10 0)
(3 2.02688e-09 0)
(3 2.5051e-08 0)
(3 2.87882e-07 0)
(3 3.28261e-06 0)
(2.99998 2.68821e-05 0)
(2.99983 0.000282318 0)
(2.99907 0.00144977 0)
(2.99425 0.00913707 0)
(2.98101 0.0276117 0)
(2.94833 0.0804188 0)
(2.88048 0.153667 0)
(2.40301 0.431331 0)
(2.26806 0.71006 0)
(2.3407 0.737312 0)
(2.54997 0.601169 0)
(2.86085 0.238285 0)
(2.98724 0.0320106 0)
(2.99956 0.00157028 0)
(2.99999 3.87536e-05 0)
(3 5.87647e-07 0)
(3 5.96611e-09 0)
(3 4.29368e-11 0)
(3 2.33526e-13 0)
(3 -1.65367e-15 0)
(3 -4.46651e-15 0)
(3 -2.96054e-15 0)
(2.29062 0.632876 0)
(2.2562 0.787443 0)
(2.40032 0.739017 0)
(2.77939 0.374558 0)
(2.98966 0.0360116 0)
(3.00003 0.000476339 0)
(3 -1.11734e-06 0)
(3 -8.41764e-08 0)
(3 -1.54717e-08 0)
(3 -6.41715e-10 0)
(3 -8.3981e-12 0)
(3 -5.74094e-14 0)
(3 -2.16791e-15 0)
(3 -4.01178e-15 0)
(3 -2.73057e-15 0)
(2.20736 0.806602 0)
(2.2509 0.803161 0)
(2.58029 0.562082 0)
(2.94125 0.122087 0)
(2.99886 0.00506105 0)
(2.99999 6.98664e-05 0)
(3 8.48585e-07 0)
(3 1.07894e-08 0)
(3 3.95164e-11 0)
(3 2.19754e-13 0)
(3 1.43306e-14 0)
(3 4.1026e-15 0)
(3 -1.63028e-15 0)
(3 -4.2557e-15 0)
(3 -2.66657e-15 0)
(2.17523 0.882416 0)
(2.41649 0.741523 0)
(2.84884 0.268825 0)
(2.99581 0.0150188 0)
(3 8.89288e-05 0)
(3 -9.49671e-07 0)
(3 -6.03413e-09 0)
(3 -1.1813e-09 0)
(3 -6.89749e-11 0)
(3 -1.20591e-12 0)
(3 -3.8401e-15 0)
(3 4.07942e-15 0)
(3 -2.2094e-15 0)
(3 -4.82937e-15 0)
(3 -2.55479e-15 0)
(2.17571 0.89974 0)
(2.66473 0.45617 0)
(2.98491 0.0344838 0)
(2.99999 0.000392669 0)
(3 2.24504e-06 0)
(3 4.83994e-09 0)
(3 -4.28263e-10 0)
(3 -3.6216e-12 0)
(3 8.93163e-14 0)
(3 1.24461e-14 0)
(3 7.48222e-15 0)
(3 4.41834e-15 0)
(3 -2.1708e-15 0)
(3 -5.78822e-15 0)
(3 -2.74854e-15 0)
(2.5715 0.572158 0)
(2.99054 0.0380797 0)
(3.00021 0.000398648 0)
(3 -8.6952e-07 0)
(3 -1.88893e-07 0)
(3 -1.00819e-08 0)
(3 -1.55548e-10 0)
(3 -7.1466e-13 0)
(3 -3.84006e-15 0)
(3 -4.32337e-16 0)
(3 3.51004e-15 0)
(3 5.30495e-15 0)
(3 -2.47514e-15 0)
(3 -7.09558e-15 0)
(3 -2.91604e-15 0)
(2.99403 0.049029 0)
(2.99999 0.00103741 0)
(3 -2.07108e-06 0)
(3 -6.60545e-07 0)
(3 -1.03929e-08 0)
(3 1.31749e-12 0)
(3 1.4699e-12 0)
(3 7.17211e-14 0)
(3 -1.72751e-16 0)
(3 -6.4505e-16 0)
(3 4.58121e-15 0)
(3 5.57577e-15 0)
(3 -2.76978e-15 0)
(3 -7.32953e-15 0)
(3 -2.93971e-15 0)
(3.00075 -0.00153584 0)
(3.00004 -0.000108172 0)
(3 -3.53262e-06 0)
(3 2.48866e-08 0)
(3 9.48054e-11 0)
(3 1.54012e-11 0)
(3 1.56558e-13 0)
(3 2.76791e-15 0)
(3 -2.34041e-15 0)
(3 -7.82765e-16 0)
(3 4.8278e-15 0)
(3 5.63364e-15 0)
(3 -3.45634e-15 0)
(3 -7.73877e-15 0)
(3 -2.91093e-15 0)
(3.00001 -2.1919e-05 0)
(3 1.21344e-07 0)
(3 2.39827e-08 0)
(3 1.16832e-09 0)
(3 -5.03862e-12 0)
(3 -5.73032e-14 0)
(3 -4.21009e-15 0)
(3 4.06179e-15 0)
(3 -2.44984e-15 0)
(3 -9.39177e-16 0)
(3 5.08071e-15 0)
(3 5.71028e-15 0)
(3 -3.95001e-15 0)
(3 -8.14304e-15 0)
(3 -2.8465e-15 0)
(3 1.23965e-06 0)
(3 1.42142e-08 0)
(3 -7.65164e-11 0)
(3 -1.26634e-11 0)
(3 -4.05293e-13 0)
(3 1.73206e-15 0)
(3 3.78872e-15 0)
(3 4.06684e-15 0)
(3 -2.62094e-15 0)
(3 -1.07877e-15 0)
(3 5.24265e-15 0)
(3 5.87827e-15 0)
(3 -4.49139e-15 0)
(3 -8.10187e-15 0)
(3 -2.75824e-15 0)
(3 -8.73146e-16 0)
(3 -2.41064e-15 0)
(3 -3.85638e-15 0)
(3 -6.05894e-15 0)
(3 -5.08186e-15 0)
(3 -2.38237e-15 0)
(3 2.31063e-15 0)
(3 4.3728e-15 0)
(3 -2.49824e-15 0)
(3 -1.07471e-15 0)
(3 5.27349e-15 0)
(3 5.48655e-15 0)
(3 -5.09875e-15 0)
(3 -8.0185e-15 0)
(3 -2.36736e-15 0)
(3 -1.26974e-15 0)
(3 -1.95874e-15 0)
(3 -4.09546e-15 0)
(3 -5.83893e-15 0)
(3 -5.31523e-15 0)
(3 -1.58133e-15 0)
(3 1.97855e-15 0)
(3 4.34528e-15 0)
(3 -2.46251e-15 0)
(3 -1.29876e-15 0)
(3 5.35405e-15 0)
(3 4.2574e-15 0)
(3 -5.49017e-15 0)
(3 -7.30812e-15 0)
(3 -2.27344e-15 0)
(3 -7.33727e-16 0)
(3 -6.66146e-16 0)
(3 -3.09976e-15 0)
(3 -6.33573e-15 0)
(3 -5.69097e-15 0)
(3 -9.57336e-16 0)
(3 1.76164e-15 0)
(3 4.5818e-15 0)
(3 -2.20972e-15 0)
(3 -1.34848e-15 0)
(3 4.99226e-15 0)
(3 2.19986e-15 0)
(3 -5.29805e-15 0)
(3 -7.04914e-15 0)
(3 -2.12815e-15 0)
(3 -7.22853e-16 0)
(3 -1.13002e-16 0)
(3 -2.86018e-15 0)
(3 -6.64988e-15 0)
(3 -6.27972e-15 0)
(3 -9.74817e-16 0)
(3 1.80516e-15 0)
(3 4.58877e-15 0)
(3 -1.85725e-15 0)
(3 -1.04713e-15 0)
(3 4.51166e-15 0)
(3 8.62724e-16 0)
(3 -4.90149e-15 0)
(3 -6.79085e-15 0)
(3 -1.99619e-15 0)
(3 -8.5054e-16 0)
(3 7.29533e-16 0)
(3 -2.55044e-15 0)
(3 -6.60437e-15 0)
(3 -6.42672e-15 0)
(3 -5.94345e-16 0)
(3 1.81081e-15 0)
(3 4.54622e-15 0)
(3 -1.37497e-15 0)
(3 -8.65816e-16 0)
(3 4.16008e-15 0)
(3 -3.84951e-17 0)
(3 -4.73361e-15 0)
(3 -6.80444e-15 0)
(3 -1.86571e-15 0)
(3 -8.79419e-16 0)
(3 1.22286e-15 0)
(3 -1.98132e-15 0)
(3 -6.56506e-15 0)
(3 -5.91408e-15 0)
(3 -6.60034e-16 0)
(3 1.57621e-15 0)
(3 4.4396e-15 0)
(3 -1.0981e-15 0)
(3 -9.95664e-16 0)
(3 3.7933e-15 0)
(3 -3.78685e-16 0)
(3 -4.6043e-15 0)
(3 -6.84347e-15 0)
(3 -1.88446e-15 0)
(3 -4.55304e-16 0)
(3 1.62729e-15 0)
(3 -9.12046e-16 0)
(3 -6.60862e-15 0)
(3 -4.55491e-15 0)
(3 -1.79089e-15 0)
(3 1.25973e-15 0)
(3 4.49851e-15 0)
(3 -6.36495e-16 0)
(3 -1.17399e-15 0)
(3 3.2338e-15 0)
(3 -1.06363e-16 0)
(3 -4.51019e-15 0)
(3 -6.95642e-15 0)
(3 -1.9061e-15 0)
(3 -5.37286e-16 0)
(3 1.68487e-15 0)
(3 -3.80075e-16 0)
(3 -6.02994e-15 0)
(3 -4.75603e-15 0)
(3 -3.26982e-15 0)
(3 1.2767e-15 0)
(3 4.23416e-15 0)
(3 3.46695e-16 0)
(3 -1.57404e-15 0)
(3 2.97908e-15 0)
(3 1.52752e-17 0)
(3 -4.41738e-15 0)
(3 -7.1977e-15 0)
(3 -1.87771e-15 0)
(3 -1.66414e-15 0)
(3 3.19215e-16 0)
(3 5.54597e-16 0)
(3 -4.6907e-15 0)
(3 -5.06989e-15 0)
(3 -3.54852e-15 0)
(3 6.91863e-16 0)
(3 3.96204e-15 0)
(3 5.88314e-16 0)
(3 -1.80118e-15 0)
(3 2.55459e-15 0)
(3 1.05087e-16 0)
(3 -4.24674e-15 0)
(3 -7.34425e-15 0)
(3 -1.82764e-15 0)
(3 -1.94057e-15 0)
(3 -1.41624e-15 0)
(3 1.47829e-15 0)
(3 -2.15343e-15 0)
(3 -5.13891e-15 0)
(3 -3.525e-15 0)
(3 -2.98137e-17 0)
(3 3.641e-15 0)
(3 9.50358e-16 0)
(3 -1.68441e-15 0)
(3 1.96705e-15 0)
(3 2.50092e-17 0)
(3 -4.19625e-15 0)
(3 -7.22198e-15 0)
(3 -1.65761e-15 0)
(3 -7.8327e-16 0)
(3 -2.4531e-15 0)
(3 1.54403e-15 0)
(3 -2.16942e-16 0)
(3 -3.28376e-15 0)
(3 -3.64139e-15 0)
(3 -2.98213e-16 0)
(3 3.0004e-15 0)
(3 1.34404e-15 0)
(3 -8.85509e-16 0)
(3 1.39354e-15 0)
(3 -2.46489e-16 0)
(3 -4.13129e-15 0)
(3 -6.9585e-15 0)
(3 -1.58161e-15 0)
(3 -1.3714e-16 0)
(3 -3.10938e-15 0)
(3 -2.15004e-15 0)
(3 -9.43293e-16 0)
(3 3.98144e-16 0)
(3 -8.30597e-16 0)
(3 2.88406e-16 0)
(3 1.40983e-15 0)
(3 1.01735e-15 0)
(3 -2.66168e-16 0)
(3 1.39972e-15 0)
(3 -1.36294e-15 0)
(3 -4.21781e-15 0)
(3 -5.79296e-15 0)
(3 -1.00156e-15 0)
(3 -3.44161e-16 0)
(3 -4.13451e-15 0)
(3 -4.82821e-15 0)
(3 -5.3723e-16 0)
(3 3.65048e-15 0)
(3 9.86571e-16 0)
(3 5.72817e-16 0)
(3 1.43564e-15 0)
(3 9.86433e-16 0)
(3 9.17115e-16 0)
(3 -8.24463e-17 0)
(3 -2.38226e-15 0)
(3 -4.41068e-15 0)
(3 -5.06054e-15 0)
(3 -3.19604e-16 0)
(3 -9.07659e-16 0)
(3 -5.62855e-15 0)
(3 -6.03147e-15 0)
(3 -1.0034e-15 0)
(3 3.88444e-15 0)
(3 2.80471e-15 0)
(3 1.6053e-15 0)
(3 1.87441e-15 0)
(3 1.14118e-15 0)
(3 1.06836e-15 0)
(3 -1.53722e-15 0)
(3 -3.37312e-15 0)
(3 -4.52832e-15 0)
(3 -4.01557e-15 0)
(3 -5.05456e-16 0)
(3 -2.00835e-15 0)
(3 -5.53394e-15 0)
(3 -3.22447e-15 0)
(3 -7.54951e-16 0)
(3 2.81394e-15 0)
(3 2.71622e-15 0)
(3 3.08947e-15 0)
(3 2.36329e-15 0)
(3 6.77944e-16 0)
(3 2.16626e-15 0)
(3 -2.00683e-15 0)
(3 -3.83547e-15 0)
(3 -3.97018e-15 0)
(3 -3.74146e-15 0)
(3 -7.45619e-17 0)
(3 -3.64161e-15 0)
(3 -2.0723e-15 0)
(3 4.3187e-16 0)
(3 -2.2916e-15 0)
(3 -1.37122e-15 0)
(3 1.25944e-15 0)
(3 5.33614e-15 0)
(3 3.30625e-15 0)
(3 8.08309e-16 0)
(3 1.67838e-15 0)
(3 -4.35408e-15 0)
(3 -4.76731e-15 0)
(3 -3.18448e-15 0)
(3 -2.84671e-15 0)
(3 -1.65721e-15 0)
(3 -1.81276e-15 0)
(3 -1.47648e-15 0)
(3 7.13343e-16 0)
(3 -1.14251e-16 0)
(3 -4.27666e-15 0)
(3 3.80187e-16 0)
(3 7.86422e-15 0)
(3 3.60759e-15 0)
(3 3.1139e-16 0)
(3 2.02565e-15 0)
(3 -3.49886e-15 0)
(3 -6.09424e-15 0)
(3 -3.09357e-15 0)
(3 -3.40827e-15 0)
(3 -2.05552e-15 0)
(3 -5.22399e-15 0)
(3 2.49479e-16 0)
(3 4.84849e-15 0)
(3 1.0653e-15 0)
(3 -3.71902e-15 0)
(3 1.29531e-15 0)
(3 5.56779e-15 0)
(3 1.1806e-15 0)
(3 1.56565e-15 0)
(3 3.21675e-15 0)
(3 -3.56213e-15 0)
(3 -7.6134e-15 0)
(3 -1.07584e-15 0)
(3 -2.67892e-15 0)
(3 -2.58318e-15 0)
(3 -4.18394e-15 0)
(3 -3.99274e-16 0)
(3 2.28385e-15 0)
(3 1.62406e-15 0)
(3 -7.91517e-16 0)
(3 4.73158e-15 0)
(3 4.31167e-15 0)
(3 -9.13154e-16 0)
(3 -2.38784e-17 0)
(3 2.27308e-15 0)
(3 -3.10629e-15 0)
(3 -2.18146e-15 0)
(3 6.71891e-17 0)
(3 -3.44507e-15 0)
(3 -2.86837e-15 0)
(3 -1.10526e-15 0)
(3 -2.92245e-15 0)
(3 -1.4235e-15 0)
(3 3.77255e-15 0)
(3 1.49782e-15 0)
(3 4.09795e-15 0)
(3 9.35882e-16 0)
(3 9.9818e-17 0)
(3 -1.50609e-15 0)
(3 2.21786e-15 0)
(3 4.50061e-16 0)
(3 -3.05013e-15 0)
(3 -3.36017e-16 0)
(3 -1.94464e-15 0)
(3 -1.93364e-15 0)
(3 7.78616e-16 0)
(3 1.04758e-15 0)
(3 2.36666e-15 0)
(3 3.1811e-15 0)
(3 4.21347e-15 0)
(3 1.57172e-15 0)
(3 -1.05163e-15 0)
(3 -4.89443e-15 0)
(3 -6.69952e-15 0)
(3 -7.00588e-15 0)
(3 2.13259e-15 0)
(3 2.52656e-15 0)
(3 4.29316e-15 0)
(3 4.94383e-15 0)
(3 2.45364e-15 0)
(3 1.26659e-15 0)
(3 -2.73438e-17 0)
(3 -4.20297e-15 0)
(3 -4.66556e-15 0)
(3 -6.78835e-15 0)
(3 4.38544e-15 0)
(3 3.49762e-15 0)
(3 2.75982e-15 0)
(3 5.05253e-15 0)
(3 4.03782e-15 0)
(3 9.01946e-16 0)
(3 7.59349e-16 0)
(3 -3.36377e-15 0)
(3 -5.78818e-15 0)
(3 -4.82277e-15 0)
(3 5.44431e-15 0)
(3 4.7595e-15 0)
(3 2.39658e-15 0)
(3 1.69672e-15 0)
(3 6.00565e-16 0)
(3 5.40499e-16 0)
(3 2.16058e-16 0)
(3 -1.87662e-15 0)
(3 -4.86692e-15 0)
(3 -2.53214e-15 0)
(3 2.89791e-15 0)
(3 3.37725e-15 0)
(3 2.97394e-15 0)
(3 2.18108e-15 0)
(3 2.81588e-15 0)
(3 2.91708e-15 0)
(3 2.46584e-15 0)
(3 6.62452e-16 0)
(3 -3.65794e-15 0)
(3 -2.72589e-15 0)
(3 -1.78964e-15 0)
(3 -1.27141e-15 0)
(3 -5.61942e-16 0)
(3 2.65984e-15 0)
(3 6.43274e-15 0)
(3 7.37235e-15 0)
(3 2.17148e-15 0)
(3 -1.56065e-15 0)
(3 -4.61085e-15 0)
(3 -1.32629e-15 0)
(3 -2.46949e-15 0)
(3 -7.64727e-16 0)
(3 1.2656e-15 0)
(3 2.65266e-15 0)
(3 5.01234e-15 0)
(3 5.05072e-15 0)
(3 1.03178e-15 0)
(3 -2.23189e-15 0)
(3 -3.04468e-15 0)
(3 -2.44559e-16 0)
(3 2.70526e-15 0)
(3 5.34725e-15 0)
(3 6.7977e-15 0)
(3 4.2773e-15 0)
(3 3.0065e-15 0)
(3 3.53397e-16 0)
(3 -1.97921e-15 0)
(3 -2.21106e-15 0)
(3 1.61866e-15 0)
(3 -1.93146e-16 0)
(3 9.82467e-16 0)
(3 1.61619e-15 0)
(3 2.96518e-15 0)
(3 2.80859e-15 0)
(3 1.76689e-15 0)
(3 1.66829e-16 0)
(3 -1.91667e-15 0)
(3 3.66729e-16 0)
(3 7.12025e-16 0)
(3 -9.93343e-16 0)
(3 -2.44781e-15 0)
(3 -3.71505e-15 0)
(3 -2.05185e-15 0)
(3 -1.18359e-15 0)
(3 -5.16451e-16 0)
(3 1.40824e-15 0)
(3 -1.09635e-15 0)
(3 1.66409e-16 0)
(3 -1.85579e-15 0)
(3 1.8889e-15 0)
(3 -2.05426e-15 0)
(3 -3.61814e-15 0)
(3 -4.08032e-15 0)
(3 -2.39525e-15 0)
(3 -6.61378e-15 0)
(3 -4.9779e-15 0)
(3 -2.51615e-15 0)
(3 -3.57952e-16 0)
(3 -1.45382e-15 0)
(3 3.14636e-15 0)
(3 -4.15991e-15 0)
(3 -4.82705e-15 0)
(3 -6.10199e-15 0)
(3 -6.06639e-15 0)
(3 -6.00183e-15 0)
(3 -4.40358e-15 0)
(3 -1.63093e-15 0)
(3 9.30108e-16 0)
(3 8.02168e-17 0)
(3 1.44585e-15 0)
(3 -5.67394e-15 0)
(3 -4.63099e-15 0)
(3 -5.43011e-15 0)
(3 -6.3897e-15 0)
(3 -5.68015e-15 0)
(3 -4.70912e-15 0)
(3 -2.39237e-16 0)
(3 -1.47536e-15 0)
(3 2.75724e-15 0)
(3 3.82496e-15 0)
(3 -2.49089e-15 0)
(3 -4.13203e-15 0)
(3 -4.9176e-15 0)
(3 -6.42576e-15 0)
(3 -7.89363e-15 0)
(3 -6.27615e-15 0)
(3 3.08943e-15 0)
(3 1.07378e-15 0)
(3 3.73931e-15 0)
(3 8.84671e-16 0)
(3 -7.95204e-16 0)
(3 -2.56643e-15 0)
(3 -2.56182e-15 0)
(3 -4.15543e-15 0)
(3 -4.98124e-15 0)
(3 -3.96783e-15 0)
(3 3.24784e-15 0)
(3 2.21444e-15 0)
(3 1.53242e-15 0)
(3 -9.92798e-17 0)
(3 -1.70951e-15 0)
(3 -2.52588e-15 0)
(3 -3.12345e-15 0)
(3 -1.73041e-15 0)
(3 7.27071e-16 0)
(3 7.12555e-16 0)
(3 1.69263e-15 0)
(3 2.43537e-15 0)
(3 4.11099e-15 0)
(3 8.21236e-16 0)
(3 -2.39859e-15 0)
(3 -2.33635e-15 0)
(3 -3.11293e-15 0)
(3 -9.04023e-16 0)
(3 2.29741e-15 0)
(3 5.7783e-15 0)
(3 1.8461e-16 0)
(3 2.49392e-15 0)
(3 3.71785e-15 0)
(3 2.94099e-15 0)
(3 -2.55844e-15 0)
(3 -1.79374e-15 0)
(3 -1.45883e-15 0)
(3 -6.4449e-16 0)
(3 3.92063e-15 0)
(3 5.05598e-15 0)
(3 1.03336e-15 0)
(3 3.95153e-15 0)
(3 4.05937e-15 0)
(3 2.79442e-15 0)
(3 -2.52232e-15 0)
(3 -1.25854e-15 0)
(3 -4.28182e-16 0)
(3 3.76544e-15 0)
(3 3.51113e-15 0)
(3 2.01468e-15 0)
(3 1.73855e-15 0)
(3 6.1933e-15 0)
(3 7.09438e-15 0)
(3 4.44962e-15 0)
(3 1.29832e-15 0)
(3 -1.95539e-15 0)
(3 3.56304e-16 0)
(3 2.50481e-15 0)
(3 2.37031e-15 0)
(3 2.57663e-15 0)
(3 5.13921e-15 0)
(3 8.29528e-15 0)
(3 5.05601e-15 0)
(3 5.21892e-15 0)
(3 3.94385e-15 0)
(3 3.65687e-15 0)
(3 2.47532e-15 0)
(3 2.26841e-15 0)
(3 1.94347e-15 0)
(3 3.11541e-15 0)
(3 3.80001e-15 0)
(3 2.68248e-15 0)
(3 1.49085e-15 0)
(3 1.70962e-16 0)
(3 4.932e-15 0)
(3 5.00115e-15 0)
(3 4.98445e-15 0)
(3 4.28788e-15 0)
(3 3.10488e-15 0)
(3 5.61989e-16 0)
(3 -2.91985e-16 0)
(3 -2.89315e-15 0)
(3 -3.26499e-15 0)
(3 -4.29092e-16 0)
(3 1.48643e-15 0)
(3 9.64801e-16 0)
(3 2.60717e-15 0)
(3 3.40876e-15 0)
(3 2.41264e-15 0)
(3 -3.1331e-16 0)
(3 -4.88531e-15 0)
(3 -4.44631e-15 0)
(3 -5.15839e-15 0)
(3 -3.29634e-16 0)
(3 -3.04827e-15 0)
(3 -2.78102e-15 0)
(3 -1.00841e-15 0)
(3 -2.36865e-16 0)
(3 2.40171e-16 0)
(3 1.00366e-15 0)
(3 -2.54511e-15 0)
(3 -2.64051e-15 0)
(3 1.92236e-15 0)
(3 -7.42786e-16 0)
(3 1.01977e-15 0)
(3 1.34206e-15 0)
(3 1.67947e-15 0)
(3 1.21115e-15 0)
(3 6.18838e-16 0)
(3 2.79637e-15 0)
(3 3.33659e-15 0)
(3 4.56604e-15 0)
(3 1.86917e-15 0)
(3 -1.19295e-16 0)
(3 9.80908e-16 0)
(3 8.38479e-16 0)
(3 -2.1872e-16 0)
(3 -1.76685e-15 0)
(3 -1.41256e-15 0)
(3 -6.25583e-16 0)
(3 1.76254e-15 0)
(3 1.84086e-15 0)
(3 -2.61297e-16 0)
(3 4.58715e-16 0)
(3 2.48355e-15 0)
(3 1.34697e-15 0)
(3 -1.66129e-16 0)
(3 -1.99244e-15 0)
(3 -2.70312e-15 0)
(3 -3.13025e-15 0)
(3 -9.54673e-16 0)
(3 1.15482e-15 0)
(3 9.1435e-16 0)
(3 -1.44044e-16 0)
(3 2.72144e-15 0)
(3 2.1861e-15 0)
(3 1.9278e-15 0)
(3 3.17945e-15 0)
(3 3.58029e-15 0)
(3 4.11947e-15 0)
(3 2.55932e-15 0)
(3 2.19932e-15 0)
(3 5.74997e-16 0)
(3 -3.08247e-15 0)
(3 1.57507e-15 0)
(3 1.39378e-15 0)
(3 2.47148e-15 0)
(3 3.37847e-15 0)
(3 5.58928e-15 0)
(3 5.33456e-15 0)
(3 5.464e-15 0)
(3 2.58675e-15 0)
(3 2.80033e-15 0)
(3 9.54912e-16 0)
(3 -1.21799e-15 0)
(3 -3.58689e-16 0)
(3 -2.91345e-16 0)
(3 1.06246e-15 0)
(3 2.08953e-15 0)
(3 1.3623e-15 0)
(3 2.31354e-15 0)
(3 2.59578e-15 0)
(3 4.80653e-15 0)
(3 2.10987e-15 0)
(3 -1.32816e-15 0)
(3 -1.97837e-15 0)
(3 -2.63797e-15 0)
(3 -1.00651e-15 0)
(3 -1.23732e-16 0)
(3 7.96693e-16 0)
(3 -1.33259e-15 0)
(3 -1.2923e-15 0)
(3 5.84893e-16 0)
(3 3.95631e-16 0)
(3 6.7935e-16 0)
(3 1.4752e-15 0)
(3 1.73968e-15 0)
(3 2.68104e-16 0)
(3 -1.88415e-15 0)
(3 -1.69341e-15 0)
(3 -2.06481e-15 0)
(3 -3.34437e-15 0)
(3 -2.09838e-15 0)
(3 -1.93307e-15 0)
(3 2.48136e-15 0)
(3 2.49974e-15 0)
(3 2.58863e-15 0)
(3 2.18263e-15 0)
(3 -1.87594e-16 0)
(3 -1.11217e-15 0)
(3 -1.16267e-15 0)
(3 -1.46771e-15 0)
(3 -2.4147e-15 0)
(3 -3.24333e-15 0)
(3 2.41853e-15 0)
(3 2.15454e-15 0)
(3 1.83833e-15 0)
(3 1.64318e-15 0)
(3 1.44013e-15 0)
(3 9.67094e-16 0)
(3 1.71884e-15 0)
(3 1.07156e-15 0)
(3 -7.08302e-17 0)
(3 1.77093e-15 0)
(3 -1.78609e-15 0)
(3 -1.81379e-15 0)
(3 -1.64155e-15 0)
(3 -1.50233e-15 0)
(3 -5.26901e-16 0)
(3 9.30769e-16 0)
(3 1.60175e-15 0)
(3 1.71068e-15 0)
(3 5.57566e-16 0)
(3 2.57098e-15 0)
(3 4.04301e-15 0)
(3 3.45985e-15 0)
(3 -9.83489e-16 0)
(3 -1.55051e-15 0)
(3 1.18465e-15 0)
(3 1.36553e-15 0)
(3 3.03015e-15 0)
(3 2.38194e-15 0)
(3 -3.36312e-16 0)
(3 -1.26009e-15 0)
(3 -1.62136e-15 0)
(3 6.70263e-16 0)
(3 2.64138e-15 0)
(3 2.50868e-15 0)
(3 -1.81517e-15 0)
(3 3.76708e-15 0)
(3 2.52173e-15 0)
(3 -2.00606e-15 0)
(3 -1.23872e-15 0)
(3 1.5863e-15 0)
(3 1.66347e-15 0)
(3 3.2686e-15 0)
(3 1.94602e-15 0)
(3 -6.55914e-16 0)
(3 -1.21569e-15 0)
(3 -1.68466e-15 0)
(3 6.47902e-16 0)
(3 2.29675e-15 0)
(3 2.72114e-15 0)
(3 -1.69038e-15 0)
(3 3.85228e-15 0)
(3 1.94124e-15 0)
(3 -2.48298e-15 0)
(3 -1.50716e-15 0)
(3 2.39657e-15 0)
(3 2.30428e-15 0)
(3 3.2927e-15 0)
(3 1.78459e-15 0)
(3 -2.09915e-15 0)
(3 -1.13066e-15 0)
(3 -1.64e-15 0)
(3 7.22595e-16 0)
(3 2.1128e-15 0)
(3 3.04777e-15 0)
(3 -1.13102e-15 0)
(3 3.92883e-15 0)
(3 1.70249e-15 0)
(3 -2.82658e-15 0)
(3 -1.37228e-15 0)
(3 2.98337e-15 0)
(3 2.82562e-15 0)
(3 3.02474e-15 0)
(3 1.35847e-15 0)
(3 -2.55322e-15 0)
(3 -1.05202e-15 0)
(3 -1.52969e-15 0)
(3 5.09741e-16 0)
(3 1.7125e-15 0)
(3 3.35398e-15 0)
(3 -6.9474e-16 0)
(3 3.51657e-15 0)
(3 7.63147e-16 0)
(3 -2.95705e-15 0)
(3 -1.08979e-15 0)
(3 3.73371e-15 0)
(3 3.28225e-15 0)
(3 2.41944e-15 0)
(3 6.01323e-16 0)
(3 -2.72136e-15 0)
(3 -1.07487e-15 0)
(3 -1.57262e-15 0)
(3 2.83434e-16 0)
(3 2.13756e-15 0)
(3 3.68503e-15 0)
(3 -5.59723e-16 0)
(3 3.05441e-15 0)
(3 3.29717e-17 0)
(3 -2.65789e-15 0)
(3 -3.19341e-16 0)
(3 3.39456e-15 0)
(3 3.37291e-15 0)
(3 2.3946e-15 0)
(3 4.65517e-16 0)
(3 -2.621e-15 0)
(3 -1.17341e-15 0)
(3 -1.46474e-15 0)
(3 1.45313e-16 0)
(3 2.18058e-15 0)
(3 4.14286e-15 0)
(3 -5.12329e-16 0)
(3 1.99724e-15 0)
(3 6.01986e-17 0)
(3 -1.64626e-15 0)
(3 4.10694e-16 0)
(3 2.68005e-15 0)
(3 2.54565e-15 0)
(3 1.77609e-15 0)
(3 6.10211e-16 0)
(3 -2.52807e-15 0)
(3 -1.23601e-15 0)
(3 -1.29813e-15 0)
(3 1.15402e-16 0)
(3 2.15916e-15 0)
(3 4.3642e-15 0)
(3 -3.41548e-16 0)
(3 1.53047e-15 0)
(3 7.51482e-16 0)
(3 -3.6252e-17 0)
(3 9.35189e-16 0)
(3 2.12419e-15 0)
(3 1.50492e-15 0)
(3 7.31968e-16 0)
(3 4.85228e-16 0)
(3 -2.40496e-15 0)
(3 -1.17937e-15 0)
(3 -1.17319e-15 0)
(3 5.26374e-17 0)
(3 2.14915e-15 0)
(3 4.45868e-15 0)
(3 -2.92803e-16 0)
(3 9.76746e-16 0)
(3 1.32907e-15 0)
(3 9.74396e-16 0)
(3 1.50803e-15 0)
(3 1.98375e-15 0)
(3 1.22338e-15 0)
(3 -2.21409e-16 0)
(3 2.24665e-16 0)
(3 -2.31779e-15 0)
(3 -1.18781e-15 0)
(3 -1.15727e-15 0)
(3 4.42384e-17 0)
(3 2.1942e-15 0)
(3 4.57395e-15 0)
(3 -3.97398e-16 0)
(3 -1.75642e-15 0)
(3 2.55589e-15 0)
(3 1.48171e-15 0)
(3 2.08901e-15 0)
(3 1.49243e-15 0)
(3 9.62502e-16 0)
(3 -5.4176e-16 0)
(3 -1.23213e-16 0)
(3 -2.27889e-15 0)
(3 -1.36938e-15 0)
(3 -1.29779e-15 0)
(3 4.3701e-17 0)
(3 2.20286e-15 0)
(3 4.47745e-15 0)
(3 -4.10988e-16 0)
(3 -1.23671e-06 0)
(3 -1.41787e-08 0)
(3 7.63031e-11 0)
(3 1.26304e-11 0)
(3 4.0008e-13 0)
(3 -3.44774e-15 0)
(3 -9.277e-16 0)
(3 -7.87589e-16 0)
(3 -2.22871e-15 0)
(3 -1.20006e-15 0)
(3 -1.54083e-15 0)
(3 -3.6451e-17 0)
(3 2.09168e-15 0)
(3 4.77739e-15 0)
(3 -2.59283e-16 0)
(3.00001 2.19487e-05 0)
(3 -1.20816e-07 0)
(3 -2.38737e-08 0)
(3 -1.16327e-09 0)
(3 3.83806e-12 0)
(3 4.2872e-14 0)
(3 5.61607e-15 0)
(3 -1.62275e-16 0)
(3 -2.425e-15 0)
(3 -1.53634e-15 0)
(3 -1.30928e-15 0)
(3 -5.03842e-16 0)
(3 1.9002e-15 0)
(3 4.94311e-15 0)
(3 -2.70234e-17 0)
(3.00074 0.00153159 0)
(3.00004 0.000107702 0)
(3 3.51957e-06 0)
(3 -2.81419e-08 0)
(3 -1.09656e-10 0)
(3 -1.69921e-11 0)
(3 -2.08645e-13 0)
(3 7.35076e-17 0)
(3 -1.95449e-15 0)
(3 -1.77531e-15 0)
(3 -1.14696e-15 0)
(3 -1.793e-15 0)
(3 1.6354e-15 0)
(3 5.56194e-15 0)
(3 2.59721e-16 0)
(2.99403 -0.0490503 0)
(2.99999 -0.00102925 0)
(3 2.23842e-06 0)
(3 7.20758e-07 0)
(3 1.20152e-08 0)
(3 3.58927e-12 0)
(3 -1.00037e-12 0)
(3 -5.56684e-14 0)
(3 -2.93007e-15 0)
(3 -1.76428e-15 0)
(3 -1.16416e-15 0)
(3 -2.35948e-15 0)
(3 1.17881e-15 0)
(3 6.22222e-15 0)
(3 6.65056e-16 0)
(2.5719 -0.571934 0)
(2.99047 -0.0381122 0)
(3.00021 -0.000406141 0)
(3 8.00425e-07 0)
(3 1.81424e-07 0)
(3 9.23645e-09 0)
(3 9.87557e-11 0)
(3 5.70913e-13 0)
(3 7.90205e-16 0)
(3 -1.60978e-15 0)
(3 -7.85553e-16 0)
(3 -2.38562e-15 0)
(3 8.71159e-16 0)
(3 6.40373e-15 0)
(3 9.00734e-16 0)
(2.176 -0.899784 0)
(2.66548 -0.454943 0)
(2.98507 -0.0341833 0)
(3 -0.000386638 0)
(3 -2.19288e-06 0)
(3 -5.59435e-09 0)
(3 5.41095e-10 0)
(3 4.55728e-12 0)
(3 -9.09577e-14 0)
(3 -1.44295e-14 0)
(3 -1.33264e-15 0)
(3 -2.43109e-15 0)
(3 6.44951e-16 0)
(3 6.38749e-15 0)
(3 1.04339e-15 0)
(2.17528 -0.882666 0)
(2.41582 -0.741942 0)
(2.84827 -0.269149 0)
(2.99576 -0.0150626 0)
(3 -8.98598e-05 0)
(3 9.46432e-07 0)
(3 5.89324e-09 0)
(3 1.13309e-09 0)
(3 6.77631e-11 0)
(3 1.20757e-12 0)
(3 9.49027e-15 0)
(3 -2.34482e-15 0)
(3 5.18107e-16 0)
(3 6.34635e-15 0)
(3 1.23933e-15 0)
(2.20795 -0.805869 0)
(2.25105 -0.802864 0)
(2.58042 -0.561626 0)
(2.94136 -0.121824 0)
(2.99887 -0.00505228 0)
(2.99999 -6.97435e-05 0)
(3 -8.47169e-07 0)
(3 -1.08e-08 0)
(3 -4.03567e-11 0)
(3 -2.13563e-13 0)
(3 -8.48232e-15 0)
(3 -2.60701e-15 0)
(3 3.11259e-17 0)
(3 6.74825e-15 0)
(3 1.56314e-15 0)
(2.29011 -0.633709 0)
(2.25617 -0.787339 0)
(2.40042 -0.738525 0)
(2.77923 -0.374722 0)
(2.98964 -0.0360542 0)
(3.00003 -0.000477749 0)
(3 1.10929e-06 0)
(3 8.41356e-08 0)
(3 1.5477e-08 0)
(3 6.42058e-10 0)
(3 8.40507e-12 0)
(3 5.956e-14 0)
(3 9.55655e-16 0)
(3 6.84623e-15 0)
(3 1.70919e-15 0)
(2.40282 -0.432012 0)
(2.26787 -0.710148 0)
(2.34048 -0.737732 0)
(2.54989 -0.601455 0)
(2.86075 -0.238581 0)
(2.98724 -0.0320194 0)
(2.99956 -0.00156938 0)
(2.99999 -3.87331e-05 0)
(3 -5.87801e-07 0)
(3 -5.9727e-09 0)
(3 -4.3018e-11 0)
(3 -2.30568e-13 0)
(3 -1.95216e-16 0)
(3 6.66767e-15 0)
(3 1.67501e-15 0)
(2.50869 -0.130941 0)
(2.33018 -0.592733 0)
(2.34637 -0.710584 0)
(2.43388 -0.686269 0)
(2.71561 -0.44971 0)
(2.96754 -0.0710771 0)
(2.99892 -0.00351833 0)
(2.99998 -7.26925e-05 0)
(3 -1.10429e-06 0)
(3 -1.26845e-08 0)
(3 -1.08732e-10 0)
(3 -7.14018e-13 0)
(3 -2.31836e-15 0)
(3 6.41846e-15 0)
(3 2.76094e-15 0)
(2.56334 -0.0920359 0)
(2.4712 -0.25092 0)
(2.37729 -0.617566 0)
(2.4321 -0.679298 0)
(2.60483 -0.604501 0)
(2.85295 -0.312467 0)
(2.98588 -0.0361894 0)
(2.99964 -0.000904865 0)
(3 -9.46945e-06 0)
(3 -7.93501e-08 0)
(3 -6.23761e-10 0)
(3 -4.40376e-12 0)
(3 -2.67816e-14 0)
(3 7.36565e-15 0)
(3 3.64151e-15 0)
(2.54946 -0.0570764 0)
(2.51324 -0.161471 0)
(2.47028 -0.391171 0)
(2.43465 -0.640741 0)
(2.51914 -0.624959 0)
(2.74041 -0.473733 0)
(2.95086 -0.135923 0)
(2.99749 -0.00750743 0)
(2.99995 -0.000111748 0)
(3 -9.34229e-07 0)
(3 -6.44594e-09 0)
(3 -4.07925e-11 0)
(3 -2.39517e-13 0)
(3 3.36441e-15 0)
(3 3.08943e-15 0)
(2.61021 0.164398 0)
(2.54394 -0.0657341 0)
(2.52664 -0.247599 0)
(2.47061 -0.53955 0)
(2.51719 -0.613858 0)
(2.61134 -0.580298 0)
(2.82442 -0.370961 0)
(2.975 -0.064408 0)
(2.99918 -0.00201298 0)
(2.99999 -2.05974e-05 0)
(3 -1.43141e-07 0)
(3 -8.46311e-10 0)
(3 -4.51545e-12 0)
(3 -1.4898e-14 0)
(3 3.01276e-15 0)
(2.64384 0.342337 0)
(2.6152 0.161589 0)
(2.5637 -0.110207 0)
(2.53064 -0.380111 0)
(2.52317 -0.573636 0)
(2.60842 -0.58069 0)
(2.75102 -0.480571 0)
(2.93338 -0.174127 0)
(2.99501 -0.0137377 0)
(2.99989 -0.000251869 0)
(3 -2.09495e-06 0)
(3 -1.36362e-08 0)
(3 -7.81646e-11 0)
(3 -3.95898e-13 0)
(3 2.5065e-15 0)
(2.6624 0.389704 0)
(2.63327 0.273258 0)
(2.59473 0.00552907 0)
(2.60119 -0.158644 0)
(2.56969 -0.452604 0)
(2.60845 -0.563982 0)
(2.66615 -0.551136 0)
(2.82463 -0.384191 0)
(2.96815 -0.0798858 0)
(2.99872 -0.00305877 0)
(2.99998 -3.59292e-05 0)
(3 -2.56928e-07 0)
(3 -1.5357e-09 0)
(3 -8.13811e-12 0)
(3 -3.24564e-14 0)
(2.68301 0.409248 0)
(2.66689 0.320081 0)
(2.61978 0.0250927 0)
(2.61078 -0.130667 0)
(2.618 -0.297385 0)
(2.6202 -0.509251 0)
(2.66533 -0.550444 0)
(2.77117 -0.471359 0)
(2.92267 -0.197179 0)
(2.99275 -0.018577 0)
(2.99983 -0.000381499 0)
(3 -3.37734e-06 0)
(3 -2.24998e-08 0)
(3 -1.327e-10 0)
(3 -6.04515e-13 0)
(2.66572 0.459739 0)
(2.68477 0.418498 0)
(2.66684 0.159723 0)
(2.68301 0.0477308 0)
(2.64295 -0.224938 0)
(2.64739 -0.42449 0)
(2.66944 -0.534031 0)
(2.71483 -0.51978 0)
(2.84233 -0.36318 0)
(2.96692 -0.0829544 0)
(2.99846 -0.00362939 0)
(2.99998 -4.59245e-05 0)
(3 -3.4045e-07 0)
(3 -2.03985e-09 0)
(3 -9.91446e-12 0)
(2.66724 0.493921 0)
(2.69653 0.453695 0)
(2.67089 0.201431 0)
(2.69698 0.203146 0)
(2.6956 -0.0446226 0)
(2.70716 -0.258435 0)
(2.68672 -0.484437 0)
(2.71475 -0.51787 0)
(2.79259 -0.452739 0)
(2.9227 -0.193768 0)
(2.99196 -0.0195107 0)
(2.9998 -0.000437182 0)
(3 -4.12696e-06 0)
(3 -2.90942e-08 0)
(3 -1.47516e-10 0)
(2.68446 0.49854 0)
(2.70293 0.427734 0)
(2.67155 0.266086 0)
(2.70495 0.229466 0)
(2.72196 0.0216414 0)
(2.73365 -0.168457 0)
(2.72512 -0.37648 0)
(2.71956 -0.501738 0)
(2.75179 -0.493371 0)
(2.85232 -0.348042 0)
(2.9663 -0.0821978 0)
(2.99833 -0.00385618 0)
(2.99998 -5.01559e-05 0)
(3 -3.68388e-07 0)
(3 -2.021e-09 0)
(2.72426 0.534972 0)
(2.72407 0.448889 0)
(2.71566 0.332517 0)
(2.73705 0.300648 0)
(2.7393 0.0452111 0)
(2.7647 -0.0699089 0)
(2.75804 -0.276566 0)
(2.736 -0.456827 0)
(2.75251 -0.490882 0)
(2.81506 -0.42185 0)
(2.92778 -0.180105 0)
(2.99235 -0.0183209 0)
(2.99981 -0.00043635 0)
(3 -4.23927e-06 0)
(3 -2.4969e-08 0)
(2.73532 0.572142 0)
(2.72575 0.484879 0)
(2.73546 0.38625 0)
(2.76644 0.343052 0)
(2.76472 0.12166 0)
(2.80788 0.0826287 0)
(2.79107 -0.174073 0)
(2.76914 -0.373987 0)
(2.75862 -0.476063 0)
(2.78379 -0.464332 0)
(2.86781 -0.319795 0)
(2.96951 -0.0734743 0)
(2.99854 -0.00323396 0)
(2.99998 -4.34549e-05 0)
(3 -2.88008e-07 0)
(2.72949 0.620254 0)
(2.72801 0.503045 0)
(2.75604 0.412103 0)
(2.79517 0.355614 0)
(2.75371 0.12549 0)
(2.80689 0.142709 0)
(2.81734 -0.0720207 0)
(2.81017 -0.25512 0)
(2.77584 -0.434693 0)
(2.78446 -0.462936 0)
(2.83223 -0.394416 0)
(2.93238 -0.164546 0)
(2.99258 -0.0176957 0)
(2.99982 -0.000396656 0)
(3 -3.28039e-06 0)
(2.73937 0.63775 0)
(2.742 0.570554 0)
(2.7871 0.442954 0)
(2.81966 0.345433 0)
(2.79117 0.21217 0)
(2.82477 0.213363 0)
(2.83326 -0.0205552 0)
(2.83964 -0.161921 0)
(2.80706 -0.355275 0)
(2.78892 -0.452102 0)
(2.80796 -0.435883 0)
(2.8851 -0.278672 0)
(2.97744 -0.0536099 0)
(2.99891 -0.00250173 0)
(2.99998 -2.69038e-05 0)
(2.73583 0.609994 0)
(2.77993 0.589651 0)
(2.80678 0.468685 0)
(2.82195 0.374685 0)
(2.83035 0.288368 0)
(2.85318 0.273796 0)
(2.84792 0.0308283 0)
(2.86596 -0.0734114 0)
(2.83675 -0.270722 0)
(2.80419 -0.416293 0)
(2.80853 -0.435704 0)
(2.84553 -0.371498 0)
(2.93391 -0.161399 0)
(2.99365 -0.01446 0)
(2.99983 -0.000282574 0)
(2.71818 0.451532 0)
(2.78663 0.567291 0)
(2.81802 0.511432 0)
(2.81978 0.418722 0)
(2.84178 0.330523 0)
(2.88379 0.291646 0)
(2.85803 0.0598421 0)
(2.88976 0.0413979 0)
(2.86903 -0.166905 0)
(2.82914 -0.356135 0)
(2.81245 -0.428114 0)
(2.82713 -0.409411 0)
(2.90831 -0.228163 0)
(2.9817 -0.045146 0)
(2.99907 -0.00144905 0)
(2.68909 0.207124 0)
(2.77336 0.495067 0)
(2.8216 0.522394 0)
(2.83269 0.473549 0)
(2.86591 0.363152 0)
(2.91389 0.305553 0)
(2.87564 0.0926523 0)
(2.90082 0.108682 0)
(2.88869 -0.0959949 0)
(2.86291 -0.262557 0)
(2.82546 -0.400521 0)
(2.82795 -0.408911 0)
(2.86215 -0.337707 0)
(2.94789 -0.128535 0)
(2.99425 -0.00913453 0)
(2.67251 0.133196 0)
(2.75859 0.32264 0)
(2.82163 0.514398 0)
(2.84125 0.50188 0)
(2.89063 0.405001 0)
(2.92283 0.309561 0)
(2.88523 0.163776 0)
(2.9167 0.173265 0)
(2.90687 -0.0358536 0)
(2.89384 -0.172065 0)
(2.84633 -0.351756 0)
(2.83101 -0.403875 0)
(2.83953 -0.388186 0)
(2.91757 -0.204193 0)
(2.98102 -0.0276009 0)
(2.66022 0.0376865 0)
(2.75359 0.179646 0)
(2.82995 0.453124 0)
(2.87854 0.487618 0)
(2.91705 0.425974 0)
(2.92102 0.331373 0)
(2.92013 0.249174 0)
(2.93877 0.232783 0)
(2.91466 -0.00967381 0)
(2.91813 -0.0896886 0)
(2.87733 -0.269901 0)
(2.83984 -0.387679 0)
(2.84271 -0.385425 0)
(2.88321 -0.30365 0)
(2.94835 -0.0803752 0)
(2.62551 0.011171 0)
(2.71942 0.0543475 0)
(2.80436 0.210474 0)
(2.88497 0.416271 0)
(2.92069 0.424182 0)
(2.93232 0.38547 0)
(2.94122 0.30519 0)
(2.96768 0.264497 0)
(2.93149 0.0572313 0)
(2.94471 0.0305073 0)
(2.91234 -0.161201 0)
(2.871 -0.313321 0)
(2.84938 -0.374211 0)
(2.87279 -0.34666 0)
(2.88046 -0.153632 0)
(2.62509 0.111999 0)
(2.70485 0.241106 0)
(2.7736 0.311382 0)
(2.73496 0.424708 0)
(2.70343 0.501124 0)
(2.73563 0.534369 0)
(2.71981 0.555588 0)
(2.6819 0.591743 0)
(2.64639 0.558363 0)
(2.68591 0.589878 0)
(2.71987 0.62803 0)
(2.73825 0.671852 0)
(2.73635 0.691699 0)
(2.71726 0.646029 0)
(2.67101 0.398081 0)
(2.64366 0.157057 0)
(2.61229 -0.0382762 0)
(2.5741 0.00418237 0)
(2.56668 0.0269547 0)
(2.58063 0.0150262 0)
(2.66613 0.289408 0)
(2.73008 0.392132 0)
(2.77829 0.479659 0)
(2.75519 0.559589 0)
(2.74844 0.596505 0)
(2.79215 0.619259 0)
(2.75434 0.62472 0)
(2.72067 0.64603 0)
(2.69514 0.653308 0)
(2.68796 0.667323 0)
(2.71333 0.695394 0)
(2.72558 0.715152 0)
(2.72176 0.645215 0)
(2.67472 0.395573 0)
(2.61498 0.137219 0)
(2.6036 0.0495457 0)
(2.59552 0.00334474 0)
(2.58706 -0.000823264 0)
(2.56993 0.0228533 0)
(2.57204 0.0151179 0)
(2.70176 0.491946 0)
(2.74368 0.578406 0)
(2.75147 0.653674 0)
(2.74638 0.700536 0)
(2.78345 0.711476 0)
(2.83007 0.707784 0)
(2.79506 0.711038 0)
(2.75898 0.717603 0)
(2.72722 0.70921 0)
(2.6879 0.723941 0)
(2.6969 0.752914 0)
(2.70121 0.647732 0)
(2.65979 0.372536 0)
(2.61688 0.155283 0)
(2.58663 -0.00822987 0)
(2.58522 0.00973029 0)
(2.59014 0.000209153 0)
(2.58847 -0.00616156 0)
(2.58582 0.00765869 0)
(2.57271 0.0111272 0)
(2.74341 0.668766 0)
(2.73796 0.708704 0)
(2.7294 0.789272 0)
(2.74648 0.799342 0)
(2.80312 0.796454 0)
(2.82799 0.788263 0)
(2.81494 0.78783 0)
(2.77768 0.795652 0)
(2.74286 0.79372 0)
(2.72083 0.790714 0)
(2.69429 0.621967 0)
(2.67055 0.349013 0)
(2.61129 0.100783 0)
(2.58139 0.013707 0)
(2.58589 0.0156865 0)
(2.59009 0.0205074 0)
(2.58918 0.0177683 0)
(2.58412 0.00384079 0)
(2.58284 0.00377383 0)
(2.57397 0.00513282 0)
(2.76738 0.829697 0)
(2.719 0.909064 0)
(2.72471 0.935199 0)
(2.75019 0.924027 0)
(2.80529 0.898462 0)
(2.82378 0.860436 0)
(2.82175 0.852846 0)
(2.78047 0.90499 0)
(2.74307 0.845182 0)
(2.73261 0.504757 0)
(2.72955 0.288149 0)
(2.64483 0.0922742 0)
(2.61232 0.00520184 0)
(2.58692 0.00242542 0)
(2.57805 0.0171689 0)
(2.58455 0.019589 0)
(2.58237 0.018627 0)
(2.57647 0.00818369 0)
(2.57025 -0.00387322 0)
(2.56342 0.00046993 0)
(2.74561 1.02028 0)
(2.71405 1.07182 0)
(2.70981 1.05326 0)
(2.74844 1.02389 0)
(2.78637 0.986215 0)
(2.78872 0.949778 0)
(2.77123 0.929072 0)
(2.7669 0.739252 0)
(2.73241 0.43366 0)
(2.73591 0.222109 0)
(2.63686 0.0755429 0)
(2.60306 0.0295523 0)
(2.57599 -0.00525063 0)
(2.56063 0.00620041 0)
(2.55817 0.0185266 0)
(2.56169 0.0151896 0)
(2.55799 0.014991 0)
(2.54719 0.00715796 0)
(2.53551 -0.00793674 0)
(2.52938 -0.00539274 0)
(2.69912 1.26508 0)
(2.70291 1.21304 0)
(2.72903 1.25173 0)
(2.73672 1.18645 0)
(2.74054 1.06552 0)
(2.76277 0.814358 0)
(2.71295 0.431463 0)
(2.72542 0.315437 0)
(2.5892 0.0846343 0)
(2.55553 0.0719495 0)
(2.52868 0.044054 0)
(2.52194 0.017484 0)
(2.50819 0.000613706 0)
(2.5023 0.00987504 0)
(2.50554 0.0183908 0)
(2.49749 0.0183448 0)
(2.48967 0.0156882 0)
(2.47787 0.00539658 0)
(2.47312 -0.0039937 0)
(2.46874 -0.00226967 0)
(2.65015 1.47154 0)
(2.668 1.44303 0)
(2.61021 1.10814 0)
(2.62261 0.838523 0)
(2.58094 0.441211 0)
(2.60866 0.269008 0)
(2.51513 0.0467559 0)
(2.46072 0.0717248 0)
(2.40409 0.035332 0)
(2.42022 0.032493 0)
(2.41864 0.0383476 0)
(2.41096 0.0166224 0)
(2.41178 0.00349417 0)
(2.41108 0.0095167 0)
(2.40046 0.0154381 0)
(2.38873 0.0132124 0)
(2.38225 0.00876426 0)
(2.38132 -0.00284612 0)
(2.39085 -0.00785312 0)
(2.39109 -0.00254018 0)
(2.26828 0.749946 0)
(2.32279 0.551131 0)
(2.33503 0.35473 0)
(2.30916 0.162252 0)
(2.27126 0.0269449 0)
(2.26942 0.014286 0)
(2.25905 0.00365585 0)
(2.29019 0.0271688 0)
(2.29267 0.0316562 0)
(2.2785 0.0329957 0)
(2.27305 0.0246581 0)
(2.2844 0.00266234 0)
(2.3005 -0.000768309 0)
(2.30565 0.0101987 0)
(2.29902 0.0161164 0)
(2.29413 0.00594186 0)
(2.29594 -0.00320294 0)
(2.30775 -0.00941406 0)
(2.31979 -0.00661066 0)
(2.32389 0.00146002 0)
(1.94036 0.14937 0)
(2.03971 0.142689 0)
(2.08758 0.0880384 0)
(2.1126 0.0604797 0)
(2.12136 0.0142409 0)
(2.13946 0.0130759 0)
(2.18091 0.0135524 0)
(2.19694 0.0211412 0)
(2.20534 0.0176751 0)
(2.20056 0.0141669 0)
(2.19917 0.00934973 0)
(2.21271 0.007561 0)
(2.23306 0.0124904 0)
(2.24007 0.0155956 0)
(2.24998 0.0113518 0)
(2.25477 -0.00346593 0)
(2.26022 -0.00840978 0)
(2.27319 -0.00742417 0)
(2.28246 0.0010493 0)
(2.2911 0.00739894 0)
)
;

boundaryField
{
    inlet
    {
        type            fixedValue;
        value           uniform (3 0 0);
    }
    outlet
    {
        type            inletOutlet;
        inletValue      uniform (3 0 0);
        value           nonuniform List<vector> 
50
(
(2.62087 -0.00635917 0)
(2.71619 -0.0523878 0)
(2.80452 -0.209659 0)
(2.88595 -0.417295 0)
(2.91934 -0.418161 0)
(2.93384 -0.389624 0)
(2.94097 -0.299369 0)
(2.96824 -0.26509 0)
(2.93095 -0.0560267 0)
(2.94411 -0.0323566 0)
(2.91166 0.16241 0)
(2.87106 0.313466 0)
(2.84945 0.374352 0)
(2.87286 0.346737 0)
(2.88048 0.153667 0)
(2.28612 0.00300795 0)
(2.3117 -0.00396079 0)
(2.37816 6.56204e-05 0)
(2.46317 8.57946e-05 0)
(2.53153 -0.000797084 0)
(2.56617 -0.000332146 0)
(2.57701 -0.00416179 0)
(2.57755 -0.00866123 0)
(2.57349 -0.011637 0)
(2.57823 -0.0112171 0)
(2.58063 0.0150262 0)
(2.57204 0.0151179 0)
(2.57271 0.0111272 0)
(2.57397 0.00513282 0)
(2.56342 0.00046993 0)
(2.52938 -0.00539274 0)
(2.46874 -0.00226967 0)
(2.39109 -0.00254018 0)
(2.32389 0.00146002 0)
(2.2911 0.00739894 0)
(2.62551 0.011171 0)
(2.71942 0.0543475 0)
(2.80436 0.210474 0)
(2.88497 0.416271 0)
(2.92069 0.424182 0)
(2.93232 0.38547 0)
(2.94122 0.30519 0)
(2.96768 0.264497 0)
(2.93149 0.0572313 0)
(2.94471 0.0305073 0)
(2.91234 -0.161201 0)
(2.871 -0.313321 0)
(2.84938 -0.374211 0)
(2.87279 -0.34666 0)
(2.88046 -0.153632 0)
)
;
    }
    airfoil
    {
        type            slip;
    }
    top
    {
        type            symmetryPlane;
    }
    bottom
    {
        type            symmetryPlane;
    }
    defaultFaces
    {
        type            empty;
    }
}


// ************************************************************************* //
