/*--------------------------------*- C++ -*----------------------------------*\
  =========                 |
  \\      /  F ield         | OpenFOAM: The Open Source CFD Toolbox
   \\    /   O peration     | Website:  https://openfoam.org
    \\  /    A nd           | Version:  7
     \\/     M anipulation  |
\*---------------------------------------------------------------------------*/
FoamFile
{
    version     2.0;
    format      ascii;
    class       volVectorField;
    location    "3.3";
    object      U;
}
// * * * * * * * * * * * * * * * * * * * * * * * * * * * * * * * * * * * * * //

dimensions      [0 1 -1 0 0 0 0];

internalField   nonuniform List<vector> 
3700
(
(1.42692 -0.532001 0)
(1.34475 -0.600499 0)
(1.30429 -0.399741 0)
(1.3921 -0.389334 0)
(1.43131 -0.34658 0)
(1.41945 -0.231311 0)
(1.46332 -0.0762229 0)
(1.56291 -0.0637753 0)
(1.63654 -0.0724961 0)
(1.7196 -0.101315 0)
(1.72179 -0.199871 0)
(1.69224 -0.342799 0)
(1.65064 -0.375338 0)
(1.60386 -0.3595 0)
(1.58226 -0.28709 0)
(1.63258 -0.186972 0)
(1.71862 -0.190036 0)
(1.79381 -0.196792 0)
(1.83567 -0.206156 0)
(1.85431 -0.22399 0)
(1.58474 -1.49337 0)
(1.76064 -1.61489 0)
(1.89333 -1.83839 0)
(1.93877 -1.99249 0)
(1.88836 -1.92824 0)
(1.7939 -1.64842 0)
(1.77589 -1.3123 0)
(1.85377 -1.23316 0)
(1.93896 -1.27428 0)
(2.05449 -1.34685 0)
(2.14249 -1.5328 0)
(2.11522 -1.7135 0)
(2.08062 -1.64494 0)
(2.02416 -1.62688 0)
(1.96238 -1.4107 0)
(1.98798 -1.2226 0)
(2.08382 -1.20288 0)
(2.18153 -1.15901 0)
(2.29044 -1.09037 0)
(2.35269 -1.07164 0)
(1.57917 -1.42126 0)
(1.89026 -1.46288 0)
(2.14509 -2.04605 0)
(2.14179 -2.30847 0)
(2.07057 -2.36399 0)
(2.03716 -2.36452 0)
(2.04329 -2.20631 0)
(1.98929 -2.17163 0)
(2.01248 -2.11754 0)
(2.07467 -2.06627 0)
(2.19229 -1.99543 0)
(2.2515 -1.98458 0)
(2.34633 -1.90983 0)
(2.38714 -1.89997 0)
(2.40965 -1.85698 0)
(2.42264 -1.79613 0)
(2.4286 -1.78544 0)
(2.46178 -1.66406 0)
(2.51577 -1.64441 0)
(2.62991 -1.52954 0)
(1.66655 -1.43676 0)
(2.05122 -1.41621 0)
(2.22889 -2.0456 0)
(2.1581 -2.32171 0)
(2.19143 -2.29764 0)
(2.11078 -2.35457 0)
(2.09838 -2.17663 0)
(2.01412 -2.12389 0)
(2.05412 -2.0667 0)
(2.14142 -1.9531 0)
(2.23119 -1.84305 0)
(2.35207 -1.78766 0)
(2.45953 -1.62989 0)
(2.58755 -1.56254 0)
(2.68176 -1.5244 0)
(2.71309 -1.51239 0)
(2.65214 -1.58989 0)
(2.62348 -1.49186 0)
(2.57281 -1.51079 0)
(2.60565 -1.36283 0)
(1.77817 -1.49811 0)
(2.14067 -1.44563 0)
(2.18854 -2.04432 0)
(2.06426 -2.29687 0)
(2.15501 -2.26854 0)
(2.15612 -2.27606 0)
(2.17614 -2.12759 0)
(2.13625 -2.03529 0)
(2.16892 -1.99888 0)
(2.24247 -1.92641 0)
(2.26519 -1.87326 0)
(2.34829 -1.75857 0)
(2.4152 -1.65537 0)
(2.5324 -1.55234 0)
(2.67384 -1.4073 0)
(2.75702 -1.19512 0)
(2.80018 -1.10948 0)
(2.82206 -1.05759 0)
(2.75362 -1.11958 0)
(2.66306 -1.17202 0)
(1.87448 -1.57784 0)
(2.1073 -1.55684 0)
(1.97674 -2.12163 0)
(1.90733 -2.29178 0)
(2.10713 -2.25048 0)
(2.15766 -2.23419 0)
(2.19855 -2.11392 0)
(2.21119 -1.98894 0)
(2.28742 -1.89784 0)
(2.45551 -1.71877 0)
(2.44166 -1.81054 0)
(2.50118 -1.64166 0)
(2.50594 -1.56072 0)
(2.53496 -1.48051 0)
(2.60007 -1.388 0)
(2.6601 -1.24783 0)
(2.74815 -1.10081 0)
(2.84674 -0.918581 0)
(2.87386 -0.735562 0)
(2.7716 -0.712319 0)
(1.82634 -1.63116 0)
(1.89216 -1.72796 0)
(1.73816 -2.13175 0)
(1.76528 -2.19194 0)
(1.86807 -2.12823 0)
(2.07081 -1.94537 0)
(2.1249 -2.02756 0)
(2.31522 -1.77049 0)
(2.40208 -1.79806 0)
(2.52843 -1.59606 0)
(2.59803 -1.57466 0)
(2.69192 -1.40169 0)
(2.66908 -1.37479 0)
(2.65701 -1.30316 0)
(2.65921 -1.20159 0)
(2.66266 -1.10405 0)
(2.68446 -1.0048 0)
(2.77879 -0.921093 0)
(2.78402 -0.698812 0)
(2.80539 -0.512649 0)
(1.64752 -1.58441 0)
(1.63848 -1.72301 0)
(1.53774 -2.06419 0)
(1.68441 -2.12436 0)
(1.75373 -2.09767 0)
(1.94847 -1.88556 0)
(2.00125 -1.90677 0)
(2.20087 -1.62449 0)
(2.3486 -1.57048 0)
(2.51762 -1.42223 0)
(2.61674 -1.25084 0)
(2.725 -1.09014 0)
(2.76352 -1.00588 0)
(2.77876 -0.965547 0)
(2.77648 -0.873063 0)
(2.74268 -0.840052 0)
(2.7153 -0.74146 0)
(2.72922 -0.755994 0)
(2.73214 -0.642534 0)
(2.72781 -0.410423 0)
(1.4848 -1.43409 0)
(1.52448 -1.53932 0)
(1.50857 -1.85301 0)
(1.63915 -1.97839 0)
(1.70995 -2.04809 0)
(1.89436 -1.85366 0)
(1.97772 -1.84594 0)
(2.15324 -1.59034 0)
(2.22857 -1.50173 0)
(2.36617 -1.4343 0)
(2.49636 -1.16877 0)
(2.63746 -1.02732 0)
(2.68884 -0.744077 0)
(2.76513 -0.621455 0)
(2.76977 -0.433555 0)
(2.76332 -0.41829 0)
(2.74957 -0.339202 0)
(2.71617 -0.390628 0)
(2.70698 -0.436124 0)
(2.66089 -0.248528 0)
(1.42983 -1.27357 0)
(1.51942 -1.33767 0)
(1.58176 -1.71177 0)
(1.64989 -1.95216 0)
(1.74336 -1.93731 0)
(1.9722 -1.78762 0)
(2.12497 -1.70076 0)
(2.275 -1.48772 0)
(2.32173 -1.42039 0)
(2.37707 -1.34625 0)
(2.46749 -1.14951 0)
(2.55438 -1.00568 0)
(2.60261 -0.776199 0)
(2.71517 -0.657289 0)
(2.7012 -0.376534 0)
(2.72514 -0.232396 0)
(2.70506 -0.0532412 0)
(2.66913 -0.0139136 0)
(2.63785 -0.0776738 0)
(2.61269 -0.0597747 0)
(1.4282 -1.20003 0)
(1.56088 -1.28281 0)
(1.72129 -1.70495 0)
(1.66824 -1.98924 0)
(1.88142 -1.82483 0)
(2.16493 -1.77184 0)
(2.29952 -1.51086 0)
(2.4503 -1.18725 0)
(2.58075 -1.0459 0)
(2.61344 -1.00717 0)
(2.63015 -0.863304 0)
(2.64268 -0.691864 0)
(2.63235 -0.551157 0)
(2.66306 -0.45937 0)
(2.64083 -0.288857 0)
(2.65749 -0.193368 0)
(2.64213 -0.0197576 0)
(2.60394 0.139568 0)
(2.5344 0.236992 0)
(2.55912 0.145961 0)
(1.41844 -1.23294 0)
(1.62547 -1.42387 0)
(1.87437 -1.81549 0)
(1.83687 -2.11258 0)
(2.45183 -1.63994 0)
(2.54464 -1.74112 0)
(2.7216 -1.2101 0)
(2.80439 -0.836772 0)
(2.82767 -0.643559 0)
(2.75957 -0.413927 0)
(2.73593 -0.303098 0)
(2.69547 -0.146618 0)
(2.67449 -0.0790916 0)
(2.64607 0.0115557 0)
(2.60817 0.072788 0)
(2.57575 0.0902846 0)
(2.55538 0.11208 0)
(2.51775 0.206828 0)
(2.44395 0.364476 0)
(2.45148 0.350291 0)
(1.37947 -1.35725 0)
(1.71535 -1.62926 0)
(2.13234 -1.92328 0)
(2.21283 -2.20256 0)
(2.49176 -1.47365 0)
(2.39596 -1.50451 0)
(2.53491 -1.06901 0)
(2.6071 -0.7639 0)
(2.61676 -0.651773 0)
(2.62541 -0.391544 0)
(2.65418 -0.199312 0)
(2.60384 0.0530069 0)
(2.59353 0.191647 0)
(2.52924 0.35627 0)
(2.48162 0.446747 0)
(2.44154 0.470016 0)
(2.40664 0.471901 0)
(2.40268 0.431831 0)
(2.32587 0.531882 0)
(2.31893 0.518193 0)
(1.43606 -1.47253 0)
(1.84414 -2.15098 0)
(2.39503 -1.72304 0)
(2.07903 -1.80077 0)
(2.23553 -1.42724 0)
(2.29656 -1.21193 0)
(2.40207 -0.900515 0)
(2.46006 -0.633378 0)
(2.47699 -0.413758 0)
(2.50931 -0.24283 0)
(2.52124 -0.0419648 0)
(2.48181 0.164485 0)
(2.46596 0.307201 0)
(2.40672 0.461422 0)
(2.34292 0.594597 0)
(2.30008 0.652863 0)
(2.22295 0.743667 0)
(2.19943 0.742311 0)
(2.18388 0.756977 0)
(2.14948 0.77364 0)
(1.52769 -1.67868 0)
(1.69625 -2.25711 0)
(2.13988 -1.56467 0)
(2.02927 -1.47969 0)
(2.20422 -1.24767 0)
(2.38226 -0.621867 0)
(2.48569 -0.377702 0)
(2.50224 -0.118397 0)
(2.4488 0.119838 0)
(2.45896 0.243246 0)
(2.39983 0.42476 0)
(2.33743 0.553424 0)
(2.288 0.633297 0)
(2.23301 0.706895 0)
(2.1814 0.756027 0)
(2.13596 0.798023 0)
(2.07649 0.86903 0)
(2.05062 0.907382 0)
(2.03047 0.942437 0)
(2.05944 0.956416 0)
(1.30633 -1.5064 0)
(1.48852 -1.87748 0)
(1.96087 -1.48269 0)
(2.24805 -0.62718 0)
(2.44003 -0.438645 0)
(2.44938 0.00379604 0)
(2.45958 0.2291 0)
(2.39757 0.432248 0)
(2.33103 0.525875 0)
(2.29777 0.653711 0)
(2.20469 0.788056 0)
(2.11889 0.888945 0)
(2.06199 0.938287 0)
(2.01122 0.984257 0)
(1.98235 0.975637 0)
(1.95754 0.986201 0)
(1.95597 1.01088 0)
(1.97153 0.994065 0)
(1.99554 0.994706 0)
(2.06988 0.97909 0)
(1.14442 -0.886737 0)
(1.49425 -1.4016 0)
(2.19584 -0.696178 0)
(2.35497 0.110963 0)
(2.35067 0.398502 0)
(2.35174 0.36438 0)
(2.30051 0.503788 0)
(2.22086 0.650074 0)
(2.13855 0.759784 0)
(2.08897 0.898146 0)
(1.97511 1.004 0)
(1.91627 1.05839 0)
(1.88246 1.0805 0)
(1.86821 1.09174 0)
(1.86981 1.05833 0)
(1.89552 1.04993 0)
(1.96207 1.02164 0)
(2.16604 0.90185 0)
(2.38397 0.788798 0)
(2.77988 0.436901 0)
(0.925829 0.000737432 0)
(1.91379 0.344333 0)
(2.22328 0.538026 0)
(2.24201 0.506283 0)
(2.20125 0.572601 0)
(2.15377 0.736326 0)
(2.04001 0.9088 0)
(1.97467 0.965997 0)
(1.90049 1.03195 0)
(1.85611 1.12323 0)
(1.78684 1.15602 0)
(1.78758 1.1504 0)
(1.80917 1.13034 0)
(1.85154 1.08745 0)
(2.04028 0.952038 0)
(2.2566 0.832027 0)
(2.66298 0.506552 0)
(3.0364 0.0925329 0)
(3.05506 -0.0237543 0)
(3.00397 -0.00462164 0)
(0.998062 0.0525061 0)
(1.93005 0.765523 0)
(2.1155 0.781091 0)
(2.00837 0.937612 0)
(1.93955 1.00342 0)
(1.88092 1.08346 0)
(1.80743 1.13092 0)
(1.76435 1.14695 0)
(1.75874 1.16285 0)
(1.7319 1.20312 0)
(1.70663 1.19739 0)
(1.85486 1.07479 0)
(2.09837 0.889226 0)
(2.50483 0.581446 0)
(2.98797 0.138261 0)
(3.07402 -0.0292273 0)
(3.00811 -0.00769332 0)
(3.0029 -0.00382789 0)
(3.00121 -0.00218622 0)
(3.00008 -0.000482432 0)
(1.15134 0.785444 0)
(1.83564 1.13879 0)
(1.83054 1.15663 0)
(1.73561 1.19826 0)
(1.71994 1.19746 0)
(1.67827 1.24309 0)
(1.66791 1.21612 0)
(1.73126 1.16756 0)
(1.76139 1.22356 0)
(1.7877 1.1351 0)
(2.26336 0.741935 0)
(2.85058 0.215257 0)
(3.09622 -0.0258152 0)
(3.02121 -0.0126207 0)
(3.0043 -0.00528629 0)
(3.00181 -0.00294447 0)
(3.00006 -0.000588147 0)
(2.99998 -2.43003e-05 0)
(2.99999 1.4244e-05 0)
(3 5.87807e-06 0)
(1.57484 1.25619 0)
(1.58081 1.26424 0)
(1.58541 1.27373 0)
(1.5985 1.26986 0)
(1.62298 1.25776 0)
(1.61979 1.26573 0)
(1.90498 1.16067 0)
(2.98685 0.331288 0)
(3.30479 -0.530056 0)
(3 1.90536e-13 0)
(3 5.92078e-11 0)
(3 -4.76524e-13 0)
(3 2.61177e-11 0)
(3 -2.42425e-11 0)
(3 4.03887e-14 0)
(3 3.68539e-14 0)
(3 1.05344e-14 0)
(3 1.49266e-15 0)
(3 -6.07836e-16 0)
(3 -2.55742e-15 0)
(1.57918 1.25195 0)
(1.59007 1.26358 0)
(1.59241 1.28234 0)
(1.58971 1.28449 0)
(1.66527 1.25641 0)
(1.74232 1.22319 0)
(2.29731 0.724159 0)
(3.00049 0.0121322 0)
(3 6.45054e-08 0)
(3 6.622e-11 0)
(3 -4.93544e-13 0)
(3 9.43882e-15 0)
(3 -2.70503e-14 0)
(3 1.44015e-14 0)
(3 -3.2517e-16 0)
(3 -3.64142e-16 0)
(3 -1.04816e-15 0)
(3 -1.64975e-15 0)
(3 -7.19981e-16 0)
(3 -1.04316e-15 0)
(1.58722 1.25477 0)
(1.60403 1.25905 0)
(1.60324 1.26919 0)
(1.57276 1.2999 0)
(1.7087 1.20931 0)
(2.14474 0.842059 0)
(2.97953 0.0120043 0)
(3.00054 -0.00100437 0)
(3 5.98464e-07 0)
(3 5.6833e-11 0)
(3 5.04922e-13 0)
(3 5.62125e-16 0)
(3 3.05854e-16 0)
(3 -8.38721e-16 0)
(3 6.57662e-16 0)
(3 -1.45133e-15 0)
(3 -1.40754e-15 0)
(3 -5.69119e-16 0)
(3 -2.67373e-16 0)
(3 -9.90595e-16 0)
(1.58966 1.25533 0)
(1.61096 1.25911 0)
(1.62966 1.25962 0)
(1.58195 1.30142 0)
(1.89546 1.05616 0)
(2.76073 0.216059 0)
(3.0048 -0.00252368 0)
(2.99992 8.46478e-05 0)
(3 -8.05349e-07 0)
(3 9.13006e-10 0)
(3 -9.33825e-13 0)
(3 5.02405e-15 0)
(3 6.90212e-16 0)
(3 7.21282e-16 0)
(3 -9.64241e-16 0)
(3 -1.79118e-15 0)
(3 -6.90205e-16 0)
(3 -2.73444e-16 0)
(3 -3.51231e-16 0)
(3 -1.24654e-15 0)
(1.58853 1.26505 0)
(1.60936 1.26138 0)
(1.63952 1.2492 0)
(1.72835 1.21027 0)
(2.30928 0.651039 0)
(3.0216 -0.0174447 0)
(2.99972 0.00018413 0)
(3 -4.29588e-06 0)
(3 8.32604e-08 0)
(3 -9.12554e-10 0)
(3 7.68548e-13 0)
(3 -9.14863e-16 0)
(3 5.19247e-16 0)
(3 1.50703e-16 0)
(3 -4.54201e-16 0)
(3 -1.8482e-15 0)
(3 -1.29499e-15 0)
(3 -3.66766e-16 0)
(3 -9.14009e-17 0)
(3 -1.30406e-16 0)
(1.58425 1.27831 0)
(1.58443 1.2695 0)
(1.64218 1.2391 0)
(1.87379 1.08365 0)
(2.76805 0.201755 0)
(3 -5.84216e-10 0)
(3 1.4043e-08 0)
(3 -1.26788e-08 0)
(3 5.49213e-10 0)
(3 2.39248e-12 0)
(3 -7.71437e-14 0)
(3 1.92365e-15 0)
(3 5.06779e-16 0)
(3 7.04856e-16 0)
(3 4.94139e-18 0)
(3 -1.73932e-15 0)
(3 -1.8752e-15 0)
(3 -9.5807e-16 0)
(3 -1.47699e-15 0)
(3 -9.95925e-16 0)
(1.58308 1.29036 0)
(1.54941 1.2816 0)
(1.64963 1.25242 0)
(2.0748 0.883043 0)
(3.00565 -0.00107708 0)
(3 -2.04835e-12 0)
(3 -1.94439e-11 0)
(3 2.58719e-11 0)
(3 -3.68833e-12 0)
(3 4.87614e-15 0)
(3 2.55321e-15 0)
(3 9.90475e-16 0)
(3 5.31174e-17 0)
(3 7.27602e-16 0)
(3 7.06972e-16 0)
(3 -1.11814e-15 0)
(3 -1.43744e-15 0)
(3 -1.37732e-15 0)
(3 -1.89007e-15 0)
(3 -1.00458e-15 0)
(1.58334 1.32528 0)
(1.50857 1.32646 0)
(1.7813 1.18519 0)
(2.4389 0.540211 0)
(3 -3.03288e-06 0)
(3 3.58899e-13 0)
(3 -5.86626e-15 0)
(3 -2.4517e-14 0)
(3 1.07541e-14 0)
(3 7.0248e-16 0)
(3 1.35675e-15 0)
(3 1.078e-15 0)
(3 -8.13513e-16 0)
(3 -7.17261e-16 0)
(3 1.28808e-15 0)
(3 -5.81213e-17 0)
(3 -1.22166e-15 0)
(3 -1.89499e-15 0)
(3 -1.3938e-15 0)
(3 -5.27617e-16 0)
(1.59178 1.30894 0)
(1.465 1.34983 0)
(1.941 1.04351 0)
(2.86078 0.131718 0)
(3 -6.63666e-09 0)
(3 -3.80075e-14 0)
(3 -2.43193e-16 0)
(3 -1.87362e-16 0)
(3 -5.88512e-16 0)
(3 1.13615e-16 0)
(3 4.27793e-16 0)
(3 2.84767e-16 0)
(3 -1.40011e-16 0)
(3 -3.36306e-16 0)
(3 -1.07707e-15 0)
(3 -1.40677e-15 0)
(3 -1.56687e-15 0)
(3 -2.10771e-15 0)
(3 -1.29452e-15 0)
(3 -3.6398e-16 0)
(1.60773 1.29765 0)
(1.48213 1.39288 0)
(2.127 0.837654 0)
(3.01141 -0.00940466 0)
(3 3.5977e-09 0)
(3 -4.45336e-16 0)
(3 1.92345e-16 0)
(3 -1.11031e-16 0)
(3 -5.41469e-16 0)
(3 -3.67053e-16 0)
(3 -3.0796e-16 0)
(3 -3.81732e-16 0)
(3 -2.27363e-16 0)
(3 -8.61255e-17 0)
(3 -7.72292e-16 0)
(3 -1.54534e-15 0)
(3 -1.90308e-15 0)
(3 -2.93172e-15 0)
(3 -3.08832e-15 0)
(3 -2.52259e-15 0)
(1.62561 1.28412 0)
(1.58884 1.30192 0)
(2.44305 0.508101 0)
(3 4.06118e-13 0)
(3 -3.18595e-12 0)
(3 6.49211e-15 0)
(3 8.30824e-17 0)
(3 -2.46637e-16 0)
(3 -4.60861e-16 0)
(3 -4.95299e-16 0)
(3 -4.31491e-16 0)
(3 -5.03631e-16 0)
(3 -5.0606e-16 0)
(3 -3.38127e-16 0)
(3 -2.45943e-16 0)
(3 -1.70722e-15 0)
(3 -2.27043e-15 0)
(3 -2.64417e-15 0)
(3 -2.88664e-15 0)
(3 -3.21279e-15 0)
(1.64191 1.26188 0)
(1.643 1.24288 0)
(2.66179 0.282824 0)
(3 2.62771e-13 0)
(3 7.62082e-15 0)
(3 -4.39648e-16 0)
(3 4.17964e-17 0)
(3 2.2638e-17 0)
(3 -1.97717e-16 0)
(3 6.82213e-17 0)
(3 2.0196e-16 0)
(3 1.26944e-16 0)
(3 -5.72667e-16 0)
(3 -5.17065e-16 0)
(3 -9.20018e-16 0)
(3 -1.1021e-15 0)
(3 -1.29596e-15 0)
(3 -2.10459e-15 0)
(3 -2.54479e-15 0)
(3 -2.65511e-15 0)
(1.65608 1.23265 0)
(1.80855 1.10444 0)
(2.87276 0.0944555 0)
(3 -6.84156e-13 0)
(3 -4.01939e-16 0)
(3 -3.97925e-16 0)
(3 -1.51756e-16 0)
(3 -1.28611e-17 0)
(3 -1.50659e-16 0)
(3 -2.40566e-17 0)
(3 8.93973e-17 0)
(3 1.64451e-16 0)
(3 4.33832e-16 0)
(3 1.07062e-16 0)
(3 -9.98612e-17 0)
(3 -5.40432e-16 0)
(3 -1.03211e-15 0)
(3 -1.19558e-15 0)
(3 -2.2599e-15 0)
(3 -2.18935e-15 0)
(1.6627 1.20368 0)
(1.89684 0.976362 0)
(2.98771 0.00976122 0)
(3 5.13044e-16 0)
(3 -5.94042e-17 0)
(3 -3.0569e-16 0)
(3 -5.96377e-16 0)
(3 -3.91773e-16 0)
(3 2.86178e-17 0)
(3 8.93079e-17 0)
(3 1.78003e-16 0)
(3 3.08577e-16 0)
(3 6.92918e-16 0)
(3 7.9326e-16 0)
(3 9.41114e-16 0)
(3 1.07662e-15 0)
(3 7.80627e-16 0)
(3 -2.01995e-16 0)
(3 -2.03251e-15 0)
(3 -2.62292e-15 0)
(1.69824 1.16561 0)
(2.0489 0.82265 0)
(3 -1.26692e-15 0)
(3 -8.81306e-16 0)
(3 -6.37505e-16 0)
(3 -5.51779e-16 0)
(3 -9.71037e-16 0)
(3 -9.56143e-16 0)
(3 -4.03528e-16 0)
(3 -2.41212e-17 0)
(3 4.55547e-16 0)
(3 6.46145e-16 0)
(3 9.47686e-16 0)
(3 1.09201e-15 0)
(3 1.16873e-15 0)
(3 1.17205e-15 0)
(3 1.51921e-15 0)
(3 1.68171e-15 0)
(3 1.41917e-15 0)
(3 1.21425e-15 0)
(1.77048 1.10276 0)
(2.22683 0.654754 0)
(3 2.78146e-16 0)
(3 -9.24571e-16 0)
(3 -1.24328e-15 0)
(3 -1.4028e-15 0)
(3 -1.4462e-15 0)
(3 -1.27937e-15 0)
(3 -1.04333e-15 0)
(3 -4.12313e-16 0)
(3 1.62867e-16 0)
(3 9.22697e-17 0)
(3 2.0809e-17 0)
(3 -2.71227e-18 0)
(3 5.46589e-17 0)
(3 5.13747e-17 0)
(3 6.70264e-17 0)
(3 1.32282e-16 0)
(3 -2.16261e-16 0)
(3 -5.22122e-16 0)
(1.82813 1.00537 0)
(2.45327 0.441589 0)
(3 5.27637e-17 0)
(3 -2.92634e-16 0)
(3 -2.95189e-16 0)
(3 -4.92038e-16 0)
(3 -5.90931e-16 0)
(3 -7.20112e-16 0)
(3 -7.60241e-16 0)
(3 -2.04198e-16 0)
(3 1.13827e-16 0)
(3 1.99413e-17 0)
(3 -2.61886e-16 0)
(3 -4.6421e-16 0)
(3 -4.79857e-16 0)
(3 -5.16568e-16 0)
(3 -6.77197e-16 0)
(3 -7.62838e-16 0)
(3 -6.69508e-16 0)
(3 -6.25162e-16 0)
(1.93039 0.873575 0)
(2.70546 0.211227 0)
(3 1.83242e-16 0)
(3 -5.4115e-16 0)
(3 -8.67978e-16 0)
(3 -6.72398e-16 0)
(3 -6.29168e-16 0)
(3 -8.146e-16 0)
(3 -1.12972e-15 0)
(3 -8.01288e-16 0)
(3 1.61551e-16 0)
(3 2.5938e-16 0)
(3 -7.16193e-17 0)
(3 -3.15757e-16 0)
(3 -3.70801e-16 0)
(3 -5.58287e-16 0)
(3 -7.66947e-16 0)
(3 -6.8827e-16 0)
(3 -3.03742e-16 0)
(3 -1.09046e-16 0)
(2.11906 0.670073 0)
(2.99053 6.05727e-05 0)
(3 1.25182e-15 0)
(3 6.98612e-16 0)
(3 4.73428e-16 0)
(3 5.05049e-16 0)
(3 3.58659e-16 0)
(3 -9.61535e-16 0)
(3 -2.07352e-15 0)
(3 -2.32768e-15 0)
(3 -2.07053e-15 0)
(3 -1.74194e-15 0)
(3 -1.80445e-15 0)
(3 -1.80564e-15 0)
(3 -1.59669e-15 0)
(3 -1.16131e-15 0)
(3 -1.13968e-15 0)
(3 -1.23664e-15 0)
(3 -1.2029e-15 0)
(3 -1.06712e-15 0)
(1.99507 0.371465 0)
(2.99992 -1.37691e-05 0)
(3 1.02624e-15 0)
(3 -1.09728e-15 0)
(3 -6.15699e-16 0)
(3 4.95918e-16 0)
(3 8.58798e-16 0)
(3 1.90794e-16 0)
(3 -8.04272e-16 0)
(3 -1.11218e-15 0)
(3 -1.39244e-15 0)
(3 -8.65829e-16 0)
(3 1.95058e-18 0)
(3 3.6949e-16 0)
(3 5.96273e-16 0)
(3 8.91486e-16 0)
(3 1.20043e-15 0)
(3 1.17871e-15 0)
(3 1.24226e-15 0)
(3 1.46154e-15 0)
(1.99494 -0.369353 0)
(2.99992 1.3219e-05 0)
(3 4.87244e-16 0)
(3 1.97375e-15 0)
(3 9.04863e-16 0)
(3 3.50518e-16 0)
(3 1.23993e-16 0)
(3 -5.94514e-16 0)
(3 2.67096e-16 0)
(3 4.63354e-16 0)
(3 6.05997e-16 0)
(3 1.06808e-15 0)
(3 1.09253e-15 0)
(3 9.81421e-16 0)
(3 8.7778e-16 0)
(3 9.9693e-16 0)
(3 1.60243e-15 0)
(3 2.13093e-15 0)
(3 2.24077e-15 0)
(3 2.12984e-15 0)
(2.11106 -0.671508 0)
(2.99008 -6.03249e-05 0)
(3 -1.20531e-15 0)
(3 -9.92242e-16 0)
(3 -9.61196e-16 0)
(3 -1.73749e-15 0)
(3 -1.11315e-15 0)
(3 -2.82071e-16 0)
(3 -2.22001e-16 0)
(3 -5.49336e-17 0)
(3 6.12262e-17 0)
(3 1.48333e-16 0)
(3 -2.3273e-16 0)
(3 -5.35876e-16 0)
(3 -6.24365e-16 0)
(3 -1.59805e-16 0)
(3 2.98674e-16 0)
(3 1.52619e-16 0)
(3 -2.28819e-16 0)
(3 -3.92934e-16 0)
(1.92371 -0.874933 0)
(2.69879 -0.215531 0)
(3 -3.30583e-15 0)
(3 -3.84258e-15 0)
(3 -3.80982e-15 0)
(3 -3.48469e-15 0)
(3 -2.88287e-15 0)
(3 -3.13914e-15 0)
(3 -3.17048e-15 0)
(3 -3.25499e-15 0)
(3 -2.8303e-15 0)
(3 -2.71205e-15 0)
(3 -2.61291e-15 0)
(3 -1.58117e-15 0)
(3 -5.73729e-16 0)
(3 5.84025e-16 0)
(3 2.95171e-16 0)
(3 1.86042e-16 0)
(3 3.06472e-17 0)
(3 7.87368e-17 0)
(1.82222 -1.0042 0)
(2.45152 -0.44195 0)
(3 8.02983e-16 0)
(3 2.13613e-15 0)
(3 1.60313e-15 0)
(3 1.69464e-15 0)
(3 1.19695e-15 0)
(3 5.27509e-16 0)
(3 -1.9669e-16 0)
(3 -7.19786e-16 0)
(3 -8.65258e-16 0)
(3 -1.22582e-15 0)
(3 -1.28521e-15 0)
(3 -7.39208e-16 0)
(3 -1.32618e-16 0)
(3 1.36678e-17 0)
(3 1.07948e-16 0)
(3 7.44582e-16 0)
(3 8.89804e-16 0)
(3 1.13927e-15 0)
(1.77542 -1.10117 0)
(2.23347 -0.651761 0)
(3 -4.78756e-16 0)
(3 -3.07566e-16 0)
(3 7.30451e-16 0)
(3 1.16401e-15 0)
(3 8.87013e-16 0)
(3 2.37236e-16 0)
(3 9.73643e-18 0)
(3 -4.29838e-16 0)
(3 -2.37569e-16 0)
(3 6.55668e-16 0)
(3 1.50262e-15 0)
(3 2.56948e-15 0)
(3 2.81135e-15 0)
(3 3.19061e-15 0)
(3 2.93204e-15 0)
(3 2.34208e-15 0)
(3 1.64987e-15 0)
(3 2.07497e-15 0)
(1.70532 -1.16457 0)
(2.0541 -0.819723 0)
(3 -4.192e-16 0)
(3 -9.01868e-16 0)
(3 -2.34879e-16 0)
(3 4.05409e-16 0)
(3 1.14357e-15 0)
(3 1.72389e-15 0)
(3 1.6201e-15 0)
(3 1.45989e-15 0)
(3 1.37861e-15 0)
(3 2.09093e-15 0)
(3 3.23077e-15 0)
(3 3.75089e-15 0)
(3 3.75838e-15 0)
(3 4.06022e-15 0)
(3 4.36886e-15 0)
(3 3.71384e-15 0)
(3 2.90431e-15 0)
(3 2.78031e-15 0)
(1.6616 -1.20529 0)
(1.89779 -0.973727 0)
(2.98659 -0.0100327 0)
(3 -1.22288e-15 0)
(3 -3.16593e-16 0)
(3 1.85764e-16 0)
(3 9.52747e-16 0)
(3 1.32965e-15 0)
(3 1.55587e-15 0)
(3 1.63444e-15 0)
(3 1.5023e-15 0)
(3 1.80707e-15 0)
(3 2.87303e-15 0)
(3 2.77229e-15 0)
(3 2.88804e-15 0)
(3 2.33943e-15 0)
(3 1.22035e-15 0)
(3 5.76842e-16 0)
(3 7.67953e-16 0)
(3 1.58805e-15 0)
(1.65368 -1.23461 0)
(1.80494 -1.10567 0)
(2.86959 -0.0964855 0)
(3 4.97459e-13 0)
(3 -2.76246e-16 0)
(3 -4.92226e-16 0)
(3 2.72299e-16 0)
(3 5.36211e-16 0)
(3 -1.14624e-16 0)
(3 -5.61536e-16 0)
(3 -7.82249e-16 0)
(3 -1.57106e-16 0)
(3 2.89451e-16 0)
(3 3.82923e-16 0)
(3 -8.39508e-18 0)
(3 -3.22771e-16 0)
(3 -6.47503e-16 0)
(3 -6.03855e-16 0)
(3 -3.69597e-16 0)
(3 -2.64964e-16 0)
(1.64032 -1.26028 0)
(1.63874 -1.24588 0)
(2.65751 -0.288275 0)
(3 -1.9994e-13 0)
(3 -7.59722e-15 0)
(3 -5.93734e-16 0)
(3 -6.64534e-16 0)
(3 1.15519e-15 0)
(3 -4.11127e-16 0)
(3 -1.4223e-15 0)
(3 -3.06169e-16 0)
(3 5.42341e-17 0)
(3 3.76422e-16 0)
(3 3.59118e-16 0)
(3 -4.3704e-16 0)
(3 -9.19676e-16 0)
(3 -7.031e-16 0)
(3 -5.94037e-17 0)
(3 -3.68147e-16 0)
(3 -1.83863e-15 0)
(1.62531 -1.28445 0)
(1.58901 -1.30316 0)
(2.44149 -0.512012 0)
(3 -3.12713e-13 0)
(3 3.11282e-12 0)
(3 -8.52239e-15 0)
(3 2.37515e-16 0)
(3 1.31876e-15 0)
(3 7.79036e-16 0)
(3 2.08183e-16 0)
(3 7.95419e-16 0)
(3 7.71023e-16 0)
(3 8.46544e-16 0)
(3 3.97232e-16 0)
(3 -6.14594e-16 0)
(3 -1.20077e-15 0)
(3 -6.05278e-16 0)
(3 -3.45309e-16 0)
(3 -1.53845e-15 0)
(3 -3.17463e-15 0)
(1.60801 -1.29795 0)
(1.48228 -1.39304 0)
(2.12741 -0.838608 0)
(3.01137 0.00934495 0)
(3 -3.59113e-09 0)
(3 2.02958e-16 0)
(3 -2.1694e-16 0)
(3 4.29349e-16 0)
(3 6.8709e-16 0)
(3 3.10415e-16 0)
(3 1.00759e-15 0)
(3 7.05017e-16 0)
(3 6.21259e-16 0)
(3 -3.60252e-17 0)
(3 -9.89571e-16 0)
(3 -1.30733e-15 0)
(3 -8.03659e-16 0)
(3 1.09375e-16 0)
(3 -6.25637e-16 0)
(3 -2.22942e-15 0)
(1.59225 -1.30878 0)
(1.46646 -1.35009 0)
(1.94577 -1.04233 0)
(2.8636 -0.129294 0)
(3 2.83949e-09 0)
(3 1.08671e-14 0)
(3 -5.61703e-16 0)
(3 -4.10452e-16 0)
(3 2.66464e-16 0)
(3 4.0157e-16 0)
(3 4.10458e-16 0)
(3 -3.74062e-17 0)
(3 3.97706e-17 0)
(3 -2.56243e-16 0)
(3 -7.3443e-16 0)
(3 -8.49402e-16 0)
(3 -5.35101e-17 0)
(3 1.08277e-15 0)
(3 2.28979e-16 0)
(3 -1.05503e-15 0)
(1.58394 -1.32632 0)
(1.50707 -1.32745 0)
(1.77586 -1.18629 0)
(2.43183 -0.544185 0)
(3 1.8673e-06 0)
(3 1.19888e-15 0)
(3 -6.67731e-17 0)
(3 3.39128e-14 0)
(3 -1.95195e-14 0)
(3 1.77439e-16 0)
(3 1.34597e-18 0)
(3 -2.03549e-16 0)
(3 4.17386e-16 0)
(3 4.06123e-16 0)
(3 -1.99522e-16 0)
(3 -1.81925e-16 0)
(3 6.3402e-16 0)
(3 2.20465e-15 0)
(3 1.08876e-15 0)
(3 -1.0045e-16 0)
(1.58295 -1.29056 0)
(1.54852 -1.28206 0)
(1.65046 -1.25105 0)
(2.08481 -0.87684 0)
(3.00891 0.00409388 0)
(3 1.57513e-12 0)
(3 1.92328e-11 0)
(3 -2.56439e-11 0)
(3 3.66054e-12 0)
(3 -3.29416e-15 0)
(3 -7.21111e-16 0)
(3 4.35829e-16 0)
(3 8.34742e-16 0)
(3 8.71209e-16 0)
(3 1.19473e-15 0)
(3 1.22342e-15 0)
(3 1.3233e-15 0)
(3 2.90995e-15 0)
(3 1.84171e-15 0)
(3 7.41197e-16 0)
(1.58395 -1.27825 0)
(1.58442 -1.27035 0)
(1.64374 -1.24112 0)
(1.86795 -1.0869 0)
(2.76595 -0.201647 0)
(3 5.805e-10 0)
(3 -1.39704e-08 0)
(3 1.26137e-08 0)
(3 -5.46201e-10 0)
(3 -2.40853e-12 0)
(3 8.51311e-14 0)
(3 5.05021e-17 0)
(3 1.55638e-15 0)
(3 1.87186e-15 0)
(3 1.54075e-15 0)
(3 1.31257e-15 0)
(3 1.25874e-15 0)
(3 8.5797e-16 0)
(3 1.21675e-15 0)
(3 5.65323e-16 0)
(1.58851 -1.26449 0)
(1.60938 -1.26104 0)
(1.63924 -1.24982 0)
(1.72923 -1.20968 0)
(2.31282 -0.647944 0)
(3.02147 0.0173812 0)
(2.99972 -0.00018287 0)
(3 4.26819e-06 0)
(3 -8.27994e-08 0)
(3 9.04416e-10 0)
(3 -1.68117e-12 0)
(3 2.67672e-15 0)
(3 2.31022e-15 0)
(3 1.64588e-15 0)
(3 1.22893e-15 0)
(3 1.79283e-15 0)
(3 7.45026e-16 0)
(3 -6.14047e-18 0)
(3 2.4168e-16 0)
(3 2.54211e-16 0)
(1.59051 -1.25527 0)
(1.61134 -1.25942 0)
(1.63004 -1.25868 0)
(1.58318 -1.30037 0)
(1.8946 -1.05577 0)
(2.761 -0.214879 0)
(3.00482 0.0025268 0)
(2.99992 -8.42955e-05 0)
(3 7.70099e-07 0)
(3 -9.0045e-10 0)
(3 2.05202e-12 0)
(3 2.24778e-15 0)
(3 2.29505e-15 0)
(3 1.42242e-15 0)
(3 2.36843e-15 0)
(3 1.33488e-15 0)
(3 1.2223e-15 0)
(3 -3.97476e-16 0)
(3 -8.09671e-16 0)
(3 2.91666e-16 0)
(1.58796 -1.25531 0)
(1.60449 -1.25947 0)
(1.60323 -1.26926 0)
(1.57293 -1.30004 0)
(1.70666 -1.20964 0)
(2.14092 -0.842125 0)
(2.97926 -0.0120674 0)
(3.00053 0.000990051 0)
(3 -5.44691e-07 0)
(3 -5.8898e-11 0)
(3 -6.16475e-13 0)
(3 -1.20079e-15 0)
(3 1.75283e-15 0)
(3 2.85534e-15 0)
(3 2.92073e-15 0)
(3 1.25302e-15 0)
(3 1.93648e-15 0)
(3 -7.58494e-16 0)
(3 -5.31111e-16 0)
(3 2.45083e-16 0)
(1.57931 -1.25269 0)
(1.58987 -1.26398 0)
(1.59223 -1.28241 0)
(1.58984 -1.28472 0)
(1.66588 -1.25694 0)
(1.74741 -1.22078 0)
(2.29893 -0.7239 0)
(3.00068 -0.0117695 0)
(3 -6.68525e-08 0)
(3 -7.03575e-11 0)
(3 5.51e-13 0)
(3 4.36615e-16 0)
(3 6.43179e-15 0)
(3 4.57941e-16 0)
(3 3.71775e-15 0)
(3 1.7474e-15 0)
(3 1.52037e-15 0)
(3 -1.77303e-16 0)
(3 2.69884e-16 0)
(3 7.89468e-16 0)
(1.57441 -1.2561 0)
(1.58049 -1.2641 0)
(1.58509 -1.2736 0)
(1.59875 -1.26978 0)
(1.62326 -1.25801 0)
(1.6199 -1.2659 0)
(1.90468 -1.16212 0)
(2.9886 -0.332433 0)
(3.30526 0.532803 0)
(3 2.40703e-12 0)
(3 -6.20479e-11 0)
(3 -1.25875e-14 0)
(3 -5.03583e-12 0)
(3 5.02159e-12 0)
(3 -9.26956e-15 0)
(3 -6.75686e-15 0)
(3 -1.28024e-15 0)
(3 6.67437e-16 0)
(3 4.83334e-16 0)
(3 2.10412e-15 0)
(1.15232 -0.782546 0)
(1.83459 -1.1387 0)
(1.83112 -1.15543 0)
(1.73546 -1.19855 0)
(1.71943 -1.19824 0)
(1.67832 -1.24315 0)
(1.66715 -1.2167 0)
(1.73083 -1.16799 0)
(1.76108 -1.2245 0)
(1.78745 -1.13586 0)
(2.26359 -0.742153 0)
(2.85105 -0.21498 0)
(3.09637 0.0260135 0)
(3.02122 0.0126462 0)
(3.00434 0.0053041 0)
(3.00182 0.00295656 0)
(3.00006 0.000588087 0)
(2.99998 2.42326e-05 0)
(2.99999 -1.42502e-05 0)
(3 -5.87448e-06 0)
(0.998605 -0.0492191 0)
(1.92402 -0.782597 0)
(2.11445 -0.7815 0)
(2.00691 -0.936096 0)
(1.94307 -0.998976 0)
(1.87916 -1.08446 0)
(1.8066 -1.13153 0)
(1.76432 -1.14705 0)
(1.75877 -1.16297 0)
(1.73175 -1.20343 0)
(1.7067 -1.19746 0)
(1.8553 -1.07444 0)
(2.09836 -0.888763 0)
(2.50402 -0.581488 0)
(2.98743 -0.138526 0)
(3.07416 0.0293034 0)
(3.00815 0.00771712 0)
(3.00291 0.00383487 0)
(3.00121 0.00218839 0)
(3.00008 0.000482477 0)
(1.00811 0.0820801 0)
(1.92329 -0.212418 0)
(2.21799 -0.542099 0)
(2.23989 -0.512256 0)
(2.19989 -0.574585 0)
(2.15737 -0.73145 0)
(2.03939 -0.909146 0)
(1.97293 -0.968109 0)
(1.89999 -1.03313 0)
(1.85575 -1.12374 0)
(1.78689 -1.15612 0)
(1.78767 -1.15025 0)
(1.8091 -1.13009 0)
(1.85107 -1.08734 0)
(2.03976 -0.952033 0)
(2.2561 -0.832171 0)
(2.66232 -0.507145 0)
(3.03617 -0.092913 0)
(3.05511 0.0237101 0)
(3.00397 0.00462227 0)
(1.18873 0.857642 0)
(1.5866 1.28057 0)
(2.23567 0.671605 0)
(2.36354 -0.102793 0)
(2.34865 -0.400675 0)
(2.35128 -0.36428 0)
(2.30059 -0.501019 0)
(2.2222 -0.644128 0)
(2.13819 -0.758449 0)
(2.09015 -0.896606 0)
(1.97615 -1.00231 0)
(1.9168 -1.05726 0)
(1.88246 -1.07997 0)
(1.86784 -1.0917 0)
(1.86944 -1.05852 0)
(1.89527 -1.05011 0)
(1.96198 -1.02179 0)
(2.166 -0.902077 0)
(2.38401 -0.78904 0)
(2.78002 -0.436964 0)
(1.25518 1.45793 0)
(1.42768 1.91121 0)
(1.94365 1.53675 0)
(2.23755 0.555568 0)
(2.44401 0.407377 0)
(2.44958 -0.0173644 0)
(2.4647 -0.219814 0)
(2.39733 -0.435266 0)
(2.33271 -0.522985 0)
(2.2992 -0.652069 0)
(2.20558 -0.787297 0)
(2.11904 -0.888932 0)
(2.06135 -0.939268 0)
(2.01041 -0.985673 0)
(1.98163 -0.976821 0)
(1.95746 -0.986568 0)
(1.956 -1.01073 0)
(1.97169 -0.993941 0)
(1.99577 -0.994639 0)
(2.07001 -0.979123 0)
(1.34027 1.54929 0)
(1.64236 2.27092 0)
(2.01659 1.70408 0)
(2.01919 1.47573 0)
(2.20929 1.25087 0)
(2.38218 0.584561 0)
(2.48833 0.343011 0)
(2.50828 0.106436 0)
(2.45124 -0.129486 0)
(2.45862 -0.252565 0)
(2.40024 -0.430194 0)
(2.3368 -0.558002 0)
(2.28712 -0.636677 0)
(2.23253 -0.708932 0)
(2.18156 -0.756029 0)
(2.13653 -0.796818 0)
(2.07697 -0.867305 0)
(2.05094 -0.906263 0)
(2.03023 -0.942545 0)
(2.05937 -0.95668 0)
(1.2046 1.28536 0)
(1.84808 2.18517 0)
(2.31213 1.85322 0)
(2.06381 1.78658 0)
(2.21326 1.44161 0)
(2.29374 1.21151 0)
(2.39797 0.896666 0)
(2.45919 0.637697 0)
(2.47643 0.40575 0)
(2.50855 0.243653 0)
(2.52016 0.0427917 0)
(2.48068 -0.162587 0)
(2.46502 -0.304623 0)
(2.40657 -0.45812 0)
(2.34322 -0.591162 0)
(2.30076 -0.650077 0)
(2.22264 -0.742669 0)
(2.19782 -0.743709 0)
(2.18308 -0.758006 0)
(2.1496 -0.774094 0)
(1.1733 1.14169 0)
(1.61148 1.51152 0)
(2.2399 2.00812 0)
(2.25454 2.1916 0)
(2.46071 1.50261 0)
(2.37928 1.49974 0)
(2.51332 1.07277 0)
(2.59014 0.769704 0)
(2.59993 0.664414 0)
(2.61485 0.405808 0)
(2.64871 0.2109 0)
(2.60048 -0.0453896 0)
(2.59202 -0.186963 0)
(2.52822 -0.354169 0)
(2.48071 -0.44735 0)
(2.44064 -0.472021 0)
(2.405 -0.475898 0)
(2.40203 -0.432908 0)
(2.32617 -0.531349 0)
(2.31991 -0.516599 0)
(1.24703 1.07081 0)
(1.50209 1.32581 0)
(1.83811 1.87162 0)
(1.94273 2.21394 0)
(2.5525 1.65117 0)
(2.57369 1.74422 0)
(2.73227 1.19675 0)
(2.81028 0.826442 0)
(2.81954 0.657289 0)
(2.75089 0.410322 0)
(2.73118 0.298274 0)
(2.69235 0.139504 0)
(2.67342 0.0717151 0)
(2.64551 -0.019292 0)
(2.60888 -0.0779195 0)
(2.57582 -0.0948018 0)
(2.5557 -0.112493 0)
(2.51849 -0.204695 0)
(2.44463 -0.362503 0)
(2.45179 -0.350161 0)
(1.29781 1.08598 0)
(1.43656 1.22776 0)
(1.6741 1.78779 0)
(1.66618 2.07003 0)
(1.96372 1.86382 0)
(2.25474 1.81238 0)
(2.34664 1.51631 0)
(2.4795 1.19166 0)
(2.6028 1.03157 0)
(2.62727 0.995266 0)
(2.63914 0.85153 0)
(2.64893 0.681956 0)
(2.63707 0.543697 0)
(2.66583 0.453851 0)
(2.64308 0.288091 0)
(2.6578 0.194464 0)
(2.64329 0.0245162 0)
(2.60515 -0.135011 0)
(2.53508 -0.237054 0)
(2.55958 -0.145947 0)
(1.33576 1.18057 0)
(1.42585 1.2834 0)
(1.52604 1.78996 0)
(1.62154 2.03409 0)
(1.7381 2.00274 0)
(1.9804 1.82582 0)
(2.15194 1.72868 0)
(2.30259 1.49392 0)
(2.34717 1.42452 0)
(2.39036 1.35196 0)
(2.47486 1.14986 0)
(2.55839 1.00477 0)
(2.60455 0.777957 0)
(2.71557 0.662041 0)
(2.70186 0.383978 0)
(2.72653 0.240556 0)
(2.70622 0.058898 0)
(2.67025 0.0117551 0)
(2.63825 0.0759173 0)
(2.61354 0.0550288 0)
(1.42738 1.33024 0)
(1.50001 1.46566 0)
(1.49228 1.91243 0)
(1.59168 2.06439 0)
(1.71531 2.05988 0)
(1.89183 1.89777 0)
(1.98616 1.87743 0)
(2.1657 1.61261 0)
(2.24149 1.51211 0)
(2.37184 1.44421 0)
(2.49968 1.17929 0)
(2.63868 1.0363 0)
(2.689 0.753005 0)
(2.76648 0.628661 0)
(2.76925 0.434203 0)
(2.7626 0.415414 0)
(2.74946 0.334491 0)
(2.7162 0.38312 0)
(2.70701 0.434165 0)
(2.66146 0.251767 0)
(1.60812 1.49089 0)
(1.64719 1.64015 0)
(1.54685 2.07979 0)
(1.64698 2.17606 0)
(1.77266 2.09318 0)
(1.93003 1.92606 0)
(1.99753 1.92916 0)
(2.20122 1.64602 0)
(2.35249 1.58122 0)
(2.52139 1.43769 0)
(2.61902 1.2527 0)
(2.72669 1.09362 0)
(2.76418 1.00181 0)
(2.77997 0.958608 0)
(2.77936 0.866703 0)
(2.74551 0.835844 0)
(2.71731 0.737269 0)
(2.72791 0.754234 0)
(2.73143 0.647014 0)
(2.7267 0.413196 0)
(1.78661 1.58914 0)
(1.89064 1.69529 0)
(1.7212 2.16899 0)
(1.75203 2.23377 0)
(1.88481 2.10189 0)
(2.0569 1.97302 0)
(2.11567 2.03495 0)
(2.31569 1.77285 0)
(2.4133 1.80541 0)
(2.53985 1.60399 0)
(2.60386 1.57947 0)
(2.70001 1.40128 0)
(2.67501 1.37449 0)
(2.66218 1.30323 0)
(2.6633 1.20161 0)
(2.66424 1.10339 0)
(2.68297 1.00553 0)
(2.77582 0.926349 0)
(2.78103 0.70779 0)
(2.80613 0.516836 0)
(1.83445 1.58095 0)
(2.10541 1.58097 0)
(1.94723 2.17847 0)
(1.8998 2.31419 0)
(2.08822 2.24573 0)
(2.15792 2.19531 0)
(2.18365 2.12942 0)
(2.22301 1.98318 0)
(2.29091 1.91507 0)
(2.46398 1.72154 0)
(2.45844 1.81096 0)
(2.51241 1.64377 0)
(2.51295 1.56046 0)
(2.53838 1.48048 0)
(2.59929 1.38954 0)
(2.65676 1.25163 0)
(2.74268 1.10653 0)
(2.84325 0.926067 0)
(2.87383 0.734485 0)
(2.77736 0.704619 0)
(1.76437 1.52624 0)
(2.14763 1.50062 0)
(2.15291 2.12066 0)
(2.0398 2.32381 0)
(2.13257 2.27 0)
(2.16774 2.24254 0)
(2.1554 2.15002 0)
(2.15149 2.03124 0)
(2.17899 2.00332 0)
(2.25452 1.93394 0)
(2.26935 1.88467 0)
(2.34657 1.76462 0)
(2.41055 1.6667 0)
(2.52616 1.56561 0)
(2.66874 1.41881 0)
(2.75056 1.20274 0)
(2.79823 1.09874 0)
(2.8258 1.04489 0)
(2.76186 1.10426 0)
(2.66847 1.16971 0)
(1.67428 1.47974 0)
(2.04639 1.4815 0)
(2.15083 2.13993 0)
(2.09429 2.3594 0)
(2.15303 2.30845 0)
(2.12291 2.31617 0)
(2.08449 2.20486 0)
(2.01782 2.13162 0)
(2.05426 2.08047 0)
(2.14129 1.96699 0)
(2.22028 1.86095 0)
(2.34517 1.79916 0)
(2.45373 1.63806 0)
(2.58632 1.55522 0)
(2.68242 1.50428 0)
(2.71806 1.49157 0)
(2.66287 1.57733 0)
(2.6358 1.48658 0)
(2.58081 1.51273 0)
(2.60492 1.36577 0)
(1.59642 1.46298 0)
(1.93816 1.49112 0)
(2.09785 2.09224 0)
(2.05528 2.36172 0)
(2.03777 2.38234 0)
(2.02233 2.37261 0)
(2.02599 2.22753 0)
(1.97764 2.17531 0)
(2.00474 2.11928 0)
(2.06647 2.06136 0)
(2.19013 1.99295 0)
(2.26054 1.96719 0)
(2.34273 1.89324 0)
(2.38618 1.89006 0)
(2.42312 1.86596 0)
(2.43447 1.79928 0)
(2.43684 1.78864 0)
(2.46855 1.66568 0)
(2.52046 1.6482 0)
(2.62408 1.53322 0)
(1.57128 1.50867 0)
(1.7748 1.66302 0)
(1.91556 2.08508 0)
(1.88689 2.09246 0)
(1.89746 1.92728 0)
(1.92787 2.10839 0)
(1.86558 1.97045 0)
(1.69269 1.66446 0)
(1.58717 1.30208 0)
(1.56023 0.946757 0)
(1.60516 0.701782 0)
(1.72157 0.67355 0)
(1.8969 0.717659 0)
(1.99651 0.848181 0)
(2.12575 1.12418 0)
(2.18727 1.30292 0)
(2.19604 1.31289 0)
(2.21628 1.23606 0)
(2.28734 1.11872 0)
(2.36909 1.03669 0)
(1.43477 0.585067 0)
(1.37314 0.642664 0)
(1.36802 0.55846 0)
(1.35363 0.419129 0)
(1.44327 0.353894 0)
(1.54396 0.436883 0)
(1.59278 0.479013 0)
(1.48616 0.414473 0)
(1.4184 0.305908 0)
(1.41431 0.137622 0)
(1.42661 0.0139711 0)
(1.47963 -0.0373337 0)
(1.57971 -0.0271132 0)
(1.64745 0.028739 0)
(1.6919 0.139825 0)
(1.76535 0.25178 0)
(1.79391 0.268127 0)
(1.81059 0.233455 0)
(1.84493 0.169356 0)
(1.88903 0.133036 0)
(1.9099 -0.140512 0)
(2.04109 -0.112804 0)
(2.09415 -0.0834054 0)
(2.14013 -0.0819547 0)
(2.123 -0.024314 0)
(2.13767 -0.016114 0)
(2.15869 -0.00316735 0)
(2.17086 0.00250053 0)
(2.18904 -0.00151278 0)
(2.21607 -0.00705307 0)
(2.22375 -0.0104185 0)
(2.21981 -0.0107383 0)
(2.22108 -0.0101091 0)
(2.24404 -0.000318321 0)
(2.26782 0.0044957 0)
(2.29851 0.00559303 0)
(2.33646 0.000740044 0)
(2.36659 -0.00481612 0)
(2.41171 -0.00964012 0)
(2.43439 -0.0048016 0)
(2.27826 -0.753289 0)
(2.319 -0.502561 0)
(2.33665 -0.321853 0)
(2.35168 -0.244976 0)
(2.27669 -0.0690406 0)
(2.25266 -0.056041 0)
(2.24206 -0.0240764 0)
(2.26159 0.0107032 0)
(2.26664 0.00892165 0)
(2.2726 -0.017474 0)
(2.28912 -0.039878 0)
(2.28983 -0.0405313 0)
(2.28514 -0.0348295 0)
(2.28845 -0.00801649 0)
(2.30887 0.016701 0)
(2.33296 0.0202018 0)
(2.37382 0.0067469 0)
(2.40496 -0.0197719 0)
(2.44139 -0.0342358 0)
(2.46423 -0.0210233 0)
(2.70583 -1.47479 0)
(2.66908 -1.38706 0)
(2.60872 -1.10205 0)
(2.61309 -0.902262 0)
(2.5575 -0.540898 0)
(2.62972 -0.31603 0)
(2.48137 -0.0652913 0)
(2.42846 -0.0257711 0)
(2.39434 0.00169792 0)
(2.39266 -0.00798678 0)
(2.41226 -0.0320345 0)
(2.42337 -0.0411292 0)
(2.41365 -0.0375619 0)
(2.40126 -0.0202374 0)
(2.39669 0.000427879 0)
(2.41125 0.013073 0)
(2.45238 0.00489173 0)
(2.48566 -0.0143901 0)
(2.51913 -0.0300813 0)
(2.53294 -0.0201824 0)
(2.72974 -1.22533 0)
(2.73457 -1.20117 0)
(2.75169 -1.23292 0)
(2.70824 -1.17859 0)
(2.68639 -1.11944 0)
(2.7439 -0.870732 0)
(2.73363 -0.499813 0)
(2.72107 -0.254 0)
(2.59973 -0.0321849 0)
(2.5551 -0.00930354 0)
(2.52146 -0.0392628 0)
(2.51964 -0.0438401 0)
(2.52918 -0.0387281 0)
(2.51933 -0.0290887 0)
(2.51244 -0.0214735 0)
(2.51115 -0.00825329 0)
(2.53424 -0.0138751 0)
(2.56759 -0.0249487 0)
(2.59715 -0.031186 0)
(2.60849 -0.0160879 0)
(2.71714 -1.08323 0)
(2.75141 -1.06532 0)
(2.71847 -0.997687 0)
(2.70374 -0.984647 0)
(2.71904 -0.989071 0)
(2.743 -1.00814 0)
(2.77105 -0.972708 0)
(2.80427 -0.709884 0)
(2.79584 -0.373228 0)
(2.7429 -0.168857 0)
(2.64149 -0.0379044 0)
(2.59289 -0.0290342 0)
(2.5827 -0.0383949 0)
(2.58804 -0.0270855 0)
(2.58854 -0.0232448 0)
(2.58837 -0.0206576 0)
(2.59629 -0.0152419 0)
(2.6199 -0.0242167 0)
(2.64197 -0.0277698 0)
(2.65674 -0.0127712 0)
(2.71547 -0.917149 0)
(2.73682 -0.916345 0)
(2.73267 -0.926962 0)
(2.74847 -0.899466 0)
(2.76242 -0.869471 0)
(2.76543 -0.887754 0)
(2.76408 -0.944538 0)
(2.78146 -0.944908 0)
(2.79488 -0.82399 0)
(2.77208 -0.546739 0)
(2.69279 -0.196971 0)
(2.62847 -0.0248687 0)
(2.60245 -0.0407603 0)
(2.61475 -0.0428889 0)
(2.61652 -0.0427292 0)
(2.61678 -0.0401011 0)
(2.62374 -0.0304161 0)
(2.64422 -0.0227476 0)
(2.6595 -0.0242418 0)
(2.67596 -0.0135687 0)
(2.74384 -0.629862 0)
(2.7211 -0.768472 0)
(2.7423 -0.747548 0)
(2.78205 -0.7099 0)
(2.78781 -0.725168 0)
(2.79336 -0.754989 0)
(2.7607 -0.806148 0)
(2.7373 -0.860592 0)
(2.73316 -0.868033 0)
(2.74432 -0.804616 0)
(2.70967 -0.646915 0)
(2.62662 -0.265003 0)
(2.59563 -0.040654 0)
(2.60328 -0.0595113 0)
(2.61643 -0.0595776 0)
(2.62136 -0.0528201 0)
(2.63363 -0.0350464 0)
(2.65232 -0.021664 0)
(2.66768 -0.0213108 0)
(2.68776 -0.0158857 0)
(2.74205 -0.466901 0)
(2.71054 -0.609578 0)
(2.72672 -0.635901 0)
(2.79737 -0.613203 0)
(2.82518 -0.629105 0)
(2.8095 -0.642925 0)
(2.76683 -0.717058 0)
(2.71615 -0.779393 0)
(2.71521 -0.786497 0)
(2.71914 -0.791033 0)
(2.71561 -0.741474 0)
(2.69077 -0.639745 0)
(2.6325 -0.343718 0)
(2.5785 -0.0678295 0)
(2.60055 -0.0447264 0)
(2.62571 -0.0538491 0)
(2.63804 -0.0460062 0)
(2.65892 -0.0128379 0)
(2.66864 -0.0169212 0)
(2.69109 -0.0166079 0)
(2.69311 -0.264735 0)
(2.70511 -0.433419 0)
(2.71797 -0.476135 0)
(2.7774 -0.49061 0)
(2.83578 -0.542829 0)
(2.80972 -0.569465 0)
(2.76866 -0.601787 0)
(2.70983 -0.668669 0)
(2.69374 -0.708487 0)
(2.70858 -0.718487 0)
(2.72979 -0.728806 0)
(2.72035 -0.70034 0)
(2.70211 -0.645893 0)
(2.64692 -0.400763 0)
(2.60675 -0.131259 0)
(2.64244 -0.0856597 0)
(2.64973 -0.0521872 0)
(2.66071 -0.0166886 0)
(2.65971 -0.0271649 0)
(2.69048 -0.0224316 0)
(2.64509 -0.105816 0)
(2.6816 -0.291772 0)
(2.68881 -0.336157 0)
(2.73583 -0.375336 0)
(2.78838 -0.440131 0)
(2.77655 -0.47795 0)
(2.74358 -0.517429 0)
(2.68905 -0.560173 0)
(2.69146 -0.634566 0)
(2.7048 -0.659847 0)
(2.73734 -0.666792 0)
(2.74398 -0.676354 0)
(2.72073 -0.677725 0)
(2.6944 -0.641792 0)
(2.66478 -0.401613 0)
(2.67495 -0.18934 0)
(2.66173 -0.0261702 0)
(2.65779 -0.0163872 0)
(2.6612 -0.0382282 0)
(2.68923 -0.0264789 0)
(2.49325 0.238457 0)
(2.56831 0.0115602 0)
(2.6173 -0.204395 0)
(2.65352 -0.223936 0)
(2.65492 -0.21876 0)
(2.60769 -0.263924 0)
(2.61938 -0.342117 0)
(2.65889 -0.406432 0)
(2.70092 -0.499241 0)
(2.7101 -0.554736 0)
(2.73732 -0.5721 0)
(2.74525 -0.574791 0)
(2.72551 -0.619398 0)
(2.73423 -0.626122 0)
(2.73003 -0.609635 0)
(2.72586 -0.455477 0)
(2.73552 -0.301533 0)
(2.74445 -0.179466 0)
(2.74555 -0.108875 0)
(2.73917 -0.0333493 0)
(2.35233 0.550283 0)
(2.4218 0.398739 0)
(2.51762 0.162242 0)
(2.60354 -0.122184 0)
(2.61196 -0.200837 0)
(2.63144 -0.246275 0)
(2.6604 -0.335386 0)
(2.68641 -0.35713 0)
(2.70472 -0.375044 0)
(2.72397 -0.422946 0)
(2.73176 -0.473843 0)
(2.73049 -0.502341 0)
(2.73098 -0.549142 0)
(2.74533 -0.548617 0)
(2.76989 -0.537746 0)
(2.77983 -0.562172 0)
(2.79324 -0.546567 0)
(2.81626 -0.429472 0)
(2.82206 -0.273256 0)
(2.81026 -0.0811199 0)
(2.34461 0.711422 0)
(2.39306 0.589323 0)
(2.44626 0.456907 0)
(2.48611 0.314698 0)
(2.59239 0.0288356 0)
(2.64078 -0.0815102 0)
(2.66596 -0.103619 0)
(2.63244 -0.0730822 0)
(2.63813 -0.160771 0)
(2.67539 -0.23001 0)
(2.70608 -0.335618 0)
(2.72776 -0.386175 0)
(2.75915 -0.433132 0)
(2.77992 -0.466142 0)
(2.79547 -0.454564 0)
(2.80773 -0.487374 0)
(2.8312 -0.533084 0)
(2.8651 -0.540382 0)
(2.87143 -0.513282 0)
(2.89396 -0.329083 0)
(2.43264 0.686954 0)
(2.43276 0.679635 0)
(2.43307 0.643846 0)
(2.47408 0.52982 0)
(2.51811 0.396577 0)
(2.57639 0.225365 0)
(2.64802 -0.00892876 0)
(2.66125 -0.0565725 0)
(2.66041 -0.123737 0)
(2.71013 -0.260461 0)
(2.73471 -0.299456 0)
(2.76556 -0.328016 0)
(2.79875 -0.363588 0)
(2.81296 -0.365562 0)
(2.79903 -0.361315 0)
(2.81995 -0.419314 0)
(2.83947 -0.445648 0)
(2.86979 -0.494018 0)
(2.88883 -0.539334 0)
(2.96197 -0.502974 0)
(2.72451 0.439373 0)
(2.59075 0.606736 0)
(2.52328 0.631789 0)
(2.52379 0.618022 0)
(2.53172 0.562357 0)
(2.55592 0.471801 0)
(2.6065 0.323327 0)
(2.6625 0.162794 0)
(2.69569 0.0574775 0)
(2.7181 -0.0165493 0)
(2.72128 -0.0396726 0)
(2.74471 -0.0943767 0)
(2.7849 -0.161701 0)
(2.79076 -0.206379 0)
(2.82017 -0.290765 0)
(2.83895 -0.347802 0)
(2.86809 -0.360034 0)
(2.89775 -0.372706 0)
(2.93136 -0.426622 0)
(2.99499 -0.458944 0)
(2.96829 0.0717183 0)
(2.8488 0.306658 0)
(2.73841 0.473525 0)
(2.61372 0.58071 0)
(2.61087 0.580814 0)
(2.60771 0.566728 0)
(2.62193 0.508983 0)
(2.64707 0.427373 0)
(2.70823 0.246479 0)
(2.73243 0.175376 0)
(2.76391 0.0573364 0)
(2.79239 -0.0568351 0)
(2.821 -0.144502 0)
(2.83571 -0.21729 0)
(2.85101 -0.273411 0)
(2.87892 -0.310738 0)
(2.90736 -0.291572 0)
(2.92781 -0.309836 0)
(2.94582 -0.325355 0)
(2.99972 -0.397814 0)
(2.99893 0.00350341 0)
(2.98577 0.0360643 0)
(2.9504 0.132456 0)
(2.81983 0.375408 0)
(2.7513 0.479703 0)
(2.66671 0.551822 0)
(2.66577 0.551098 0)
(2.66953 0.533668 0)
(2.68562 0.482462 0)
(2.71971 0.388607 0)
(2.76241 0.262922 0)
(2.79644 0.144498 0)
(2.80575 0.118241 0)
(2.82561 0.0367835 0)
(2.84915 -0.0524754 0)
(2.87182 -0.0765277 0)
(2.87463 -0.0865226 0)
(2.89208 -0.146271 0)
(2.94101 -0.231751 0)
(3.0047 -0.298683 0)
(2.99998 7.22525e-05 0)
(2.99964 0.000911011 0)
(2.9975 0.0074181 0)
(2.97451 0.0642614 0)
(2.9314 0.17707 0)
(2.82929 0.375367 0)
(2.76886 0.476583 0)
(2.71393 0.521791 0)
(2.71433 0.518369 0)
(2.71982 0.501159 0)
(2.73435 0.461443 0)
(2.77756 0.34921 0)
(2.79471 0.288646 0)
(2.84007 0.153136 0)
(2.87795 0.0321641 0)
(2.88564 -0.000728195 0)
(2.90651 -0.100757 0)
(2.92423 -0.186969 0)
(2.96578 -0.21001 0)
(3.0272 -0.251036 0)
(3 1.09971e-06 0)
(3 9.55316e-06 0)
(2.99995 0.000112753 0)
(2.99918 0.00198964 0)
(2.99487 0.0140112 0)
(2.96929 0.0776322 0)
(2.92226 0.196616 0)
(2.83807 0.371348 0)
(2.79782 0.44459 0)
(2.75252 0.492616 0)
(2.75273 0.491843 0)
(2.75884 0.476773 0)
(2.77286 0.438684 0)
(2.80736 0.353835 0)
(2.8391 0.263476 0)
(2.85921 0.193898 0)
(2.89898 0.0841406 0)
(2.93009 -0.0162821 0)
(2.94747 0.00290627 0)
(2.98644 -0.0462041 0)
(3 1.2495e-08 0)
(3 8.16555e-08 0)
(3 9.13986e-07 0)
(2.99999 2.1487e-05 0)
(2.9999 0.00024043 0)
(2.9987 0.00315944 0)
(2.99297 0.0177333 0)
(2.9654 0.0863363 0)
(2.92412 0.194111 0)
(2.85752 0.339792 0)
(2.81228 0.428628 0)
(2.78363 0.464643 0)
(2.78447 0.462295 0)
(2.79018 0.449268 0)
(2.8027 0.419965 0)
(2.83482 0.34255 0)
(2.86754 0.269809 0)
(2.88754 0.21705 0)
(2.94354 0.0646141 0)
(2.98898 -0.0463686 0)
(3 1.07044e-10 0)
(3 6.30144e-10 0)
(3 6.44057e-09 0)
(3 1.45005e-07 0)
(3 2.08745e-06 0)
(2.99998 3.57847e-05 0)
(2.99983 0.000385467 0)
(2.99841 0.00372342 0)
(2.99216 0.0195048 0)
(2.96731 0.0808153 0)
(2.9275 0.179698 0)
(2.86569 0.324301 0)
(2.83436 0.389755 0)
(2.80851 0.435149 0)
(2.80875 0.435876 0)
(2.81429 0.428816 0)
(2.83046 0.404932 0)
(2.86256 0.34682 0)
(2.89622 0.280019 0)
(2.95259 0.173795 0)
(3 7.0063e-13 0)
(3 4.4182e-12 0)
(3 4.07772e-11 0)
(3 8.55135e-10 0)
(3 1.37281e-08 0)
(3 2.56846e-07 0)
(3 3.47705e-06 0)
(2.99998 4.64382e-05 0)
(2.99981 0.000441684 0)
(2.99841 0.00364838 0)
(2.99201 0.0189912 0)
(2.97004 0.072175 0)
(2.93276 0.164514 0)
(2.88344 0.283696 0)
(2.84625 0.361001 0)
(2.82992 0.410468 0)
(2.83492 0.409745 0)
(2.84814 0.401271 0)
(2.86833 0.384775 0)
(2.92246 0.312701 0)
(3 2.92248e-15 0)
(3 2.67274e-14 0)
(3 2.28195e-13 0)
(3 4.73899e-12 0)
(3 7.59596e-11 0)
(3 1.59805e-09 0)
(3 2.26885e-08 0)
(3 3.4375e-07 0)
(3 4.15631e-06 0)
(2.99998 4.6732e-05 0)
(2.9998 0.000460513 0)
(2.9986 0.00317628 0)
(2.99275 0.017004 0)
(2.97522 0.058567 0)
(2.93839 0.143751 0)
(2.89657 0.253366 0)
(2.86598 0.328748 0)
(2.86577 0.37285 0)
(2.87367 0.371541 0)
(2.90615 0.355042 0)
(3 -2.43582e-15 0)
(3 -1.95556e-15 0)
(3 -4.65566e-16 0)
(3 2.617e-14 0)
(3 4.10044e-13 0)
(3 8.43075e-12 0)
(3 1.311e-10 0)
(3 2.12692e-09 0)
(3 2.73218e-08 0)
(3 3.73822e-07 0)
(3 4.19977e-06 0)
(2.99998 4.36137e-05 0)
(2.99982 0.000388745 0)
(2.99888 0.00250066 0)
(2.99365 0.0146166 0)
(2.98098 0.0448016 0)
(2.94745 0.128666 0)
(2.93003 0.197766 0)
(2.89883 0.283559 0)
(2.92483 0.311728 0)
(3 -2.673e-15 0)
(3 -2.87165e-15 0)
(3 -2.7873e-15 0)
(3 -3.02036e-15 0)
(3 1.30832e-15 0)
(3 3.67279e-14 0)
(3 5.9715e-13 0)
(3 1.00583e-11 0)
(3 1.43233e-10 0)
(3 1.9862e-09 0)
(3 2.55165e-08 0)
(3 2.83609e-07 0)
(3 3.18251e-06 0)
(2.99998 2.86005e-05 0)
(2.99983 0.000264786 0)
(2.99902 0.00159237 0)
(2.9946 0.00862176 0)
(2.98405 0.0262558 0)
(2.95841 0.0677904 0)
(2.92953 0.125314 0)
(2.4212 0.38037 0)
(2.26949 0.705411 0)
(2.34224 0.733344 0)
(2.54855 0.6005 0)
(2.85746 0.241662 0)
(2.98683 0.0323049 0)
(2.99955 0.00159097 0)
(2.99999 3.93142e-05 0)
(3 5.92609e-07 0)
(3 5.97158e-09 0)
(3 4.28309e-11 0)
(3 2.32323e-13 0)
(3 1.29321e-15 0)
(3 -2.35306e-15 0)
(3 -2.17004e-15 0)
(2.27125 0.669239 0)
(2.2552 0.790012 0)
(2.39456 0.74687 0)
(2.7787 0.375275 0)
(2.99026 0.035036 0)
(3.00005 0.000449884 0)
(3 -1.33965e-06 0)
(3 -8.61557e-08 0)
(3 -1.56461e-08 0)
(3 -6.36458e-10 0)
(3 -8.21075e-12 0)
(3 -5.61205e-14 0)
(3 3.87307e-16 0)
(3 -2.04192e-15 0)
(3 -2.2602e-15 0)
(2.20382 0.806446 0)
(2.24927 0.805253 0)
(2.58898 0.552514 0)
(2.94452 0.11874 0)
(2.99893 0.00503497 0)
(2.99999 7.1435e-05 0)
(3 8.62311e-07 0)
(3 1.06272e-08 0)
(3 3.42121e-11 0)
(3 3.19357e-13 0)
(3 1.0686e-14 0)
(3 3.85445e-15 0)
(3 1.64336e-15 0)
(3 -2.08576e-15 0)
(3 -2.69645e-15 0)
(2.17857 0.877871 0)
(2.41311 0.741759 0)
(2.84184 0.276455 0)
(2.9952 0.0158682 0)
(3 9.24202e-05 0)
(3 -9.95224e-07 0)
(3 -8.88351e-09 0)
(3 -1.73703e-09 0)
(3 -8.35433e-11 0)
(3 -1.17303e-12 0)
(3 -8.73249e-15 0)
(3 3.027e-15 0)
(3 1.38201e-15 0)
(3 -2.30053e-15 0)
(3 -3.12915e-15 0)
(2.17928 0.898802 0)
(2.66757 0.452991 0)
(2.98554 0.0330881 0)
(3 0.000366314 0)
(3 2.4434e-06 0)
(3 -5.01962e-09 0)
(3 -1.23501e-09 0)
(3 -1.95579e-11 0)
(3 5.55367e-14 0)
(3 5.55611e-15 0)
(3 5.35008e-16 0)
(3 3.52723e-15 0)
(3 1.27658e-15 0)
(3 -3.06626e-15 0)
(3 -3.492e-15 0)
(2.56906 0.576399 0)
(2.99115 0.0375899 0)
(3.00024 0.000357817 0)
(3 -1.11107e-06 0)
(3 -2.67803e-07 0)
(3 -2.15713e-08 0)
(3 -3.7467e-10 0)
(3 -1.08342e-12 0)
(3 -1.98552e-15 0)
(3 -9.41933e-17 0)
(3 -1.93765e-16 0)
(3 3.58031e-15 0)
(3 1.24969e-15 0)
(3 -3.46928e-15 0)
(3 -4.7687e-15 0)
(2.99356 0.0488604 0)
(2.99997 0.00112496 0)
(3 -3.22822e-07 0)
(3 -1.85121e-07 0)
(3 -1.56373e-09 0)
(3 1.54324e-11 0)
(3 3.85919e-12 0)
(3 2.66716e-13 0)
(3 3.62707e-15 0)
(3 3.76583e-16 0)
(3 9.02869e-17 0)
(3 3.74274e-15 0)
(3 8.96893e-16 0)
(3 -4.2384e-15 0)
(3 -5.30771e-15 0)
(3.00074 -0.00153454 0)
(3.00003 -0.000106861 0)
(3 -3.44612e-06 0)
(3 -3.14241e-08 0)
(3 -1.61065e-11 0)
(3 -2.98081e-12 0)
(3 -5.29081e-14 0)
(3 -1.20448e-15 0)
(3 -7.01537e-16 0)
(3 1.04832e-16 0)
(3 3.73596e-16 0)
(3 3.84514e-15 0)
(3 7.98205e-16 0)
(3 -4.26133e-15 0)
(3 -5.12004e-15 0)
(3.00001 -2.15959e-05 0)
(3 1.18928e-07 0)
(3 2.35074e-08 0)
(3 1.14331e-09 0)
(3 1.95331e-11 0)
(3 1.98548e-13 0)
(3 2.51088e-15 0)
(3 -1.63658e-16 0)
(3 -5.68019e-16 0)
(3 4.17176e-17 0)
(3 6.08294e-16 0)
(3 3.99904e-15 0)
(3 8.79848e-16 0)
(3 -4.04476e-15 0)
(3 -5.21138e-15 0)
(3 1.2294e-06 0)
(3 1.42807e-08 0)
(3 -7.55971e-11 0)
(3 -1.2514e-11 0)
(3 -3.96378e-13 0)
(3 -2.39946e-15 0)
(3 5.12685e-16 0)
(3 -6.03597e-16 0)
(3 -4.17245e-16 0)
(3 1.92436e-16 0)
(3 5.89548e-16 0)
(3 4.06852e-15 0)
(3 1.29278e-15 0)
(3 -3.7552e-15 0)
(3 -5.35834e-15 0)
(3 4.95756e-16 0)
(3 -4.30118e-15 0)
(3 -2.86604e-15 0)
(3 -2.07171e-16 0)
(3 6.52461e-16 0)
(3 1.60722e-15 0)
(3 2.11135e-16 0)
(3 -3.94352e-16 0)
(3 -3.91497e-16 0)
(3 8.20157e-16 0)
(3 3.61241e-16 0)
(3 3.94052e-15 0)
(3 1.95486e-15 0)
(3 -3.66282e-15 0)
(3 -5.41389e-15 0)
(3 -1.53924e-15 0)
(3 -2.3958e-15 0)
(3 -2.719e-15 0)
(3 2.36777e-16 0)
(3 6.634e-16 0)
(3 -6.48606e-17 0)
(3 1.70353e-16 0)
(3 -3.1118e-17 0)
(3 -4.54586e-16 0)
(3 1.00093e-15 0)
(3 1.06483e-16 0)
(3 3.84006e-15 0)
(3 2.28897e-15 0)
(3 -3.69584e-15 0)
(3 -5.42991e-15 0)
(3 -1.78029e-15 0)
(3 -2.45169e-15 0)
(3 -2.00536e-15 0)
(3 4.47683e-16 0)
(3 4.65502e-16 0)
(3 -2.22851e-16 0)
(3 2.00542e-16 0)
(3 2.0763e-16 0)
(3 -5.39793e-16 0)
(3 1.14505e-15 0)
(3 1.52899e-16 0)
(3 3.788e-15 0)
(3 2.14832e-15 0)
(3 -4.11041e-15 0)
(3 -5.43466e-15 0)
(3 -1.85838e-15 0)
(3 -2.34672e-15 0)
(3 -1.83503e-15 0)
(3 2.98417e-16 0)
(3 4.85156e-16 0)
(3 -9.48127e-16 0)
(3 5.80983e-16 0)
(3 5.48294e-16 0)
(3 -5.29844e-16 0)
(3 1.1837e-15 0)
(3 3.0616e-16 0)
(3 3.87117e-15 0)
(3 2.09386e-15 0)
(3 -4.29141e-15 0)
(3 -5.45045e-15 0)
(3 -2.09475e-15 0)
(3 -2.1874e-15 0)
(3 -1.6304e-15 0)
(3 3.06933e-16 0)
(3 1.44205e-16 0)
(3 -7.84087e-16 0)
(3 8.63919e-16 0)
(3 8.99972e-16 0)
(3 -7.03959e-16 0)
(3 1.40396e-15 0)
(3 3.69112e-16 0)
(3 3.73367e-15 0)
(3 1.81555e-15 0)
(3 -4.43367e-15 0)
(3 -5.45918e-15 0)
(3 -1.77243e-15 0)
(3 -1.95385e-15 0)
(3 -1.32889e-15 0)
(3 2.28824e-16 0)
(3 -2.43937e-16 0)
(3 -4.55082e-16 0)
(3 1.08802e-15 0)
(3 8.71872e-16 0)
(3 -9.00094e-16 0)
(3 1.46976e-15 0)
(3 5.29703e-16 0)
(3 3.59548e-15 0)
(3 1.68457e-15 0)
(3 -4.48057e-15 0)
(3 -5.08081e-15 0)
(3 -1.51521e-15 0)
(3 -1.95534e-15 0)
(3 -9.24673e-16 0)
(3 7.30631e-17 0)
(3 -1.45111e-16 0)
(3 -5.07047e-17 0)
(3 1.06105e-15 0)
(3 8.48234e-16 0)
(3 -1.02265e-15 0)
(3 1.58017e-15 0)
(3 4.26551e-16 0)
(3 3.24955e-15 0)
(3 1.50672e-15 0)
(3 -4.5966e-15 0)
(3 -4.77761e-15 0)
(3 -1.62094e-15 0)
(3 -1.69272e-15 0)
(3 -1.38755e-15 0)
(3 1.03822e-16 0)
(3 3.3978e-16 0)
(3 3.45466e-17 0)
(3 6.91223e-16 0)
(3 8.38803e-16 0)
(3 -1.07339e-15 0)
(3 1.44098e-15 0)
(3 3.72328e-16 0)
(3 3.09272e-15 0)
(3 1.53451e-15 0)
(3 -4.17666e-15 0)
(3 -4.61867e-15 0)
(3 -1.87663e-15 0)
(3 -1.78216e-15 0)
(3 -1.79711e-15 0)
(3 3.64942e-16 0)
(3 7.69441e-16 0)
(3 9.9282e-17 0)
(3 8.55043e-16 0)
(3 9.56417e-16 0)
(3 -1.06401e-15 0)
(3 1.32031e-15 0)
(3 3.32e-16 0)
(3 2.45711e-15 0)
(3 1.58872e-15 0)
(3 -3.67328e-15 0)
(3 -4.55121e-15 0)
(3 -1.96398e-15 0)
(3 -1.7946e-15 0)
(3 -1.45321e-15 0)
(3 3.80191e-16 0)
(3 5.03035e-16 0)
(3 -3.25826e-16 0)
(3 9.35871e-16 0)
(3 1.31213e-15 0)
(3 -1.05734e-15 0)
(3 1.27844e-15 0)
(3 2.16872e-16 0)
(3 1.54282e-15 0)
(3 1.65943e-15 0)
(3 -3.07592e-15 0)
(3 -4.19013e-15 0)
(3 -3.4104e-15 0)
(3 -1.91826e-15 0)
(3 -1.05662e-15 0)
(3 4.97321e-16 0)
(3 9.86531e-16 0)
(3 -7.00091e-16 0)
(3 7.09072e-16 0)
(3 1.67111e-15 0)
(3 -1.01882e-15 0)
(3 1.24382e-15 0)
(3 8.70266e-17 0)
(3 1.00837e-15 0)
(3 1.84801e-15 0)
(3 -2.51595e-15 0)
(3 -3.90624e-15 0)
(3 -3.87737e-15 0)
(3 -2.68536e-15 0)
(3 -5.99382e-16 0)
(3 1.06234e-15 0)
(3 2.47811e-15 0)
(3 -5.4378e-16 0)
(3 1.2198e-16 0)
(3 1.41552e-15 0)
(3 -1.18809e-15 0)
(3 1.44367e-15 0)
(3 -4.15242e-16 0)
(3 4.61057e-16 0)
(3 1.77621e-15 0)
(3 -1.50171e-15 0)
(3 -3.44929e-15 0)
(3 -4.37823e-15 0)
(3 -3.37966e-15 0)
(3 -4.189e-16 0)
(3 1.26622e-15 0)
(3 2.60176e-15 0)
(3 -4.09218e-16 0)
(3 -4.93974e-16 0)
(3 8.03192e-16 0)
(3 -3.04323e-16 0)
(3 2.25122e-15 0)
(3 -1.98565e-15 0)
(3 -1.11663e-15 0)
(3 1.87594e-15 0)
(3 -5.12832e-16 0)
(3 -1.95655e-15 0)
(3 -4.28389e-15 0)
(3 -6.86017e-15 0)
(3 -1.34651e-15 0)
(3 1.72991e-15 0)
(3 5.38809e-15 0)
(3 7.42055e-16 0)
(3 -3.66498e-15 0)
(3 -1.42333e-16 0)
(3 1.41065e-15 0)
(3 2.93155e-15 0)
(3 -3.37142e-15 0)
(3 -2.37424e-15 0)
(3 1.87181e-15 0)
(3 -9.53739e-17 0)
(3 -1.79451e-15 0)
(3 -5.02286e-15 0)
(3 -6.63258e-15 0)
(3 -1.4092e-15 0)
(3 1.41254e-15 0)
(3 6.00308e-15 0)
(3 -5.20138e-16 0)
(3 -3.46261e-15 0)
(3 1.4222e-15 0)
(3 4.12067e-15 0)
(3 2.64243e-15 0)
(3 -5.28444e-15 0)
(3 -5.31567e-15 0)
(3 1.83214e-15 0)
(3 1.24764e-16 0)
(3 -2.58831e-15 0)
(3 -7.16689e-15 0)
(3 -5.44634e-15 0)
(3 2.26277e-15 0)
(3 2.29071e-15 0)
(3 4.13427e-15 0)
(3 -9.95687e-16 0)
(3 -4.93693e-15 0)
(3 2.72347e-15 0)
(3 6.48526e-15 0)
(3 3.32808e-15 0)
(3 -7.11813e-15 0)
(3 -6.19392e-15 0)
(3 -1.00222e-16 0)
(3 5.57008e-16 0)
(3 -2.59191e-15 0)
(3 -4.18978e-15 0)
(3 -8.42647e-16 0)
(3 2.10068e-15 0)
(3 1.50121e-16 0)
(3 2.1857e-16 0)
(3 1.03962e-15 0)
(3 -2.66495e-15 0)
(3 1.80689e-15 0)
(3 7.37157e-15 0)
(3 4.91272e-15 0)
(3 -8.3577e-15 0)
(3 -7.15381e-15 0)
(3 4.95362e-16 0)
(3 -6.81821e-16 0)
(3 -2.52387e-15 0)
(3 -5.55842e-15 0)
(3 4.39998e-15 0)
(3 6.07052e-15 0)
(3 -6.09658e-16 0)
(3 -1.19788e-15 0)
(3 9.58768e-16 0)
(3 -1.10639e-15 0)
(3 1.75887e-15 0)
(3 4.55353e-15 0)
(3 6.02107e-15 0)
(3 -8.43215e-15 0)
(3 -8.01752e-15 0)
(3 4.37129e-16 0)
(3 7.9993e-16 0)
(3 -1.47349e-15 0)
(3 -2.86937e-15 0)
(3 5.74526e-15 0)
(3 4.94867e-15 0)
(3 -7.9481e-17 0)
(3 -2.68677e-15 0)
(3 1.90438e-16 0)
(3 4.17804e-15 0)
(3 2.6965e-15 0)
(3 3.48025e-15 0)
(3 3.49117e-15 0)
(3 -4.61834e-15 0)
(3 -5.89275e-15 0)
(3 -1.82079e-15 0)
(3 -8.18239e-16 0)
(3 -8.00043e-16 0)
(3 -1.24658e-15 0)
(3 -1.37075e-15 0)
(3 1.30884e-15 0)
(3 1.79791e-15 0)
(3 3.42028e-15 0)
(3 -9.54356e-17 0)
(3 -1.21969e-15 0)
(3 -1.89956e-15 0)
(3 1.16617e-15 0)
(3 8.94629e-16 0)
(3 -2.4697e-15 0)
(3 8.81866e-17 0)
(3 -3.89667e-16 0)
(3 -3.0129e-18 0)
(3 1.59933e-16 0)
(3 -3.52179e-15 0)
(3 -3.58969e-15 0)
(3 -1.92817e-15 0)
(3 3.28134e-16 0)
(3 1.35791e-15 0)
(3 -2.92428e-15 0)
(3 -3.33687e-15 0)
(3 -7.11817e-15 0)
(3 -7.68497e-15 0)
(3 -1.82655e-15 0)
(3 -2.47952e-15 0)
(3 -2.54655e-15 0)
(3 -8.24899e-16 0)
(3 1.5525e-15 0)
(3 2.82964e-15 0)
(3 3.2578e-15 0)
(3 1.48246e-15 0)
(3 -4.53626e-15 0)
(3 -6.92897e-15 0)
(3 -4.91986e-15 0)
(3 -2.50678e-15 0)
(3 -2.08237e-15 0)
(3 1.32017e-16 0)
(3 7.06165e-16 0)
(3 1.1613e-15 0)
(3 2.47454e-15 0)
(3 -1.32443e-15 0)
(3 -1.55092e-15 0)
(3 -3.97715e-15 0)
(3 -6.21755e-15 0)
(3 -2.93848e-15 0)
(3 -2.41718e-15 0)
(3 -2.98351e-15 0)
(3 -2.36199e-15 0)
(3 1.8428e-16 0)
(3 2.46437e-15 0)
(3 6.24291e-16 0)
(3 1.31882e-15 0)
(3 -2.44816e-15 0)
(3 -6.1287e-15 0)
(3 7.59484e-16 0)
(3 8.11846e-16 0)
(3 1.529e-15 0)
(3 8.45472e-16 0)
(3 -1.37984e-16 0)
(3 -9.40398e-16 0)
(3 2.31075e-15 0)
(3 -5.07019e-16 0)
(3 -6.05034e-16 0)
(3 -8.17108e-16 0)
(3 -5.7873e-16 0)
(3 -9.71815e-16 0)
(3 -6.63238e-16 0)
(3 -7.22118e-16 0)
(3 -6.08865e-16 0)
(3 -1.81053e-15 0)
(3 2.66682e-16 0)
(3 -3.14463e-16 0)
(3 -9.29478e-16 0)
(3 1.33531e-15 0)
(3 -1.45687e-15 0)
(3 -2.87961e-15 0)
(3 -3.74764e-15 0)
(3 -4.09305e-15 0)
(3 -1.22489e-15 0)
(3 1.14274e-15 0)
(3 -9.4147e-16 0)
(3 -1.85016e-15 0)
(3 -3.06098e-15 0)
(3 2.15991e-15 0)
(3 -8.12403e-17 0)
(3 -6.38464e-16 0)
(3 -7.28749e-16 0)
(3 -1.53783e-16 0)
(3 1.40324e-15 0)
(3 1.80977e-15 0)
(3 6.21388e-16 0)
(3 2.24715e-16 0)
(3 -2.1546e-15 0)
(3 4.0304e-16 0)
(3 -5.57687e-16 0)
(3 6.13114e-16 0)
(3 -2.01516e-16 0)
(3 -1.94049e-16 0)
(3 -6.44837e-16 0)
(3 9.09018e-16 0)
(3 1.86147e-15 0)
(3 9.2761e-16 0)
(3 -4.71491e-17 0)
(3 -7.76802e-17 0)
(3 1.46504e-15 0)
(3 1.79522e-15 0)
(3 -1.19973e-16 0)
(3 -2.51543e-15 0)
(3 -3.8651e-15 0)
(3 -9.48008e-16 0)
(3 2.08164e-15 0)
(3 2.6209e-15 0)
(3 2.53772e-16 0)
(3 1.41837e-15 0)
(3 2.07033e-15 0)
(3 1.81736e-15 0)
(3 4.2472e-16 0)
(3 9.26764e-16 0)
(3 1.29733e-15 0)
(3 1.68583e-16 0)
(3 3.15694e-15 0)
(3 5.26519e-15 0)
(3 3.87925e-15 0)
(3 -1.59704e-15 0)
(3 -1.09189e-16 0)
(3 4.70166e-16 0)
(3 1.67811e-15 0)
(3 1.58746e-15 0)
(3 2.49706e-15 0)
(3 1.48204e-15 0)
(3 2.24534e-15 0)
(3 5.25045e-15 0)
(3 5.76292e-15 0)
(3 8.72132e-16 0)
(3 4.02565e-16 0)
(3 6.16479e-16 0)
(3 1.6799e-15 0)
(3 1.91858e-15 0)
(3 9.7198e-16 0)
(3 3.22801e-15 0)
(3 3.50028e-15 0)
(3 3.93805e-15 0)
(3 2.65951e-15 0)
(3 3.00647e-15 0)
(3 2.26008e-15 0)
(3 2.80283e-15 0)
(3 3.72755e-15 0)
(3 4.21678e-15 0)
(3 3.68917e-15 0)
(3 3.93376e-15 0)
(3 4.38282e-15 0)
(3 4.40947e-15 0)
(3 2.93586e-15 0)
(3 3.41119e-15 0)
(3 2.60315e-15 0)
(3 2.60354e-15 0)
(3 2.56415e-15 0)
(3 2.78723e-15 0)
(3 3.51412e-15 0)
(3 3.48196e-15 0)
(3 2.49556e-15 0)
(3 1.95533e-15 0)
(3 1.76102e-15 0)
(3 1.53574e-15 0)
(3 2.76118e-15 0)
(3 3.55432e-15 0)
(3 2.65628e-15 0)
(3 2.43975e-15 0)
(3 1.83667e-15 0)
(3 1.6547e-15 0)
(3 8.66232e-16 0)
(3 -8.66364e-17 0)
(3 1.22729e-16 0)
(3 -1.0863e-15 0)
(3 2.30152e-15 0)
(3 1.45919e-15 0)
(3 1.4726e-15 0)
(3 -4.88693e-17 0)
(3 1.55182e-16 0)
(3 -3.41217e-16 0)
(3 1.06372e-15 0)
(3 -1.79659e-15 0)
(3 -1.20759e-15 0)
(3 -3.5658e-16 0)
(3 -1.23678e-15 0)
(3 -2.04546e-15 0)
(3 -2.36126e-15 0)
(3 -2.56241e-15 0)
(3 -2.84489e-15 0)
(3 -1.84209e-15 0)
(3 -5.45997e-16 0)
(3 -4.26187e-16 0)
(3 1.27111e-15 0)
(3 2.59587e-15 0)
(3 -3.23202e-15 0)
(3 -3.59131e-15 0)
(3 -3.88275e-15 0)
(3 -3.45103e-15 0)
(3 -4.52034e-15 0)
(3 -4.48253e-15 0)
(3 -1.26528e-15 0)
(3 2.14405e-15 0)
(3 4.72754e-15 0)
(3 4.71932e-15 0)
(3 -3.97451e-15 0)
(3 -3.74502e-15 0)
(3 -4.04238e-15 0)
(3 -3.42501e-15 0)
(3 -1.81005e-15 0)
(3 -1.60616e-15 0)
(3 -2.23693e-15 0)
(3 3.26098e-16 0)
(3 2.21704e-15 0)
(3 6.73036e-15 0)
(3 -3.84363e-16 0)
(3 -9.586e-16 0)
(3 -2.66402e-15 0)
(3 -1.8648e-15 0)
(3 -1.29887e-15 0)
(3 -1.46093e-15 0)
(3 -4.90611e-15 0)
(3 -4.75987e-15 0)
(3 -4.54214e-15 0)
(3 6.62678e-15 0)
(3 1.65089e-15 0)
(3 1.76197e-15 0)
(3 1.92901e-15 0)
(3 2.29906e-15 0)
(3 1.31238e-15 0)
(3 -1.18936e-16 0)
(3 -3.07781e-15 0)
(3 -6.20327e-15 0)
(3 -6.9968e-15 0)
(3 4.25489e-15 0)
(3 3.19676e-15 0)
(3 3.32146e-15 0)
(3 4.74706e-15 0)
(3 4.23239e-15 0)
(3 3.19943e-15 0)
(3 1.15123e-15 0)
(3 1.2417e-16 0)
(3 -6.1469e-15 0)
(3 -3.22239e-15 0)
(3 -1.56004e-15 0)
(3 1.7037e-15 0)
(3 2.00944e-15 0)
(3 2.38164e-15 0)
(3 4.22215e-15 0)
(3 2.94498e-15 0)
(3 1.43815e-15 0)
(3 -2.71073e-15 0)
(3 -3.12384e-15 0)
(3 -8.46677e-16 0)
(3 -1.23892e-15 0)
(3 1.32784e-15 0)
(3 9.64781e-16 0)
(3 -1.56734e-15 0)
(3 -1.85867e-15 0)
(3 -3.11681e-15 0)
(3 -3.42348e-15 0)
(3 -1.02496e-15 0)
(3 6.39079e-16 0)
(3 1.09394e-15 0)
(3 -3.93408e-15 0)
(3 1.95734e-15 0)
(3 1.11222e-15 0)
(3 1.43022e-15 0)
(3 -2.2181e-16 0)
(3 -9.12168e-16 0)
(3 -1.21894e-15 0)
(3 -1.74403e-15 0)
(3 7.66365e-16 0)
(3 7.59484e-16 0)
(3 7.26603e-17 0)
(3 5.42857e-16 0)
(3 1.36942e-15 0)
(3 1.96461e-15 0)
(3 2.58289e-15 0)
(3 2.43259e-15 0)
(3 2.72117e-15 0)
(3 1.68694e-15 0)
(3 7.42161e-16 0)
(3 1.74695e-15 0)
(3 3.9367e-15 0)
(3 5.28509e-16 0)
(3 1.03544e-15 0)
(3 1.80914e-15 0)
(3 2.23516e-15 0)
(3 9.00132e-16 0)
(3 3.97275e-16 0)
(3 2.26238e-15 0)
(3 1.49823e-15 0)
(3 -2.84565e-16 0)
(3 6.4191e-16 0)
(3 -7.31052e-16 0)
(3 -8.48992e-16 0)
(3 -3.63392e-16 0)
(3 6.911e-16 0)
(3 3.58873e-16 0)
(3 2.92096e-16 0)
(3 1.12452e-15 0)
(3 2.7161e-15 0)
(3 9.71871e-16 0)
(3 -9.12931e-16 0)
(3 -2.64807e-15 0)
(3 -3.47637e-15 0)
(3 -3.81108e-15 0)
(3 -3.60481e-15 0)
(3 -2.65407e-15 0)
(3 -3.2283e-15 0)
(3 -3.61128e-15 0)
(3 -1.51381e-15 0)
(3 2.69907e-15 0)
(3 2.31662e-15 0)
(3 -4.36009e-15 0)
(3 -4.35614e-15 0)
(3 -4.54733e-15 0)
(3 -4.0702e-15 0)
(3 -3.5637e-15 0)
(3 -1.71245e-15 0)
(3 -1.46967e-15 0)
(3 3.7029e-15 0)
(3 1.52105e-15 0)
(3 3.14479e-15 0)
(3 -3.77773e-16 0)
(3 -2.3894e-17 0)
(3 1.15726e-15 0)
(3 1.94136e-15 0)
(3 2.9915e-15 0)
(3 4.77077e-15 0)
(3 3.76214e-15 0)
(3 -7.46355e-16 0)
(3 -1.52148e-15 0)
(3 -1.21509e-15 0)
(3 3.7061e-15 0)
(3 3.9851e-15 0)
(3 3.74103e-15 0)
(3 3.17556e-15 0)
(3 3.05415e-15 0)
(3 2.03531e-15 0)
(3 7.68439e-16 0)
(3 -1.73797e-15 0)
(3 -4.07281e-15 0)
(3 1.63243e-15 0)
(3 2.95886e-15 0)
(3 2.64921e-15 0)
(3 2.67633e-15 0)
(3 3.22864e-15 0)
(3 2.98134e-16 0)
(3 1.9758e-15 0)
(3 3.8265e-15 0)
(3 4.29423e-15 0)
(3 -4.33717e-16 0)
(3 -2.22555e-16 0)
(3 -5.46909e-16 0)
(3 -7.14772e-16 0)
(3 -5.82194e-16 0)
(3 2.13809e-17 0)
(3 4.75388e-16 0)
(3 1.0207e-15 0)
(3 1.67802e-15 0)
(3 5.25283e-16 0)
(3 -1.45966e-15 0)
(3 -1.12926e-15 0)
(3 3.51466e-16 0)
(3 1.97528e-15 0)
(3 3.03403e-15 0)
(3 1.52824e-15 0)
(3 1.77359e-15 0)
(3 1.56207e-15 0)
(3 5.65234e-17 0)
(3 -3.35668e-16 0)
(3 -3.61529e-16 0)
(3 -2.69314e-15 0)
(3 -4.30745e-15 0)
(3 -4.40867e-16 0)
(3 3.73711e-15 0)
(3 3.08564e-15 0)
(3 -1.9562e-16 0)
(3 1.59312e-15 0)
(3 2.44035e-15 0)
(3 2.62379e-15 0)
(3 1.78711e-15 0)
(3 1.88906e-15 0)
(3 1.39487e-15 0)
(3 -5.92404e-16 0)
(3 -6.25205e-16 0)
(3 4.09196e-17 0)
(3 -2.89606e-15 0)
(3 -4.27285e-15 0)
(3 -3.5929e-16 0)
(3 3.85088e-15 0)
(3 3.10348e-15 0)
(3 -4.35364e-17 0)
(3 7.88074e-16 0)
(3 2.50873e-15 0)
(3 2.43223e-15 0)
(3 2.10447e-15 0)
(3 2.48811e-15 0)
(3 5.66014e-16 0)
(3 -1.78442e-15 0)
(3 -6.70396e-16 0)
(3 5.06032e-16 0)
(3 -3.49886e-15 0)
(3 -4.15279e-15 0)
(3 2.73258e-17 0)
(3 4.23282e-15 0)
(3 2.94976e-15 0)
(3 9.38492e-17 0)
(3 1.52437e-15 0)
(3 2.20775e-15 0)
(3 2.51453e-15 0)
(3 2.68406e-15 0)
(3 3.54983e-15 0)
(3 -6.30041e-16 0)
(3 -2.57162e-15 0)
(3 -6.43485e-16 0)
(3 1.26324e-15 0)
(3 -3.72048e-15 0)
(3 -3.96798e-15 0)
(3 4.0727e-16 0)
(3 4.27891e-15 0)
(3 2.91381e-15 0)
(3 3.7299e-16 0)
(3 1.77116e-15 0)
(3 2.2568e-15 0)
(3 2.66797e-15 0)
(3 3.09638e-15 0)
(3 4.12992e-15 0)
(3 -4.24382e-16 0)
(3 -3.4026e-15 0)
(3 -5.02147e-16 0)
(3 1.83281e-15 0)
(3 -4.24969e-15 0)
(3 -3.43516e-15 0)
(3 -2.06114e-16 0)
(3 4.14295e-15 0)
(3 2.89339e-15 0)
(3 6.09267e-16 0)
(3 1.9208e-15 0)
(3 2.57148e-15 0)
(3 2.02263e-15 0)
(3 3.09286e-15 0)
(3 4.86922e-15 0)
(3 -5.48513e-16 0)
(3 -4.01043e-15 0)
(3 -3.88793e-16 0)
(3 1.89647e-15 0)
(3 -4.1412e-15 0)
(3 -3.19492e-15 0)
(3 -4.69731e-16 0)
(3 4.19363e-15 0)
(3 3.4456e-15 0)
(3 7.30981e-16 0)
(3 1.91989e-15 0)
(3 3.02763e-15 0)
(3 1.61772e-15 0)
(3 2.99495e-15 0)
(3 5.24467e-15 0)
(3 -8.95705e-16 0)
(3 -4.00504e-15 0)
(3 -2.87254e-16 0)
(3 1.74726e-15 0)
(3 -3.95272e-15 0)
(3 -2.63409e-15 0)
(3 -9.3156e-16 0)
(3 4.32176e-15 0)
(3 3.87403e-15 0)
(3 7.66948e-16 0)
(3 2.43392e-15 0)
(3 3.05712e-15 0)
(3 1.80237e-15 0)
(3 3.10149e-15 0)
(3 5.15845e-15 0)
(3 -1.28046e-15 0)
(3 -3.99555e-15 0)
(3 -3.63522e-16 0)
(3 1.77191e-15 0)
(3 -3.62146e-15 0)
(3 -2.4643e-15 0)
(3 -1.01861e-15 0)
(3 4.47284e-15 0)
(3 4.26864e-15 0)
(3 7.84214e-16 0)
(3 2.73467e-15 0)
(3 3.39443e-15 0)
(3 2.13392e-15 0)
(3 3.97833e-15 0)
(3 5.05236e-15 0)
(3 -1.24224e-15 0)
(3 -4.25389e-15 0)
(3 -3.32231e-16 0)
(3 8.97667e-16 0)
(3 -3.31688e-15 0)
(3 -2.10551e-15 0)
(3 -8.84513e-16 0)
(3 4.45801e-15 0)
(3 4.50128e-15 0)
(3 8.49368e-16 0)
(3 1.84306e-15 0)
(3 4.26288e-15 0)
(3 3.10897e-15 0)
(3 4.32852e-15 0)
(3 2.89506e-15 0)
(3 -2.54467e-15 0)
(3 -5.04877e-15 0)
(3 -2.38657e-16 0)
(3 6.50485e-16 0)
(3 -3.34608e-15 0)
(3 -1.83798e-15 0)
(3 -7.36077e-16 0)
(3 4.39994e-15 0)
(3 5.21546e-15 0)
(3 9.15741e-16 0)
(3 -1.22739e-06 0)
(3 -1.42617e-08 0)
(3 7.5382e-11 0)
(3 1.24979e-11 0)
(3 4.00203e-13 0)
(3 1.29966e-15 0)
(3 -4.45053e-15 0)
(3 -2.68627e-16 0)
(3 2.09286e-16 0)
(3 -3.14565e-15 0)
(3 -1.67473e-15 0)
(3 -2.50398e-16 0)
(3 4.20997e-15 0)
(3 5.44035e-15 0)
(3 1.45973e-15 0)
(3.00001 2.15914e-05 0)
(3 -1.18641e-07 0)
(3 -2.34398e-08 0)
(3 -1.13975e-09 0)
(3 -1.9505e-11 0)
(3 -1.99184e-13 0)
(3 -5.35546e-15 0)
(3 -3.44552e-16 0)
(3 -3.42675e-16 0)
(3 -3.14318e-15 0)
(3 -1.38412e-15 0)
(3 1.1888e-16 0)
(3 3.70927e-15 0)
(3 5.54978e-15 0)
(3 1.66973e-15 0)
(3.00074 0.00153248 0)
(3.00003 0.000106575 0)
(3 3.43795e-06 0)
(3 2.90973e-08 0)
(3 -7.35668e-12 0)
(3 2.53214e-12 0)
(3 4.83946e-14 0)
(3 1.97335e-16 0)
(3 -8.95332e-17 0)
(3 -2.88912e-15 0)
(3 -9.51812e-16 0)
(3 2.70109e-16 0)
(3 3.46441e-15 0)
(3 4.86694e-15 0)
(3 1.79349e-15 0)
(2.9936 -0.048856 0)
(2.99997 -0.00112199 0)
(3 3.19833e-07 0)
(3 1.84481e-07 0)
(3 1.65582e-09 0)
(3 -1.51819e-11 0)
(3 -3.77034e-12 0)
(3 -2.67633e-13 0)
(3 -5.65746e-15 0)
(3 -2.88464e-15 0)
(3 -6.85176e-16 0)
(3 1.56066e-16 0)
(3 3.4319e-15 0)
(3 4.40448e-15 0)
(3 1.68273e-15 0)
(2.56911 -0.576443 0)
(2.99115 -0.0375673 0)
(3.00024 -0.000353228 0)
(3 1.17328e-06 0)
(3 2.70547e-07 0)
(3 2.11607e-08 0)
(3 3.72463e-10 0)
(3 1.10193e-12 0)
(3 -3.61997e-17 0)
(3 -2.47316e-15 0)
(3 -3.26602e-16 0)
(3 2.25889e-16 0)
(3 3.30228e-15 0)
(3 4.17301e-15 0)
(3 1.54712e-15 0)
(2.17932 -0.898916 0)
(2.6675 -0.453083 0)
(2.98546 -0.0331948 0)
(3 -0.000371173 0)
(3 -2.51014e-06 0)
(3 4.1197e-09 0)
(3 1.14695e-09 0)
(3 1.84099e-11 0)
(3 -6.00037e-14 0)
(3 -8.28887e-15 0)
(3 -6.058e-16 0)
(3 3.68984e-16 0)
(3 3.09828e-15 0)
(3 4.19934e-15 0)
(3 1.62273e-15 0)
(2.17874 -0.877822 0)
(2.41361 -0.741158 0)
(2.84232 -0.27566 0)
(2.99525 -0.0157792 0)
(3 -9.0658e-05 0)
(3 1.00038e-06 0)
(3 8.80251e-09 0)
(3 1.73829e-09 0)
(3 8.4158e-11 0)
(3 1.18155e-12 0)
(3 8.46601e-15 0)
(3 8.02654e-16 0)
(3 2.90212e-15 0)
(3 4.19081e-15 0)
(3 1.81756e-15 0)
(2.20402 -0.806175 0)
(2.2491 -0.805205 0)
(2.58871 -0.552515 0)
(2.94444 -0.118743 0)
(2.99893 -0.0050427 0)
(2.99999 -7.16657e-05 0)
(3 -8.65797e-07 0)
(3 -1.06503e-08 0)
(3 -3.352e-11 0)
(3 -3.12409e-13 0)
(3 -1.00639e-14 0)
(3 7.69344e-16 0)
(3 2.8641e-15 0)
(3 4.06899e-15 0)
(3 1.95238e-15 0)
(2.2713 -0.669188 0)
(2.25497 -0.790082 0)
(2.3943 -0.74708 0)
(2.7784 -0.375701 0)
(2.99023 -0.035096 0)
(3.00005 -0.000451254 0)
(3 1.331e-06 0)
(3 8.61517e-08 0)
(3 1.56575e-08 0)
(3 6.37301e-10 0)
(3 8.21573e-12 0)
(3 6.11577e-14 0)
(3 4.06585e-15 0)
(3 3.81749e-15 0)
(3 1.86826e-15 0)
(2.42149 -0.379544 0)
(2.26929 -0.70548 0)
(2.34214 -0.733471 0)
(2.54853 -0.600629 0)
(2.85742 -0.241797 0)
(2.98683 -0.0323075 0)
(2.99955 -0.00159068 0)
(2.99999 -3.93156e-05 0)
(3 -5.92872e-07 0)
(3 -5.9751e-09 0)
(3 -4.28609e-11 0)
(3 -2.26926e-13 0)
(3 1.7616e-15 0)
(3 3.59688e-15 0)
(3 1.63774e-15 0)
(2.49044 -0.24429 0)
(2.35272 -0.549346 0)
(2.3445 -0.711544 0)
(2.43262 -0.686954 0)
(2.72479 -0.439046 0)
(2.96831 -0.0717163 0)
(2.99893 -0.00350252 0)
(2.99998 -7.22895e-05 0)
(3 -1.10021e-06 0)
(3 -1.2501e-08 0)
(3 -1.071e-10 0)
(3 -6.96772e-13 0)
(3 -2.04229e-15 0)
(3 3.97185e-15 0)
(3 2.02538e-15 0)
(2.57596 0.00732624 0)
(2.41781 -0.405072 0)
(2.39287 -0.588736 0)
(2.43273 -0.67962 0)
(2.59036 -0.60697 0)
(2.84869 -0.306644 0)
(2.98576 -0.0360736 0)
(2.99964 -0.000910811 0)
(3 -9.55575e-06 0)
(3 -8.16482e-08 0)
(3 -6.30104e-10 0)
(3 -4.41424e-12 0)
(3 -2.24164e-14 0)
(3 4.59761e-15 0)
(3 2.22773e-15 0)
(2.61891 0.206117 0)
(2.51985 -0.158986 0)
(2.44574 -0.457138 0)
(2.43277 -0.644009 0)
(2.5234 -0.631866 0)
(2.73835 -0.47351 0)
(2.95037 -0.132433 0)
(2.99749 -0.00741963 0)
(2.99995 -0.000112687 0)
(3 -9.14038e-07 0)
(3 -6.44038e-09 0)
(3 -4.0776e-11 0)
(3 -2.25586e-13 0)
(3 3.90349e-15 0)
(3 2.28474e-15 0)
(2.65317 0.212923 0)
(2.60335 0.12657 0)
(2.48325 -0.317568 0)
(2.47405 -0.528902 0)
(2.52394 -0.618013 0)
(2.61377 -0.580686 0)
(2.8198 -0.375361 0)
(2.97451 -0.0642316 0)
(2.99918 -0.00199001 0)
(2.99999 -2.14781e-05 0)
(3 -1.45011e-07 0)
(3 -8.55102e-10 0)
(3 -4.74157e-12 0)
(3 -2.00821e-14 0)
(3 1.93489e-15 0)
(2.64908 0.207014 0)
(2.61088 0.202599 0)
(2.59165 -0.0311857 0)
(2.51777 -0.396666 0)
(2.53167 -0.562471 0)
(2.6109 -0.580818 0)
(2.75125 -0.479745 0)
(2.93137 -0.177068 0)
(2.99487 -0.0140052 0)
(2.9999 -0.000240521 0)
(3 -2.08732e-06 0)
(3 -1.37303e-08 0)
(3 -7.59716e-11 0)
(3 -4.02218e-13 0)
(3 8.8605e-17 0)
(2.60485 0.264016 0)
(2.63052 0.245304 0)
(2.64098 0.0855732 0)
(2.57525 -0.226908 0)
(2.55604 -0.471498 0)
(2.60777 -0.566704 0)
(2.66673 -0.551819 0)
(2.82923 -0.375451 0)
(2.96927 -0.0776584 0)
(2.9987 -0.00315913 0)
(2.99998 -3.5799e-05 0)
(3 -2.56857e-07 0)
(3 -1.59826e-09 0)
(3 -8.41959e-12 0)
(3 -3.4104e-14 0)
(2.62191 0.341726 0)
(2.66287 0.336311 0)
(2.66707 0.107281 0)
(2.64796 0.00770121 0)
(2.60677 -0.322826 0)
(2.62188 -0.509103 0)
(2.66577 -0.551091 0)
(2.76891 -0.476489 0)
(2.92226 -0.19663 0)
(2.99297 -0.0177373 0)
(2.99983 -0.000385353 0)
(3 -3.47683e-06 0)
(3 -2.26841e-08 0)
(3 -1.31069e-10 0)
(3 -5.95676e-13 0)
(2.66073 0.412158 0)
(2.68713 0.352635 0)
(2.63438 0.0744124 0)
(2.66138 0.0559544 0)
(2.66234 -0.163314 0)
(2.64721 -0.427082 0)
(2.66954 -0.533666 0)
(2.71394 -0.521793 0)
(2.83813 -0.371235 0)
(2.96541 -0.086321 0)
(2.99841 -0.00372332 0)
(2.99998 -4.64303e-05 0)
(3 -3.43768e-07 0)
(3 -2.12704e-09 0)
(3 -1.00586e-11 0)
(2.70041 0.504939 0)
(2.70382 0.371118 0)
(2.63866 0.160892 0)
(2.66107 0.125081 0)
(2.69567 -0.0581057 0)
(2.70832 -0.246461 0)
(2.68565 -0.482494 0)
(2.71433 -0.518396 0)
(2.79775 -0.444722 0)
(2.92411 -0.194099 0)
(2.99216 -0.0195068 0)
(2.99981 -0.000441807 0)
(3 -4.15726e-06 0)
(3 -2.73271e-08 0)
(3 -1.43249e-10 0)
(2.70925 0.556102 0)
(2.72299 0.420467 0)
(2.67541 0.230307 0)
(2.70971 0.262214 0)
(2.71809 0.0167845 0)
(2.73231 -0.176251 0)
(2.71978 -0.388658 0)
(2.71984 -0.501187 0)
(2.75254 -0.492621 0)
(2.85747 -0.339875 0)
(2.96731 -0.0808145 0)
(2.99841 -0.00364879 0)
(2.99998 -4.67336e-05 0)
(3 -3.73791e-07 0)
(3 -1.98592e-09 0)
(2.73669 0.572564 0)
(2.731 0.471811 0)
(2.70556 0.334999 0)
(2.73458 0.300139 0)
(2.72114 0.039146 0)
(2.76386 -0.0574611 0)
(2.76248 -0.262868 0)
(2.73437 -0.461457 0)
(2.75275 -0.491814 0)
(2.81233 -0.428532 0)
(2.92749 -0.179715 0)
(2.99202 -0.0189879 0)
(2.9998 -0.000460424 0)
(3 -4.19865e-06 0)
(3 -2.55105e-08 0)
(2.74448 0.574621 0)
(2.72985 0.502074 0)
(2.7278 0.386203 0)
(2.76601 0.328772 0)
(2.74428 0.0930017 0)
(2.79254 0.0581357 0)
(2.79632 -0.144695 0)
(2.77756 -0.349252 0)
(2.75886 -0.476723 0)
(2.78363 -0.464619 0)
(2.86572 -0.324215 0)
(2.97005 -0.0721633 0)
(2.9986 -0.00317532 0)
(2.99998 -4.36069e-05 0)
(3 -2.83597e-07 0)
(2.72573 0.620197 0)
(2.73107 0.548685 0)
(2.75921 0.433879 0)
(2.79909 0.363311 0)
(2.78513 0.161909 0)
(2.82112 0.145364 0)
(2.8054 -0.118939 0)
(2.79469 -0.288582 0)
(2.77288 -0.438617 0)
(2.78446 -0.462299 0)
(2.83433 -0.389765 0)
(2.93275 -0.1645 0)
(2.99275 -0.017005 0)
(2.99982 -0.000388795 0)
(3 -3.1833e-06 0)
(2.73447 0.626629 0)
(2.74581 0.549686 0)
(2.78028 0.465609 0)
(2.81308 0.365582 0)
(2.79101 0.206917 0)
(2.83585 0.217913 0)
(2.82515 -0.0377453 0)
(2.84015 -0.152654 0)
(2.80721 -0.354242 0)
(2.79016 -0.449316 0)
(2.80849 -0.435186 0)
(2.88341 -0.283729 0)
(2.97522 -0.0585744 0)
(2.99888 -0.00250137 0)
(2.99998 -2.861e-05 0)
(2.72996 0.609476 0)
(2.76989 0.540891 0)
(2.79565 0.452407 0)
(2.79921 0.360988 0)
(2.82027 0.290905 0)
(2.85104 0.273204 0)
(2.8489 0.0520768 0)
(2.87789 -0.0321099 0)
(2.83928 -0.263118 0)
(2.80276 -0.419912 0)
(2.80874 -0.435899 0)
(2.84625 -0.361016 0)
(2.93839 -0.143768 0)
(2.99365 -0.0146195 0)
(2.99983 -0.000264852 0)
(2.72677 0.457593 0)
(2.78052 0.564069 0)
(2.80769 0.485742 0)
(2.81982 0.41927 0)
(2.83883 0.348574 0)
(2.8788 0.311052 0)
(2.87164 0.0764872 0)
(2.88556 0.000303349 0)
(2.85948 -0.193413 0)
(2.8347 -0.343016 0)
(2.8143 -0.428822 0)
(2.82992 -0.410476 0)
(2.89657 -0.253377 0)
(2.98098 -0.0448054 0)
(2.99902 -0.00159255 0)
(2.73598 0.305791 0)
(2.7939 0.54822 0)
(2.83129 0.532045 0)
(2.83911 0.444264 0)
(2.868 0.36141 0)
(2.90739 0.292076 0)
(2.87449 0.0864574 0)
(2.90664 0.100424 0)
(2.89881 -0.0850315 0)
(2.86792 -0.268785 0)
(2.83047 -0.404972 0)
(2.83492 -0.409754 0)
(2.86598 -0.328755 0)
(2.94745 -0.128676 0)
(2.9946 -0.00862239 0)
(2.74274 0.177017 0)
(2.81552 0.42986 0)
(2.86454 0.540531 0)
(2.86942 0.492387 0)
(2.89767 0.372851 0)
(2.92762 0.309472 0)
(2.89307 0.147563 0)
(2.92428 0.187372 0)
(2.9299 0.0160236 0)
(2.88738 -0.21751 0)
(2.86258 -0.346793 0)
(2.84814 -0.401286 0)
(2.86577 -0.372873 0)
(2.93003 -0.197778 0)
(2.98405 -0.0262576 0)
(2.74613 0.107766 0)
(2.82176 0.274457 0)
(2.87107 0.51351 0)
(2.88874 0.538667 0)
(2.93118 0.42647 0)
(2.94553 0.325059 0)
(2.94058 0.231327 0)
(2.96553 0.210539 0)
(2.9474 -0.00242135 0)
(2.94353 -0.0654433 0)
(2.89635 -0.279828 0)
(2.86832 -0.384815 0)
(2.87366 -0.371574 0)
(2.89882 -0.283583 0)
(2.9584 -0.0677946 0)
(2.73947 0.0330855 0)
(2.81015 0.0811934 0)
(2.89416 0.330913 0)
(2.96177 0.503392 0)
(2.99476 0.458942 0)
(2.99943 0.397862 0)
(3.00438 0.298591 0)
(3.02721 0.251141 0)
(2.98659 0.0464171 0)
(2.98902 0.0463488 0)
(2.95257 -0.173999 0)
(2.92246 -0.312764 0)
(2.90614 -0.355077 0)
(2.92483 -0.311748 0)
(2.92953 -0.125317 0)
(2.64999 0.123678 0)
(2.67791 0.270746 0)
(2.68569 0.324864 0)
(2.73732 0.394345 0)
(2.79397 0.466532 0)
(2.77884 0.48035 0)
(2.73863 0.519352 0)
(2.68638 0.567932 0)
(2.68952 0.638365 0)
(2.70328 0.660649 0)
(2.73554 0.667138 0)
(2.743 0.67671 0)
(2.72084 0.677925 0)
(2.69501 0.640768 0)
(2.66699 0.400732 0)
(2.67671 0.190655 0)
(2.66031 0.0274993 0)
(2.65746 0.0153004 0)
(2.66222 0.0376783 0)
(2.69041 0.0258658 0)
(2.69096 0.259438 0)
(2.70499 0.434686 0)
(2.71766 0.486955 0)
(2.78093 0.481227 0)
(2.84244 0.506518 0)
(2.81468 0.540251 0)
(2.76328 0.589039 0)
(2.70342 0.668074 0)
(2.69104 0.712391 0)
(2.70624 0.722658 0)
(2.72714 0.72961 0)
(2.71943 0.700102 0)
(2.70197 0.646494 0)
(2.64731 0.401617 0)
(2.60786 0.126975 0)
(2.64269 0.0846892 0)
(2.64946 0.0526027 0)
(2.66036 0.0164803 0)
(2.66038 0.0266854 0)
(2.69088 0.0223209 0)
(2.74124 0.471934 0)
(2.71074 0.605291 0)
(2.72709 0.625799 0)
(2.79779 0.62284 0)
(2.83571 0.64731 0)
(2.81844 0.658873 0)
(2.76903 0.720434 0)
(2.71564 0.775411 0)
(2.71467 0.782754 0)
(2.71695 0.788541 0)
(2.7146 0.739176 0)
(2.69083 0.639848 0)
(2.63264 0.346933 0)
(2.57744 0.0696736 0)
(2.60052 0.0410702 0)
(2.62637 0.0531791 0)
(2.63888 0.0459567 0)
(2.6591 0.013547 0)
(2.66892 0.0173226 0)
(2.69144 0.0172902 0)
(2.74524 0.631938 0)
(2.7183 0.76589 0)
(2.74112 0.751921 0)
(2.78433 0.718515 0)
(2.79404 0.729222 0)
(2.79787 0.759141 0)
(2.76245 0.806594 0)
(2.73869 0.856947 0)
(2.73246 0.864241 0)
(2.74431 0.800866 0)
(2.71076 0.642097 0)
(2.62994 0.26512 0)
(2.59566 0.0400412 0)
(2.60164 0.0606339 0)
(2.61568 0.0591725 0)
(2.62146 0.0525273 0)
(2.63472 0.0350485 0)
(2.65255 0.0225512 0)
(2.66817 0.0223605 0)
(2.68836 0.0171462 0)
(2.7151 0.914619 0)
(2.73237 0.922603 0)
(2.73821 0.907995 0)
(2.755 0.877383 0)
(2.76386 0.855268 0)
(2.76472 0.883461 0)
(2.76378 0.941668 0)
(2.78053 0.941639 0)
(2.793 0.824653 0)
(2.77206 0.543063 0)
(2.69541 0.188634 0)
(2.63203 0.0236637 0)
(2.60367 0.0420088 0)
(2.6146 0.0437947 0)
(2.61617 0.043536 0)
(2.61667 0.0407406 0)
(2.62479 0.0312318 0)
(2.64512 0.022529 0)
(2.66041 0.0242985 0)
(2.67798 0.0147886 0)
(2.71451 1.08556 0)
(2.73878 1.0579 0)
(2.72124 1.04589 0)
(2.71942 1.01058 0)
(2.73204 0.993597 0)
(2.74867 1.00103 0)
(2.7683 0.972421 0)
(2.80202 0.720879 0)
(2.7916 0.380605 0)
(2.7393 0.169085 0)
(2.64308 0.0371515 0)
(2.59507 0.02761 0)
(2.58401 0.0378232 0)
(2.58899 0.0274378 0)
(2.58971 0.0243905 0)
(2.5911 0.0224543 0)
(2.59931 0.016079 0)
(2.62289 0.0237115 0)
(2.64506 0.0277094 0)
(2.66109 0.0137521 0)
(2.72437 1.22495 0)
(2.73137 1.20975 0)
(2.71 1.18509 0)
(2.69333 1.18203 0)
(2.69419 1.13485 0)
(2.75345 0.880499 0)
(2.7325 0.507104 0)
(2.72387 0.263652 0)
(2.59708 0.0402106 0)
(2.55361 0.0119683 0)
(2.52311 0.039553 0)
(2.52073 0.0429421 0)
(2.53004 0.0358749 0)
(2.52115 0.0266478 0)
(2.51564 0.0201472 0)
(2.51864 0.00774246 0)
(2.54335 0.0131914 0)
(2.57599 0.0245585 0)
(2.60436 0.0299053 0)
(2.61665 0.015647 0)
(2.70427 1.47424 0)
(2.66778 1.41856 0)
(2.60649 1.03653 0)
(2.60875 0.850376 0)
(2.58368 0.541709 0)
(2.66563 0.324472 0)
(2.48388 0.0730877 0)
(2.42309 0.0255821 0)
(2.39315 0.00159364 0)
(2.39872 0.0140944 0)
(2.4238 0.038145 0)
(2.42972 0.0431601 0)
(2.41795 0.0375591 0)
(2.40404 0.0203847 0)
(2.40122 0.00211148 0)
(2.41935 -0.011212 0)
(2.46183 -0.00602437 0)
(2.49627 0.0152626 0)
(2.5295 0.0302614 0)
(2.54473 0.0194748 0)
(2.37371 0.881228 0)
(2.30119 0.561136 0)
(2.25084 0.253429 0)
(2.3171 0.20261 0)
(2.30548 0.0806316 0)
(2.28541 0.0546543 0)
(2.25092 0.0290173 0)
(2.25811 -0.0110686 0)
(2.26451 -0.0108203 0)
(2.28251 0.00879133 0)
(2.31086 0.0334591 0)
(2.30974 0.0360534 0)
(2.30067 0.0309214 0)
(2.29484 0.00890757 0)
(2.31468 -0.0162396 0)
(2.34022 -0.0196272 0)
(2.3799 -0.0092313 0)
(2.41328 0.013102 0)
(2.45313 0.0282344 0)
(2.47652 0.0195204 0)
(1.95836 0.189646 0)
(2.03312 0.16261 0)
(2.0663 0.0737759 0)
(2.12352 0.0682067 0)
(2.13217 0.0182321 0)
(2.14728 0.027012 0)
(2.16739 0.0191061 0)
(2.17333 -0.00265235 0)
(2.18565 -0.00932802 0)
(2.21731 0.00232307 0)
(2.23374 0.0167766 0)
(2.23159 0.0195597 0)
(2.23174 0.0182239 0)
(2.24888 -0.00234225 0)
(2.27092 -0.00954662 0)
(2.30028 -0.00816354 0)
(2.33884 0.000120501 0)
(2.37287 0.0100908 0)
(2.41775 0.012293 0)
(2.44187 0.00723975 0)
)
;

boundaryField
{
    inlet
    {
        type            fixedValue;
        value           uniform (3 0 0);
    }
    outlet
    {
        type            inletOutlet;
        inletValue      uniform (3 0 0);
        value           nonuniform List<vector> 
50
(
(2.73917 -0.0333493 0)
(2.81026 -0.0811199 0)
(2.89396 -0.329083 0)
(2.96197 -0.502974 0)
(2.99499 -0.458944 0)
(2.99972 -0.397814 0)
(3.0047 -0.298683 0)
(3.0272 -0.251036 0)
(2.98644 -0.0462041 0)
(2.98898 -0.0463686 0)
(2.95259 0.173795 0)
(2.92246 0.312701 0)
(2.90615 0.355042 0)
(2.92483 0.311728 0)
(2.92953 0.125314 0)
(2.43439 -0.0048016 0)
(2.46423 -0.0210233 0)
(2.53294 -0.0201824 0)
(2.60849 -0.0160879 0)
(2.65674 -0.0127712 0)
(2.67596 -0.0135687 0)
(2.68776 -0.0158857 0)
(2.69109 -0.0166079 0)
(2.69048 -0.0224316 0)
(2.68923 -0.0264789 0)
(2.69041 0.0258658 0)
(2.69088 0.0223209 0)
(2.69144 0.0172902 0)
(2.68836 0.0171462 0)
(2.67798 0.0147886 0)
(2.66109 0.0137521 0)
(2.61665 0.015647 0)
(2.54473 0.0194748 0)
(2.47652 0.0195204 0)
(2.44187 0.00723975 0)
(2.73947 0.0330855 0)
(2.81015 0.0811934 0)
(2.89416 0.330913 0)
(2.96177 0.503392 0)
(2.99476 0.458942 0)
(2.99943 0.397862 0)
(3.00438 0.298591 0)
(3.02721 0.251141 0)
(2.98659 0.0464171 0)
(2.98902 0.0463488 0)
(2.95257 -0.173999 0)
(2.92246 -0.312764 0)
(2.90614 -0.355077 0)
(2.92483 -0.311748 0)
(2.92953 -0.125317 0)
)
;
    }
    airfoil
    {
        type            slip;
    }
    top
    {
        type            symmetryPlane;
    }
    bottom
    {
        type            symmetryPlane;
    }
    defaultFaces
    {
        type            empty;
    }
}


// ************************************************************************* //
