/*--------------------------------*- C++ -*----------------------------------*\
  =========                 |
  \\      /  F ield         | OpenFOAM: The Open Source CFD Toolbox
   \\    /   O peration     | Website:  https://openfoam.org
    \\  /    A nd           | Version:  7
     \\/     M anipulation  |
\*---------------------------------------------------------------------------*/
FoamFile
{
    version     2.0;
    format      ascii;
    class       volVectorField;
    location    "7.7";
    object      U;
}
// * * * * * * * * * * * * * * * * * * * * * * * * * * * * * * * * * * * * * //

dimensions      [0 1 -1 0 0 0 0];

internalField   nonuniform List<vector> 
3700
(
(1.59395 -0.469889 0)
(1.36391 -0.649022 0)
(1.36454 -0.385495 0)
(1.42958 -0.387626 0)
(1.55231 -0.426214 0)
(1.54554 -0.27248 0)
(1.54854 -0.0924013 0)
(1.56936 -0.0652023 0)
(1.59673 -0.116135 0)
(1.61019 -0.223161 0)
(1.58875 -0.265201 0)
(1.56218 -0.187211 0)
(1.63638 -0.133023 0)
(1.7017 -0.177928 0)
(1.74032 -0.274796 0)
(1.7683 -0.323272 0)
(1.72897 -0.296247 0)
(1.69522 -0.237172 0)
(1.71178 -0.109832 0)
(1.78927 -0.118682 0)
(1.73791 -1.43708 0)
(1.62505 -1.5167 0)
(1.6241 -1.36581 0)
(1.73332 -1.39111 0)
(1.81533 -1.50197 0)
(1.7374 -1.2996 0)
(1.68262 -1.03647 0)
(1.74832 -1.00751 0)
(1.86531 -1.20792 0)
(1.92732 -1.49136 0)
(1.88686 -1.55561 0)
(1.87165 -1.40206 0)
(1.95858 -1.30381 0)
(2.09387 -1.37012 0)
(2.20003 -1.40652 0)
(2.23148 -1.35479 0)
(2.23458 -1.27267 0)
(2.21108 -1.13391 0)
(2.21957 -0.946696 0)
(2.27342 -0.97977 0)
(1.50725 -1.41457 0)
(1.59629 -1.63199 0)
(1.63936 -1.7613 0)
(1.7001 -1.93767 0)
(1.80638 -2.11675 0)
(1.88346 -2.19333 0)
(1.91323 -2.23152 0)
(1.94734 -2.21739 0)
(1.97932 -2.2172 0)
(2.09456 -2.129 0)
(2.14199 -2.12226 0)
(2.19898 -2.03023 0)
(2.24679 -1.94348 0)
(2.27074 -1.91186 0)
(2.3279 -1.81899 0)
(2.42608 -1.77326 0)
(2.51632 -1.69709 0)
(2.62146 -1.63784 0)
(2.70185 -1.55045 0)
(2.75767 -1.52244 0)
(1.3769 -1.43803 0)
(1.48917 -1.74306 0)
(1.59492 -1.99522 0)
(1.67901 -2.18889 0)
(1.77911 -2.29112 0)
(1.81644 -2.29994 0)
(1.87892 -2.12932 0)
(1.95639 -2.04052 0)
(2.07116 -1.99403 0)
(2.29246 -1.91301 0)
(2.42569 -1.79029 0)
(2.47438 -1.80036 0)
(2.51591 -1.75755 0)
(2.45902 -1.79511 0)
(2.45365 -1.73139 0)
(2.48421 -1.6873 0)
(2.52781 -1.56935 0)
(2.60101 -1.4673 0)
(2.68127 -1.36982 0)
(2.80148 -1.19199 0)
(1.23976 -1.40439 0)
(1.42133 -1.8731 0)
(1.63257 -2.10221 0)
(1.7322 -2.27752 0)
(1.92814 -2.341 0)
(1.98956 -2.3649 0)
(1.99635 -2.08381 0)
(1.93229 -2.02094 0)
(2.00501 -1.96359 0)
(2.19039 -1.87274 0)
(2.35713 -1.66918 0)
(2.52578 -1.59128 0)
(2.64209 -1.42492 0)
(2.66813 -1.42672 0)
(2.67827 -1.40083 0)
(2.64401 -1.46165 0)
(2.6225 -1.42338 0)
(2.62125 -1.31379 0)
(2.64462 -1.33007 0)
(2.71477 -1.13469 0)
(1.18363 -1.46778 0)
(1.46686 -1.99876 0)
(1.76638 -2.20126 0)
(1.99397 -2.32344 0)
(2.24778 -2.29442 0)
(2.19125 -2.33754 0)
(2.18097 -2.03317 0)
(2.04835 -2.00658 0)
(2.07448 -1.91825 0)
(2.15631 -1.85301 0)
(2.27849 -1.67956 0)
(2.47424 -1.56821 0)
(2.5633 -1.4231 0)
(2.72435 -1.31961 0)
(2.78222 -1.10943 0)
(2.79835 -1.02675 0)
(2.76416 -1.02857 0)
(2.76122 -0.957563 0)
(2.69727 -1.07964 0)
(2.68826 -0.979886 0)
(1.25623 -1.60839 0)
(1.57824 -2.10084 0)
(1.99238 -2.30217 0)
(2.12622 -2.30647 0)
(2.29099 -2.2382 0)
(2.33013 -2.19527 0)
(2.39315 -1.89304 0)
(2.33913 -1.84223 0)
(2.30926 -1.85657 0)
(2.31832 -1.77906 0)
(2.36616 -1.64745 0)
(2.46389 -1.5275 0)
(2.52698 -1.35383 0)
(2.64737 -1.26476 0)
(2.6981 -1.09929 0)
(2.77133 -0.909908 0)
(2.82311 -0.754885 0)
(2.83517 -0.572401 0)
(2.77017 -0.598193 0)
(2.72642 -0.626949 0)
(1.3963 -1.77354 0)
(1.73505 -2.23137 0)
(1.9799 -2.34141 0)
(2.09766 -2.29714 0)
(2.23146 -2.16909 0)
(2.33592 -2.08244 0)
(2.43635 -1.83888 0)
(2.50582 -1.66247 0)
(2.57193 -1.61308 0)
(2.62499 -1.48349 0)
(2.5815 -1.52855 0)
(2.62372 -1.34978 0)
(2.60466 -1.23799 0)
(2.63471 -1.14922 0)
(2.66487 -1.00182 0)
(2.69703 -0.866278 0)
(2.7585 -0.75424 0)
(2.79329 -0.544835 0)
(2.79544 -0.378368 0)
(2.74897 -0.308456 0)
(1.49743 -1.8446 0)
(1.74578 -2.24266 0)
(1.83762 -2.30734 0)
(1.89179 -2.24048 0)
(2.02956 -2.03451 0)
(2.20891 -1.73858 0)
(2.32929 -1.74417 0)
(2.52142 -1.51358 0)
(2.67186 -1.42882 0)
(2.74523 -1.13956 0)
(2.7815 -1.14344 0)
(2.79747 -0.926785 0)
(2.75398 -0.9092 0)
(2.74229 -0.814051 0)
(2.72968 -0.732063 0)
(2.70742 -0.641099 0)
(2.70554 -0.579014 0)
(2.73809 -0.504787 0)
(2.71565 -0.302895 0)
(2.68272 -0.121875 0)
(1.57635 -1.8615 0)
(1.61085 -2.16328 0)
(1.71149 -2.17221 0)
(1.80351 -2.1609 0)
(1.94824 -1.94082 0)
(2.06897 -1.68509 0)
(2.12103 -1.69365 0)
(2.28676 -1.50029 0)
(2.41883 -1.40638 0)
(2.55204 -1.15417 0)
(2.67169 -0.893752 0)
(2.73081 -0.649464 0)
(2.74091 -0.491031 0)
(2.75043 -0.370144 0)
(2.74411 -0.270447 0)
(2.72409 -0.25242 0)
(2.69683 -0.209547 0)
(2.68565 -0.278427 0)
(2.64895 -0.187637 0)
(2.61338 -0.0129111 0)
(1.51168 -1.71662 0)
(1.53932 -1.98365 0)
(1.68663 -1.92787 0)
(1.73539 -1.85517 0)
(1.89953 -1.74639 0)
(2.06619 -1.59776 0)
(2.13438 -1.61088 0)
(2.27854 -1.39769 0)
(2.36518 -1.24494 0)
(2.43456 -1.12275 0)
(2.53818 -0.918521 0)
(2.61098 -0.703016 0)
(2.64956 -0.465927 0)
(2.70792 -0.301044 0)
(2.66853 -0.0523434 0)
(2.65833 0.0485523 0)
(2.6244 0.177029 0)
(2.59841 0.09707 0)
(2.55053 0.12302 0)
(2.58857 0.0384793 0)
(1.36877 -1.51399 0)
(1.56855 -1.75781 0)
(1.75412 -1.75329 0)
(1.77961 -1.47853 0)
(1.84883 -1.62575 0)
(2.11014 -1.46723 0)
(2.33261 -1.38627 0)
(2.45418 -1.18432 0)
(2.52954 -0.920494 0)
(2.5459 -0.837745 0)
(2.58438 -0.639408 0)
(2.6024 -0.466702 0)
(2.59796 -0.297964 0)
(2.62311 -0.189731 0)
(2.58342 0.00259439 0)
(2.5931 0.0998672 0)
(2.53504 0.289407 0)
(2.48415 0.370111 0)
(2.42667 0.404984 0)
(2.45645 0.323683 0)
(1.21362 -1.35122 0)
(1.6743 -1.61546 0)
(1.8412 -1.68466 0)
(1.85338 -1.21765 0)
(1.93741 -1.43282 0)
(2.36034 -1.34243 0)
(2.57534 -0.955232 0)
(2.69355 -0.543883 0)
(2.67146 -0.315126 0)
(2.64645 -0.218695 0)
(2.64176 -0.081629 0)
(2.61403 0.050435 0)
(2.57965 0.144963 0)
(2.54368 0.223598 0)
(2.49525 0.286797 0)
(2.47537 0.297798 0)
(2.43327 0.363917 0)
(2.37475 0.476591 0)
(2.30023 0.595271 0)
(2.29681 0.570046 0)
(1.02329 -1.22868 0)
(1.70762 -1.56975 0)
(2.03062 -1.58454 0)
(2.03541 -1.00805 0)
(2.49475 -0.872622 0)
(2.53197 -1.09282 0)
(2.64303 -0.719981 0)
(2.62639 -0.327175 0)
(2.60039 -0.224742 0)
(2.57361 0.000304868 0)
(2.57011 0.164612 0)
(2.50062 0.364671 0)
(2.45636 0.482314 0)
(2.38262 0.60376 0)
(2.3332 0.644869 0)
(2.29696 0.64338 0)
(2.25828 0.657175 0)
(2.24595 0.658828 0)
(2.17922 0.737416 0)
(2.1336 0.785431 0)
(0.824039 -1.12482 0)
(1.56839 -1.61424 0)
(2.09249 -1.39712 0)
(2.53093 -0.869579 0)
(2.46295 -0.85334 0)
(2.41547 -0.798552 0)
(2.46004 -0.513421 0)
(2.46508 -0.215028 0)
(2.45051 -0.037197 0)
(2.45096 0.140894 0)
(2.41927 0.332007 0)
(2.35251 0.510194 0)
(2.30171 0.633728 0)
(2.22148 0.75891 0)
(2.16099 0.825186 0)
(2.11372 0.852336 0)
(2.0625 0.904773 0)
(2.05658 0.904972 0)
(2.04077 0.92629 0)
(2.06189 0.950023 0)
(1.18161 -1.06439 0)
(1.38694 -1.51354 0)
(2.3533 -0.2041 0)
(2.22768 -0.847893 0)
(2.31461 -0.708546 0)
(2.42697 -0.228528 0)
(2.4197 0.111418 0)
(2.38058 0.286456 0)
(2.31985 0.44 0)
(2.30457 0.571583 0)
(2.20981 0.729008 0)
(2.14102 0.830281 0)
(2.086 0.891755 0)
(2.02916 0.952655 0)
(1.98952 0.964331 0)
(1.95673 0.986 0)
(1.95532 1.01447 0)
(1.9693 0.996652 0)
(1.99357 0.996542 0)
(2.06973 0.979763 0)
(1.26151 -0.395642 0)
(1.86225 -0.456946 0)
(2.29071 -0.445391 0)
(2.32374 -0.130667 0)
(2.36271 0.109203 0)
(2.34842 0.355134 0)
(2.28754 0.561841 0)
(2.1813 0.735098 0)
(2.12585 0.807033 0)
(2.07316 0.922473 0)
(1.97017 1.01936 0)
(1.91335 1.06925 0)
(1.88185 1.0859 0)
(1.86753 1.09309 0)
(1.86981 1.0579 0)
(1.89702 1.0484 0)
(1.96389 1.0193 0)
(2.16608 0.899426 0)
(2.38063 0.790476 0)
(2.77608 0.443642 0)
(1.111 -0.121055 0)
(1.83268 -0.145308 0)
(2.25151 0.056101 0)
(2.23865 0.485532 0)
(2.20069 0.678693 0)
(2.13671 0.799062 0)
(2.0464 0.899727 0)
(1.9649 0.961099 0)
(1.90916 1.03076 0)
(1.8493 1.12276 0)
(1.79079 1.15597 0)
(1.79372 1.15013 0)
(1.81311 1.12967 0)
(1.84932 1.08809 0)
(2.03456 0.955438 0)
(2.25517 0.83268 0)
(2.66618 0.503838 0)
(3.03829 0.089419 0)
(3.0556 -0.0246389 0)
(3.00408 -0.00473245 0)
(1.0207 0.0255994 0)
(1.93031 0.777265 0)
(2.10676 0.864728 0)
(1.99303 0.99106 0)
(1.96457 0.9905 0)
(1.88346 1.078 0)
(1.78736 1.14111 0)
(1.75232 1.14711 0)
(1.74986 1.16347 0)
(1.7285 1.20638 0)
(1.7165 1.1981 0)
(1.87681 1.06742 0)
(2.1094 0.880288 0)
(2.50459 0.573406 0)
(2.9849 0.134997 0)
(3.07338 -0.0294741 0)
(3.00817 -0.0076942 0)
(3.00293 -0.00382091 0)
(3.00123 -0.00218543 0)
(3.00008 -0.00047925 0)
(1.16902 0.759158 0)
(1.82646 1.14956 0)
(1.83881 1.14759 0)
(1.75094 1.18375 0)
(1.71796 1.20262 0)
(1.664 1.24703 0)
(1.65304 1.21791 0)
(1.71952 1.16444 0)
(1.74423 1.23636 0)
(1.77464 1.15347 0)
(2.26301 0.755536 0)
(2.85193 0.217583 0)
(3.09478 -0.0257729 0)
(3.02055 -0.0123185 0)
(3.00472 -0.00550882 0)
(3.00192 -0.00307508 0)
(3.00006 -0.000603758 0)
(2.99998 -2.41681e-05 0)
(2.99999 1.43364e-05 0)
(3 5.91038e-06 0)
(1.57765 1.25288 0)
(1.58377 1.25862 0)
(1.5948 1.26403 0)
(1.60434 1.26553 0)
(1.61581 1.25542 0)
(1.60573 1.26248 0)
(1.87624 1.15983 0)
(2.96054 0.37535 0)
(3.375 -0.636518 0)
(3 6.1708e-11 0)
(3 -7.26732e-11 0)
(3 7.77284e-11 0)
(3 5.36801e-15 0)
(3 -4.25202e-13 0)
(3 -1.19865e-14 0)
(3 1.80532e-14 0)
(3 -8.07833e-15 0)
(3 2.62203e-16 0)
(3 2.66905e-15 0)
(3 1.75646e-15 0)
(1.5744 1.24269 0)
(1.58902 1.25543 0)
(1.60403 1.26427 0)
(1.61246 1.26278 0)
(1.66915 1.23948 0)
(1.76874 1.20022 0)
(2.30026 0.713547 0)
(3.00209 0.0074733 0)
(3 7.0806e-08 0)
(3 -3.12829e-11 0)
(3 -5.43724e-13 0)
(3 -3.29306e-15 0)
(3 1.18463e-15 0)
(3 1.21674e-15 0)
(3 3.88362e-15 0)
(3 3.65899e-15 0)
(3 1.6899e-15 0)
(3 3.2096e-16 0)
(3 1.39717e-15 0)
(3 2.3986e-15 0)
(1.57969 1.25264 0)
(1.59816 1.25847 0)
(1.60234 1.26499 0)
(1.57617 1.28436 0)
(1.7593 1.19477 0)
(2.22661 0.820656 0)
(2.99731 -0.00147855 0)
(3.00005 -0.000300218 0)
(3 5.27701e-07 0)
(3 5.91511e-11 0)
(3 -2.61123e-12 0)
(3 1.42924e-15 0)
(3 1.42359e-15 0)
(3 1.8143e-15 0)
(3 3.63302e-15 0)
(3 3.58136e-15 0)
(3 1.31893e-15 0)
(3 -3.54848e-16 0)
(3 8.02651e-16 0)
(3 1.63014e-15 0)
(1.58276 1.25701 0)
(1.60074 1.26297 0)
(1.61733 1.2711 0)
(1.57349 1.34067 0)
(1.83898 1.11562 0)
(2.71384 0.257563 0)
(3.00448 -0.000441911 0)
(2.99993 5.3735e-05 0)
(3 -7.17606e-07 0)
(3 8.39746e-10 0)
(3 -3.89327e-12 0)
(3 1.0841e-15 0)
(3 2.37883e-15 0)
(3 3.46661e-15 0)
(3 3.84338e-15 0)
(3 3.38032e-15 0)
(3 1.69846e-15 0)
(3 -1.45645e-16 0)
(3 4.8585e-16 0)
(3 1.03781e-15 0)
(1.58612 1.27179 0)
(1.60331 1.2706 0)
(1.63533 1.26455 0)
(1.66212 1.24044 0)
(2.32462 0.656456 0)
(3.0226 -0.0209756 0)
(2.99971 8.50337e-05 0)
(3 -3.93923e-06 0)
(3 7.76682e-08 0)
(3 -8.62733e-10 0)
(3 6.10329e-12 0)
(3 1.65606e-15 0)
(3 2.76166e-15 0)
(3 4.39663e-15 0)
(3 4.28641e-15 0)
(3 2.60444e-15 0)
(3 4.37597e-16 0)
(3 1.33748e-15 0)
(3 -5.2949e-16 0)
(3 2.49943e-16 0)
(1.58787 1.28754 0)
(1.58938 1.28282 0)
(1.6485 1.24509 0)
(1.89506 1.07257 0)
(2.74774 0.215061 0)
(3 -5.81223e-10 0)
(3 1.34877e-08 0)
(3 -1.212e-08 0)
(3 5.12189e-10 0)
(3 1.74254e-12 0)
(3 -1.09172e-13 0)
(3 2.77475e-15 0)
(3 3.21378e-15 0)
(3 3.80091e-15 0)
(3 4.16145e-15 0)
(3 2.74088e-15 0)
(3 2.0117e-15 0)
(3 2.05839e-15 0)
(3 3.74925e-16 0)
(3 -6.0579e-16 0)
(1.58685 1.29778 0)
(1.55011 1.28793 0)
(1.66216 1.22608 0)
(2.0958 0.844052 0)
(3.02267 -0.0177717 0)
(3 -5.93503e-12 0)
(3 -1.24635e-11 0)
(3 2.02201e-11 0)
(3 -3.43888e-12 0)
(3 5.86504e-15 0)
(3 -2.70973e-17 0)
(3 2.79691e-16 0)
(3 3.26821e-15 0)
(3 2.93426e-15 0)
(3 2.64585e-15 0)
(3 2.0086e-15 0)
(3 2.843e-15 0)
(3 2.29594e-15 0)
(3 1.06838e-15 0)
(3 -2.0901e-16 0)
(1.58365 1.32257 0)
(1.50015 1.32418 0)
(1.74566 1.19055 0)
(2.40732 0.550853 0)
(3 -7.14331e-09 0)
(3 3.41694e-11 0)
(3 1.12073e-13 0)
(3 -8.30897e-14 0)
(3 1.89562e-14 0)
(3 -2.04385e-15 0)
(3 -1.67271e-15 0)
(3 1.2979e-16 0)
(3 2.45959e-15 0)
(3 2.58612e-15 0)
(3 1.7894e-15 0)
(3 2.0648e-15 0)
(3 2.20215e-15 0)
(3 8.31929e-17 0)
(3 -8.26681e-16 0)
(3 -1.21039e-16 0)
(1.58177 1.30291 0)
(1.47054 1.33465 0)
(2.00351 1.03947 0)
(2.89124 0.119328 0)
(3 -2.27236e-09 0)
(3 5.57177e-12 0)
(3 -2.10777e-14 0)
(3 -1.66257e-15 0)
(3 -1.65201e-15 0)
(3 -1.74328e-15 0)
(3 -2.05834e-15 0)
(3 -8.27254e-16 0)
(3 1.69548e-15 0)
(3 2.02377e-15 0)
(3 1.50933e-15 0)
(3 1.97868e-15 0)
(3 1.70209e-15 0)
(3 2.30744e-16 0)
(3 -5.89412e-16 0)
(3 -1.56756e-15 0)
(1.6021 1.29688 0)
(1.47896 1.40053 0)
(2.10575 0.870223 0)
(3.01118 -0.00929966 0)
(3 1.285e-08 0)
(3 -2.56768e-11 0)
(3 7.05568e-14 0)
(3 -1.81998e-15 0)
(3 -1.30916e-15 0)
(3 -1.20827e-15 0)
(3 -1.22308e-15 0)
(3 3.91809e-16 0)
(3 8.7935e-16 0)
(3 1.21417e-15 0)
(3 1.29465e-15 0)
(3 1.14159e-15 0)
(3 1.76215e-15 0)
(3 2.32941e-15 0)
(3 -4.63777e-16 0)
(3 -1.26974e-15 0)
(1.6206 1.28066 0)
(1.57618 1.31026 0)
(2.42521 0.529172 0)
(3 -7.21069e-14 0)
(3 -8.40947e-12 0)
(3 1.63913e-13 0)
(3 -3.61577e-15 0)
(3 -8.23336e-16 0)
(3 -1.04404e-15 0)
(3 -1.68629e-16 0)
(3 1.33866e-15 0)
(3 1.6255e-15 0)
(3 1.53118e-15 0)
(3 1.68996e-15 0)
(3 1.70739e-15 0)
(3 1.30119e-15 0)
(3 2.00898e-15 0)
(3 2.72456e-15 0)
(3 2.11464e-15 0)
(3 5.12554e-16 0)
(1.6358 1.26522 0)
(1.65446 1.23149 0)
(2.65632 0.283377 0)
(3 8.50729e-13 0)
(3 -3.62957e-15 0)
(3 1.59884e-16 0)
(3 -7.63361e-16 0)
(3 -1.20063e-15 0)
(3 2.59479e-16 0)
(3 1.53506e-15 0)
(3 2.21442e-15 0)
(3 2.01344e-15 0)
(3 2.02125e-15 0)
(3 2.27988e-15 0)
(3 2.23619e-15 0)
(3 2.00656e-15 0)
(3 2.51571e-15 0)
(3 2.99843e-15 0)
(3 1.71533e-15 0)
(3 -4.02683e-17 0)
(1.6536 1.24269 0)
(1.7904 1.10393 0)
(2.86705 0.0933165 0)
(3 -1.04725e-12 0)
(3 1.8193e-16 0)
(3 1.24974e-16 0)
(3 5.36631e-16 0)
(3 -4.19017e-16 0)
(3 3.17552e-16 0)
(3 1.19188e-15 0)
(3 1.49056e-15 0)
(3 1.74864e-15 0)
(3 1.86951e-15 0)
(3 1.75331e-15 0)
(3 1.28776e-15 0)
(3 1.34495e-15 0)
(3 2.20705e-15 0)
(3 2.78775e-15 0)
(3 3.85791e-15 0)
(3 4.614e-15 0)
(1.68513 1.1988 0)
(1.92321 0.963958 0)
(2.99899 0.000352699 0)
(3 2.02465e-14 0)
(3 2.93864e-16 0)
(3 -3.0569e-16 0)
(3 -3.62192e-16 0)
(3 -5.16473e-16 0)
(3 1.07589e-16 0)
(3 6.58268e-16 0)
(3 1.01153e-15 0)
(3 1.47662e-15 0)
(3 1.87253e-15 0)
(3 2.01434e-15 0)
(3 1.28296e-15 0)
(3 1.15417e-15 0)
(3 1.36251e-15 0)
(3 1.9113e-15 0)
(3 2.84788e-15 0)
(3 3.54695e-15 0)
(1.71902 1.15842 0)
(2.05612 0.829643 0)
(3 -2.99785e-17 0)
(3 2.79436e-16 0)
(3 2.13262e-16 0)
(3 -6.34346e-16 0)
(3 -8.48492e-16 0)
(3 -9.53461e-16 0)
(3 -7.46447e-16 0)
(3 -3.87355e-16 0)
(3 -3.05231e-16 0)
(3 9.17381e-17 0)
(3 1.07185e-15 0)
(3 9.82466e-16 0)
(3 6.96819e-16 0)
(3 3.75132e-16 0)
(3 1.63981e-16 0)
(3 -7.50722e-17 0)
(3 6.77582e-16 0)
(3 1.06979e-15 0)
(1.7266 1.10802 0)
(2.20045 0.664036 0)
(3 4.73088e-16 0)
(3 -9.12684e-16 0)
(3 -1.68582e-15 0)
(3 -1.66533e-15 0)
(3 -1.58635e-15 0)
(3 -2.02007e-15 0)
(3 -2.26984e-15 0)
(3 -1.98204e-15 0)
(3 -1.72607e-15 0)
(3 -1.43757e-15 0)
(3 -7.45248e-16 0)
(3 -8.00619e-16 0)
(3 -1.14304e-15 0)
(3 -1.06919e-15 0)
(3 -3.61639e-16 0)
(3 -4.30758e-16 0)
(3 -9.99139e-16 0)
(3 -8.36708e-16 0)
(1.83048 1.01756 0)
(2.43432 0.453079 0)
(3 -3.77576e-16 0)
(3 -1.1447e-15 0)
(3 -2.10046e-15 0)
(3 -2.64735e-15 0)
(3 -2.53577e-15 0)
(3 -2.02028e-15 0)
(3 -2.18798e-15 0)
(3 -2.46813e-15 0)
(3 -2.18209e-15 0)
(3 -1.70266e-15 0)
(3 -1.10337e-15 0)
(3 1.0559e-16 0)
(3 6.27442e-16 0)
(3 1.93561e-16 0)
(3 6.31155e-16 0)
(3 1.01574e-15 0)
(3 1.38634e-15 0)
(3 1.44937e-15 0)
(1.96249 0.872925 0)
(2.73097 0.196655 0)
(3 3.35461e-15 0)
(3 3.4116e-15 0)
(3 3.67605e-15 0)
(3 3.54154e-15 0)
(3 3.16529e-15 0)
(3 3.23124e-15 0)
(3 3.26394e-15 0)
(3 3.3496e-15 0)
(3 3.45914e-15 0)
(3 3.49007e-15 0)
(3 3.63303e-15 0)
(3 3.8572e-15 0)
(3 4.08911e-15 0)
(3 4.14972e-15 0)
(3 4.33586e-15 0)
(3 4.62807e-15 0)
(3 4.84899e-15 0)
(3 5.06111e-15 0)
(2.0952 0.639431 0)
(2.99257 0.000192944 0)
(3 3.332e-15 0)
(3 3.20735e-15 0)
(3 3.96046e-15 0)
(3 4.12434e-15 0)
(3 4.07842e-15 0)
(3 3.85817e-15 0)
(3 3.88991e-15 0)
(3 4.17022e-15 0)
(3 4.38654e-15 0)
(3 4.05985e-15 0)
(3 3.14332e-15 0)
(3 2.85161e-15 0)
(3 2.81915e-15 0)
(3 2.90861e-15 0)
(3 2.62152e-15 0)
(3 2.41337e-15 0)
(3 2.25571e-15 0)
(3 2.07895e-15 0)
(1.99319 0.379619 0)
(2.99992 -1.18212e-05 0)
(3 8.2932e-16 0)
(3 -4.48427e-16 0)
(3 1.04038e-15 0)
(3 1.24063e-15 0)
(3 7.00143e-16 0)
(3 4.36951e-16 0)
(3 1.66361e-16 0)
(3 1.44025e-16 0)
(3 6.96486e-16 0)
(3 8.71244e-16 0)
(3 4.92709e-16 0)
(3 3.20037e-16 0)
(3 2.30221e-17 0)
(3 -1.63918e-16 0)
(3 -2.94242e-16 0)
(3 -3.96525e-16 0)
(3 -3.67953e-16 0)
(3 -4.51115e-16 0)
(1.99264 -0.379186 0)
(2.9999 1.72348e-05 0)
(3 -1.50405e-16 0)
(3 -3.47566e-16 0)
(3 -9.67008e-16 0)
(3 -1.18403e-15 0)
(3 -1.31611e-15 0)
(3 -1.46158e-15 0)
(3 -1.39827e-15 0)
(3 -1.42547e-15 0)
(3 -1.55129e-15 0)
(3 -1.83946e-15 0)
(3 -1.82488e-15 0)
(3 -1.79624e-15 0)
(3 -1.7479e-15 0)
(3 -1.75227e-15 0)
(3 -1.67079e-15 0)
(3 -1.5934e-15 0)
(3 -1.55624e-15 0)
(3 -1.58928e-15 0)
(2.09118 -0.641486 0)
(2.99282 -0.000158308 0)
(3 -1.19977e-15 0)
(3 -5.32474e-16 0)
(3 4.93238e-16 0)
(3 3.23664e-16 0)
(3 3.48052e-16 0)
(3 -1.84397e-16 0)
(3 -8.83583e-16 0)
(3 -1.63618e-15 0)
(3 -2.5699e-15 0)
(3 -2.76996e-15 0)
(3 -2.73734e-15 0)
(3 -2.80251e-15 0)
(3 -2.84558e-15 0)
(3 -2.92125e-15 0)
(3 -2.99683e-15 0)
(3 -3.30227e-15 0)
(3 -3.88402e-15 0)
(3 -4.20594e-15 0)
(1.96143 -0.868449 0)
(2.73592 -0.192299 0)
(3 -8.21932e-16 0)
(3 -4.40842e-16 0)
(3 -8.13569e-16 0)
(3 -8.52386e-16 0)
(3 -9.13596e-16 0)
(3 -1.22418e-15 0)
(3 -1.54785e-15 0)
(3 -1.84265e-15 0)
(3 -2.38139e-15 0)
(3 -2.44101e-15 0)
(3 -2.54683e-15 0)
(3 -2.35958e-15 0)
(3 -2.49715e-15 0)
(3 -2.63814e-15 0)
(3 -3.04231e-15 0)
(3 -3.40866e-15 0)
(3 -3.69617e-15 0)
(3 -3.92477e-15 0)
(1.83721 -1.01925 0)
(2.4403 -0.450484 0)
(3 1.96906e-15 0)
(3 2.63809e-15 0)
(3 3.58546e-15 0)
(3 2.50684e-15 0)
(3 7.95127e-16 0)
(3 8.03934e-17 0)
(3 -1.6167e-16 0)
(3 -1.07513e-16 0)
(3 1.55237e-17 0)
(3 -3.15689e-16 0)
(3 -6.80328e-16 0)
(3 -9.16284e-16 0)
(3 -8.12793e-16 0)
(3 -1.09378e-15 0)
(3 -1.24952e-15 0)
(3 -1.75875e-15 0)
(3 -2.03721e-15 0)
(3 -2.18467e-15 0)
(1.72751 -1.10874 0)
(2.19873 -0.664227 0)
(3 -3.96447e-16 0)
(3 1.00399e-15 0)
(3 1.29994e-15 0)
(3 1.5362e-15 0)
(3 6.58514e-16 0)
(3 -8.4198e-17 0)
(3 -5.11143e-16 0)
(3 -6.60818e-16 0)
(3 -9.41588e-16 0)
(3 -1.07337e-15 0)
(3 -1.39117e-15 0)
(3 -1.56682e-15 0)
(3 -2.08506e-15 0)
(3 -2.22332e-15 0)
(3 -2.24624e-15 0)
(3 -2.38843e-15 0)
(3 -2.17143e-15 0)
(3 -1.38859e-15 0)
(1.71148 -1.15934 0)
(2.04997 -0.832671 0)
(3 -1.09315e-15 0)
(3 -5.40079e-16 0)
(3 -3.38631e-16 0)
(3 -1.16019e-15 0)
(3 -1.55535e-15 0)
(3 -1.55919e-15 0)
(3 -1.4341e-15 0)
(3 -1.97267e-15 0)
(3 -2.76804e-15 0)
(3 -3.25679e-15 0)
(3 -3.23638e-15 0)
(3 -2.93147e-15 0)
(3 -3.02026e-15 0)
(3 -2.36382e-15 0)
(3 -2.25714e-15 0)
(3 -2.09787e-15 0)
(3 -1.6568e-15 0)
(3 -9.43381e-16 0)
(1.68825 -1.19672 0)
(1.92509 -0.964248 0)
(2.99948 -0.000162764 0)
(3 -1.36451e-14 0)
(3 -6.26537e-16 0)
(3 -1.38696e-15 0)
(3 -1.91108e-15 0)
(3 -2.28664e-15 0)
(3 -2.99814e-15 0)
(3 -3.72216e-15 0)
(3 -3.77943e-15 0)
(3 -3.69567e-15 0)
(3 -3.2274e-15 0)
(3 -2.95801e-15 0)
(3 -2.6228e-15 0)
(3 -2.28127e-15 0)
(3 -2.09501e-15 0)
(3 -1.79307e-15 0)
(3 -1.42114e-15 0)
(3 -1.17947e-15 0)
(1.65508 -1.24256 0)
(1.79424 -1.10284 0)
(2.86854 -0.0922431 0)
(3 1.40084e-12 0)
(3 -1.47967e-15 0)
(3 -1.63663e-15 0)
(3 -2.15633e-15 0)
(3 -2.99227e-15 0)
(3 -3.09245e-15 0)
(3 -3.77307e-15 0)
(3 -3.73805e-15 0)
(3 -3.43035e-15 0)
(3 -2.99137e-15 0)
(3 -2.42308e-15 0)
(3 -1.9035e-15 0)
(3 -1.64134e-15 0)
(3 -1.3102e-15 0)
(3 -8.06572e-16 0)
(3 -4.24674e-16 0)
(3 -1.68948e-16 0)
(1.63536 -1.26592 0)
(1.64834 -1.23434 0)
(2.65489 -0.284734 0)
(3 -9.05782e-13 0)
(3 -9.27203e-15 0)
(3 -2.5716e-15 0)
(3 -1.74079e-15 0)
(3 -2.89234e-15 0)
(3 -2.96265e-15 0)
(3 -3.46479e-15 0)
(3 -3.03146e-15 0)
(3 -2.82008e-15 0)
(3 -1.96701e-15 0)
(3 -1.26467e-15 0)
(3 -1.12086e-15 0)
(3 -7.73542e-16 0)
(3 -4.70862e-16 0)
(3 -3.92481e-16 0)
(3 -5.95353e-16 0)
(3 -3.58897e-16 0)
(1.6207 -1.28029 0)
(1.5803 -1.30744 0)
(2.43161 -0.522937 0)
(3 -3.52676e-13 0)
(3 8.46663e-12 0)
(3 -1.5453e-13 0)
(3 1.33317e-15 0)
(3 -2.11658e-15 0)
(3 -2.46058e-15 0)
(3 -2.29912e-15 0)
(3 -2.37831e-15 0)
(3 -2.005e-15 0)
(3 -9.77921e-16 0)
(3 -6.65618e-16 0)
(3 -7.66504e-16 0)
(3 -3.74749e-16 0)
(3 -6.62942e-16 0)
(3 -1.38771e-15 0)
(3 -7.70077e-16 0)
(3 -2.04473e-16 0)
(1.6036 -1.29706 0)
(1.4822 -1.39963 0)
(2.10528 -0.866986 0)
(3.01132 0.00948 0)
(3 -1.26808e-08 0)
(3 2.79341e-11 0)
(3 -8.3669e-14 0)
(3 -1.01343e-15 0)
(3 -2.0182e-15 0)
(3 -2.48727e-15 0)
(3 -2.53312e-15 0)
(3 -2.33649e-15 0)
(3 -1.11354e-15 0)
(3 -5.25383e-16 0)
(3 -5.00864e-16 0)
(3 -7.32695e-16 0)
(3 -7.421e-16 0)
(3 -4.52526e-16 0)
(3 2.3767e-15 0)
(3 4.08759e-15 0)
(1.5833 -1.3045 0)
(1.4709 -1.3365 0)
(1.99071 -1.04227 0)
(2.88418 -0.124782 0)
(3 2.14119e-09 0)
(3 -5.00911e-12 0)
(3 9.48958e-15 0)
(3 -1.78798e-15 0)
(3 -1.93574e-15 0)
(3 -2.29499e-15 0)
(3 -2.64233e-15 0)
(3 -1.58564e-15 0)
(3 -2.52893e-16 0)
(3 -1.52951e-16 0)
(3 -3.73841e-16 0)
(3 -1.56498e-16 0)
(3 1.2578e-15 0)
(3 2.58048e-15 0)
(3 4.02892e-15 0)
(3 5.46914e-15 0)
(1.5815 -1.32132 0)
(1.50122 -1.32241 0)
(1.75599 -1.18918 0)
(2.4173 -0.548591 0)
(3 3.46092e-09 0)
(3 -3.01181e-11 0)
(3 -1.70354e-13 0)
(3 1.27937e-14 0)
(3 -4.82323e-15 0)
(3 -1.80078e-15 0)
(3 -1.87141e-15 0)
(3 -5.29497e-16 0)
(3 5.39849e-16 0)
(3 1.77183e-16 0)
(3 5.78121e-16 0)
(3 1.22341e-15 0)
(3 2.60896e-15 0)
(3 3.62727e-15 0)
(3 4.54526e-15 0)
(3 5.38835e-15 0)
(1.58575 -1.29622 0)
(1.54881 -1.28523 0)
(1.65612 -1.23288 0)
(2.0809 -0.858105 0)
(3.01815 0.0129521 0)
(3 -3.3447e-12 0)
(3 9.19524e-12 0)
(3 -6.63664e-12 0)
(3 7.69341e-13 0)
(3 -2.42133e-14 0)
(3 -3.7333e-16 0)
(3 4.47141e-16 0)
(3 8.94878e-16 0)
(3 2.07923e-16 0)
(3 1.58981e-15 0)
(3 2.24475e-15 0)
(3 3.81959e-15 0)
(3 3.53712e-15 0)
(3 3.81237e-15 0)
(3 4.90528e-15 0)
(1.58764 -1.28671 0)
(1.58847 -1.27946 0)
(1.6477 -1.24076 0)
(1.89315 -1.07089 0)
(2.75696 -0.209162 0)
(3 5.77496e-10 0)
(3 -1.3632e-08 0)
(3 1.22709e-08 0)
(3 -5.22071e-10 0)
(3 -1.94284e-12 0)
(3 1.11772e-13 0)
(3 -1.19914e-15 0)
(3 7.85112e-16 0)
(3 3.14349e-16 0)
(3 1.7952e-15 0)
(3 2.68199e-15 0)
(3 4.29804e-15 0)
(3 3.45134e-15 0)
(3 3.92798e-15 0)
(3 4.80107e-15 0)
(1.58723 -1.27193 0)
(1.60564 -1.26856 0)
(1.63706 -1.2621 0)
(1.68809 -1.22453 0)
(2.33096 -0.64774 0)
(3.02239 0.0207949 0)
(2.99972 -0.000112721 0)
(3 4.04231e-06 0)
(3 -7.9407e-08 0)
(3 8.65419e-10 0)
(3 -1.14656e-12 0)
(3 5.66885e-15 0)
(3 6.20847e-16 0)
(3 3.66085e-16 0)
(3 1.07089e-15 0)
(3 3.846e-15 0)
(3 4.62045e-15 0)
(3 4.66987e-15 0)
(3 4.79678e-15 0)
(3 4.381e-15 0)
(1.58383 -1.25761 0)
(1.60238 -1.26336 0)
(1.61988 -1.27112 0)
(1.57348 -1.3401 0)
(1.83141 -1.12025 0)
(2.70434 -0.265071 0)
(3.00479 0.00110344 0)
(2.99993 -5.86699e-05 0)
(3 7.20002e-07 0)
(3 -8.38994e-10 0)
(3 3.51985e-13 0)
(3 1.3276e-16 0)
(3 1.05231e-15 0)
(3 7.83566e-16 0)
(3 6.22002e-16 0)
(3 3.24484e-15 0)
(3 4.02433e-15 0)
(3 5.36618e-15 0)
(3 4.30504e-15 0)
(3 4.71487e-15 0)
(1.58058 -1.25388 0)
(1.59813 -1.25942 0)
(1.59818 -1.26767 0)
(1.56834 -1.29366 0)
(1.74858 -1.20031 0)
(2.21506 -0.827935 0)
(2.99361 -0.00245672 0)
(3.00012 0.000369101 0)
(3 -5.2823e-07 0)
(3 -5.98843e-11 0)
(3 7.55858e-13 0)
(3 -1.48804e-15 0)
(3 1.35163e-15 0)
(3 9.07853e-16 0)
(3 -5.53589e-16 0)
(3 2.44958e-15 0)
(3 3.92701e-15 0)
(3 4.79811e-15 0)
(3 3.93885e-15 0)
(3 4.4741e-15 0)
(1.57436 -1.2444 0)
(1.58849 -1.25673 0)
(1.60095 -1.26528 0)
(1.60576 -1.26211 0)
(1.67108 -1.23986 0)
(1.76925 -1.20568 0)
(2.31201 -0.708441 0)
(3.00332 -0.00631021 0)
(3 -6.72945e-08 0)
(3 3.09844e-11 0)
(3 1.26727e-13 0)
(3 -1.3919e-15 0)
(3 5.15861e-16 0)
(3 -1.95836e-16 0)
(3 -9.58141e-16 0)
(3 1.39431e-16 0)
(3 2.01665e-15 0)
(3 3.16158e-15 0)
(3 2.5996e-15 0)
(3 4.16165e-15 0)
(1.57686 -1.25299 0)
(1.5826 -1.25883 0)
(1.59358 -1.26405 0)
(1.60503 -1.26421 0)
(1.62167 -1.25135 0)
(1.60889 -1.26205 0)
(1.88211 -1.15635 0)
(2.9641 -0.364187 0)
(3.36673 0.619246 0)
(3 -6.29522e-11 0)
(3 7.356e-11 0)
(3 -7.80966e-11 0)
(3 -4.5128e-15 0)
(3 4.24982e-13 0)
(3 1.29117e-14 0)
(3 -1.54662e-14 0)
(3 1.38469e-14 0)
(3 3.39149e-15 0)
(3 4.16298e-15 0)
(3 6.28786e-15 0)
(1.17345 -0.753119 0)
(1.82529 -1.15244 0)
(1.83734 -1.15258 0)
(1.74927 -1.18907 0)
(1.71657 -1.2048 0)
(1.6654 -1.24795 0)
(1.65389 -1.2187 0)
(1.72038 -1.16472 0)
(1.7458 -1.23409 0)
(1.77407 -1.1511 0)
(2.26213 -0.754791 0)
(2.85163 -0.217837 0)
(3.09429 0.0251979 0)
(3.02037 0.0121851 0)
(3.00467 0.00545783 0)
(3.00191 0.00305946 0)
(3.00006 0.000604756 0)
(2.99998 2.45089e-05 0)
(2.99999 -1.43442e-05 0)
(3 -5.91402e-06 0)
(1.00719 -0.0406472 0)
(1.92719 -0.732226 0)
(2.10962 -0.814045 0)
(1.99602 -0.963621 0)
(1.96819 -0.979597 0)
(1.88508 -1.07521 0)
(1.7887 -1.14167 0)
(1.75294 -1.14728 0)
(1.74988 -1.1635 0)
(1.72728 -1.20634 0)
(1.71416 -1.19858 0)
(1.87561 -1.06885 0)
(2.11112 -0.881106 0)
(2.5086 -0.571863 0)
(2.98717 -0.133052 0)
(3.07325 0.0297721 0)
(3.00812 0.00768371 0)
(3.00292 0.0038232 0)
(3.00123 0.00218726 0)
(3.00008 0.000478954 0)
(1.10995 0.130563 0)
(1.91647 -0.166734 0)
(2.26405 -0.221441 0)
(2.25018 -0.488494 0)
(2.20236 -0.675319 0)
(2.1359 -0.797782 0)
(2.04831 -0.896384 0)
(1.96689 -0.957839 0)
(1.90912 -1.02924 0)
(1.84816 -1.12296 0)
(1.78942 -1.15655 0)
(1.79333 -1.15044 0)
(1.81395 -1.12963 0)
(1.8507 -1.08764 0)
(2.03535 -0.954689 0)
(2.25512 -0.832172 0)
(2.66639 -0.503495 0)
(3.03847 -0.0892468 0)
(3.05554 0.0246626 0)
(3.00408 0.00472874 0)
(0.950225 0.474441 0)
(1.66246 0.194382 0)
(2.19941 0.654679 0)
(2.32246 0.127627 0)
(2.36652 -0.107172 0)
(2.35202 -0.35294 0)
(2.28715 -0.565772 0)
(2.18078 -0.737242 0)
(2.12515 -0.806072 0)
(2.07173 -0.922322 0)
(1.969 -1.01988 0)
(1.91334 -1.06946 0)
(1.8827 -1.08548 0)
(1.86847 -1.09267 0)
(1.86979 -1.05804 0)
(1.89634 -1.04888 0)
(1.96334 -1.01977 0)
(2.16623 -0.899421 0)
(2.38108 -0.789948 0)
(2.77628 -0.442967 0)
(0.886785 0.806905 0)
(1.19307 1.1457 0)
(2.28769 0.280396 0)
(2.25368 0.756979 0)
(2.32153 0.694841 0)
(2.43739 0.233031 0)
(2.42471 -0.110455 0)
(2.3811 -0.290971 0)
(2.31898 -0.442983 0)
(2.30267 -0.573447 0)
(2.20818 -0.730241 0)
(2.14112 -0.830219 0)
(2.08728 -0.89049 0)
(2.03041 -0.951546 0)
(1.98947 -0.964904 0)
(1.95562 -0.987442 0)
(1.95516 -1.01517 0)
(1.96919 -0.996536 0)
(1.9937 -0.996178 0)
(2.06985 -0.979271 0)
(1.0198 1.13657 0)
(1.34456 1.21764 0)
(1.86066 0.790523 0)
(2.36627 1.03083 0)
(2.48387 0.840329 0)
(2.42102 0.810965 0)
(2.46018 0.520047 0)
(2.46242 0.216303 0)
(2.44917 0.037908 0)
(2.44992 -0.138063 0)
(2.41783 -0.329361 0)
(2.35305 -0.507399 0)
(2.30343 -0.631297 0)
(2.22253 -0.758239 0)
(2.16064 -0.827167 0)
(2.11278 -0.854756 0)
(2.06254 -0.905721 0)
(2.05689 -0.904721 0)
(2.04126 -0.925344 0)
(2.06181 -0.949598 0)
(1.24502 1.30983 0)
(1.47127 1.31912 0)
(1.81322 1.0612 0)
(1.92767 1.50982 0)
(2.54377 0.881123 0)
(2.52813 1.0998 0)
(2.63829 0.714803 0)
(2.62354 0.328643 0)
(2.60153 0.235508 0)
(2.57434 0.00494411 0)
(2.56821 -0.163612 0)
(2.5005 -0.362786 0)
(2.45734 -0.480558 0)
(2.38347 -0.603418 0)
(2.33353 -0.646621 0)
(2.29734 -0.644559 0)
(2.25899 -0.657036 0)
(2.24676 -0.658269 0)
(2.17894 -0.737378 0)
(2.13358 -0.784478 0)
(1.45224 1.46445 0)
(1.62812 1.50682 0)
(1.8511 1.33619 0)
(1.85637 1.48567 0)
(1.99486 1.39654 0)
(2.33966 1.33686 0)
(2.5668 0.950232 0)
(2.70405 0.530455 0)
(2.68058 0.307523 0)
(2.64752 0.213989 0)
(2.63984 0.0803158 0)
(2.61414 -0.0473345 0)
(2.58105 -0.14219 0)
(2.54535 -0.222005 0)
(2.49595 -0.287911 0)
(2.47604 -0.298948 0)
(2.43367 -0.365414 0)
(2.37522 -0.47787 0)
(2.30001 -0.596044 0)
(2.29564 -0.571557 0)
(1.56693 1.63241 0)
(1.61785 1.7328 0)
(1.70251 1.59445 0)
(1.78224 1.54989 0)
(1.93239 1.53778 0)
(2.1385 1.43337 0)
(2.33575 1.36233 0)
(2.45232 1.17434 0)
(2.52807 0.921049 0)
(2.54228 0.841029 0)
(2.58252 0.642623 0)
(2.60278 0.470389 0)
(2.59992 0.300493 0)
(2.62451 0.188728 0)
(2.58357 -0.00600831 0)
(2.59286 -0.103737 0)
(2.53504 -0.292756 0)
(2.48457 -0.370371 0)
(2.42692 -0.404194 0)
(2.45719 -0.321119 0)
(1.64631 1.79644 0)
(1.575 1.99268 0)
(1.5415 1.96098 0)
(1.72967 1.82355 0)
(1.95038 1.71618 0)
(2.09483 1.58464 0)
(2.1356 1.59538 0)
(2.2701 1.39306 0)
(2.35782 1.24362 0)
(2.42993 1.12019 0)
(2.53692 0.919308 0)
(2.61136 0.702518 0)
(2.65124 0.465723 0)
(2.70707 0.296223 0)
(2.66726 0.0480772 0)
(2.65685 -0.0505744 0)
(2.62439 -0.175842 0)
(2.59932 -0.0937017 0)
(2.55069 -0.120706 0)
(2.58839 -0.0382085 0)
(1.72853 1.92742 0)
(1.61731 2.18189 0)
(1.65068 2.23581 0)
(1.76596 2.11604 0)
(1.92888 1.92687 0)
(2.04535 1.70873 0)
(2.13539 1.65743 0)
(2.27634 1.49221 0)
(2.41246 1.39168 0)
(2.5466 1.14814 0)
(2.66861 0.895723 0)
(2.72688 0.648222 0)
(2.73776 0.49009 0)
(2.74699 0.368407 0)
(2.74197 0.27123 0)
(2.72294 0.254989 0)
(2.69645 0.213855 0)
(2.68618 0.281437 0)
(2.6476 0.186322 0)
(2.61507 0.0138428 0)
(1.75893 1.95451 0)
(1.71747 2.21282 0)
(1.78214 2.26665 0)
(1.85172 2.22458 0)
(2.00672 2.01211 0)
(2.16142 1.79592 0)
(2.326 1.64955 0)
(2.48387 1.49886 0)
(2.64563 1.40879 0)
(2.73071 1.12864 0)
(2.76846 1.13931 0)
(2.78758 0.926581 0)
(2.74791 0.907624 0)
(2.73852 0.813268 0)
(2.7274 0.731611 0)
(2.70662 0.64345 0)
(2.70562 0.581668 0)
(2.73835 0.505326 0)
(2.71527 0.299513 0)
(2.68488 0.123926 0)
(1.63226 1.86384 0)
(1.84849 2.17437 0)
(1.88348 2.28852 0)
(2.04172 2.27854 0)
(2.22345 2.12336 0)
(2.30528 2.07529 0)
(2.42782 1.75481 0)
(2.49314 1.62874 0)
(2.55765 1.59351 0)
(2.60552 1.48222 0)
(2.56953 1.52779 0)
(2.61737 1.34953 0)
(2.60259 1.23454 0)
(2.63466 1.14522 0)
(2.66534 0.999449 0)
(2.69861 0.867175 0)
(2.75965 0.753576 0)
(2.79365 0.542818 0)
(2.79527 0.375522 0)
(2.74981 0.311492 0)
(1.49944 1.75587 0)
(1.70173 2.07284 0)
(1.95817 2.25369 0)
(2.06365 2.26267 0)
(2.25739 2.1794 0)
(2.28926 2.21274 0)
(2.38304 1.83887 0)
(2.30973 1.84759 0)
(2.29279 1.84519 0)
(2.30996 1.77027 0)
(2.36708 1.64155 0)
(2.46928 1.52311 0)
(2.53166 1.34744 0)
(2.65009 1.26235 0)
(2.69944 1.10036 0)
(2.77359 0.91394 0)
(2.82334 0.756119 0)
(2.8336 0.572993 0)
(2.76676 0.599454 0)
(2.72379 0.630048 0)
(1.34719 1.59514 0)
(1.53043 1.91427 0)
(1.76637 2.14773 0)
(1.92141 2.24643 0)
(2.19095 2.23963 0)
(2.14443 2.30982 0)
(2.16864 2.04668 0)
(2.06268 1.96797 0)
(2.06697 1.9139 0)
(2.17001 1.83226 0)
(2.29463 1.66718 0)
(2.4852 1.56526 0)
(2.57062 1.42778 0)
(2.72728 1.33106 0)
(2.78288 1.12153 0)
(2.79772 1.03328 0)
(2.7584 1.03238 0)
(2.75521 0.959445 0)
(2.69359 1.08271 0)
(2.68675 0.980873 0)
(1.33328 1.4444 0)
(1.47469 1.79085 0)
(1.63813 2.00779 0)
(1.74032 2.20905 0)
(1.85366 2.27084 0)
(1.93938 2.33385 0)
(1.98027 2.11217 0)
(1.98616 1.98884 0)
(2.00869 1.95695 0)
(2.19813 1.86025 0)
(2.37661 1.67507 0)
(2.53733 1.6138 0)
(2.64599 1.44821 0)
(2.66564 1.43805 0)
(2.66707 1.40491 0)
(2.63208 1.46527 0)
(2.61475 1.4236 0)
(2.61777 1.31194 0)
(2.64505 1.32676 0)
(2.71654 1.13082 0)
(1.40755 1.41484 0)
(1.5411 1.68794 0)
(1.61611 1.90771 0)
(1.69218 2.10207 0)
(1.76628 2.23398 0)
(1.79939 2.27762 0)
(1.88204 2.16798 0)
(2.01624 1.98848 0)
(2.06878 1.97254 0)
(2.29087 1.90664 0)
(2.42767 1.80611 0)
(2.47315 1.80991 0)
(2.50402 1.76616 0)
(2.44445 1.80109 0)
(2.43824 1.73785 0)
(2.47289 1.6897 0)
(2.52237 1.56743 0)
(2.60045 1.46346 0)
(2.68199 1.36476 0)
(2.80257 1.19149 0)
(1.53574 1.36857 0)
(1.63696 1.54006 0)
(1.68683 1.6904 0)
(1.72642 1.87979 0)
(1.80472 2.09509 0)
(1.88616 2.21073 0)
(1.9416 2.27298 0)
(1.99307 2.21161 0)
(1.97982 2.2269 0)
(2.09649 2.11673 0)
(2.13083 2.13261 0)
(2.18707 2.03138 0)
(2.23154 1.94782 0)
(2.25692 1.91449 0)
(2.31997 1.82048 0)
(2.42368 1.76839 0)
(2.52161 1.69648 0)
(2.62434 1.63813 0)
(2.70251 1.5526 0)
(2.74491 1.51546 0)
(1.74499 1.34586 0)
(1.6139 1.39873 0)
(1.64699 1.32159 0)
(1.73093 1.2329 0)
(1.82902 1.20959 0)
(1.92172 1.28567 0)
(1.95435 1.60451 0)
(1.81467 1.56841 0)
(1.6915 1.45987 0)
(1.70558 1.23352 0)
(1.77649 1.35101 0)
(1.87661 1.459 0)
(1.90529 1.44495 0)
(1.89952 1.28165 0)
(1.94173 1.05403 0)
(2.07564 0.86925 0)
(2.15659 0.793503 0)
(2.33543 0.864435 0)
(2.48564 1.04791 0)
(2.51907 1.29213 0)
(1.47685 0.421488 0)
(1.31817 0.594584 0)
(1.34453 0.330356 0)
(1.38841 0.296377 0)
(1.4662 0.158217 0)
(1.63105 0.189262 0)
(1.68896 0.28672 0)
(1.61662 0.299375 0)
(1.51834 0.270031 0)
(1.49399 0.186365 0)
(1.51249 0.201184 0)
(1.55995 0.300626 0)
(1.56839 0.303684 0)
(1.55855 0.247043 0)
(1.57732 0.0916466 0)
(1.67077 -0.0056548 0)
(1.76738 0.00835737 0)
(1.80777 0.0479284 0)
(1.8549 0.177697 0)
(1.90783 0.293556 0)
(1.93083 -0.151802 0)
(2.0445 -0.140634 0)
(2.09155 -0.104443 0)
(2.10745 -0.0363887 0)
(2.11699 -0.00579243 0)
(2.13119 -0.0218981 0)
(2.17448 -0.00954206 0)
(2.19418 -0.0119024 0)
(2.19918 -0.0107052 0)
(2.19963 -0.00797245 0)
(2.19815 -0.00799668 0)
(2.20331 -0.00767826 0)
(2.22819 -0.00680568 0)
(2.24644 -0.00969928 0)
(2.25563 -0.0118684 0)
(2.26204 -0.00944924 0)
(2.26131 -0.00748069 0)
(2.26384 -0.00635083 0)
(2.27286 -0.00109731 0)
(2.2836 0.000426987 0)
(2.26858 -0.759742 0)
(2.31911 -0.54442 0)
(2.31706 -0.354493 0)
(2.2994 -0.17527 0)
(2.27443 -0.00961695 0)
(2.27196 -0.0183077 0)
(2.25652 0.00951685 0)
(2.25329 -0.0220937 0)
(2.2767 -0.0379247 0)
(2.2778 -0.0471062 0)
(2.27611 -0.0422928 0)
(2.27873 -0.0163578 0)
(2.29411 0.0113282 0)
(2.30733 0.00286566 0)
(2.30832 -0.0124023 0)
(2.29866 -0.0194974 0)
(2.29178 -0.0156432 0)
(2.29235 -0.00623985 0)
(2.30351 0.00534482 0)
(2.31017 0.000949151 0)
(2.67069 -1.47866 0)
(2.64905 -1.42883 0)
(2.59476 -1.10948 0)
(2.60527 -0.816038 0)
(2.60468 -0.436256 0)
(2.63702 -0.272706 0)
(2.50247 -0.0170843 0)
(2.42026 -0.0383641 0)
(2.38706 -0.0423352 0)
(2.41755 -0.0401264 0)
(2.43131 -0.0479226 0)
(2.41419 -0.0274764 0)
(2.40836 0.00659211 0)
(2.40967 0.00735902 0)
(2.40325 -0.0130082 0)
(2.39062 -0.0185409 0)
(2.38155 -0.0157599 0)
(2.37827 -0.00272148 0)
(2.37591 0.0116056 0)
(2.37414 0.00819943 0)
(2.75787 -1.21735 0)
(2.68863 -1.20782 0)
(2.72333 -1.24899 0)
(2.72793 -1.19251 0)
(2.74552 -1.0565 0)
(2.78616 -0.809908 0)
(2.71728 -0.378849 0)
(2.71222 -0.275532 0)
(2.58442 -0.0815969 0)
(2.55459 -0.0765762 0)
(2.53388 -0.0514788 0)
(2.53334 -0.0285493 0)
(2.51632 0.00487496 0)
(2.50794 0.00518482 0)
(2.49819 -0.0098772 0)
(2.49411 -0.0195072 0)
(2.48567 -0.0165924 0)
(2.47973 -0.00741169 0)
(2.46634 0.00898082 0)
(2.45735 0.00618525 0)
(2.77581 -1.00526 0)
(2.71315 -1.0484 0)
(2.69931 -1.05081 0)
(2.73652 -1.03541 0)
(2.7748 -1.01243 0)
(2.80274 -0.966097 0)
(2.79789 -0.911989 0)
(2.79729 -0.716053 0)
(2.7331 -0.411052 0)
(2.72002 -0.233874 0)
(2.64721 -0.0805298 0)
(2.61435 -0.0327506 0)
(2.59 0.000159208 0)
(2.57425 -0.0042055 0)
(2.55438 -0.0136471 0)
(2.54961 -0.0126238 0)
(2.5484 -0.00930255 0)
(2.54495 -0.00172596 0)
(2.53304 0.00398115 0)
(2.52638 0.00170878 0)
(2.74943 -0.896832 0)
(2.72913 -0.899097 0)
(2.71403 -0.927451 0)
(2.7355 -0.921281 0)
(2.78242 -0.909041 0)
(2.82132 -0.902121 0)
(2.84744 -0.886081 0)
(2.81907 -0.888551 0)
(2.76156 -0.838085 0)
(2.72023 -0.509345 0)
(2.70777 -0.247369 0)
(2.66122 -0.100365 0)
(2.63551 -0.0339026 0)
(2.60387 -0.0300295 0)
(2.5788 -0.0120064 0)
(2.57035 -0.00745576 0)
(2.57172 -0.00475914 0)
(2.57244 0.000801977 0)
(2.56678 0.00576344 0)
(2.56438 -0.00180818 0)
(2.72791 -0.707689 0)
(2.73445 -0.719344 0)
(2.72542 -0.774907 0)
(2.74295 -0.786921 0)
(2.78305 -0.808014 0)
(2.81514 -0.820276 0)
(2.82359 -0.811502 0)
(2.79893 -0.797397 0)
(2.76438 -0.789789 0)
(2.73067 -0.78893 0)
(2.685 -0.60814 0)
(2.66417 -0.3094 0)
(2.62767 -0.11976 0)
(2.59888 -0.0730784 0)
(2.5857 -0.0193541 0)
(2.57593 -0.0123031 0)
(2.57974 -0.00105207 0)
(2.58159 0.00447083 0)
(2.58078 -0.00153072 0)
(2.5777 -0.00906423 0)
(2.70353 -0.494037 0)
(2.72027 -0.587712 0)
(2.74586 -0.649541 0)
(2.76876 -0.662853 0)
(2.78221 -0.714218 0)
(2.78746 -0.755047 0)
(2.79684 -0.742226 0)
(2.76673 -0.726417 0)
(2.73687 -0.731781 0)
(2.68569 -0.718011 0)
(2.68921 -0.735195 0)
(2.69119 -0.644094 0)
(2.64029 -0.343613 0)
(2.62072 -0.171316 0)
(2.5783 -0.0112929 0)
(2.57226 -0.0203796 0)
(2.58241 -0.00107028 0)
(2.58466 0.0115994 0)
(2.58115 -0.00344489 0)
(2.57665 -0.0108432 0)
(2.68243 -0.271451 0)
(2.6989 -0.391612 0)
(2.77181 -0.486813 0)
(2.7917 -0.493689 0)
(2.77793 -0.574979 0)
(2.74488 -0.658417 0)
(2.73994 -0.687489 0)
(2.72408 -0.665478 0)
(2.70381 -0.649071 0)
(2.69136 -0.666803 0)
(2.70187 -0.679097 0)
(2.71326 -0.703112 0)
(2.71281 -0.649012 0)
(2.65772 -0.365877 0)
(2.63199 -0.175392 0)
(2.60809 -0.049717 0)
(2.5988 -0.0042562 0)
(2.58622 0.00163166 0)
(2.56556 -0.0231509 0)
(2.57356 -0.0136063 0)
(2.64059 -0.122189 0)
(2.6734 -0.229049 0)
(2.77644 -0.34521 0)
(2.76996 -0.362887 0)
(2.74442 -0.452039 0)
(2.70744 -0.549467 0)
(2.69641 -0.609163 0)
(2.69217 -0.619776 0)
(2.67604 -0.576284 0)
(2.68245 -0.602806 0)
(2.69843 -0.617223 0)
(2.73012 -0.654778 0)
(2.73004 -0.681024 0)
(2.70905 -0.648674 0)
(2.67346 -0.370496 0)
(2.66047 -0.146504 0)
(2.62014 0.0304851 0)
(2.57358 -0.00572069 0)
(2.56627 -0.0239266 0)
(2.58035 -0.0128484 0)
(2.50955 0.153958 0)
(2.57842 0.00709007 0)
(2.59472 0.0193299 0)
(2.5676 -0.0880712 0)
(2.60789 -0.244405 0)
(2.65665 -0.375207 0)
(2.66725 -0.46216 0)
(2.68515 -0.473701 0)
(2.68813 -0.499319 0)
(2.67314 -0.49348 0)
(2.70429 -0.538233 0)
(2.72106 -0.575344 0)
(2.72155 -0.595957 0)
(2.7448 -0.620093 0)
(2.73593 -0.606271 0)
(2.71883 -0.446204 0)
(2.69372 -0.226281 0)
(2.6778 -0.135972 0)
(2.66379 -0.0341809 0)
(2.62526 -0.00830744 0)
(2.32742 0.59416 0)
(2.46513 0.312206 0)
(2.54428 0.0542424 0)
(2.5489 0.0185986 0)
(2.59923 -0.109106 0)
(2.65767 -0.265676 0)
(2.66338 -0.332508 0)
(2.68495 -0.356724 0)
(2.70307 -0.454191 0)
(2.70465 -0.466352 0)
(2.70234 -0.466596 0)
(2.71713 -0.49376 0)
(2.72622 -0.512322 0)
(2.74885 -0.543841 0)
(2.78192 -0.561532 0)
(2.78379 -0.569956 0)
(2.7717 -0.505703 0)
(2.76044 -0.329923 0)
(2.75807 -0.178692 0)
(2.72104 -0.0490461 0)
(2.34819 0.705147 0)
(2.37463 0.625656 0)
(2.44905 0.449367 0)
(2.54929 0.141413 0)
(2.58094 0.118 0)
(2.58872 0.0516889 0)
(2.61026 -0.046083 0)
(2.61811 -0.0815306 0)
(2.68249 -0.205843 0)
(2.69373 -0.284699 0)
(2.70277 -0.337464 0)
(2.72926 -0.415422 0)
(2.75331 -0.43557 0)
(2.78643 -0.450558 0)
(2.80666 -0.453248 0)
(2.82343 -0.507314 0)
(2.82384 -0.518292 0)
(2.8188 -0.515412 0)
(2.82764 -0.449614 0)
(2.80849 -0.210946 0)
(2.43421 0.686182 0)
(2.43195 0.679146 0)
(2.43168 0.645073 0)
(2.47259 0.528924 0)
(2.52298 0.382824 0)
(2.59518 0.17621 0)
(2.64012 0.0195976 0)
(2.63097 0.00852628 0)
(2.7064 -0.153643 0)
(2.72219 -0.250998 0)
(2.74182 -0.276516 0)
(2.76336 -0.341843 0)
(2.78637 -0.380618 0)
(2.80067 -0.33752 0)
(2.82027 -0.377815 0)
(2.83546 -0.434757 0)
(2.8431 -0.458431 0)
(2.83588 -0.489227 0)
(2.87496 -0.491032 0)
(2.88443 -0.422871 0)
(2.71912 0.44806 0)
(2.59614 0.601809 0)
(2.52934 0.625697 0)
(2.52616 0.613134 0)
(2.5275 0.569273 0)
(2.55494 0.48234 0)
(2.62052 0.301279 0)
(2.66059 0.164673 0)
(2.69857 0.0546615 0)
(2.72374 -0.0315186 0)
(2.727 -0.0122006 0)
(2.75229 -0.100503 0)
(2.77191 -0.156536 0)
(2.77992 -0.211821 0)
(2.82471 -0.299905 0)
(2.8485 -0.34325 0)
(2.87182 -0.359879 0)
(2.8911 -0.391239 0)
(2.91214 -0.42211 0)
(2.92065 -0.426271 0)
(2.9683 0.0704996 0)
(2.85063 0.310259 0)
(2.73868 0.473425 0)
(2.61294 0.579096 0)
(2.60882 0.581251 0)
(2.60722 0.566915 0)
(2.62193 0.509933 0)
(2.6512 0.417146 0)
(2.69546 0.288575 0)
(2.74965 0.118217 0)
(2.75886 0.0757016 0)
(2.79845 -0.0407214 0)
(2.82141 -0.162223 0)
(2.82832 -0.209069 0)
(2.85022 -0.271109 0)
(2.8766 -0.311255 0)
(2.90807 -0.304496 0)
(2.92541 -0.307394 0)
(2.91952 -0.318026 0)
(2.93662 -0.390525 0)
(2.99894 0.00348892 0)
(2.98608 0.0355353 0)
(2.94691 0.138995 0)
(2.82645 0.360156 0)
(2.74298 0.490567 0)
(2.66595 0.555121 0)
(2.66667 0.550958 0)
(2.67092 0.531624 0)
(2.68727 0.481498 0)
(2.7188 0.394059 0)
(2.7647 0.253993 0)
(2.79775 0.161895 0)
(2.81569 0.0871935 0)
(2.82585 0.038522 0)
(2.84113 -0.0229193 0)
(2.85964 -0.0828714 0)
(2.88243 -0.117674 0)
(2.88356 -0.152576 0)
(2.92233 -0.238162 0)
(2.9441 -0.297875 0)
(2.99998 7.3756e-05 0)
(2.99965 0.00087204 0)
(2.99723 0.00796888 0)
(2.97623 0.0607612 0)
(2.92779 0.181255 0)
(2.82448 0.383994 0)
(2.77723 0.462675 0)
(2.71401 0.520913 0)
(2.71344 0.520541 0)
(2.71896 0.504425 0)
(2.73594 0.458353 0)
(2.76885 0.3744 0)
(2.80934 0.256776 0)
(2.84418 0.140474 0)
(2.85797 0.0936634 0)
(2.89219 -0.0285305 0)
(2.90604 -0.118875 0)
(2.91318 -0.169927 0)
(2.93648 -0.226763 0)
(2.96811 -0.266023 0)
(3 1.10868e-06 0)
(3 9.40529e-06 0)
(2.99995 0.000115824 0)
(2.99923 0.00191953 0)
(2.99466 0.0140828 0)
(2.96795 0.0806599 0)
(2.92724 0.189972 0)
(2.83735 0.373442 0)
(2.7956 0.446365 0)
(2.7519 0.492019 0)
(2.75241 0.490683 0)
(2.75833 0.476753 0)
(2.77453 0.437393 0)
(2.80667 0.355983 0)
(2.83975 0.260833 0)
(2.86764 0.174857 0)
(2.88655 0.100206 0)
(2.90642 0.0266762 0)
(2.91704 0.00536502 0)
(2.93323 -0.0554188 0)
(3 1.26266e-08 0)
(3 8.03974e-08 0)
(3 9.45961e-07 0)
(2.99999 1.99162e-05 0)
(2.99989 0.00025559 0)
(2.99871 0.00313533 0)
(2.9933 0.0173418 0)
(2.96495 0.0867418 0)
(2.92635 0.18744 0)
(2.85074 0.353355 0)
(2.81364 0.425315 0)
(2.78444 0.462289 0)
(2.78498 0.461313 0)
(2.7895 0.450861 0)
(2.80392 0.416721 0)
(2.83003 0.353294 0)
(2.86169 0.266531 0)
(2.89173 0.177965 0)
(2.91889 0.0850926 0)
(2.94438 -0.0328228 0)
(3 1.07918e-10 0)
(3 6.33438e-10 0)
(3 6.44543e-09 0)
(3 1.40133e-07 0)
(3 2.11906e-06 0)
(2.99998 3.66327e-05 0)
(2.99985 0.000350989 0)
(2.99834 0.00389658 0)
(2.99248 0.0186698 0)
(2.96577 0.0837488 0)
(2.92597 0.184308 0)
(2.87347 0.307918 0)
(2.82912 0.403937 0)
(2.80763 0.437272 0)
(2.80861 0.435197 0)
(2.8125 0.427425 0)
(2.82576 0.400299 0)
(2.84722 0.350147 0)
(2.87645 0.270017 0)
(2.91087 0.162725 0)
(3 7.07379e-13 0)
(3 4.49341e-12 0)
(3 4.01534e-11 0)
(3 8.46561e-10 0)
(3 1.36728e-08 0)
(3 2.60145e-07 0)
(3 3.149e-06 0)
(2.99998 4.94218e-05 0)
(2.99981 0.000424838 0)
(2.99831 0.00383032 0)
(2.99188 0.0197512 0)
(2.97275 0.0665275 0)
(2.92692 0.178674 0)
(2.88803 0.272376 0)
(2.85212 0.356129 0)
(2.82528 0.421187 0)
(2.82541 0.412899 0)
(2.82944 0.404366 0)
(2.83879 0.386953 0)
(2.87056 0.313309 0)
(3 1.70854e-15 0)
(3 2.66136e-14 0)
(3 2.39075e-13 0)
(3 4.48787e-12 0)
(3 8.00609e-11 0)
(3 1.49904e-09 0)
(3 2.21013e-08 0)
(3 3.51755e-07 0)
(3 4.15045e-06 0)
(2.99998 4.88385e-05 0)
(2.9998 0.000475287 0)
(2.9987 0.00292392 0)
(2.99198 0.0187655 0)
(2.97722 0.055454 0)
(2.94076 0.144483 0)
(2.89058 0.267212 0)
(2.87828 0.304797 0)
(2.84151 0.383592 0)
(2.83995 0.392064 0)
(2.84658 0.379598 0)
(3 -8.7451e-15 0)
(3 -6.53157e-15 0)
(3 -3.42776e-15 0)
(3 1.72114e-14 0)
(3 4.07228e-13 0)
(3 8.00477e-12 0)
(3 1.29057e-10 0)
(3 2.18672e-09 0)
(3 2.75966e-08 0)
(3 3.9065e-07 0)
(3 4.24719e-06 0)
(2.99998 4.18546e-05 0)
(2.99981 0.000420363 0)
(2.99896 0.00244798 0)
(2.99382 0.0143222 0)
(2.98066 0.0448111 0)
(2.94937 0.128953 0)
(2.91758 0.20811 0)
(2.88475 0.299877 0)
(2.87323 0.344353 0)
(3 -4.03291e-15 0)
(3 -4.23699e-15 0)
(3 -3.01913e-15 0)
(3 -2.61107e-15 0)
(3 4.91289e-16 0)
(3 3.2396e-14 0)
(3 5.87368e-13 0)
(3 1.05092e-11 0)
(3 1.43181e-10 0)
(3 2.06773e-09 0)
(3 2.58821e-08 0)
(3 2.67797e-07 0)
(3 3.57607e-06 0)
(2.99998 2.60644e-05 0)
(2.99983 0.000271746 0)
(2.99903 0.00154369 0)
(2.99441 0.00892092 0)
(2.98122 0.0273358 0)
(2.94835 0.0805378 0)
(2.87991 0.154625 0)
(2.41274 0.404932 0)
(2.27252 0.704102 0)
(2.34037 0.736476 0)
(2.54758 0.602618 0)
(2.8593 0.239762 0)
(2.98715 0.0321747 0)
(2.99956 0.00157499 0)
(2.99999 3.87226e-05 0)
(3 5.8642e-07 0)
(3 5.96124e-09 0)
(3 4.29437e-11 0)
(3 2.33735e-13 0)
(3 1.68526e-15 0)
(3 -1.00928e-14 0)
(3 -4.3224e-15 0)
(2.29463 0.630352 0)
(2.25826 0.786464 0)
(2.40044 0.738535 0)
(2.77997 0.372269 0)
(2.98971 0.0357495 0)
(3.00003 0.000478524 0)
(3 -1.04217e-06 0)
(3 -8.32179e-08 0)
(3 -1.53266e-08 0)
(3 -6.40959e-10 0)
(3 -8.44625e-12 0)
(3 -5.71697e-14 0)
(3 -5.33933e-16 0)
(3 -9.53096e-15 0)
(3 -4.2421e-15 0)
(2.19902 0.818253 0)
(2.25076 0.805893 0)
(2.58246 0.56033 0)
(2.94216 0.120771 0)
(2.99888 0.00500133 0)
(2.99999 6.9684e-05 0)
(3 8.66766e-07 0)
(3 1.12286e-08 0)
(3 4.40536e-11 0)
(3 1.96264e-13 0)
(3 1.04211e-14 0)
(3 4.66622e-15 0)
(3 1.83856e-17 0)
(3 -9.57618e-15 0)
(3 -4.0805e-15 0)
(2.17448 0.882083 0)
(2.41341 0.743919 0)
(2.84855 0.269108 0)
(2.99593 0.0149375 0)
(3.00001 8.35588e-05 0)
(3 -9.50789e-07 0)
(3 -6.27675e-09 0)
(3 -1.21928e-09 0)
(3 -6.93796e-11 0)
(3 -1.23081e-12 0)
(3 -6.78678e-15 0)
(3 3.37356e-15 0)
(3 -9.78022e-16 0)
(3 -9.51147e-15 0)
(3 -3.8607e-15 0)
(2.17801 0.897738 0)
(2.66494 0.455716 0)
(2.98431 0.0353337 0)
(2.99997 0.000440026 0)
(3 3.00439e-06 0)
(3 7.19315e-09 0)
(3 -9.81588e-10 0)
(3 -8.26458e-12 0)
(3 8.24236e-14 0)
(3 1.18147e-14 0)
(3 4.29411e-15 0)
(3 3.19754e-15 0)
(3 -1.32979e-15 0)
(3 -9.27453e-15 0)
(3 -3.63301e-15 0)
(2.57151 0.575291 0)
(2.99146 0.0374248 0)
(3.00025 0.000309517 0)
(3 -1.89863e-06 0)
(3 -3.18899e-07 0)
(3 -1.95989e-08 0)
(3 -2.01668e-10 0)
(3 -2.86408e-13 0)
(3 -3.02958e-15 0)
(3 -9.92559e-16 0)
(3 3.734e-15 0)
(3 2.53252e-15 0)
(3 -2.17438e-15 0)
(3 -8.9497e-15 0)
(3 -3.42234e-15 0)
(2.99293 0.0509783 0)
(2.99998 0.00111717 0)
(3 -4.15147e-07 0)
(3 -1.60414e-07 0)
(3 -2.39742e-09 0)
(3 1.95543e-11 0)
(3 3.41379e-12 0)
(3 1.10489e-13 0)
(3 -1.03116e-15 0)
(3 -1.32091e-15 0)
(3 4.18981e-15 0)
(3 2.43497e-15 0)
(3 -2.37824e-15 0)
(3 -8.56347e-15 0)
(3 -3.21009e-15 0)
(3.00075 -0.00154653 0)
(3.00003 -0.000107444 0)
(3 -3.48979e-06 0)
(3 -2.04568e-08 0)
(3 3.15033e-11 0)
(3 2.74269e-12 0)
(3 4.01666e-14 0)
(3 1.71188e-15 0)
(3 -2.30027e-15 0)
(3 -1.3561e-15 0)
(3 4.38707e-15 0)
(3 2.06732e-15 0)
(3 -3.32547e-15 0)
(3 -8.35285e-15 0)
(3 -3.08794e-15 0)
(3.00001 -2.16874e-05 0)
(3 1.20155e-07 0)
(3 2.38104e-08 0)
(3 1.16037e-09 0)
(3 1.97835e-11 0)
(3 -5.58303e-14 0)
(3 2.18859e-17 0)
(3 1.53383e-15 0)
(3 -2.87775e-15 0)
(3 -9.01823e-16 0)
(3 4.29827e-15 0)
(3 1.74047e-15 0)
(3 -3.22526e-15 0)
(3 -7.48647e-15 0)
(3 -2.82481e-15 0)
(3 1.23768e-06 0)
(3 1.42868e-08 0)
(3 -7.61493e-11 0)
(3 -1.26171e-11 0)
(3 -4.05741e-13 0)
(3 -1.5581e-16 0)
(3 3.74309e-15 0)
(3 9.78304e-16 0)
(3 -3.66531e-15 0)
(3 -3.84668e-16 0)
(3 4.60092e-15 0)
(3 1.13434e-15 0)
(3 -3.21181e-15 0)
(3 -7.28151e-15 0)
(3 -2.84087e-15 0)
(3 2.66723e-15 0)
(3 2.15055e-16 0)
(3 -4.04459e-15 0)
(3 -8.08415e-15 0)
(3 -6.44662e-15 0)
(3 -2.40836e-15 0)
(3 3.83807e-15 0)
(3 9.20955e-16 0)
(3 -4.61846e-15 0)
(3 -6.39489e-16 0)
(3 4.7898e-15 0)
(3 -8.30931e-17 0)
(3 -3.1587e-15 0)
(3 -7.02375e-15 0)
(3 -2.77261e-15 0)
(3 1.83033e-15 0)
(3 5.89383e-16 0)
(3 -4.48237e-15 0)
(3 -6.83053e-15 0)
(3 -6.49858e-15 0)
(3 -2.20866e-15 0)
(3 4.11345e-15 0)
(3 5.88145e-16 0)
(3 -5.46928e-15 0)
(3 -8.50419e-16 0)
(3 4.57217e-15 0)
(3 -1.25144e-16 0)
(3 -2.70398e-15 0)
(3 -7.02147e-15 0)
(3 -2.65888e-15 0)
(3 2.312e-15 0)
(3 9.74347e-16 0)
(3 -3.21514e-15 0)
(3 -6.89686e-15 0)
(3 -6.68083e-15 0)
(3 -2.06203e-15 0)
(3 4.27669e-15 0)
(3 4.16819e-16 0)
(3 -5.65797e-15 0)
(3 -1.15626e-15 0)
(3 4.46811e-15 0)
(3 -1.37818e-16 0)
(3 -2.93025e-15 0)
(3 -7.07855e-15 0)
(3 -2.52524e-15 0)
(3 1.86347e-15 0)
(3 7.29147e-16 0)
(3 -2.28363e-15 0)
(3 -6.39754e-15 0)
(3 -6.69551e-15 0)
(3 -2.23296e-15 0)
(3 3.94685e-15 0)
(3 9.14367e-16 0)
(3 -5.22166e-15 0)
(3 -1.92846e-15 0)
(3 4.36009e-15 0)
(3 -4.94019e-16 0)
(3 -2.84272e-15 0)
(3 -7.11838e-15 0)
(3 -2.25453e-15 0)
(3 1.20424e-15 0)
(3 9.32598e-16 0)
(3 -1.01393e-15 0)
(3 -6.02427e-15 0)
(3 -5.85342e-15 0)
(3 -2.52555e-15 0)
(3 3.80293e-15 0)
(3 1.09829e-15 0)
(3 -4.3109e-15 0)
(3 -2.13488e-15 0)
(3 3.91356e-15 0)
(3 -5.82697e-16 0)
(3 -2.89416e-15 0)
(3 -7.12939e-15 0)
(3 -1.85264e-15 0)
(3 1.64099e-16 0)
(3 1.21545e-15 0)
(3 -1.49736e-15 0)
(3 -4.70318e-15 0)
(3 -5.57379e-15 0)
(3 -2.39714e-15 0)
(3 3.89204e-15 0)
(3 1.21075e-15 0)
(3 -3.91947e-15 0)
(3 -2.62797e-15 0)
(3 3.53971e-15 0)
(3 -3.26618e-16 0)
(3 -2.95129e-15 0)
(3 -7.21384e-15 0)
(3 -1.65825e-15 0)
(3 -5.59908e-16 0)
(3 5.77936e-16 0)
(3 -1.0809e-15 0)
(3 -3.3834e-15 0)
(3 -3.41243e-15 0)
(3 -2.10441e-15 0)
(3 3.5607e-15 0)
(3 1.79538e-15 0)
(3 -3.65034e-15 0)
(3 -2.5906e-15 0)
(3 2.45092e-15 0)
(3 2.22085e-16 0)
(3 -2.94231e-15 0)
(3 -7.19466e-15 0)
(3 -1.3734e-15 0)
(3 -1.84119e-15 0)
(3 5.52277e-17 0)
(3 -1.24878e-15 0)
(3 -2.71929e-15 0)
(3 -1.64568e-15 0)
(3 -1.78467e-15 0)
(3 2.96011e-15 0)
(3 2.23783e-15 0)
(3 -3.59353e-15 0)
(3 -2.59641e-15 0)
(3 1.6773e-15 0)
(3 9.34464e-16 0)
(3 -3.23987e-15 0)
(3 -7.19852e-15 0)
(3 -1.07331e-15 0)
(3 -1.67199e-15 0)
(3 -7.90196e-16 0)
(3 -1.68428e-15 0)
(3 -2.15112e-15 0)
(3 -1.15528e-15 0)
(3 -1.24365e-15 0)
(3 2.80583e-15 0)
(3 2.75927e-15 0)
(3 -3.48276e-15 0)
(3 -2.61278e-15 0)
(3 6.84489e-16 0)
(3 1.26387e-15 0)
(3 -3.65005e-15 0)
(3 -7.17366e-15 0)
(3 -8.52845e-16 0)
(3 -1.80616e-15 0)
(3 -2.37742e-15 0)
(3 -2.68554e-15 0)
(3 -1.41959e-15 0)
(3 -2.72083e-16 0)
(3 -5.78006e-16 0)
(3 2.74856e-15 0)
(3 2.97939e-15 0)
(3 -2.79725e-15 0)
(3 -2.93785e-15 0)
(3 5.56631e-16 0)
(3 1.68947e-15 0)
(3 -4.22343e-15 0)
(3 -6.9408e-15 0)
(3 -6.81325e-16 0)
(3 -1.86117e-15 0)
(3 -4.07876e-15 0)
(3 -2.98352e-15 0)
(3 -1.90968e-15 0)
(3 6.78475e-16 0)
(3 -1.62783e-16 0)
(3 2.41097e-15 0)
(3 3.78139e-15 0)
(3 -2.26302e-15 0)
(3 -3.07117e-15 0)
(3 8.90754e-17 0)
(3 1.60062e-15 0)
(3 -4.34689e-15 0)
(3 -6.16595e-15 0)
(3 -5.37841e-16 0)
(3 -1.77978e-15 0)
(3 -3.65952e-15 0)
(3 -4.77379e-15 0)
(3 -2.42978e-15 0)
(3 2.28371e-15 0)
(3 1.36182e-15 0)
(3 2.9134e-15 0)
(3 3.69036e-15 0)
(3 -2.41721e-15 0)
(3 -2.19659e-15 0)
(3 -3.08817e-16 0)
(3 4.28733e-16 0)
(3 -5.29163e-15 0)
(3 -5.60545e-15 0)
(3 -1.8427e-16 0)
(3 -1.18159e-15 0)
(3 -3.36027e-15 0)
(3 -5.98627e-15 0)
(3 -2.6891e-15 0)
(3 2.61275e-15 0)
(3 1.72495e-15 0)
(3 3.86146e-15 0)
(3 3.673e-15 0)
(3 -9.54238e-16 0)
(3 -1.25267e-15 0)
(3 -1.25242e-15 0)
(3 -1.44024e-15 0)
(3 -5.14467e-15 0)
(3 -4.73753e-15 0)
(3 7.61503e-17 0)
(3 -4.00589e-17 0)
(3 -2.09847e-15 0)
(3 -5.34641e-15 0)
(3 -3.12045e-15 0)
(3 -3.69773e-17 0)
(3 1.98043e-15 0)
(3 4.68758e-15 0)
(3 4.11845e-15 0)
(3 5.89134e-18 0)
(3 1.0718e-16 0)
(3 -4.64584e-15 0)
(3 -3.7449e-15 0)
(3 -4.65994e-15 0)
(3 -3.3158e-15 0)
(3 9.91519e-17 0)
(3 -1.13832e-15 0)
(3 -2.21734e-15 0)
(3 -2.65767e-15 0)
(3 -2.05659e-15 0)
(3 -3.10967e-15 0)
(3 4.05366e-16 0)
(3 5.54117e-15 0)
(3 2.68824e-15 0)
(3 1.18087e-15 0)
(3 4.21884e-15 0)
(3 -3.66679e-15 0)
(3 -3.88259e-15 0)
(3 -3.05884e-15 0)
(3 -3.17168e-15 0)
(3 2.63551e-17 0)
(3 3.58054e-16 0)
(3 -2.70036e-17 0)
(3 -1.30112e-15 0)
(3 -2.22605e-15 0)
(3 -5.63417e-15 0)
(3 2.10781e-15 0)
(3 6.6389e-15 0)
(3 1.98816e-15 0)
(3 1.318e-15 0)
(3 1.73428e-15 0)
(3 -4.21216e-15 0)
(3 -4.81335e-15 0)
(3 -2.1394e-15 0)
(3 -2.37358e-15 0)
(3 -6.50899e-16 0)
(3 -1.96139e-15 0)
(3 1.27772e-17 0)
(3 2.08496e-16 0)
(3 7.82007e-16 0)
(3 -4.05045e-15 0)
(3 3.69957e-15 0)
(3 8.27814e-15 0)
(3 2.05647e-15 0)
(3 1.83057e-15 0)
(3 1.40639e-15 0)
(3 -4.69115e-15 0)
(3 -6.07375e-15 0)
(3 -1.57635e-15 0)
(3 -2.23752e-15 0)
(3 -1.95002e-15 0)
(3 -4.91192e-15 0)
(3 -8.69116e-16 0)
(3 3.52355e-15 0)
(3 2.53311e-15 0)
(3 -1.90276e-15 0)
(3 2.08263e-15 0)
(3 4.6859e-15 0)
(3 2.39018e-15 0)
(3 4.23713e-15 0)
(3 6.5851e-16 0)
(3 -5.01765e-15 0)
(3 -6.26689e-15 0)
(3 -8.27786e-16 0)
(3 -1.4786e-16 0)
(3 -2.50151e-15 0)
(3 -4.59222e-15 0)
(3 -1.99431e-15 0)
(3 2.28637e-15 0)
(3 2.95342e-15 0)
(3 1.4841e-15 0)
(3 6.77091e-15 0)
(3 2.56443e-15 0)
(3 -1.23055e-15 0)
(3 1.37052e-15 0)
(3 1.48021e-15 0)
(3 -2.46447e-15 0)
(3 -3.35804e-15 0)
(3 1.3391e-15 0)
(3 -6.57893e-16 0)
(3 -2.38132e-15 0)
(3 -2.16955e-15 0)
(3 -4.66261e-15 0)
(3 -1.73243e-15 0)
(3 3.20921e-15 0)
(3 3.71998e-15 0)
(3 7.15682e-15 0)
(3 1.3053e-15 0)
(3 -2.72777e-15 0)
(3 -1.7384e-15 0)
(3 1.96173e-15 0)
(3 1.50567e-15 0)
(3 -2.70143e-15 0)
(3 5.61391e-16 0)
(3 -4.65649e-16 0)
(3 -1.55386e-15 0)
(3 5.47453e-16 0)
(3 1.70982e-15 0)
(3 7.04814e-16 0)
(3 3.45193e-16 0)
(3 1.27936e-15 0)
(3 -2.56266e-15 0)
(3 -5.15489e-15 0)
(3 -4.59519e-15 0)
(3 -5.96985e-15 0)
(3 -6.06243e-15 0)
(3 -1.15488e-15 0)
(3 -7.01377e-16 0)
(3 -1.42111e-15 0)
(3 -2.44291e-15 0)
(3 -3.86826e-15 0)
(3 -3.81244e-15 0)
(3 -3.42327e-15 0)
(3 -5.22863e-15 0)
(3 -4.79447e-15 0)
(3 -5.74598e-15 0)
(3 2.98604e-15 0)
(3 2.85918e-15 0)
(3 3.65991e-15 0)
(3 4.75161e-16 0)
(3 -1.58643e-15 0)
(3 -2.28855e-15 0)
(3 8.09087e-17 0)
(3 -4.65892e-15 0)
(3 -6.69519e-15 0)
(3 -2.97939e-15 0)
(3 4.28501e-15 0)
(3 3.86208e-15 0)
(3 2.49309e-15 0)
(3 4.06738e-17 0)
(3 -1.82542e-15 0)
(3 -5.69585e-15 0)
(3 -5.91769e-16 0)
(3 -3.40074e-15 0)
(3 -3.9489e-15 0)
(3 -2.52967e-15 0)
(3 1.74263e-15 0)
(3 2.04137e-15 0)
(3 2.08658e-15 0)
(3 3.62557e-15 0)
(3 3.29251e-15 0)
(3 9.73105e-16 0)
(3 1.15082e-15 0)
(3 -2.59714e-15 0)
(3 -4.712e-16 0)
(3 -1.51766e-15 0)
(3 -2.422e-16 0)
(3 1.01586e-15 0)
(3 3.21554e-15 0)
(3 4.68442e-15 0)
(3 5.82985e-15 0)
(3 6.60181e-15 0)
(3 1.04411e-15 0)
(3 -4.68581e-15 0)
(3 -3.31643e-15 0)
(3 -2.5995e-15 0)
(3 8.39475e-16 0)
(3 2.73959e-15 0)
(3 3.32417e-15 0)
(3 2.74289e-15 0)
(3 4.57308e-15 0)
(3 4.90571e-15 0)
(3 1.23491e-15 0)
(3 -4.2333e-15 0)
(3 -2.61034e-15 0)
(3 -2.29547e-15 0)
(3 5.11342e-15 0)
(3 5.92722e-15 0)
(3 6.05217e-15 0)
(3 3.92685e-15 0)
(3 2.05002e-15 0)
(3 -6.11471e-17 0)
(3 4.69258e-16 0)
(3 -2.76686e-15 0)
(3 -8.05528e-16 0)
(3 -3.42417e-15 0)
(3 2.24698e-15 0)
(3 7.79099e-16 0)
(3 1.87814e-15 0)
(3 2.68673e-15 0)
(3 2.59027e-16 0)
(3 -1.10636e-15 0)
(3 -5.53024e-16 0)
(3 -6.24797e-16 0)
(3 -8.59598e-16 0)
(3 -3.26414e-15 0)
(3 -5.36554e-16 0)
(3 -1.13022e-15 0)
(3 -1.39657e-15 0)
(3 -1.35365e-15 0)
(3 -7.29651e-16 0)
(3 6.90548e-16 0)
(3 -4.03584e-15 0)
(3 3.81373e-17 0)
(3 -2.00964e-15 0)
(3 2.08803e-15 0)
(3 -1.68161e-15 0)
(3 -2.37082e-15 0)
(3 -2.84768e-15 0)
(3 -1.1375e-15 0)
(3 9.22104e-16 0)
(3 -1.75008e-15 0)
(3 -1.84549e-15 0)
(3 2.30281e-15 0)
(3 -6.75681e-16 0)
(3 3.02967e-15 0)
(3 -4.61456e-15 0)
(3 -5.79311e-15 0)
(3 -5.66999e-15 0)
(3 -4.17409e-15 0)
(3 -1.37113e-15 0)
(3 -7.71613e-17 0)
(3 6.24093e-16 0)
(3 2.72041e-15 0)
(3 2.63447e-15 0)
(3 2.76045e-15 0)
(3 -4.39649e-15 0)
(3 -5.30037e-15 0)
(3 -4.42252e-15 0)
(3 -3.13135e-15 0)
(3 -2.17114e-15 0)
(3 3.40785e-16 0)
(3 2.09411e-15 0)
(3 2.82122e-15 0)
(3 5.89965e-15 0)
(3 5.47079e-15 0)
(3 -2.12599e-15 0)
(3 -1.42694e-15 0)
(3 -8.31437e-16 0)
(3 -2.14029e-15 0)
(3 -4.27009e-15 0)
(3 -3.57497e-15 0)
(3 1.84164e-15 0)
(3 3.6075e-15 0)
(3 4.0343e-15 0)
(3 2.2725e-15 0)
(3 -9.7098e-16 0)
(3 -8.5066e-16 0)
(3 -1.21333e-15 0)
(3 -2.40163e-15 0)
(3 -2.79243e-15 0)
(3 -4.12493e-15 0)
(3 1.44362e-15 0)
(3 1.78612e-15 0)
(3 9.89122e-16 0)
(3 -1.43509e-15 0)
(3 -1.00394e-15 0)
(3 -7.21796e-16 0)
(3 -3.89791e-16 0)
(3 -2.65953e-15 0)
(3 -1.45721e-15 0)
(3 1.62296e-15 0)
(3 3.2392e-15 0)
(3 3.3809e-15 0)
(3 3.88942e-15 0)
(3 -1.20451e-15 0)
(3 -9.71627e-16 0)
(3 -1.46718e-15 0)
(3 -1.4924e-15 0)
(3 -1.72549e-15 0)
(3 -8.09913e-16 0)
(3 4.21662e-15 0)
(3 2.27762e-15 0)
(3 4.31604e-15 0)
(3 3.98163e-15 0)
(3 1.72525e-15 0)
(3 -4.88069e-16 0)
(3 3.15628e-16 0)
(3 3.34337e-16 0)
(3 1.31225e-15 0)
(3 6.35609e-15 0)
(3 5.96755e-15 0)
(3 1.55541e-15 0)
(3 3.4084e-15 0)
(3 3.67236e-15 0)
(3 2.42673e-15 0)
(3 4.77341e-16 0)
(3 2.11612e-15 0)
(3 2.1333e-15 0)
(3 7.5034e-15 0)
(3 8.96405e-15 0)
(3 6.36813e-15 0)
(3 3.07259e-15 0)
(3 5.26339e-15 0)
(3 3.7847e-15 0)
(3 4.01469e-15 0)
(3 1.35181e-15 0)
(3 5.70588e-16 0)
(3 2.00516e-15 0)
(3 6.20215e-15 0)
(3 6.38311e-15 0)
(3 4.6666e-15 0)
(3 5.37282e-15 0)
(3 5.56096e-15 0)
(3 3.74259e-15 0)
(3 4.87476e-15 0)
(3 5.62133e-15 0)
(3 6.75848e-15 0)
(3 5.84797e-15 0)
(3 5.78452e-15 0)
(3 4.46333e-15 0)
(3 5.01295e-15 0)
(3 4.21703e-15 0)
(3 2.59484e-15 0)
(3 2.75727e-16 0)
(3 1.06892e-15 0)
(3 7.98077e-15 0)
(3 8.33097e-15 0)
(3 8.49069e-15 0)
(3 7.13376e-15 0)
(3 3.80605e-15 0)
(3 8.06696e-16 0)
(3 -6.71601e-16 0)
(3 -2.91134e-15 0)
(3 -3.43782e-15 0)
(3 5.84943e-16 0)
(3 3.56628e-15 0)
(3 4.03438e-15 0)
(3 5.11711e-15 0)
(3 3.99405e-15 0)
(3 1.38734e-15 0)
(3 -2.85877e-15 0)
(3 -4.07919e-15 0)
(3 -4.61981e-15 0)
(3 7.54435e-16 0)
(3 -3.59244e-18 0)
(3 -2.14617e-15 0)
(3 -1.66321e-15 0)
(3 -3.47507e-16 0)
(3 -4.19647e-16 0)
(3 -7.39906e-17 0)
(3 9.32926e-16 0)
(3 2.2393e-16 0)
(3 -3.60224e-16 0)
(3 3.39293e-16 0)
(3 -9.19694e-16 0)
(3 1.5791e-16 0)
(3 2.94284e-16 0)
(3 -7.05317e-17 0)
(3 3.64209e-16 0)
(3 2.17792e-16 0)
(3 3.22704e-15 0)
(3 4.5467e-15 0)
(3 4.27663e-15 0)
(3 -1.11974e-15 0)
(3 -8.80424e-16 0)
(3 1.65857e-15 0)
(3 1.10781e-15 0)
(3 -1.67493e-15 0)
(3 -1.59518e-15 0)
(3 -2.05187e-15 0)
(3 -6.36811e-16 0)
(3 3.20186e-16 0)
(3 2.34882e-15 0)
(3 3.08642e-15 0)
(3 1.44286e-15 0)
(3 8.0278e-16 0)
(3 -7.68713e-16 0)
(3 -1.68174e-15 0)
(3 -2.40065e-15 0)
(3 -1.44175e-15 0)
(3 -2.17684e-15 0)
(3 -1.05083e-15 0)
(3 1.81095e-15 0)
(3 1.48638e-15 0)
(3 2.85508e-16 0)
(3 2.95077e-15 0)
(3 2.66124e-15 0)
(3 1.83944e-15 0)
(3 1.60863e-15 0)
(3 2.66395e-15 0)
(3 2.9095e-15 0)
(3 1.59502e-15 0)
(3 2.05001e-16 0)
(3 -2.56277e-15 0)
(3 -3.67239e-15 0)
(3 -1.17125e-15 0)
(3 -5.58004e-16 0)
(3 2.35328e-16 0)
(3 1.61243e-15 0)
(3 5.93929e-16 0)
(3 1.14115e-15 0)
(3 3.27e-15 0)
(3 8.22185e-16 0)
(3 1.90985e-15 0)
(3 1.25265e-15 0)
(3 -2.55188e-15 0)
(3 -1.23544e-15 0)
(3 -3.33426e-16 0)
(3 8.66659e-16 0)
(3 1.44362e-15 0)
(3 1.60713e-15 0)
(3 2.38372e-15 0)
(3 2.14744e-15 0)
(3 4.45042e-15 0)
(3 1.43652e-15 0)
(3 5.66032e-16 0)
(3 1.31795e-15 0)
(3 1.56631e-15 0)
(3 1.74935e-15 0)
(3 1.62102e-15 0)
(3 -1.72412e-15 0)
(3 -4.61196e-15 0)
(3 -3.00863e-15 0)
(3 -1.09671e-15 0)
(3 -1.27509e-15 0)
(3 1.83087e-15 0)
(3 1.14599e-15 0)
(3 3.68242e-16 0)
(3 -6.69366e-16 0)
(3 -2.83064e-15 0)
(3 -2.58389e-15 0)
(3 -1.49605e-15 0)
(3 -2.87064e-15 0)
(3 -2.03467e-15 0)
(3 -6.84389e-16 0)
(3 2.00781e-15 0)
(3 1.22849e-15 0)
(3 1.19834e-15 0)
(3 9.26942e-16 0)
(3 8.39817e-16 0)
(3 8.22591e-16 0)
(3 1.35599e-15 0)
(3 5.45759e-16 0)
(3 -6.79901e-16 0)
(3 -1.84454e-15 0)
(3 3.85542e-15 0)
(3 3.2754e-15 0)
(3 3.34877e-15 0)
(3 3.55167e-15 0)
(3 2.58681e-15 0)
(3 2.0302e-15 0)
(3 5.8347e-16 0)
(3 4.86019e-17 0)
(3 -7.21653e-16 0)
(3 1.52699e-15 0)
(3 4.59598e-16 0)
(3 2.59178e-16 0)
(3 8.35915e-17 0)
(3 -1.30685e-16 0)
(3 8.69627e-16 0)
(3 1.7619e-15 0)
(3 2.63076e-15 0)
(3 1.81858e-15 0)
(3 1.08225e-15 0)
(3 1.98943e-15 0)
(3 6.22314e-15 0)
(3 7.00375e-15 0)
(3 1.89612e-15 0)
(3 -1.89849e-15 0)
(3 4.02101e-16 0)
(3 2.63033e-15 0)
(3 1.5428e-15 0)
(3 2.54588e-15 0)
(3 -1.61181e-15 0)
(3 -2.74477e-15 0)
(3 4.39177e-16 0)
(3 2.6312e-15 0)
(3 2.33039e-15 0)
(3 4.08714e-15 0)
(3 4.85674e-16 0)
(3 6.09465e-15 0)
(3 5.51844e-15 0)
(3 3.20739e-16 0)
(3 -1.61041e-15 0)
(3 5.03495e-16 0)
(3 3.17385e-15 0)
(3 1.4334e-15 0)
(3 1.94092e-15 0)
(3 -1.97195e-15 0)
(3 -2.58032e-15 0)
(3 4.19293e-16 0)
(3 2.81502e-15 0)
(3 2.32621e-15 0)
(3 4.50357e-15 0)
(3 6.54302e-16 0)
(3 5.89918e-15 0)
(3 4.55399e-15 0)
(3 -1.21582e-15 0)
(3 -1.7124e-15 0)
(3 1.85716e-15 0)
(3 3.79452e-15 0)
(3 1.40783e-15 0)
(3 1.1778e-15 0)
(3 -2.80098e-15 0)
(3 -2.28142e-15 0)
(3 4.87007e-16 0)
(3 2.71738e-15 0)
(3 2.43971e-15 0)
(3 4.79001e-15 0)
(3 7.36556e-16 0)
(3 5.54709e-15 0)
(3 2.26344e-15 0)
(3 -1.88842e-15 0)
(3 -1.3961e-15 0)
(3 2.48691e-15 0)
(3 5.19748e-15 0)
(3 1.02298e-15 0)
(3 6.53522e-16 0)
(3 -3.16484e-15 0)
(3 -1.63648e-15 0)
(3 7.57139e-16 0)
(3 2.71498e-15 0)
(3 2.6343e-15 0)
(3 4.89004e-15 0)
(3 7.80186e-16 0)
(3 4.89697e-15 0)
(3 1.07909e-15 0)
(3 -2.33735e-15 0)
(3 -9.20113e-16 0)
(3 2.91137e-15 0)
(3 5.81918e-15 0)
(3 8.55539e-16 0)
(3 4.42036e-16 0)
(3 -3.49522e-15 0)
(3 -8.58185e-16 0)
(3 8.99827e-17 0)
(3 2.54745e-15 0)
(3 2.8087e-15 0)
(3 4.68214e-15 0)
(3 9.14695e-16 0)
(3 3.85541e-15 0)
(3 2.17631e-16 0)
(3 -2.28634e-15 0)
(3 2.38261e-16 0)
(3 3.50314e-15 0)
(3 5.95688e-15 0)
(3 9.94568e-16 0)
(3 4.71814e-16 0)
(3 -3.97288e-15 0)
(3 -7.77765e-16 0)
(3 -2.26772e-16 0)
(3 2.36362e-15 0)
(3 3.29008e-15 0)
(3 5.45182e-15 0)
(3 9.20771e-16 0)
(3 2.95626e-15 0)
(3 -5.92606e-16 0)
(3 -1.53624e-15 0)
(3 -2.89298e-17 0)
(3 3.93201e-15 0)
(3 5.81512e-15 0)
(3 1.13862e-15 0)
(3 3.95152e-16 0)
(3 -4.03978e-15 0)
(3 -7.51334e-16 0)
(3 -8.77243e-16 0)
(3 2.23294e-15 0)
(3 3.78182e-15 0)
(3 5.69442e-15 0)
(3 1.00583e-15 0)
(3 2.7413e-15 0)
(3 -9.82411e-16 0)
(3 -6.83846e-16 0)
(3 -7.04873e-17 0)
(3 3.92475e-15 0)
(3 5.6626e-15 0)
(3 2.07487e-15 0)
(3 4.42664e-16 0)
(3 -3.87835e-15 0)
(3 -6.66115e-16 0)
(3 -1.52924e-15 0)
(3 2.11852e-15 0)
(3 4.24615e-15 0)
(3 6.47724e-15 0)
(3 1.07101e-15 0)
(3 2.6713e-15 0)
(3 -1.21049e-15 0)
(3 2.94919e-16 0)
(3 -9.36493e-17 0)
(3 3.53315e-15 0)
(3 5.2953e-15 0)
(3 2.51071e-15 0)
(3 1.02991e-15 0)
(3 -3.49741e-15 0)
(3 -1.16735e-15 0)
(3 -2.12661e-15 0)
(3 1.95209e-15 0)
(3 4.30472e-15 0)
(3 7.25052e-15 0)
(3 1.31601e-15 0)
(3 1.14468e-16 0)
(3 2.23896e-16 0)
(3 7.74355e-16 0)
(3 2.85272e-16 0)
(3 2.89661e-15 0)
(3 5.60512e-15 0)
(3 2.83457e-15 0)
(3 1.75969e-15 0)
(3 -2.96056e-15 0)
(3 -2.40152e-15 0)
(3 -2.86504e-15 0)
(3 1.98222e-15 0)
(3 4.26792e-15 0)
(3 7.56044e-15 0)
(3 1.48521e-15 0)
(3 -1.23848e-06 0)
(3 -1.43034e-08 0)
(3 7.61179e-11 0)
(3 1.25982e-11 0)
(3 4.00683e-13 0)
(3 2.36148e-15 0)
(3 2.51011e-15 0)
(3 2.56636e-15 0)
(3 -2.43425e-15 0)
(3 -2.77106e-15 0)
(3 -3.25632e-15 0)
(3 2.00856e-15 0)
(3 4.66755e-15 0)
(3 7.44873e-15 0)
(3 1.21079e-15 0)
(3.00001 2.16538e-05 0)
(3 -1.20307e-07 0)
(3 -2.3832e-08 0)
(3 -1.16353e-09 0)
(3 2.75969e-12 0)
(3 4.01972e-14 0)
(3 8.67422e-15 0)
(3 3.51583e-15 0)
(3 -2.47809e-15 0)
(3 -3.63013e-15 0)
(3 -3.48728e-15 0)
(3 2.04405e-15 0)
(3 4.72609e-15 0)
(3 6.44652e-15 0)
(3 1.08334e-15 0)
(3.00075 0.00154833 0)
(3.00003 0.00010759 0)
(3 3.49387e-06 0)
(3 -1.89246e-08 0)
(3 -7.74479e-11 0)
(3 -1.46181e-11 0)
(3 -1.40207e-13 0)
(3 3.22309e-15 0)
(3 -6.0469e-16 0)
(3 -3.55786e-15 0)
(3 -3.84118e-15 0)
(3 2.11781e-15 0)
(3 5.10831e-15 0)
(3 5.95735e-15 0)
(3 1.18594e-15 0)
(2.99294 -0.0508586 0)
(2.99998 -0.00110189 0)
(3 1.60165e-06 0)
(3 5.18666e-07 0)
(3 8.72166e-09 0)
(3 -4.56433e-12 0)
(3 -1.8349e-12 0)
(3 -7.28705e-14 0)
(3 -1.40134e-15 0)
(3 -4.1345e-15 0)
(3 -4.47105e-15 0)
(3 1.75439e-15 0)
(3 5.02218e-15 0)
(3 5.49268e-15 0)
(3 1.37477e-15 0)
(2.57139 -0.575148 0)
(2.99118 -0.0377953 0)
(3.00022 -0.000370256 0)
(3 1.19247e-06 0)
(3 2.33371e-07 0)
(3 1.20549e-08 0)
(3 1.23248e-10 0)
(3 6.87791e-14 0)
(3 7.85776e-16 0)
(3 -4.54572e-15 0)
(3 -4.58594e-15 0)
(3 1.33905e-15 0)
(3 4.69877e-15 0)
(3 6.41031e-15 0)
(3 1.58084e-15 0)
(2.17775 -0.89772 0)
(2.66539 -0.455275 0)
(2.98491 -0.0343504 0)
(2.99999 -0.000393751 0)
(3 -2.46642e-06 0)
(3 -8.58755e-09 0)
(3 8.3819e-10 0)
(3 2.95886e-11 0)
(3 1.07615e-14 0)
(3 -1.39901e-14 0)
(3 -4.6591e-15 0)
(3 8.63164e-16 0)
(3 1.82841e-15 0)
(3 7.94201e-15 0)
(3 2.26387e-15 0)
(2.17422 -0.88217 0)
(2.41268 -0.744549 0)
(2.84635 -0.272102 0)
(2.99565 -0.015344 0)
(3 -9.06624e-05 0)
(3 9.5021e-07 0)
(3 6.3208e-09 0)
(3 1.19287e-09 0)
(3 6.80301e-11 0)
(3 1.23033e-12 0)
(3 7.79006e-15 0)
(3 6.92641e-16 0)
(3 -4.53762e-16 0)
(3 8.58947e-15 0)
(3 2.8676e-15 0)
(2.1992 -0.817869 0)
(2.25111 -0.805603 0)
(2.58409 -0.558557 0)
(2.94265 -0.120252 0)
(2.9989 -0.00497649 0)
(2.99999 -6.93883e-05 0)
(3 -8.61506e-07 0)
(3 -1.12129e-08 0)
(3 -4.46781e-11 0)
(3 -1.9826e-13 0)
(3 -8.55621e-15 0)
(3 -6.33869e-16 0)
(3 -3.03769e-15 0)
(3 8.94226e-15 0)
(3 3.20336e-15 0)
(2.29433 -0.630226 0)
(2.25846 -0.786423 0)
(2.39958 -0.739752 0)
(2.77993 -0.372344 0)
(2.98975 -0.0356991 0)
(3.00003 -0.000475545 0)
(3 1.08124e-06 0)
(3 8.35713e-08 0)
(3 1.53833e-08 0)
(3 6.42944e-10 0)
(3 8.46968e-12 0)
(3 6.17467e-14 0)
(3 -2.9556e-15 0)
(3 8.77601e-15 0)
(3 3.47209e-15 0)
(2.41071 -0.408138 0)
(2.2728 -0.703774 0)
(2.34049 -0.736491 0)
(2.54753 -0.602591 0)
(2.85934 -0.239595 0)
(2.98713 -0.0321912 0)
(2.99956 -0.00157757 0)
(2.99999 -3.88047e-05 0)
(3 -5.87474e-07 0)
(3 -5.96813e-09 0)
(3 -4.29656e-11 0)
(3 -2.29513e-13 0)
(3 -5.10199e-15 0)
(3 8.78322e-15 0)
(3 3.58322e-15 0)
(2.5122 -0.138953 0)
(2.32497 -0.597507 0)
(2.34775 -0.705882 0)
(2.43386 -0.686698 0)
(2.71884 -0.449188 0)
(2.96828 -0.0706762 0)
(2.99894 -0.00349241 0)
(2.99998 -7.3761e-05 0)
(3 -1.1113e-06 0)
(3 -1.264e-08 0)
(3 -1.08114e-10 0)
(3 -7.08888e-13 0)
(3 -7.39892e-15 0)
(3 7.75681e-15 0)
(3 3.63983e-15 0)
(2.57026 -0.0632248 0)
(2.46509 -0.304866 0)
(2.37649 -0.62162 0)
(2.43187 -0.679557 0)
(2.59715 -0.599718 0)
(2.85062 -0.310002 0)
(2.98611 -0.0354449 0)
(2.99965 -0.000869873 0)
(3 -9.36106e-06 0)
(3 -8.02952e-08 0)
(3 -6.31965e-10 0)
(3 -4.47406e-12 0)
(3 -2.87917e-14 0)
(3 6.43931e-15 0)
(3 2.94049e-15 0)
(2.58925 -0.0140654 0)
(2.54821 -0.0475768 0)
(2.44482 -0.458905 0)
(2.43268 -0.644381 0)
(2.52806 -0.625953 0)
(2.7388 -0.473069 0)
(2.94703 -0.138519 0)
(2.99724 -0.00791872 0)
(2.99995 -0.000115545 0)
(3 -9.4367e-07 0)
(3 -6.45726e-09 0)
(3 -4.03549e-11 0)
(3 -2.4038e-13 0)
(3 8.27512e-16 0)
(3 2.65669e-15 0)
(2.56658 0.102892 0)
(2.55149 -0.0226479 0)
(2.55017 -0.142592 0)
(2.47082 -0.533046 0)
(2.52576 -0.613748 0)
(2.61304 -0.579027 0)
(2.82582 -0.360739 0)
(2.97607 -0.0609608 0)
(2.99922 -0.00192051 0)
(2.99999 -1.99086e-05 0)
(3 -1.39274e-07 0)
(3 -8.37753e-10 0)
(3 -4.51715e-12 0)
(3 -1.9271e-14 0)
(3 2.81109e-15 0)
(2.62303 0.257427 0)
(2.59171 0.089697 0)
(2.58771 -0.0914894 0)
(2.52577 -0.378652 0)
(2.52793 -0.5703 0)
(2.60894 -0.581251 0)
(2.74266 -0.490539 0)
(2.92769 -0.181129 0)
(2.99467 -0.0140613 0)
(2.99989 -0.000255065 0)
(3 -2.12423e-06 0)
(3 -1.3758e-08 0)
(3 -7.91575e-11 0)
(3 -4.16366e-13 0)
(3 1.46693e-15 0)
(2.66635 0.382163 0)
(2.66125 0.258708 0)
(2.59194 -0.058976 0)
(2.5966 -0.177083 0)
(2.55992 -0.474967 0)
(2.60755 -0.567293 0)
(2.66614 -0.555146 0)
(2.8247 -0.383292 0)
(2.96801 -0.0804803 0)
(2.99872 -0.0031103 0)
(2.99998 -3.61174e-05 0)
(3 -2.55903e-07 0)
(3 -1.50791e-09 0)
(3 -7.89308e-12 0)
(3 -3.12198e-14 0)
(2.66886 0.461393 0)
(2.667 0.336515 0)
(2.60383 0.0295181 0)
(2.63785 -0.0402215 0)
(2.61975 -0.306522 0)
(2.62246 -0.510072 0)
(2.66689 -0.551263 0)
(2.7769 -0.46356 0)
(2.92722 -0.189792 0)
(2.99326 -0.0174319 0)
(2.99984 -0.000355505 0)
(3 -3.20203e-06 0)
(3 -2.20112e-08 0)
(3 -1.31394e-10 0)
(3 -5.93537e-13 0)
(2.67743 0.477064 0)
(2.68066 0.375569 0)
(2.63457 0.11698 0)
(2.64269 0.0141414 0)
(2.65569 -0.186092 0)
(2.65252 -0.416911 0)
(2.67115 -0.532203 0)
(2.71407 -0.521428 0)
(2.83714 -0.373786 0)
(2.96513 -0.0861064 0)
(2.99836 -0.00383324 0)
(2.99998 -4.84494e-05 0)
(3 -3.5186e-07 0)
(3 -2.14424e-09 0)
(3 -1.0391e-11 0)
(2.68018 0.499849 0)
(2.7033 0.452179 0)
(2.67209 0.19722 0)
(2.70155 0.178392 0)
(2.7005 -0.0379139 0)
(2.69429 -0.292591 0)
(2.68763 -0.481516 0)
(2.71353 -0.520765 0)
(2.79562 -0.446377 0)
(2.92559 -0.188791 0)
(2.99233 -0.0189665 0)
(2.99981 -0.000431698 0)
(3 -4.15731e-06 0)
(3 -2.80809e-08 0)
(3 -1.44776e-10 0)
(2.67887 0.511644 0)
(2.70219 0.45565 0)
(2.68171 0.263944 0)
(2.71969 0.245242 0)
(2.72648 0.0317359 0)
(2.74701 -0.127822 0)
(2.71973 -0.391126 0)
(2.71912 -0.503947 0)
(2.75199 -0.491889 0)
(2.85147 -0.351599 0)
(2.96618 -0.0826924 0)
(2.99833 -0.00378105 0)
(2.99998 -4.84901e-05 0)
(3 -3.83072e-07 0)
(3 -2.0382e-09 0)
(2.70416 0.541902 0)
(2.70917 0.472796 0)
(2.709 0.341994 0)
(2.74403 0.286497 0)
(2.73336 0.0144158 0)
(2.76384 -0.0653186 0)
(2.76302 -0.260063 0)
(2.73502 -0.460194 0)
(2.75241 -0.490726 0)
(2.81352 -0.425754 0)
(2.92561 -0.184876 0)
(2.99185 -0.0197032 0)
(2.9998 -0.000475497 0)
(3 -4.27565e-06 0)
(3 -2.60396e-08 0)
(2.72066 0.577342 0)
(2.71473 0.50176 0)
(2.72903 0.405226 0)
(2.76119 0.347334 0)
(2.74642 0.0890106 0)
(2.79671 0.0450432 0)
(2.79549 -0.167054 0)
(2.7707 -0.370544 0)
(2.7584 -0.476919 0)
(2.78443 -0.462494 0)
(2.87276 -0.309022 0)
(2.97235 -0.0672582 0)
(2.99869 -0.00293137 0)
(2.99998 -4.19507e-05 0)
(3 -2.67812e-07 0)
(2.72267 0.613512 0)
(2.72361 0.515074 0)
(2.74909 0.425297 0)
(2.78415 0.356201 0)
(2.77118 0.160948 0)
(2.81901 0.164276 0)
(2.81527 -0.0878088 0)
(2.80975 -0.257428 0)
(2.77503 -0.436672 0)
(2.78501 -0.461309 0)
(2.8296 -0.402166 0)
(2.92747 -0.176939 0)
(2.99201 -0.0187467 0)
(2.99981 -0.00041716 0)
(3 -3.55311e-06 0)
(2.74604 0.636787 0)
(2.74875 0.553919 0)
(2.7847 0.442891 0)
(2.81135 0.356935 0)
(2.77694 0.208625 0)
(2.8267 0.215059 0)
(2.82722 -0.0324351 0)
(2.84181 -0.152599 0)
(2.80696 -0.355519 0)
(2.78946 -0.45081 0)
(2.80765 -0.437224 0)
(2.88811 -0.272124 0)
(2.9772 -0.0552587 0)
(2.99896 -0.00245012 0)
(2.99998 -2.60721e-05 0)
(2.73732 0.609374 0)
(2.77732 0.579109 0)
(2.80778 0.456707 0)
(2.81557 0.359894 0)
(2.82692 0.293477 0)
(2.85073 0.272228 0)
(2.84381 0.0280061 0)
(2.86131 -0.0832915 0)
(2.83871 -0.263983 0)
(2.80413 -0.416303 0)
(2.80859 -0.435499 0)
(2.85014 -0.360481 0)
(2.94028 -0.145064 0)
(2.99378 -0.0144068 0)
(2.99983 -0.000273341 0)
(2.71922 0.447527 0)
(2.78318 0.574382 0)
(2.81968 0.507581 0)
(2.82485 0.4133 0)
(2.8479 0.344764 0)
(2.87989 0.302202 0)
(2.86462 0.0844139 0)
(2.89369 0.0367334 0)
(2.86709 -0.17506 0)
(2.82968 -0.35451 0)
(2.81258 -0.427554 0)
(2.82424 -0.42028 0)
(2.89065 -0.266414 0)
(2.98075 -0.0447331 0)
(2.99903 -0.00153658 0)
(2.69464 0.222401 0)
(2.77643 0.508168 0)
(2.82036 0.522566 0)
(2.83646 0.46124 0)
(2.86874 0.367826 0)
(2.90916 0.299203 0)
(2.88545 0.111705 0)
(2.90588 0.112142 0)
(2.88774 -0.0992043 0)
(2.86269 -0.26409 0)
(2.82584 -0.400163 0)
(2.82735 -0.409645 0)
(2.87786 -0.305322 0)
(2.94938 -0.128365 0)
(2.99442 -0.00888325 0)
(2.67474 0.132193 0)
(2.75926 0.328704 0)
(2.81841 0.519246 0)
(2.83565 0.502787 0)
(2.88896 0.396175 0)
(2.92473 0.304716 0)
(2.88575 0.155481 0)
(2.91536 0.169846 0)
(2.90813 -0.0279696 0)
(2.89306 -0.17553 0)
(2.84718 -0.350383 0)
(2.83034 -0.40403 0)
(2.84136 -0.383991 0)
(2.91725 -0.208125 0)
(2.98116 -0.0273351 0)
(2.66778 0.0360368 0)
(2.7592 0.181945 0)
(2.8296 0.45514 0)
(2.87773 0.499199 0)
(2.91372 0.41579 0)
(2.91784 0.321863 0)
(2.91999 0.240772 0)
(2.93641 0.228236 0)
(2.91823 -0.0015902 0)
(2.91833 -0.0897484 0)
(2.87715 -0.269146 0)
(2.83903 -0.387421 0)
(2.84027 -0.391602 0)
(2.88452 -0.300263 0)
(2.94828 -0.0805847 0)
(2.62414 0.00790989 0)
(2.72155 0.0518122 0)
(2.80821 0.211406 0)
(2.88662 0.423477 0)
(2.9191 0.421117 0)
(2.93445 0.394027 0)
(2.94092 0.295501 0)
(2.96592 0.266816 0)
(2.93303 0.0582162 0)
(2.94446 0.0301913 0)
(2.91154 -0.161719 0)
(2.87058 -0.313428 0)
(2.84685 -0.379204 0)
(2.87329 -0.344348 0)
(2.87997 -0.15462 0)
(2.63873 0.113215 0)
(2.68471 0.220755 0)
(2.77717 0.365418 0)
(2.76649 0.377415 0)
(2.74172 0.452569 0)
(2.71118 0.540983 0)
(2.69281 0.60736 0)
(2.6877 0.604165 0)
(2.65731 0.560227 0)
(2.67281 0.569536 0)
(2.70164 0.606983 0)
(2.72277 0.662454 0)
(2.73026 0.686833 0)
(2.71219 0.646601 0)
(2.66977 0.377145 0)
(2.65044 0.147636 0)
(2.61824 -0.0339147 0)
(2.57497 0.000343625 0)
(2.5658 0.0245749 0)
(2.57924 0.013704 0)
(2.67991 0.265858 0)
(2.70419 0.376756 0)
(2.76979 0.509226 0)
(2.78895 0.520411 0)
(2.77201 0.58163 0)
(2.74607 0.66841 0)
(2.7335 0.686063 0)
(2.72339 0.668773 0)
(2.70764 0.641783 0)
(2.70044 0.662529 0)
(2.70726 0.691342 0)
(2.71966 0.706807 0)
(2.71932 0.660028 0)
(2.6608 0.37151 0)
(2.6205 0.17311 0)
(2.60191 0.0467224 0)
(2.59866 0.000976318 0)
(2.58843 -0.00636656 0)
(2.56369 0.02277 0)
(2.57319 0.0138279 0)
(2.69825 0.491809 0)
(2.72832 0.591783 0)
(2.74065 0.655238 0)
(2.76637 0.659524 0)
(2.78316 0.691564 0)
(2.787 0.745777 0)
(2.79169 0.738195 0)
(2.76798 0.720129 0)
(2.74668 0.722875 0)
(2.70291 0.715355 0)
(2.69822 0.737246 0)
(2.69908 0.643834 0)
(2.65462 0.337108 0)
(2.62333 0.186933 0)
(2.57545 0.0156566 0)
(2.57517 0.0166538 0)
(2.58723 -0.00719575 0)
(2.58685 -0.0166331 0)
(2.58111 0.00305838 0)
(2.57524 0.011227 0)
(2.72741 0.706445 0)
(2.73606 0.718443 0)
(2.7223 0.775011 0)
(2.74329 0.783919 0)
(2.78429 0.801173 0)
(2.80898 0.825484 0)
(2.8196 0.816281 0)
(2.80141 0.798774 0)
(2.76448 0.778594 0)
(2.73257 0.788829 0)
(2.69044 0.613163 0)
(2.66742 0.287598 0)
(2.64657 0.15223 0)
(2.59509 0.0527452 0)
(2.58229 0.00550257 0)
(2.57938 0.00880733 0)
(2.58568 -0.000408986 0)
(2.58421 -0.00468348 0)
(2.5801 0.00129424 0)
(2.57454 0.00805714 0)
(2.74908 0.895847 0)
(2.7291 0.894021 0)
(2.71054 0.938159 0)
(2.73519 0.931639 0)
(2.78509 0.911082 0)
(2.8147 0.905069 0)
(2.83834 0.887294 0)
(2.81538 0.888264 0)
(2.76808 0.857293 0)
(2.71912 0.537582 0)
(2.70047 0.236442 0)
(2.66353 0.0892627 0)
(2.62984 0.0265356 0)
(2.59993 0.00916173 0)
(2.57739 0.00301573 0)
(2.57013 0.00483247 0)
(2.57727 0.00788227 0)
(2.57703 0.00333864 0)
(2.57005 -0.00024379 0)
(2.56455 0.00439077 0)
(2.77566 1.00161 0)
(2.70874 1.06956 0)
(2.6987 1.02335 0)
(2.73959 1.01945 0)
(2.78613 0.998004 0)
(2.79876 0.970974 0)
(2.79425 0.897667 0)
(2.80355 0.711288 0)
(2.74576 0.434228 0)
(2.71784 0.246074 0)
(2.62995 0.0702209 0)
(2.595 0.0258477 0)
(2.57875 -0.00558534 0)
(2.57123 -0.0054768 0)
(2.55388 0.00678442 0)
(2.55093 0.0149313 0)
(2.55429 0.0153604 0)
(2.55337 0.0124826 0)
(2.54298 0.00196668 0)
(2.53284 0.00201754 0)
(2.75707 1.21796 0)
(2.6887 1.2118 0)
(2.71989 1.24948 0)
(2.73697 1.19182 0)
(2.73932 1.05019 0)
(2.76955 0.768966 0)
(2.72359 0.345158 0)
(2.7447 0.274147 0)
(2.62245 0.11043 0)
(2.56824 0.0898413 0)
(2.51251 0.0468095 0)
(2.51092 0.0257848 0)
(2.50163 -0.00609284 0)
(2.49987 -0.00605435 0)
(2.49918 0.00941607 0)
(2.50082 0.0216916 0)
(2.49404 0.0220308 0)
(2.4912 0.014371 0)
(2.4806 0.000694358 0)
(2.46864 -0.000785875 0)
(2.67193 1.47298 0)
(2.65433 1.44743 0)
(2.60356 1.13436 0)
(2.62593 0.879729 0)
(2.57226 0.445221 0)
(2.58383 0.245192 0)
(2.49612 -0.00427165 0)
(2.46162 0.0286918 0)
(2.42387 0.0585678 0)
(2.43271 0.0511268 0)
(2.41698 0.0483046 0)
(2.39454 0.0202537 0)
(2.38745 -0.0120623 0)
(2.39403 -0.0153399 0)
(2.40268 0.00759799 0)
(2.39812 0.0207716 0)
(2.39182 0.0199876 0)
(2.39042 0.0112746 0)
(2.38835 -0.00238777 0)
(2.38635 -0.000539356 0)
(2.2906 0.824869 0)
(2.31581 0.570078 0)
(2.32031 0.346909 0)
(2.32757 0.197599 0)
(2.2538 0.0279224 0)
(2.22736 0.0148344 0)
(2.24342 -0.0211392 0)
(2.28329 0.00528278 0)
(2.3123 0.046494 0)
(2.29572 0.0520355 0)
(2.27883 0.0414879 0)
(2.26078 0.0205098 0)
(2.27158 -0.00400763 0)
(2.2915 0.00201182 0)
(2.29769 0.0138666 0)
(2.30155 0.0183368 0)
(2.30212 0.0126561 0)
(2.30623 0.00102721 0)
(2.31884 -0.00942316 0)
(2.32207 -0.00531034 0)
(1.94697 0.175096 0)
(2.03946 0.159714 0)
(2.09137 0.0790512 0)
(2.1201 0.077824 0)
(2.1093 0.0236577 0)
(2.11975 0.00586099 0)
(2.16546 -0.0100619 0)
(2.19743 0.0113066 0)
(2.21163 0.0301991 0)
(2.20808 0.0319862 0)
(2.20211 0.0246027 0)
(2.19827 0.00741098 0)
(2.21828 -0.00574455 0)
(2.24008 -0.00382896 0)
(2.24939 0.00107234 0)
(2.26197 0.000537762 0)
(2.2648 -0.00247523 0)
(2.27103 -0.00778749 0)
(2.2834 -0.00895828 0)
(2.29086 -0.0017839 0)
)
;

boundaryField
{
    inlet
    {
        type            fixedValue;
        value           uniform (3 0 0);
    }
    outlet
    {
        type            inletOutlet;
        inletValue      uniform (3 0 0);
        value           nonuniform List<vector> 
50
(
(2.62526 -0.00830744 0)
(2.72104 -0.0490461 0)
(2.80849 -0.210946 0)
(2.88443 -0.422871 0)
(2.92065 -0.426271 0)
(2.93662 -0.390525 0)
(2.9441 -0.297875 0)
(2.96811 -0.266023 0)
(2.93323 -0.0554188 0)
(2.94438 -0.0328228 0)
(2.91087 0.162725 0)
(2.87056 0.313309 0)
(2.84658 0.379598 0)
(2.87323 0.344353 0)
(2.87991 0.154625 0)
(2.2836 0.000426987 0)
(2.31017 0.000949151 0)
(2.37414 0.00819943 0)
(2.45735 0.00618525 0)
(2.52638 0.00170878 0)
(2.56438 -0.00180818 0)
(2.5777 -0.00906423 0)
(2.57665 -0.0108432 0)
(2.57356 -0.0136063 0)
(2.58035 -0.0128484 0)
(2.57924 0.013704 0)
(2.57319 0.0138279 0)
(2.57524 0.011227 0)
(2.57454 0.00805714 0)
(2.56455 0.00439077 0)
(2.53284 0.00201754 0)
(2.46864 -0.000785875 0)
(2.38635 -0.000539356 0)
(2.32207 -0.00531034 0)
(2.29086 -0.0017839 0)
(2.62414 0.00790989 0)
(2.72155 0.0518122 0)
(2.80821 0.211406 0)
(2.88662 0.423477 0)
(2.9191 0.421117 0)
(2.93445 0.394027 0)
(2.94092 0.295501 0)
(2.96592 0.266816 0)
(2.93303 0.0582162 0)
(2.94446 0.0301913 0)
(2.91154 -0.161719 0)
(2.87058 -0.313428 0)
(2.84685 -0.379204 0)
(2.87329 -0.344348 0)
(2.87997 -0.15462 0)
)
;
    }
    airfoil
    {
        type            slip;
    }
    top
    {
        type            symmetryPlane;
    }
    bottom
    {
        type            symmetryPlane;
    }
    defaultFaces
    {
        type            empty;
    }
}


// ************************************************************************* //
