/*--------------------------------*- C++ -*----------------------------------*\
  =========                 |
  \\      /  F ield         | OpenFOAM: The Open Source CFD Toolbox
   \\    /   O peration     | Website:  https://openfoam.org
    \\  /    A nd           | Version:  7
     \\/     M anipulation  |
\*---------------------------------------------------------------------------*/
FoamFile
{
    version     2.0;
    format      ascii;
    class       volVectorField;
    location    "5.8";
    object      U;
}
// * * * * * * * * * * * * * * * * * * * * * * * * * * * * * * * * * * * * * //

dimensions      [0 1 -1 0 0 0 0];

internalField   nonuniform List<vector> 
3700
(
(1.31164 -0.390325 0)
(1.34807 -0.45769 0)
(1.41189 -0.340537 0)
(1.41657 -0.248253 0)
(1.41947 -0.114425 0)
(1.4744 -0.133913 0)
(1.5322 -0.218441 0)
(1.57906 -0.435916 0)
(1.50218 -0.44485 0)
(1.42202 -0.309247 0)
(1.4387 -0.0925148 0)
(1.55238 -0.0236346 0)
(1.61754 -0.0896668 0)
(1.6849 -0.193164 0)
(1.68273 -0.210987 0)
(1.66095 -0.165812 0)
(1.69042 -0.101933 0)
(1.75472 -0.129754 0)
(1.82402 -0.219242 0)
(1.89445 -0.294964 0)
(1.81235 -1.29422 0)
(1.82039 -1.10157 0)
(1.9371 -1.19669 0)
(1.98722 -1.30996 0)
(1.8818 -1.20065 0)
(1.84863 -1.29363 0)
(1.91472 -1.63606 0)
(1.89288 -2.03591 0)
(1.78662 -1.92428 0)
(1.68481 -1.49782 0)
(1.72487 -1.19599 0)
(1.89343 -0.992394 0)
(2.004 -0.99209 0)
(2.13284 -1.11258 0)
(2.13081 -1.11335 0)
(2.1133 -1.0367 0)
(2.13401 -0.980393 0)
(2.19689 -1.03879 0)
(2.27585 -1.15891 0)
(2.32789 -1.29813 0)
(1.82136 -1.31795 0)
(1.95861 -1.14946 0)
(2.16239 -1.38473 0)
(2.30571 -1.74378 0)
(2.12483 -2.1342 0)
(2.01207 -2.2822 0)
(1.99234 -2.32027 0)
(1.98827 -2.25502 0)
(2.01569 -2.19481 0)
(2.09303 -2.0667 0)
(2.13294 -2.08436 0)
(2.22942 -1.96381 0)
(2.30282 -1.90792 0)
(2.38723 -1.85591 0)
(2.48183 -1.80193 0)
(2.59161 -1.72744 0)
(2.63742 -1.68042 0)
(2.64192 -1.64316 0)
(2.62695 -1.63472 0)
(2.5857 -1.61265 0)
(1.82318 -1.33361 0)
(1.97138 -1.22169 0)
(2.0679 -1.49371 0)
(2.08396 -1.89514 0)
(1.97661 -2.18737 0)
(1.9614 -2.29861 0)
(1.99313 -2.30808 0)
(2.06531 -2.15876 0)
(2.10213 -2.11939 0)
(2.26028 -1.96034 0)
(2.2453 -2.03676 0)
(2.33439 -1.91263 0)
(2.36632 -1.84192 0)
(2.41665 -1.7543 0)
(2.49188 -1.67 0)
(2.62611 -1.54382 0)
(2.66878 -1.42597 0)
(2.76897 -1.29873 0)
(2.82881 -1.22706 0)
(2.7913 -1.27842 0)
(1.70325 -1.30316 0)
(1.80639 -1.3076 0)
(1.83899 -1.69904 0)
(1.74852 -2.07468 0)
(1.68592 -2.27268 0)
(1.75841 -2.26478 0)
(1.95092 -2.20357 0)
(2.14362 -1.93566 0)
(2.22438 -1.98268 0)
(2.37865 -1.84706 0)
(2.3858 -1.82555 0)
(2.47154 -1.7088 0)
(2.52044 -1.68084 0)
(2.50826 -1.66798 0)
(2.53252 -1.57604 0)
(2.58167 -1.49388 0)
(2.60358 -1.36048 0)
(2.71247 -1.28118 0)
(2.77345 -1.07377 0)
(2.86248 -0.889991 0)
(1.56622 -1.24061 0)
(1.65744 -1.30747 0)
(1.6589 -1.76233 0)
(1.57025 -2.16317 0)
(1.55912 -2.26925 0)
(1.76627 -2.16714 0)
(1.90271 -2.10732 0)
(2.07594 -1.80908 0)
(2.1857 -1.78039 0)
(2.40471 -1.72463 0)
(2.51844 -1.55859 0)
(2.60511 -1.50211 0)
(2.64611 -1.4101 0)
(2.65418 -1.40517 0)
(2.68393 -1.32576 0)
(2.66488 -1.321 0)
(2.65044 -1.1962 0)
(2.67006 -1.16765 0)
(2.71405 -1.10818 0)
(2.78935 -0.862461 0)
(1.4825 -1.15113 0)
(1.52935 -1.27641 0)
(1.5407 -1.79129 0)
(1.46705 -2.17239 0)
(1.63964 -2.23806 0)
(1.83719 -2.13998 0)
(1.93639 -2.0693 0)
(2.05077 -1.80965 0)
(2.10744 -1.75762 0)
(2.29839 -1.66056 0)
(2.42571 -1.45126 0)
(2.60615 -1.39335 0)
(2.67616 -1.13657 0)
(2.74507 -1.07016 0)
(2.76425 -0.915464 0)
(2.75464 -0.910479 0)
(2.75086 -0.850297 0)
(2.73219 -0.830109 0)
(2.72065 -0.902367 0)
(2.72321 -0.719757 0)
(1.4419 -1.08253 0)
(1.46255 -1.27687 0)
(1.50792 -1.80967 0)
(1.56711 -2.17344 0)
(1.83093 -2.23168 0)
(2.07294 -2.08459 0)
(2.14421 -1.94198 0)
(2.18537 -1.77907 0)
(2.20337 -1.7222 0)
(2.27175 -1.66424 0)
(2.39353 -1.44376 0)
(2.5262 -1.35641 0)
(2.58314 -1.11184 0)
(2.72134 -1.02395 0)
(2.7427 -0.763523 0)
(2.78554 -0.632287 0)
(2.78293 -0.503849 0)
(2.77361 -0.407358 0)
(2.73019 -0.543935 0)
(2.69871 -0.480268 0)
(1.41548 -1.06538 0)
(1.44476 -1.34375 0)
(1.56153 -1.9416 0)
(1.75287 -2.25387 0)
(2.21691 -2.13462 0)
(2.44421 -1.99549 0)
(2.42412 -1.64045 0)
(2.44815 -1.52545 0)
(2.49196 -1.5048 0)
(2.51041 -1.47522 0)
(2.52973 -1.35332 0)
(2.57672 -1.20305 0)
(2.58547 -1.03264 0)
(2.66055 -0.952837 0)
(2.68126 -0.746855 0)
(2.73494 -0.608047 0)
(2.75538 -0.42526 0)
(2.7551 -0.209957 0)
(2.71514 -0.187353 0)
(2.67788 -0.162518 0)
(1.38629 -1.1129 0)
(1.47956 -1.61158 0)
(1.76085 -2.2387 0)
(1.94941 -2.40912 0)
(2.32175 -2.01839 0)
(2.43921 -1.88937 0)
(2.59474 -1.4542 0)
(2.69294 -1.33008 0)
(2.78874 -1.19372 0)
(2.78144 -0.978012 0)
(2.77025 -0.966271 0)
(2.75292 -0.76982 0)
(2.71117 -0.71105 0)
(2.71186 -0.62045 0)
(2.69554 -0.515415 0)
(2.68606 -0.439291 0)
(2.69558 -0.355345 0)
(2.68538 -0.200239 0)
(2.65524 -0.0198769 0)
(2.619 0.0515385 0)
(1.35888 -1.24807 0)
(1.63243 -2.04721 0)
(1.84016 -2.38002 0)
(1.94487 -2.30778 0)
(2.15714 -1.89459 0)
(2.21863 -1.75772 0)
(2.40695 -1.40172 0)
(2.49645 -1.27818 0)
(2.61513 -1.18643 0)
(2.6803 -0.797032 0)
(2.75079 -0.616004 0)
(2.73271 -0.360405 0)
(2.72599 -0.263054 0)
(2.70784 -0.140827 0)
(2.69112 -0.0798214 0)
(2.66164 -0.0556833 0)
(2.63433 -0.0558081 0)
(2.62294 -0.0535105 0)
(2.55795 0.112573 0)
(2.57817 0.111229 0)
(1.37979 -1.53102 0)
(1.70798 -2.37382 0)
(1.78992 -2.30631 0)
(1.9133 -2.0509 0)
(2.08891 -1.77657 0)
(2.17038 -1.55533 0)
(2.28954 -1.35013 0)
(2.38126 -1.16802 0)
(2.43386 -1.02418 0)
(2.50065 -0.834704 0)
(2.60058 -0.64318 0)
(2.62106 -0.368325 0)
(2.6485 -0.171992 0)
(2.63798 0.0212754 0)
(2.59347 0.204551 0)
(2.56346 0.278067 0)
(2.52037 0.341844 0)
(2.51454 0.250806 0)
(2.45173 0.322561 0)
(2.47572 0.27586 0)
(1.40491 -1.74457 0)
(1.65566 -2.49273 0)
(1.77876 -2.0963 0)
(1.90938 -1.93199 0)
(2.16284 -1.68437 0)
(2.33496 -1.16936 0)
(2.34985 -1.18901 0)
(2.45218 -0.968108 0)
(2.50529 -0.657931 0)
(2.52955 -0.558198 0)
(2.56612 -0.358781 0)
(2.56071 -0.16986 0)
(2.55372 -0.015981 0)
(2.54075 0.120012 0)
(2.48896 0.289619 0)
(2.47572 0.373591 0)
(2.39292 0.528133 0)
(2.34422 0.562631 0)
(2.30346 0.58881 0)
(2.32137 0.52868 0)
(1.39327 -1.81628 0)
(1.56514 -2.34504 0)
(1.88356 -1.81314 0)
(2.07767 -1.57108 0)
(2.25752 -1.17435 0)
(2.40274 -0.755856 0)
(2.51887 -0.552981 0)
(2.60001 -0.296361 0)
(2.56923 -0.0624428 0)
(2.563 0.0360168 0)
(2.5426 0.189943 0)
(2.50072 0.315226 0)
(2.45161 0.409 0)
(2.40579 0.476867 0)
(2.35493 0.527117 0)
(2.33189 0.54609 0)
(2.26785 0.621351 0)
(2.20948 0.70479 0)
(2.15501 0.785536 0)
(2.13179 0.801629 0)
(1.34364 -1.79431 0)
(1.52035 -2.05129 0)
(1.93485 -1.65549 0)
(2.06052 -0.931451 0)
(2.38541 -0.395156 0)
(2.49284 -0.484518 0)
(2.56047 -0.244998 0)
(2.52283 0.0668273 0)
(2.49553 0.132843 0)
(2.47048 0.308109 0)
(2.4278 0.474429 0)
(2.33917 0.63917 0)
(2.27271 0.734601 0)
(2.19935 0.820653 0)
(2.15438 0.833553 0)
(2.12206 0.834359 0)
(2.08406 0.86616 0)
(2.07311 0.87543 0)
(2.0365 0.922885 0)
(2.05743 0.953822 0)
(1.18572 -1.44658 0)
(1.55702 -1.85353 0)
(2.22691 -1.29709 0)
(2.39726 -0.0734851 0)
(2.44326 -0.0294743 0)
(2.42424 -0.243078 0)
(2.42434 -0.019669 0)
(2.38558 0.208205 0)
(2.33553 0.372659 0)
(2.31208 0.527571 0)
(2.23499 0.691781 0)
(2.15254 0.820238 0)
(2.08426 0.902201 0)
(2.01861 0.973246 0)
(1.97553 0.986357 0)
(1.95015 0.99866 0)
(1.95472 1.01759 0)
(1.97053 0.994405 0)
(1.99612 0.993594 0)
(2.07126 0.977065 0)
(1.11975 -0.651787 0)
(1.48017 -1.12882 0)
(2.17108 -0.298824 0)
(2.34837 -0.023495 0)
(2.37261 0.0455648 0)
(2.36161 0.317497 0)
(2.26378 0.563269 0)
(2.1946 0.676013 0)
(2.13388 0.765824 0)
(2.08046 0.897915 0)
(1.97955 1.00747 0)
(1.92361 1.05876 0)
(1.88722 1.07798 0)
(1.86794 1.08877 0)
(1.86964 1.05716 0)
(1.89653 1.04845 0)
(1.96232 1.02092 0)
(2.16411 0.90417 0)
(2.38187 0.793532 0)
(2.77968 0.441299 0)
(0.905167 -0.0814069 0)
(1.88699 0.593978 0)
(2.26059 0.446449 0)
(2.22954 0.576708 0)
(2.21149 0.61626 0)
(2.14371 0.751329 0)
(2.0423 0.888839 0)
(1.95282 0.982409 0)
(1.90451 1.04073 0)
(1.84803 1.12918 0)
(1.79452 1.15986 0)
(1.79492 1.15228 0)
(1.81021 1.13086 0)
(1.84536 1.08865 0)
(2.03655 0.95323 0)
(2.2595 0.829134 0)
(2.66545 0.504113 0)
(3.03634 0.0924208 0)
(3.05541 -0.0236734 0)
(3.00404 -0.00466444 0)
(1.01727 0.030274 0)
(1.92554 0.758043 0)
(2.11688 0.78882 0)
(2.01598 0.92608 0)
(1.96695 0.989733 0)
(1.86091 1.09769 0)
(1.78336 1.14213 0)
(1.75707 1.14619 0)
(1.75658 1.1626 0)
(1.73769 1.20497 0)
(1.7258 1.19522 0)
(1.87615 1.0631 0)
(2.10126 0.879137 0)
(2.49605 0.577273 0)
(2.98047 0.140062 0)
(3.07362 -0.0287334 0)
(3.00829 -0.00774226 0)
(3.00295 -0.00383187 0)
(3.00123 -0.0021857 0)
(3.00008 -0.000483763 0)
(1.16509 0.766808 0)
(1.82841 1.15214 0)
(1.84461 1.15227 0)
(1.74066 1.19991 0)
(1.71534 1.20444 0)
(1.66081 1.24448 0)
(1.65257 1.21697 0)
(1.72114 1.16616 0)
(1.74913 1.23955 0)
(1.78796 1.15145 0)
(2.27919 0.742487 0)
(2.86525 0.204611 0)
(3.09836 -0.0303597 0)
(3.02087 -0.0127406 0)
(3.00479 -0.00564828 0)
(3.0019 -0.00310144 0)
(3.00004 -0.00059069 0)
(2.99997 -2.19501e-05 0)
(2.99999 1.43496e-05 0)
(3 5.89692e-06 0)
(1.58036 1.25546 0)
(1.58607 1.25967 0)
(1.59658 1.26507 0)
(1.60197 1.26824 0)
(1.60833 1.26197 0)
(1.59587 1.26621 0)
(1.87185 1.16885 0)
(2.94701 0.398876 0)
(3.37466 -0.64422 0)
(3 6.33113e-11 0)
(3 -7.83627e-11 0)
(3 8.0005e-11 0)
(3 4.62128e-15 0)
(3 -4.21163e-13 0)
(3 -1.14822e-14 0)
(3 2.0297e-14 0)
(3 -7.50793e-15 0)
(3 2.46416e-15 0)
(3 3.35028e-15 0)
(3 2.86747e-15 0)
(1.57591 1.23966 0)
(1.59154 1.25256 0)
(1.60539 1.26306 0)
(1.61058 1.2713 0)
(1.64384 1.25433 0)
(1.74377 1.19922 0)
(2.25913 0.732322 0)
(2.99669 0.0134769 0)
(3 5.36723e-08 0)
(3 -2.93734e-11 0)
(3 -8.06905e-13 0)
(3 -2.26528e-14 0)
(3 -8.3416e-17 0)
(3 3.15218e-15 0)
(3 3.50521e-15 0)
(3 4.49273e-15 0)
(3 4.16056e-15 0)
(3 1.88156e-15 0)
(3 2.13674e-15 0)
(3 2.93434e-15 0)
(1.57961 1.24879 0)
(1.60183 1.25552 0)
(1.61512 1.25977 0)
(1.61163 1.26802 0)
(1.76235 1.19125 0)
(2.25164 0.788763 0)
(3.00497 -0.0104056 0)
(2.99999 -0.000268221 0)
(3 5.92071e-07 0)
(3 6.21287e-11 0)
(3 -2.86413e-13 0)
(3 6.36131e-15 0)
(3 -6.82094e-16 0)
(3 2.53666e-15 0)
(3 4.0616e-15 0)
(3 3.94713e-15 0)
(3 2.39184e-15 0)
(3 1.60153e-15 0)
(3 2.40465e-15 0)
(3 3.64385e-15 0)
(1.58153 1.25381 0)
(1.60092 1.25895 0)
(1.62285 1.26599 0)
(1.60261 1.29834 0)
(1.8835 1.07622 0)
(2.75959 0.217521 0)
(3.00408 0.000137886 0)
(2.99993 5.55393e-05 0)
(3 -7.78045e-07 0)
(3 8.47402e-10 0)
(3 4.38959e-14 0)
(3 -6.17549e-15 0)
(3 -2.90702e-16 0)
(3 2.75425e-15 0)
(3 3.41778e-15 0)
(3 2.47305e-15 0)
(3 2.11217e-15 0)
(3 1.70394e-15 0)
(3 1.97732e-15 0)
(3 3.11804e-15 0)
(1.5828 1.26883 0)
(1.59637 1.27266 0)
(1.62656 1.26822 0)
(1.61834 1.28525 0)
(2.30264 0.679515 0)
(3.0224 -0.0198369 0)
(2.99972 9.48183e-05 0)
(3 -4.03488e-06 0)
(3 8.01289e-08 0)
(3 -8.78096e-10 0)
(3 2.63873e-12 0)
(3 -1.40834e-14 0)
(3 9.50303e-16 0)
(3 2.51802e-15 0)
(3 2.39768e-15 0)
(3 1.88294e-15 0)
(3 1.6617e-15 0)
(3 2.25909e-15 0)
(3 1.55129e-15 0)
(3 2.20452e-15 0)
(1.58404 1.28571 0)
(1.58848 1.28947 0)
(1.64663 1.25867 0)
(1.85233 1.10172 0)
(2.71235 0.237883 0)
(3 -5.85916e-10 0)
(3 1.36921e-08 0)
(3 -1.23172e-08 0)
(3 5.2309e-10 0)
(3 2.12993e-12 0)
(3 -1.18343e-13 0)
(3 3.22057e-15 0)
(3 9.29413e-16 0)
(3 9.62793e-16 0)
(3 1.51945e-15 0)
(3 1.89203e-15 0)
(3 2.26579e-15 0)
(3 2.31453e-15 0)
(3 1.19075e-15 0)
(3 1.17355e-15 0)
(1.58613 1.29936 0)
(1.55292 1.29801 0)
(1.67619 1.2189 0)
(2.15399 0.817297 0)
(3.0233 -0.0204691 0)
(3 -2.98926e-12 0)
(3 -1.46278e-12 0)
(3 1.28291e-12 0)
(3 -1.28539e-12 0)
(3 3.38213e-14 0)
(3 5.97072e-16 0)
(3 5.96433e-16 0)
(3 9.54283e-16 0)
(3 -6.77145e-16 0)
(3 6.62991e-16 0)
(3 1.87344e-15 0)
(3 2.65795e-15 0)
(3 1.91444e-15 0)
(3 9.43745e-16 0)
(3 9.95478e-16 0)
(1.59306 1.32869 0)
(1.50179 1.33279 0)
(1.72375 1.19233 0)
(2.38406 0.553717 0)
(3 -2.3484e-08 0)
(3 2.54997e-11 0)
(3 -7.78133e-14 0)
(3 -3.24316e-15 0)
(3 -1.27068e-15 0)
(3 -4.64302e-16 0)
(3 -4.14854e-16 0)
(3 6.90015e-16 0)
(3 8.8213e-16 0)
(3 -1.02938e-15 0)
(3 4.92112e-16 0)
(3 1.07998e-15 0)
(3 1.68739e-15 0)
(3 1.53138e-15 0)
(3 8.95108e-16 0)
(3 9.59183e-16 0)
(1.58396 1.30003 0)
(1.47392 1.33591 0)
(2.01351 1.02298 0)
(2.90013 0.101135 0)
(3 -5.1747e-09 0)
(3 3.4127e-11 0)
(3 -1.38151e-13 0)
(3 -4.9668e-16 0)
(3 -1.5108e-16 0)
(3 9.32918e-17 0)
(3 4.8515e-16 0)
(3 5.6643e-16 0)
(3 9.6636e-16 0)
(3 5.60462e-16 0)
(3 1.03144e-15 0)
(3 1.4399e-15 0)
(3 9.11835e-16 0)
(3 8.18803e-16 0)
(3 9.18652e-16 0)
(3 1.8955e-16 0)
(1.59847 1.29296 0)
(1.46901 1.395 0)
(2.13923 0.851975 0)
(3.01059 -0.00847087 0)
(3 2.23929e-08 0)
(3 -4.77238e-11 0)
(3 1.26159e-13 0)
(3 -2.20804e-15 0)
(3 -9.62088e-16 0)
(3 -9.30197e-17 0)
(3 1.19041e-15 0)
(3 1.67197e-15 0)
(3 2.12209e-15 0)
(3 2.11676e-15 0)
(3 2.04496e-15 0)
(3 2.02616e-15 0)
(3 2.5501e-15 0)
(3 2.49468e-15 0)
(3 9.87265e-16 0)
(3 4.73697e-16 0)
(1.61811 1.28155 0)
(1.55748 1.32374 0)
(2.40471 0.554082 0)
(3 -3.65168e-12 0)
(3 -1.51383e-11 0)
(3 2.96253e-13 0)
(3 -8.26221e-15 0)
(3 -2.70009e-15 0)
(3 -1.94406e-15 0)
(3 -1.64925e-15 0)
(3 -1.07643e-15 0)
(3 2.10308e-16 0)
(3 1.58981e-15 0)
(3 1.37235e-15 0)
(3 2.24338e-15 0)
(3 2.75302e-15 0)
(3 4.25052e-15 0)
(3 5.48273e-15 0)
(3 4.84759e-15 0)
(3 2.21952e-15 0)
(1.63684 1.26485 0)
(1.65727 1.23196 0)
(2.65296 0.287114 0)
(3 2.03576e-12 0)
(3 -1.91849e-13 0)
(3 -1.04906e-14 0)
(3 -6.07957e-15 0)
(3 -6.08118e-15 0)
(3 -5.85033e-15 0)
(3 -4.36002e-15 0)
(3 -3.18102e-15 0)
(3 -2.81104e-15 0)
(3 -2.49583e-15 0)
(3 -1.4354e-15 0)
(3 2.73796e-16 0)
(3 1.59074e-15 0)
(3 3.57737e-15 0)
(3 6.41674e-15 0)
(3 7.4197e-15 0)
(3 7.09748e-15 0)
(1.65347 1.23948 0)
(1.80178 1.10108 0)
(2.86737 0.0949292 0)
(3 -2.20729e-14 0)
(3 -6.96723e-15 0)
(3 -7.77827e-15 0)
(3 -7.50649e-15 0)
(3 -7.3516e-15 0)
(3 -8.23433e-15 0)
(3 -6.76245e-15 0)
(3 -4.33733e-15 0)
(3 -3.43262e-15 0)
(3 -3.26325e-15 0)
(3 -3.02536e-15 0)
(3 -2.02687e-15 0)
(3 -8.20493e-16 0)
(3 5.43494e-16 0)
(3 1.1832e-15 0)
(3 2.62397e-15 0)
(3 4.34164e-15 0)
(1.67234 1.20306 0)
(1.9024 0.971003 0)
(2.99204 0.00453702 0)
(3 -7.98349e-15 0)
(3 -8.76114e-15 0)
(3 -8.9051e-15 0)
(3 -8.55303e-15 0)
(3 -7.29703e-15 0)
(3 -7.32528e-15 0)
(3 -7.5255e-15 0)
(3 -7.3075e-15 0)
(3 -6.47657e-15 0)
(3 -5.02008e-15 0)
(3 -3.70159e-15 0)
(3 -3.17876e-15 0)
(3 -1.25959e-15 0)
(3 2.82945e-16 0)
(3 7.62923e-16 0)
(3 1.93146e-15 0)
(3 2.95377e-15 0)
(1.73388 1.16628 0)
(2.07129 0.82146 0)
(3 -8.09268e-15 0)
(3 -8.32061e-15 0)
(3 -8.42236e-15 0)
(3 -8.41155e-15 0)
(3 -7.39884e-15 0)
(3 -5.84321e-15 0)
(3 -4.64684e-15 0)
(3 -4.71892e-15 0)
(3 -5.57842e-15 0)
(3 -5.71029e-15 0)
(3 -5.10972e-15 0)
(3 -4.32974e-15 0)
(3 -3.49309e-15 0)
(3 -3.44675e-15 0)
(3 -2.84807e-15 0)
(3 -1.59967e-15 0)
(3 -1.9417e-16 0)
(3 2.16149e-16 0)
(1.73864 1.09982 0)
(2.21449 0.659536 0)
(3 -5.26253e-15 0)
(3 -6.19458e-15 0)
(3 -6.02772e-15 0)
(3 -5.44373e-15 0)
(3 -4.67566e-15 0)
(3 -4.5552e-15 0)
(3 -3.62207e-15 0)
(3 -3.67903e-15 0)
(3 -3.85762e-15 0)
(3 -3.60882e-15 0)
(3 -3.78565e-15 0)
(3 -4.93017e-15 0)
(3 -4.75632e-15 0)
(3 -4.69708e-15 0)
(3 -4.71292e-15 0)
(3 -3.22285e-15 0)
(3 -2.26094e-15 0)
(3 -7.63236e-16 0)
(1.81013 1.01383 0)
(2.42032 0.459035 0)
(3 -4.24138e-15 0)
(3 -4.51919e-15 0)
(3 -4.51391e-15 0)
(3 -4.02563e-15 0)
(3 -4.05627e-15 0)
(3 -4.61473e-15 0)
(3 -5.2428e-15 0)
(3 -5.99364e-15 0)
(3 -6.74223e-15 0)
(3 -6.77486e-15 0)
(3 -6.55109e-15 0)
(3 -5.76248e-15 0)
(3 -5.01543e-15 0)
(3 -4.06721e-15 0)
(3 -4.2489e-15 0)
(3 -4.62271e-15 0)
(3 -4.69213e-15 0)
(3 -4.15484e-15 0)
(1.95679 0.885373 0)
(2.71312 0.211027 0)
(3 -5.84508e-16 0)
(3 -2.8158e-16 0)
(3 -1.06249e-15 0)
(3 -2.36701e-15 0)
(3 -3.22285e-15 0)
(3 -4.17205e-15 0)
(3 -4.99775e-15 0)
(3 -5.46386e-15 0)
(3 -5.67191e-15 0)
(3 -5.49597e-15 0)
(3 -4.98779e-15 0)
(3 -4.51442e-15 0)
(3 -4.02901e-15 0)
(3 -3.28259e-15 0)
(3 -2.57203e-15 0)
(3 -2.1593e-15 0)
(3 -1.9217e-15 0)
(3 -1.72293e-15 0)
(2.10048 0.638841 0)
(2.99171 0.000271138 0)
(3 4.69173e-17 0)
(3 -8.10626e-16 0)
(3 -1.21137e-15 0)
(3 -2.01823e-15 0)
(3 -2.71209e-15 0)
(3 -2.79376e-15 0)
(3 -2.42269e-15 0)
(3 -2.5982e-15 0)
(3 -2.86368e-15 0)
(3 -3.36578e-15 0)
(3 -4.0569e-15 0)
(3 -4.57403e-15 0)
(3 -4.37986e-15 0)
(3 -4.06561e-15 0)
(3 -3.73145e-15 0)
(3 -3.5781e-15 0)
(3 -3.51447e-15 0)
(3 -3.60663e-15 0)
(1.99467 0.377633 0)
(2.99994 -8.31849e-06 0)
(3 2.97947e-16 0)
(3 1.83643e-16 0)
(3 3.37801e-16 0)
(3 1.75468e-16 0)
(3 8.58641e-17 0)
(3 4.14907e-16 0)
(3 5.55279e-16 0)
(3 3.3381e-16 0)
(3 -5.6398e-16 0)
(3 -1.57905e-15 0)
(3 -2.24378e-15 0)
(3 -2.55241e-15 0)
(3 -2.84887e-15 0)
(3 -3.3164e-15 0)
(3 -3.66313e-15 0)
(3 -4.18255e-15 0)
(3 -4.30155e-15 0)
(3 -4.8856e-15 0)
(1.99434 -0.37816 0)
(2.99994 8.28334e-06 0)
(3 8.87337e-16 0)
(3 9.38948e-16 0)
(3 8.54679e-16 0)
(3 1.26222e-15 0)
(3 1.74309e-15 0)
(3 1.98463e-15 0)
(3 1.68981e-15 0)
(3 1.09597e-15 0)
(3 8.08328e-16 0)
(3 8.86672e-16 0)
(3 7.239e-16 0)
(3 6.27002e-16 0)
(3 -1.49886e-17 0)
(3 -7.36334e-16 0)
(3 -1.29281e-15 0)
(3 -1.83586e-15 0)
(3 -2.14464e-15 0)
(3 -2.19921e-15 0)
(2.09957 -0.637728 0)
(2.99192 -0.000271563 0)
(3 1.89696e-15 0)
(3 1.40655e-15 0)
(3 1.27917e-15 0)
(3 1.01072e-15 0)
(3 6.07656e-16 0)
(3 -1.03564e-16 0)
(3 -6.38553e-16 0)
(3 -9.25039e-16 0)
(3 -1.01919e-15 0)
(3 -7.19266e-16 0)
(3 -6.71353e-16 0)
(3 -1.24105e-15 0)
(3 -2.51231e-15 0)
(3 -2.82222e-15 0)
(3 -3.14115e-15 0)
(3 -3.40187e-15 0)
(3 -3.51963e-15 0)
(3 -3.67412e-15 0)
(1.95976 -0.884546 0)
(2.71631 -0.208939 0)
(3 5.09426e-15 0)
(3 4.15401e-15 0)
(3 3.67666e-15 0)
(3 1.90419e-15 0)
(3 7.64062e-16 0)
(3 -5.20143e-16 0)
(3 -1.35359e-15 0)
(3 -1.94446e-15 0)
(3 -2.14977e-15 0)
(3 -2.22461e-15 0)
(3 -2.83519e-15 0)
(3 -3.79157e-15 0)
(3 -4.08035e-15 0)
(3 -4.19201e-15 0)
(3 -4.08759e-15 0)
(3 -3.99733e-15 0)
(3 -3.75858e-15 0)
(3 -3.39969e-15 0)
(1.81295 -1.0144 0)
(2.42098 -0.458829 0)
(3 4.71769e-15 0)
(3 4.98336e-15 0)
(3 4.8788e-15 0)
(3 3.19949e-15 0)
(3 1.62771e-15 0)
(3 6.95178e-16 0)
(3 5.57586e-16 0)
(3 6.40547e-16 0)
(3 6.24599e-16 0)
(3 3.347e-16 0)
(3 1.78331e-16 0)
(3 1.91758e-16 0)
(3 6.70053e-16 0)
(3 8.37951e-16 0)
(3 9.15607e-16 0)
(3 1.25077e-15 0)
(3 1.46711e-15 0)
(3 1.29065e-15 0)
(1.73436 -1.10188 0)
(2.20979 -0.66176 0)
(3 2.58833e-15 0)
(3 3.41314e-15 0)
(3 1.90207e-15 0)
(3 9.87887e-16 0)
(3 5.82347e-16 0)
(3 8.63018e-17 0)
(3 -2.6225e-16 0)
(3 -9.27951e-17 0)
(3 4.75115e-16 0)
(3 4.92326e-16 0)
(3 1.77599e-16 0)
(3 -1.91991e-16 0)
(3 -3.17261e-16 0)
(3 -6.51948e-16 0)
(3 -5.80379e-16 0)
(3 -5.50951e-16 0)
(3 -3.29757e-16 0)
(3 -7.74646e-17 0)
(1.73295 -1.16457 0)
(2.0691 -0.823379 0)
(3 1.29854e-15 0)
(3 1.52514e-15 0)
(3 1.14848e-15 0)
(3 1.60883e-16 0)
(3 2.60715e-17 0)
(3 -5.29205e-16 0)
(3 -1.45137e-15 0)
(3 -9.55617e-16 0)
(3 -6.94715e-16 0)
(3 -1.26247e-15 0)
(3 -1.43778e-15 0)
(3 -1.40108e-15 0)
(3 -1.22609e-15 0)
(3 -6.78188e-16 0)
(3 -7.45339e-16 0)
(3 -4.27565e-16 0)
(3 -3.23469e-16 0)
(3 -2.20563e-17 0)
(1.67416 -1.20246 0)
(1.90762 -0.969255 0)
(2.99533 -0.00234184 0)
(3 -9.17932e-15 0)
(3 1.89967e-15 0)
(3 7.71321e-16 0)
(3 -1.70213e-16 0)
(3 -9.8509e-16 0)
(3 -1.06215e-15 0)
(3 -6.81091e-16 0)
(3 -8.86473e-16 0)
(3 -1.0821e-15 0)
(3 -1.49258e-15 0)
(3 -1.56454e-15 0)
(3 -1.78881e-15 0)
(3 -1.52612e-15 0)
(3 -1.08833e-15 0)
(3 -6.8417e-16 0)
(3 -5.87354e-16 0)
(3 -4.17655e-16 0)
(1.65361 -1.23914 0)
(1.79801 -1.10105 0)
(2.86855 -0.0933366 0)
(3 9.51979e-14 0)
(3 8.49325e-16 0)
(3 1.29277e-16 0)
(3 -5.95069e-16 0)
(3 -1.60626e-15 0)
(3 -1.72059e-15 0)
(3 -1.78827e-15 0)
(3 -1.69709e-15 0)
(3 -1.4101e-15 0)
(3 -1.49113e-15 0)
(3 -1.57877e-15 0)
(3 -1.16257e-15 0)
(3 -5.31812e-16 0)
(3 -3.62605e-16 0)
(3 -6.96624e-16 0)
(3 -2.46889e-15 0)
(3 -2.80642e-15 0)
(1.63725 -1.26479 0)
(1.66133 -1.22924 0)
(2.65542 -0.283934 0)
(3 -2.72414e-12 0)
(3 2.28886e-13 0)
(3 1.07702e-15 0)
(3 -2.2125e-15 0)
(3 -2.27946e-15 0)
(3 -2.27455e-15 0)
(3 -1.96384e-15 0)
(3 -1.75349e-15 0)
(3 -1.84317e-15 0)
(3 -1.76024e-15 0)
(3 -2.07423e-15 0)
(3 -1.19269e-15 0)
(3 -1.69035e-18 0)
(3 2.77464e-16 0)
(3 -3.74293e-16 0)
(3 -6.76348e-16 0)
(3 -5.67227e-16 0)
(1.61866 -1.28194 0)
(1.56009 -1.32089 0)
(2.40672 -0.549591 0)
(3 3.98763e-12 0)
(3 1.25767e-11 0)
(3 -2.81858e-13 0)
(3 6.69586e-16 0)
(3 -2.34029e-15 0)
(3 -1.96006e-15 0)
(3 -1.69669e-15 0)
(3 -1.16292e-15 0)
(3 -9.72147e-16 0)
(3 -4.35105e-16 0)
(3 1.49337e-16 0)
(3 7.18203e-16 0)
(3 1.4006e-15 0)
(3 1.28537e-15 0)
(3 1.09566e-15 0)
(3 1.37003e-15 0)
(3 1.09181e-15 0)
(1.59847 -1.29401 0)
(1.4695 -1.39769 0)
(2.12863 -0.859807 0)
(3.01072 0.00863473 0)
(3 -2.10081e-08 0)
(3 4.86898e-11 0)
(3 -1.44051e-13 0)
(3 -1.38283e-15 0)
(3 -1.40451e-15 0)
(3 -1.07993e-15 0)
(3 -7.83384e-16 0)
(3 -6.42324e-16 0)
(3 -1.39501e-16 0)
(3 1.26738e-15 0)
(3 1.86793e-15 0)
(3 2.20165e-15 0)
(3 1.20317e-15 0)
(3 2.20767e-15 0)
(3 5.32031e-16 0)
(3 2.30507e-15 0)
(1.58263 -1.30017 0)
(1.47236 -1.33485 0)
(2.01621 -1.02669 0)
(2.9005 -0.104085 0)
(3 4.56152e-09 0)
(3 -2.76059e-11 0)
(3 1.18007e-13 0)
(3 -2.28013e-15 0)
(3 -2.51975e-16 0)
(3 8.06778e-17 0)
(3 6.72521e-16 0)
(3 2.59176e-15 0)
(3 3.2117e-15 0)
(3 3.73774e-15 0)
(3 2.75416e-15 0)
(3 1.67427e-15 0)
(3 3.27748e-15 0)
(3 2.75966e-15 0)
(3 3.69363e-16 0)
(3 2.37843e-15 0)
(1.59124 -1.32727 0)
(1.50157 -1.33057 0)
(1.7267 -1.19268 0)
(2.38674 -0.554248 0)
(3 1.6847e-08 0)
(3 -3.50241e-11 0)
(3 3.32765e-14 0)
(3 8.85584e-16 0)
(3 1.20205e-15 0)
(3 1.88049e-15 0)
(3 2.63222e-15 0)
(3 4.37825e-15 0)
(3 4.77553e-15 0)
(3 2.84603e-15 0)
(3 1.99488e-15 0)
(3 1.62222e-15 0)
(3 2.46583e-15 0)
(3 1.82808e-15 0)
(3 7.93909e-16 0)
(3 2.08192e-15 0)
(1.58671 -1.29929 0)
(1.55287 -1.29551 0)
(1.67342 -1.21887 0)
(2.14016 -0.820496 0)
(3.02344 0.0200845 0)
(3 3.61987e-12 0)
(3 2.15366e-12 0)
(3 -1.30504e-12 0)
(3 8.27263e-13 0)
(3 -4.24991e-14 0)
(3 2.40075e-15 0)
(3 4.66188e-15 0)
(3 3.81539e-15 0)
(3 1.87057e-15 0)
(3 1.20069e-15 0)
(3 1.02895e-15 0)
(3 4.70825e-17 0)
(3 -2.03974e-17 0)
(3 9.02572e-16 0)
(3 1.55701e-15 0)
(1.58498 -1.28627 0)
(1.5889 -1.28878 0)
(1.64743 -1.25624 0)
(1.86954 -1.09194 0)
(2.72105 -0.23201 0)
(3 5.8572e-10 0)
(3 -1.3635e-08 0)
(3 1.22608e-08 0)
(3 -5.19637e-10 0)
(3 -2.01471e-12 0)
(3 9.5313e-14 0)
(3 3.95381e-15 0)
(3 2.47119e-15 0)
(3 2.42811e-15 0)
(3 1.76016e-15 0)
(3 1.97967e-15 0)
(3 -7.43348e-16 0)
(3 -6.3971e-16 0)
(3 9.40721e-16 0)
(3 9.761e-16 0)
(1.58322 -1.26958 0)
(1.59748 -1.27308 0)
(1.62833 -1.26806 0)
(1.61897 -1.28121 0)
(2.30397 -0.679573 0)
(3.02264 0.0202574 0)
(2.99971 -7.9513e-05 0)
(3 3.97623e-06 0)
(3 -7.93091e-08 0)
(3 8.74831e-10 0)
(3 -1.52313e-13 0)
(3 3.72377e-15 0)
(3 1.93511e-15 0)
(3 2.41494e-15 0)
(3 2.84567e-16 0)
(3 5.48588e-17 0)
(3 -1.14792e-15 0)
(3 -3.02638e-16 0)
(3 2.22832e-16 0)
(3 7.06405e-16 0)
(1.58176 -1.25457 0)
(1.60081 -1.25977 0)
(1.62082 -1.26726 0)
(1.58907 -1.31095 0)
(1.873 -1.08479 0)
(2.75098 -0.225713 0)
(3.00407 -0.000299826 0)
(2.99993 -5.28003e-05 0)
(3 7.671e-07 0)
(3 -8.4178e-10 0)
(3 9.43406e-15 0)
(3 4.2229e-15 0)
(3 1.33026e-15 0)
(3 -3.98319e-16 0)
(3 -2.37459e-15 0)
(3 -1.4324e-15 0)
(3 -2.1301e-15 0)
(3 2.73944e-16 0)
(3 5.09685e-16 0)
(3 7.84581e-16 0)
(1.57956 -1.24981 0)
(1.60083 -1.25652 0)
(1.61392 -1.26066 0)
(1.60815 -1.26854 0)
(1.76745 -1.19007 0)
(2.24842 -0.795092 0)
(3.00438 0.00968866 0)
(2.99998 0.000240529 0)
(3 -5.85398e-07 0)
(3 -6.17971e-11 0)
(3 9.00343e-15 0)
(3 2.2232e-15 0)
(3 4.17468e-16 0)
(3 -2.68346e-15 0)
(3 -3.01029e-15 0)
(3 -2.28918e-15 0)
(3 -1.93486e-15 0)
(3 -6.64175e-16 0)
(3 1.0712e-15 0)
(3 2.60763e-16 0)
(1.57552 -1.24009 0)
(1.59094 -1.25314 0)
(1.60584 -1.26313 0)
(1.6135 -1.26926 0)
(1.64953 -1.24792 0)
(1.7518 -1.19636 0)
(2.26679 -0.728966 0)
(2.99776 -0.012217 0)
(3 -5.77493e-08 0)
(3 3.09008e-11 0)
(3 1.08921e-14 0)
(3 -6.52289e-16 0)
(3 1.18401e-16 0)
(3 -3.94775e-15 0)
(3 -2.53709e-15 0)
(3 -2.01853e-15 0)
(3 -2.40043e-15 0)
(3 -1.34639e-15 0)
(3 8.03967e-16 0)
(3 1.55946e-15 0)
(1.57963 -1.25433 0)
(1.58583 -1.25882 0)
(1.59673 -1.26512 0)
(1.60244 -1.26842 0)
(1.60917 -1.26245 0)
(1.5985 -1.26545 0)
(1.8691 -1.16738 0)
(2.94747 -0.394778 0)
(3.37849 0.647072 0)
(3 -6.51944e-11 0)
(3 7.74958e-11 0)
(3 -8.03539e-11 0)
(3 -8.47097e-15 0)
(3 4.15414e-13 0)
(3 1.17742e-14 0)
(3 -1.68046e-14 0)
(3 8.43709e-15 0)
(3 -1.33413e-15 0)
(3 9.44797e-17 0)
(3 2.39814e-15 0)
(1.16822 -0.759916 0)
(1.82377 -1.15749 0)
(1.8481 -1.14924 0)
(1.7392 -1.20163 0)
(1.71418 -1.20663 0)
(1.66039 -1.24554 0)
(1.65264 -1.21753 0)
(1.7207 -1.16576 0)
(1.74735 -1.23968 0)
(1.78468 -1.15268 0)
(2.2763 -0.745468 0)
(2.86302 -0.207155 0)
(3.09759 0.0294081 0)
(3.02073 0.0126297 0)
(3.00477 0.00561593 0)
(3.0019 0.0030967 0)
(3.00005 0.000594228 0)
(2.99997 2.25219e-05 0)
(2.99999 -1.43546e-05 0)
(3 -5.90347e-06 0)
(1.0131 -0.0360162 0)
(1.92845 -0.730469 0)
(2.10437 -0.811841 0)
(2.01872 -0.918865 0)
(1.97055 -0.985653 0)
(1.85947 -1.09965 0)
(1.78158 -1.145 0)
(1.75575 -1.14675 0)
(1.75523 -1.16297 0)
(1.73627 -1.20549 0)
(1.72479 -1.19581 0)
(1.87708 -1.06362 0)
(2.10359 -0.878987 0)
(2.49876 -0.575895 0)
(2.98177 -0.138787 0)
(3.07355 0.0288651 0)
(3.00826 0.00772993 0)
(3.00295 0.0038328 0)
(3.00123 0.00218752 0)
(3.00008 0.000483489 0)
(0.972318 0.0781569 0)
(1.91685 -0.542471 0)
(2.28722 -0.280224 0)
(2.2275 -0.58801 0)
(2.2067 -0.631238 0)
(2.14401 -0.749517 0)
(2.04226 -0.885425 0)
(1.9521 -0.980456 0)
(1.90513 -1.03964 0)
(1.84653 -1.12932 0)
(1.79447 -1.15893 0)
(1.79514 -1.15195 0)
(1.81125 -1.13074 0)
(1.84625 -1.08837 0)
(2.03666 -0.953004 0)
(2.25921 -0.828965 0)
(2.66564 -0.503383 0)
(3.03652 -0.0917853 0)
(3.05547 0.0238112 0)
(3.00405 0.00467797 0)
(1.10437 0.547785 0)
(1.36076 0.83022 0)
(2.17107 0.0837207 0)
(2.32011 0.0861197 0)
(2.36604 0.0134473 0)
(2.36128 -0.303926 0)
(2.26244 -0.562902 0)
(2.19157 -0.678546 0)
(2.13301 -0.766428 0)
(2.07939 -0.898439 0)
(1.978 -1.00768 0)
(1.92297 -1.05914 0)
(1.88727 -1.07821 0)
(1.86817 -1.08867 0)
(1.86961 -1.05701 0)
(1.89647 -1.04828 0)
(1.96233 -1.0206 0)
(2.16393 -0.903739 0)
(2.38134 -0.793553 0)
(2.77908 -0.442046 0)
(1.13298 1.33225 0)
(1.52224 1.57006 0)
(2.17952 0.760004 0)
(2.506 0.432671 0)
(2.49883 -0.0645283 0)
(2.42524 0.223827 0)
(2.42305 0.0176007 0)
(2.38439 -0.205753 0)
(2.33412 -0.372055 0)
(2.31049 -0.526812 0)
(2.23323 -0.690594 0)
(2.15305 -0.816904 0)
(2.0857 -0.898511 0)
(2.02025 -0.969894 0)
(1.97658 -0.984625 0)
(1.95028 -0.99812 0)
(1.95445 -1.01771 0)
(1.97025 -0.994775 0)
(1.99584 -0.993943 0)
(2.07112 -0.977363 0)
(1.29291 1.741 0)
(1.58129 1.93215 0)
(1.84704 1.37516 0)
(2.09038 1.04891 0)
(2.44861 0.531112 0)
(2.51129 0.47432 0)
(2.56434 0.241115 0)
(2.52548 -0.0581517 0)
(2.49491 -0.125764 0)
(2.46996 -0.298378 0)
(2.42957 -0.464509 0)
(2.3411 -0.632697 0)
(2.27529 -0.730894 0)
(2.19939 -0.821943 0)
(2.15269 -0.83804 0)
(2.11976 -0.838669 0)
(2.08191 -0.870356 0)
(2.07336 -0.876372 0)
(2.03754 -0.921794 0)
(2.0577 -0.953334 0)
(1.44742 1.87119 0)
(1.51812 2.09823 0)
(1.84932 1.68283 0)
(2.07402 1.3569 0)
(2.34214 1.36807 0)
(2.3989 0.741184 0)
(2.51939 0.532563 0)
(2.60027 0.262028 0)
(2.57291 0.0493021 0)
(2.56299 -0.0537423 0)
(2.5432 -0.203568 0)
(2.50099 -0.329361 0)
(2.45098 -0.423334 0)
(2.40321 -0.492018 0)
(2.35376 -0.534975 0)
(2.32987 -0.549075 0)
(2.27034 -0.616072 0)
(2.21408 -0.696428 0)
(2.15593 -0.782877 0)
(2.13047 -0.802832 0)
(1.51531 1.90432 0)
(1.62613 2.37439 0)
(1.73871 2.0153 0)
(1.8789 1.85179 0)
(2.13659 1.70506 0)
(2.33111 1.11998 0)
(2.34873 1.18825 0)
(2.45793 0.961215 0)
(2.5095 0.649491 0)
(2.53402 0.546503 0)
(2.56847 0.346573 0)
(2.56335 0.164032 0)
(2.55181 0.012057 0)
(2.53965 -0.114454 0)
(2.48839 -0.278074 0)
(2.47855 -0.357929 0)
(2.39679 -0.513865 0)
(2.34418 -0.565095 0)
(2.30125 -0.594606 0)
(2.31807 -0.534396 0)
(1.52936 1.83753 0)
(1.75852 2.52266 0)
(1.79101 2.18324 0)
(1.87834 1.99758 0)
(2.07688 1.75215 0)
(2.16285 1.55845 0)
(2.28172 1.35017 0)
(2.37229 1.17773 0)
(2.42596 1.02043 0)
(2.48787 0.846864 0)
(2.58594 0.657448 0)
(2.61225 0.391983 0)
(2.64101 0.192677 0)
(2.63887 0.00266698 0)
(2.59303 -0.193303 0)
(2.5656 -0.274024 0)
(2.51905 -0.355022 0)
(2.50966 -0.266098 0)
(2.4507 -0.326482 0)
(2.47624 -0.272951 0)
(1.47341 1.6586 0)
(1.76234 2.38254 0)
(1.90106 2.35884 0)
(2.00416 2.22471 0)
(2.16262 1.87298 0)
(2.20151 1.76261 0)
(2.39123 1.40053 0)
(2.47193 1.29173 0)
(2.5803 1.19892 0)
(2.65617 0.841771 0)
(2.73904 0.63997 0)
(2.72918 0.374206 0)
(2.72603 0.260723 0)
(2.70827 0.128477 0)
(2.6913 0.0591877 0)
(2.66269 0.0363596 0)
(2.63363 0.0357984 0)
(2.6236 0.0553912 0)
(2.55766 -0.104371 0)
(2.57965 -0.101433 0)
(1.40418 1.36946 0)
(1.59172 2.08429 0)
(1.87864 2.39618 0)
(2.06806 2.488 0)
(2.3595 2.0317 0)
(2.4275 1.90782 0)
(2.59227 1.47909 0)
(2.67789 1.38517 0)
(2.78278 1.22377 0)
(2.7863 0.951668 0)
(2.78507 0.939369 0)
(2.76873 0.736952 0)
(2.72778 0.690214 0)
(2.72272 0.596561 0)
(2.7035 0.504962 0)
(2.68639 0.433269 0)
(2.69203 0.363864 0)
(2.6855 0.224479 0)
(2.65496 0.0350947 0)
(2.61844 -0.0556903 0)
(1.40481 1.19711 0)
(1.46295 1.75637 0)
(1.7044 2.20976 0)
(1.8642 2.37911 0)
(2.3194 2.15492 0)
(2.45956 2.01192 0)
(2.42458 1.64469 0)
(2.42492 1.50164 0)
(2.48939 1.47469 0)
(2.53099 1.43773 0)
(2.54844 1.35353 0)
(2.59518 1.19222 0)
(2.59607 1.03478 0)
(2.659 0.95378 0)
(2.6779 0.76211 0)
(2.72536 0.625085 0)
(2.75306 0.452899 0)
(2.75397 0.228248 0)
(2.71992 0.176255 0)
(2.67931 0.148081 0)
(1.40112 1.12171 0)
(1.44895 1.51872 0)
(1.55372 2.0323 0)
(1.64069 2.26746 0)
(1.91437 2.23346 0)
(2.11606 2.09135 0)
(2.14692 1.9032 0)
(2.20084 1.73996 0)
(2.20783 1.71441 0)
(2.26989 1.65895 0)
(2.39211 1.45246 0)
(2.51946 1.36337 0)
(2.57492 1.13072 0)
(2.71056 1.04474 0)
(2.73323 0.790685 0)
(2.78318 0.647342 0)
(2.78471 0.508092 0)
(2.77912 0.391014 0)
(2.73156 0.517229 0)
(2.69936 0.471296 0)
(1.43979 1.15183 0)
(1.48485 1.42321 0)
(1.52325 1.91674 0)
(1.49457 2.20986 0)
(1.66712 2.22733 0)
(1.8481 2.12528 0)
(1.9304 2.0634 0)
(2.051 1.78856 0)
(2.09225 1.7555 0)
(2.27633 1.66328 0)
(2.40658 1.45732 0)
(2.58715 1.39687 0)
(2.66096 1.15154 0)
(2.74516 1.07469 0)
(2.76576 0.903837 0)
(2.75558 0.886481 0)
(2.75238 0.834147 0)
(2.73805 0.802266 0)
(2.71893 0.892888 0)
(2.71644 0.725284 0)
(1.51835 1.28405 0)
(1.58521 1.39603 0)
(1.59807 1.84599 0)
(1.50731 2.1839 0)
(1.56711 2.24831 0)
(1.77714 2.14281 0)
(1.89102 2.09921 0)
(2.05617 1.79326 0)
(2.15281 1.77587 0)
(2.37753 1.71144 0)
(2.50981 1.53959 0)
(2.59984 1.48576 0)
(2.64932 1.38643 0)
(2.65438 1.38928 0)
(2.6892 1.30437 0)
(2.67104 1.31152 0)
(2.65495 1.19222 0)
(2.66256 1.15711 0)
(2.70515 1.12228 0)
(2.7782 0.882447 0)
(1.66375 1.38762 0)
(1.75961 1.37525 0)
(1.75747 1.7687 0)
(1.7167 2.09334 0)
(1.67789 2.24472 0)
(1.77421 2.23217 0)
(1.93499 2.19194 0)
(2.12554 1.90038 0)
(2.21284 1.94696 0)
(2.38601 1.82838 0)
(2.40136 1.79695 0)
(2.46547 1.69868 0)
(2.52253 1.65893 0)
(2.51212 1.66199 0)
(2.53319 1.57026 0)
(2.57518 1.4992 0)
(2.5974 1.36434 0)
(2.69686 1.28777 0)
(2.75627 1.10905 0)
(2.86258 0.899236 0)
(1.85183 1.44876 0)
(1.93563 1.42359 0)
(1.96744 1.64545 0)
(1.9643 1.97876 0)
(1.91912 2.18408 0)
(1.94273 2.28517 0)
(1.9834 2.3024 0)
(2.04842 2.15749 0)
(2.09176 2.1002 0)
(2.24952 1.95112 0)
(2.2419 2.02993 0)
(2.33183 1.90695 0)
(2.362 1.84276 0)
(2.40683 1.75732 0)
(2.47624 1.66738 0)
(2.60795 1.55419 0)
(2.65403 1.43705 0)
(2.7594 1.31245 0)
(2.82974 1.21887 0)
(2.80934 1.25353 0)
(1.89081 1.39446 0)
(2.01259 1.27899 0)
(2.11532 1.3799 0)
(2.29288 1.57675 0)
(2.20929 1.99451 0)
(2.00303 2.26446 0)
(1.97822 2.30294 0)
(1.97178 2.26593 0)
(2.00689 2.18296 0)
(2.07789 2.0689 0)
(2.11019 2.09341 0)
(2.21138 1.96165 0)
(2.28599 1.90384 0)
(2.37032 1.84747 0)
(2.46678 1.79552 0)
(2.57825 1.72539 0)
(2.63467 1.67481 0)
(2.65464 1.63662 0)
(2.64689 1.61683 0)
(2.60066 1.60976 0)
(1.94324 1.37908 0)
(1.93329 1.24607 0)
(1.98642 1.20924 0)
(2.19222 1.43729 0)
(2.22847 1.90504 0)
(1.8902 1.88202 0)
(1.67403 1.56932 0)
(1.62682 1.26989 0)
(1.81834 1.34223 0)
(1.95241 1.4961 0)
(2.00172 1.63096 0)
(1.97566 1.50299 0)
(1.92414 1.24764 0)
(1.98379 1.03999 0)
(2.06947 0.957368 0)
(2.22489 1.05768 0)
(2.29223 1.24262 0)
(2.26506 1.27069 0)
(2.21685 1.19983 0)
(2.25114 1.14437 0)
(1.44102 0.337559 0)
(1.41897 0.490454 0)
(1.44058 0.280042 0)
(1.57591 0.299116 0)
(1.662 0.353224 0)
(1.56916 0.335667 0)
(1.4683 0.249052 0)
(1.42168 0.0961624 0)
(1.49567 0.112211 0)
(1.56179 0.207851 0)
(1.64194 0.340807 0)
(1.61238 0.325892 0)
(1.5656 0.225909 0)
(1.60136 0.0947119 0)
(1.67011 0.0811497 0)
(1.69717 0.142551 0)
(1.75269 0.259864 0)
(1.77429 0.285498 0)
(1.78013 0.22355 0)
(1.86626 0.150854 0)
(1.93528 -0.15622 0)
(2.03247 -0.140054 0)
(2.09287 -0.0963719 0)
(2.12029 -0.0648438 0)
(2.11372 -0.0130889 0)
(2.11676 -0.00527911 0)
(2.15713 -0.00521327 0)
(2.19758 -0.0185314 0)
(2.21126 -0.0218953 0)
(2.21121 -0.0193685 0)
(2.20781 -0.0145106 0)
(2.2058 -0.00984944 0)
(2.22718 -0.0022801 0)
(2.24388 -0.00291042 0)
(2.24851 -0.00672069 0)
(2.2575 -0.00169003 0)
(2.26205 0.00404285 0)
(2.26964 0.0106675 0)
(2.27845 0.00836068 0)
(2.28938 -0.00476501 0)
(2.27059 -0.76461 0)
(2.31628 -0.515059 0)
(2.32703 -0.354018 0)
(2.319 -0.200004 0)
(2.24932 -0.0159146 0)
(2.22677 -0.0010219 0)
(2.23566 0.0112507 0)
(2.28687 -0.0195312 0)
(2.30833 -0.0345358 0)
(2.29521 -0.0403347 0)
(2.28071 -0.0364369 0)
(2.27183 -0.0220884 0)
(2.27847 -0.00167166 0)
(2.29062 -0.00985173 0)
(2.29292 -0.0198013 0)
(2.29224 -0.0218006 0)
(2.2941 -0.00927481 0)
(2.3015 0.00542392 0)
(2.31563 0.015917 0)
(2.32398 0.00679582 0)
(2.64349 -1.47354 0)
(2.67031 -1.4097 0)
(2.60723 -1.12781 0)
(2.61266 -0.871921 0)
(2.57565 -0.451206 0)
(2.59614 -0.243792 0)
(2.50451 -0.0104828 0)
(2.46882 -0.0420325 0)
(2.41397 -0.0430615 0)
(2.43044 -0.0446995 0)
(2.42695 -0.0466022 0)
(2.40843 -0.0219701 0)
(2.39414 0.0101944 0)
(2.39267 0.0102915 0)
(2.39601 -0.0139132 0)
(2.38532 -0.0265224 0)
(2.37907 -0.0257287 0)
(2.37537 -0.00886089 0)
(2.3853 0.0125622 0)
(2.39128 0.00864112 0)
(2.69066 -1.26401 0)
(2.70812 -1.19821 0)
(2.71843 -1.25299 0)
(2.72641 -1.2012 0)
(2.73794 -1.06428 0)
(2.77737 -0.774621 0)
(2.73449 -0.373363 0)
(2.72365 -0.271202 0)
(2.59758 -0.0932265 0)
(2.56484 -0.0875006 0)
(2.53228 -0.0523976 0)
(2.52779 -0.0285434 0)
(2.50954 0.00446438 0)
(2.49904 0.00314449 0)
(2.49277 -0.0120862 0)
(2.49378 -0.0237639 0)
(2.48696 -0.0246138 0)
(2.47994 -0.0158311 0)
(2.4738 0.00353367 0)
(2.47157 0.00474391 0)
(2.74022 -1.02415 0)
(2.71483 -1.0649 0)
(2.70218 -1.03107 0)
(2.7307 -1.03193 0)
(2.77382 -1.02312 0)
(2.80096 -0.973097 0)
(2.79171 -0.907896 0)
(2.7815 -0.714741 0)
(2.72363 -0.416595 0)
(2.72286 -0.249669 0)
(2.64597 -0.087821 0)
(2.60422 -0.0322519 0)
(2.58253 0.00270925 0)
(2.57036 0.00750565 0)
(2.54878 -0.00496906 0)
(2.55293 -0.0195656 0)
(2.55951 -0.0232452 0)
(2.55834 -0.0188631 0)
(2.54582 4.57789e-06 0)
(2.53781 0.00122915 0)
(2.76128 -0.830906 0)
(2.72349 -0.89295 0)
(2.71854 -0.932744 0)
(2.73503 -0.931975 0)
(2.77462 -0.930346 0)
(2.82519 -0.905181 0)
(2.82742 -0.874896 0)
(2.79961 -0.885116 0)
(2.75053 -0.846779 0)
(2.71696 -0.528501 0)
(2.70651 -0.256197 0)
(2.66067 -0.102565 0)
(2.62399 -0.0302816 0)
(2.59581 0.000991947 0)
(2.57585 0.00383166 0)
(2.57422 -0.0100184 0)
(2.5866 -0.0197138 0)
(2.58835 -0.015827 0)
(2.58223 -0.00730806 0)
(2.57322 -0.00753148 0)
(2.74223 -0.672151 0)
(2.73433 -0.698214 0)
(2.7379 -0.755682 0)
(2.74859 -0.801478 0)
(2.77262 -0.81614 0)
(2.8207 -0.819948 0)
(2.81634 -0.806894 0)
(2.77861 -0.796632 0)
(2.74195 -0.78243 0)
(2.7212 -0.790083 0)
(2.68765 -0.610645 0)
(2.65929 -0.286397 0)
(2.64806 -0.159232 0)
(2.5887 -0.0374534 0)
(2.57867 0.00344043 0)
(2.58036 -0.0072056 0)
(2.59281 -0.00852359 0)
(2.59418 -0.00437131 0)
(2.59131 -0.00892678 0)
(2.57897 -0.0105264 0)
(2.71018 -0.497664 0)
(2.72981 -0.578963 0)
(2.76407 -0.620725 0)
(2.77567 -0.666006 0)
(2.77055 -0.713067 0)
(2.79864 -0.73021 0)
(2.80186 -0.715728 0)
(2.75236 -0.711651 0)
(2.7213 -0.72453 0)
(2.68152 -0.720367 0)
(2.69057 -0.733676 0)
(2.69633 -0.647206 0)
(2.65752 -0.350668 0)
(2.63023 -0.188356 0)
(2.58496 -0.00916979 0)
(2.57384 -0.0151963 0)
(2.59548 0.00971356 0)
(2.59754 0.0102389 0)
(2.58918 -0.0111502 0)
(2.57334 -0.013957 0)
(2.67595 -0.317834 0)
(2.70536 -0.389344 0)
(2.78395 -0.422537 0)
(2.80034 -0.505023 0)
(2.76725 -0.601062 0)
(2.74757 -0.647742 0)
(2.75326 -0.666711 0)
(2.72913 -0.659261 0)
(2.69276 -0.648979 0)
(2.68122 -0.677247 0)
(2.70334 -0.690509 0)
(2.71799 -0.709825 0)
(2.71902 -0.673423 0)
(2.67282 -0.392004 0)
(2.62037 -0.146069 0)
(2.60054 -0.0426077 0)
(2.60068 0.000112008 0)
(2.59146 0.00389876 0)
(2.57005 -0.020994 0)
(2.56917 -0.0154935 0)
(2.6335 -0.131182 0)
(2.66869 -0.242779 0)
(2.77871 -0.305371 0)
(2.78728 -0.364135 0)
(2.74619 -0.467232 0)
(2.70115 -0.534956 0)
(2.70626 -0.593572 0)
(2.71034 -0.611492 0)
(2.68096 -0.583565 0)
(2.66908 -0.593432 0)
(2.70232 -0.628804 0)
(2.73221 -0.670602 0)
(2.73144 -0.695851 0)
(2.71816 -0.650617 0)
(2.67202 -0.374184 0)
(2.64947 -0.148816 0)
(2.61759 0.0317127 0)
(2.56462 -0.00137631 0)
(2.55876 -0.0252944 0)
(2.57421 -0.0147212 0)
(2.50795 0.156321 0)
(2.57929 -0.0295272 0)
(2.59495 0.0278691 0)
(2.58312 -0.0820541 0)
(2.59819 -0.227934 0)
(2.65451 -0.379878 0)
(2.66691 -0.448757 0)
(2.6992 -0.47679 0)
(2.7081 -0.503262 0)
(2.68772 -0.504448 0)
(2.70618 -0.54821 0)
(2.72552 -0.575461 0)
(2.72845 -0.618315 0)
(2.74071 -0.649352 0)
(2.7358 -0.604209 0)
(2.72401 -0.441077 0)
(2.68753 -0.213148 0)
(2.66377 -0.133142 0)
(2.65642 -0.0351261 0)
(2.61867 -0.00780922 0)
(2.32455 0.598889 0)
(2.46815 0.298988 0)
(2.53289 0.0641065 0)
(2.5489 0.0385505 0)
(2.59497 -0.129317 0)
(2.65172 -0.269305 0)
(2.66064 -0.334802 0)
(2.69547 -0.386376 0)
(2.72259 -0.431209 0)
(2.71572 -0.439841 0)
(2.70083 -0.459385 0)
(2.71595 -0.488049 0)
(2.73928 -0.521856 0)
(2.74548 -0.571876 0)
(2.77565 -0.590091 0)
(2.79536 -0.562156 0)
(2.76824 -0.503978 0)
(2.75017 -0.330764 0)
(2.74634 -0.169757 0)
(2.71606 -0.0479456 0)
(2.34833 0.705581 0)
(2.36982 0.631366 0)
(2.46315 0.409939 0)
(2.54172 0.200374 0)
(2.58201 0.0915076 0)
(2.57181 0.0632344 0)
(2.61673 -0.0798788 0)
(2.65236 -0.131719 0)
(2.66136 -0.161338 0)
(2.68803 -0.254786 0)
(2.70458 -0.354027 0)
(2.73287 -0.368896 0)
(2.76744 -0.416344 0)
(2.78661 -0.45946 0)
(2.80098 -0.463271 0)
(2.81858 -0.510683 0)
(2.82799 -0.526081 0)
(2.82497 -0.516825 0)
(2.82785 -0.446382 0)
(2.8042 -0.209073 0)
(2.43464 0.685701 0)
(2.4314 0.679308 0)
(2.43565 0.638026 0)
(2.46465 0.547063 0)
(2.54323 0.342678 0)
(2.58126 0.220146 0)
(2.62123 0.0885236 0)
(2.67259 -0.104777 0)
(2.67998 -0.125895 0)
(2.71658 -0.238088 0)
(2.73449 -0.32734 0)
(2.77115 -0.317106 0)
(2.80409 -0.336249 0)
(2.81697 -0.359991 0)
(2.8038 -0.360049 0)
(2.80618 -0.403715 0)
(2.84502 -0.473758 0)
(2.8509 -0.506591 0)
(2.87949 -0.491278 0)
(2.87715 -0.420933 0)
(2.72159 0.442184 0)
(2.6029 0.601493 0)
(2.52209 0.624518 0)
(2.5176 0.617318 0)
(2.52446 0.574359 0)
(2.56919 0.455628 0)
(2.60759 0.336709 0)
(2.66411 0.154718 0)
(2.69814 0.0514068 0)
(2.72271 -0.00616452 0)
(2.73852 -0.0854628 0)
(2.74568 -0.0750027 0)
(2.74969 -0.126015 0)
(2.79892 -0.202237 0)
(2.82165 -0.287646 0)
(2.83711 -0.32816 0)
(2.86681 -0.373941 0)
(2.89073 -0.402434 0)
(2.91472 -0.42633 0)
(2.92724 -0.429639 0)
(2.96802 0.071024 0)
(2.85306 0.310274 0)
(2.73435 0.476091 0)
(2.60889 0.581646 0)
(2.60714 0.581613 0)
(2.60935 0.56468 0)
(2.62062 0.514743 0)
(2.65854 0.405846 0)
(2.6988 0.277228 0)
(2.72608 0.19126 0)
(2.78348 0.00777353 0)
(2.78787 -0.0657302 0)
(2.79764 -0.126691 0)
(2.83099 -0.230982 0)
(2.85555 -0.273022 0)
(2.88495 -0.285494 0)
(2.91036 -0.311821 0)
(2.9196 -0.320548 0)
(2.91858 -0.320505 0)
(2.9395 -0.380142 0)
(2.99892 0.00350115 0)
(2.98595 0.0359402 0)
(2.94828 0.136874 0)
(2.81927 0.375794 0)
(2.75037 0.479928 0)
(2.66705 0.551647 0)
(2.6661 0.551231 0)
(2.67004 0.534341 0)
(2.68749 0.479695 0)
(2.72172 0.386359 0)
(2.75327 0.290683 0)
(2.79263 0.150391 0)
(2.81607 0.0829505 0)
(2.83437 0.0198792 0)
(2.8471 -0.0366792 0)
(2.85302 -0.0448761 0)
(2.8799 -0.0970331 0)
(2.88106 -0.160802 0)
(2.91482 -0.245157 0)
(2.94215 -0.300483 0)
(2.99998 7.28181e-05 0)
(2.99964 0.00090362 0)
(2.99741 0.00760606 0)
(2.97425 0.0657589 0)
(2.93392 0.173522 0)
(2.82497 0.383788 0)
(2.77058 0.472369 0)
(2.71457 0.51933 0)
(2.71435 0.517839 0)
(2.71918 0.503044 0)
(2.7367 0.458079 0)
(2.77225 0.365662 0)
(2.80612 0.265656 0)
(2.83754 0.170375 0)
(2.87225 0.0443432 0)
(2.88487 -0.0347796 0)
(2.90349 -0.0989462 0)
(2.91973 -0.178772 0)
(2.93468 -0.234465 0)
(2.96236 -0.266289 0)
(3 1.1109e-06 0)
(3 9.51854e-06 0)
(2.99995 0.000113591 0)
(2.99917 0.00204252 0)
(2.99511 0.0136296 0)
(2.96822 0.0794262 0)
(2.92256 0.196176 0)
(2.84124 0.364319 0)
(2.79279 0.452475 0)
(2.75205 0.494146 0)
(2.75299 0.491375 0)
(2.75918 0.475516 0)
(2.77568 0.433504 0)
(2.8055 0.359541 0)
(2.83611 0.271213 0)
(2.86957 0.161793 0)
(2.88937 0.102588 0)
(2.90823 0.0363756 0)
(2.91394 0.00257139 0)
(2.93041 -0.0604084 0)
(3 1.2807e-08 0)
(3 7.98212e-08 0)
(3 9.45174e-07 0)
(2.99999 2.07501e-05 0)
(2.9999 0.000245135 0)
(2.99871 0.00306736 0)
(2.99285 0.0182205 0)
(2.96657 0.0837036 0)
(2.92309 0.193587 0)
(2.85356 0.346382 0)
(2.8142 0.424155 0)
(2.78382 0.463734 0)
(2.78426 0.462753 0)
(2.78885 0.452331 0)
(2.80478 0.416367 0)
(2.82904 0.356803 0)
(2.8642 0.258999 0)
(2.89401 0.173381 0)
(2.91736 0.092381 0)
(2.94428 -0.028445 0)
(3 1.08722e-10 0)
(3 6.30379e-10 0)
(3 6.44851e-09 0)
(3 1.43644e-07 0)
(3 2.02299e-06 0)
(2.99998 3.62369e-05 0)
(2.99984 0.000373927 0)
(2.99845 0.00365252 0)
(2.99198 0.0196157 0)
(2.9672 0.080005 0)
(2.92449 0.186571 0)
(2.87156 0.310206 0)
(2.83065 0.398229 0)
(2.8077 0.437583 0)
(2.80862 0.43632 0)
(2.81263 0.427992 0)
(2.82535 0.400659 0)
(2.84662 0.351277 0)
(2.87805 0.2683 0)
(2.91257 0.160479 0)
(3 7.17767e-13 0)
(3 4.43923e-12 0)
(3 4.07108e-11 0)
(3 8.42961e-10 0)
(3 1.32874e-08 0)
(3 2.57444e-07 0)
(3 3.36623e-06 0)
(2.99998 4.52249e-05 0)
(2.9998 0.000450017 0)
(2.99842 0.00360043 0)
(2.99165 0.0199482 0)
(2.97213 0.0674205 0)
(2.92869 0.173526 0)
(2.88599 0.276622 0)
(2.84839 0.363882 0)
(2.82679 0.411441 0)
(2.8275 0.410527 0)
(2.83036 0.40516 0)
(2.83932 0.388279 0)
(2.87079 0.313666 0)
(3 5.06016e-15 0)
(3 3.22558e-14 0)
(3 2.44391e-13 0)
(3 4.45233e-12 0)
(3 7.74373e-11 0)
(3 1.51956e-09 0)
(3 2.2827e-08 0)
(3 3.28689e-07 0)
(3 4.3171e-06 0)
(2.99998 4.58949e-05 0)
(2.99979 0.000485522 0)
(2.99871 0.0029078 0)
(2.99209 0.0186465 0)
(2.97713 0.0548296 0)
(2.93852 0.148712 0)
(2.89495 0.254996 0)
(2.87023 0.319069 0)
(2.84251 0.382281 0)
(2.84233 0.388096 0)
(2.84855 0.376725 0)
(3 -1.16684e-15 0)
(3 3.36878e-16 0)
(3 1.45759e-15 0)
(3 2.3992e-14 0)
(3 4.00373e-13 0)
(3 8.29585e-12 0)
(3 1.29012e-10 0)
(3 2.09458e-09 0)
(3 2.81134e-08 0)
(3 3.72358e-07 0)
(3 4.31108e-06 0)
(2.99998 4.17937e-05 0)
(2.99981 0.000409302 0)
(2.99894 0.002484 0)
(2.99378 0.0143491 0)
(2.98086 0.0448523 0)
(2.94857 0.127677 0)
(2.91686 0.207614 0)
(2.88382 0.302607 0)
(2.87318 0.345099 0)
(3 -2.28804e-15 0)
(3 -9.18936e-16 0)
(3 1.13776e-16 0)
(3 7.84782e-16 0)
(3 1.91304e-15 0)
(3 3.59386e-14 0)
(3 6.02332e-13 0)
(3 9.85129e-12 0)
(3 1.49267e-10 0)
(3 1.94287e-09 0)
(3 2.66808e-08 0)
(3 2.6383e-07 0)
(3 3.51107e-06 0)
(2.99998 2.64682e-05 0)
(2.99983 0.000274032 0)
(2.99904 0.00151191 0)
(2.99435 0.00898531 0)
(2.98108 0.0273946 0)
(2.94826 0.0803905 0)
(2.88002 0.154177 0)
(2.40712 0.427054 0)
(2.26946 0.706549 0)
(2.3396 0.73798 0)
(2.54879 0.602276 0)
(2.85898 0.24134 0)
(2.98702 0.0322994 0)
(2.99955 0.00158064 0)
(2.99999 3.90051e-05 0)
(3 5.93381e-07 0)
(3 6.0395e-09 0)
(3 4.34248e-11 0)
(3 2.38903e-13 0)
(3 4.52276e-15 0)
(3 -3.70993e-15 0)
(3 -3.23822e-15 0)
(2.29208 0.631924 0)
(2.25544 0.787899 0)
(2.40027 0.73726 0)
(2.77914 0.374029 0)
(2.99001 0.0354451 0)
(3.00005 0.000464598 0)
(3 -1.17136e-06 0)
(3 -8.3752e-08 0)
(3 -1.54358e-08 0)
(3 -6.46743e-10 0)
(3 -8.5024e-12 0)
(3 -5.38083e-14 0)
(3 2.73549e-15 0)
(3 -3.95569e-15 0)
(3 -3.31804e-15 0)
(2.20753 0.807402 0)
(2.25015 0.803878 0)
(2.57912 0.562572 0)
(2.94113 0.121814 0)
(2.99882 0.00521444 0)
(2.99998 7.53982e-05 0)
(3 9.30931e-07 0)
(3 1.2228e-08 0)
(3 5.96236e-11 0)
(3 3.53169e-13 0)
(3 2.01155e-14 0)
(3 8.33915e-15 0)
(3 3.16585e-15 0)
(3 -4.12483e-15 0)
(3 -3.26984e-15 0)
(2.17623 0.882673 0)
(2.41808 0.740305 0)
(2.85079 0.265814 0)
(2.99606 0.0145861 0)
(3.00002 6.63544e-05 0)
(3 -1.06773e-06 0)
(3 -6.51528e-09 0)
(3 -1.25461e-09 0)
(3 -6.94208e-11 0)
(3 -1.19061e-12 0)
(3 1.35624e-15 0)
(3 7.39707e-15 0)
(3 1.47174e-15 0)
(3 -4.55392e-15 0)
(3 -2.95883e-15 0)
(2.17611 0.900576 0)
(2.66474 0.456603 0)
(2.98428 0.0354172 0)
(2.99996 0.000452158 0)
(3 3.74911e-06 0)
(3 1.58237e-08 0)
(3 -7.8597e-10 0)
(3 -2.25468e-11 0)
(3 2.03875e-14 0)
(3 5.37892e-15 0)
(3 1.13861e-14 0)
(3 7.1442e-15 0)
(3 1.30751e-15 0)
(3 -4.93446e-15 0)
(3 -2.7057e-15 0)
(2.57028 0.57405 0)
(2.99089 0.037786 0)
(3.00025 0.000309328 0)
(3 -2.0527e-06 0)
(3 -3.54427e-07 0)
(3 -2.28921e-08 0)
(3 -3.3954e-10 0)
(3 -9.31702e-13 0)
(3 -7.04955e-15 0)
(3 2.78151e-15 0)
(3 1.00573e-14 0)
(3 6.47115e-15 0)
(3 9.69981e-16 0)
(3 -5.9353e-15 0)
(3 -2.51378e-15 0)
(2.99388 0.0493001 0)
(2.99998 0.00107583 0)
(3 -1.4195e-07 0)
(3 -7.74554e-08 0)
(3 -1.04267e-09 0)
(3 2.4786e-11 0)
(3 4.02251e-12 0)
(3 9.38639e-14 0)
(3 -3.4449e-15 0)
(3 3.34748e-15 0)
(3 1.00291e-14 0)
(3 6.26495e-15 0)
(3 8.10247e-16 0)
(3 -6.35751e-15 0)
(3 -2.51167e-15 0)
(3.00074 -0.00153364 0)
(3.00003 -0.000107316 0)
(3 -3.49527e-06 0)
(3 -2.73077e-08 0)
(3 -2.92147e-12 0)
(3 3.49386e-12 0)
(3 1.91686e-13 0)
(3 -3.6867e-15 0)
(3 -3.68279e-15 0)
(3 3.86263e-15 0)
(3 9.63313e-15 0)
(3 6.32837e-15 0)
(3 -2.39418e-17 0)
(3 -6.91107e-15 0)
(3 -2.4833e-15 0)
(3.00001 -2.17799e-05 0)
(3 1.19938e-07 0)
(3 2.37458e-08 0)
(3 1.15904e-09 0)
(3 7.86877e-12 0)
(3 -3.52079e-14 0)
(3 -1.96624e-15 0)
(3 -2.36968e-15 0)
(3 -2.90226e-15 0)
(3 3.69222e-15 0)
(3 9.83411e-15 0)
(3 6.18451e-15 0)
(3 -9.60574e-16 0)
(3 -7.56764e-15 0)
(3 -2.66346e-15 0)
(3 1.23355e-06 0)
(3 1.42346e-08 0)
(3 -7.60666e-11 0)
(3 -1.26036e-11 0)
(3 -4.06408e-13 0)
(3 2.69652e-15 0)
(3 1.94161e-15 0)
(3 -1.75505e-15 0)
(3 -2.56991e-15 0)
(3 3.03301e-15 0)
(3 1.01049e-14 0)
(3 6.19839e-15 0)
(3 -1.96868e-15 0)
(3 -7.89348e-15 0)
(3 -3.37821e-15 0)
(3 3.253e-15 0)
(3 -1.02887e-15 0)
(3 -6.27441e-16 0)
(3 -5.49879e-15 0)
(3 -6.64578e-15 0)
(3 -6.7192e-16 0)
(3 1.496e-15 0)
(3 -1.95127e-16 0)
(3 -2.47732e-15 0)
(3 2.7421e-15 0)
(3 1.00875e-14 0)
(3 6.10198e-15 0)
(3 -2.75424e-15 0)
(3 -8.14235e-15 0)
(3 -3.46578e-15 0)
(3 2.66994e-15 0)
(3 -7.4063e-16 0)
(3 -1.19254e-15 0)
(3 -5.68556e-15 0)
(3 -5.8528e-15 0)
(3 2.12597e-16 0)
(3 1.1114e-15 0)
(3 1.29496e-15 0)
(3 -2.51831e-15 0)
(3 2.58988e-15 0)
(3 9.74204e-15 0)
(3 6.04841e-15 0)
(3 -3.88569e-15 0)
(3 -8.47077e-15 0)
(3 -3.41757e-15 0)
(3 2.62267e-15 0)
(3 -4.90667e-16 0)
(3 -1.37753e-15 0)
(3 -6.36313e-15 0)
(3 -4.74161e-15 0)
(3 -1.34413e-17 0)
(3 9.46606e-16 0)
(3 1.43675e-15 0)
(3 -2.74494e-15 0)
(3 2.6599e-15 0)
(3 8.96483e-15 0)
(3 5.93145e-15 0)
(3 -4.72622e-15 0)
(3 -8.71391e-15 0)
(3 -3.34764e-15 0)
(3 2.18023e-15 0)
(3 6.061e-16 0)
(3 -1.81784e-15 0)
(3 -5.63087e-15 0)
(3 -3.65853e-15 0)
(3 -1.15332e-16 0)
(3 1.19121e-15 0)
(3 1.7646e-15 0)
(3 -3.20372e-15 0)
(3 2.0935e-15 0)
(3 7.50568e-15 0)
(3 5.71006e-15 0)
(3 -4.74957e-15 0)
(3 -8.63547e-15 0)
(3 -3.17906e-15 0)
(3 1.81564e-15 0)
(3 4.60132e-16 0)
(3 -1.53236e-15 0)
(3 -5.23777e-15 0)
(3 -3.63123e-15 0)
(3 -2.11256e-16 0)
(3 1.48802e-15 0)
(3 1.88207e-15 0)
(3 -3.17724e-15 0)
(3 2.03689e-15 0)
(3 7.06854e-15 0)
(3 5.06914e-15 0)
(3 -4.69963e-15 0)
(3 -8.367e-15 0)
(3 -2.53782e-15 0)
(3 1.34766e-15 0)
(3 8.97204e-16 0)
(3 -1.24437e-15 0)
(3 -4.64435e-15 0)
(3 -3.23041e-15 0)
(3 -4.66256e-16 0)
(3 1.63907e-15 0)
(3 1.54802e-15 0)
(3 -3.12526e-15 0)
(3 2.04029e-15 0)
(3 6.23679e-15 0)
(3 4.46304e-15 0)
(3 -4.24285e-15 0)
(3 -8.00682e-15 0)
(3 -2.22235e-15 0)
(3 7.0848e-16 0)
(3 1.22328e-15 0)
(3 -1.01644e-15 0)
(3 -3.62131e-15 0)
(3 -2.9055e-15 0)
(3 -1.00179e-15 0)
(3 1.46014e-15 0)
(3 2.06091e-15 0)
(3 -2.86258e-15 0)
(3 1.84491e-15 0)
(3 5.2365e-15 0)
(3 3.76943e-15 0)
(3 -4.29906e-15 0)
(3 -7.18525e-15 0)
(3 -1.88162e-15 0)
(3 4.31926e-16 0)
(3 1.02957e-15 0)
(3 -9.13766e-16 0)
(3 -2.84446e-15 0)
(3 -2.5206e-15 0)
(3 -1.74306e-15 0)
(3 1.15635e-15 0)
(3 2.59067e-15 0)
(3 -2.5616e-15 0)
(3 1.79088e-15 0)
(3 5.16013e-15 0)
(3 3.26586e-15 0)
(3 -4.4269e-15 0)
(3 -6.76402e-15 0)
(3 -1.305e-15 0)
(3 2.62976e-16 0)
(3 6.17076e-16 0)
(3 -8.20432e-16 0)
(3 -1.25775e-15 0)
(3 -2.10739e-15 0)
(3 -2.65549e-15 0)
(3 7.99923e-16 0)
(3 3.11457e-15 0)
(3 -1.70439e-15 0)
(3 1.34223e-15 0)
(3 4.62713e-15 0)
(3 2.88001e-15 0)
(3 -4.49149e-15 0)
(3 -6.16492e-15 0)
(3 -9.22401e-16 0)
(3 -2.57105e-16 0)
(3 -1.1235e-16 0)
(3 -9.69808e-16 0)
(3 -9.5846e-16 0)
(3 -1.25144e-15 0)
(3 -3.30669e-15 0)
(3 1.67819e-16 0)
(3 3.4134e-15 0)
(3 -8.61444e-16 0)
(3 9.35444e-16 0)
(3 4.20542e-15 0)
(3 2.76775e-15 0)
(3 -4.18287e-15 0)
(3 -6.2627e-15 0)
(3 -4.90172e-16 0)
(3 -4.20583e-16 0)
(3 -8.02419e-16 0)
(3 -1.01441e-15 0)
(3 -7.13028e-16 0)
(3 -1.88444e-16 0)
(3 -3.73434e-15 0)
(3 -6.94072e-16 0)
(3 3.2306e-15 0)
(3 2.2418e-16 0)
(3 -1.76899e-16 0)
(3 2.6728e-15 0)
(3 2.43579e-15 0)
(3 -3.80958e-15 0)
(3 -5.68219e-15 0)
(3 -4.34924e-16 0)
(3 2.36601e-17 0)
(3 -1.60374e-15 0)
(3 -3.06475e-15 0)
(3 -9.5276e-16 0)
(3 1.2307e-15 0)
(3 -3.83542e-15 0)
(3 3.70223e-16 0)
(3 2.51647e-15 0)
(3 1.36647e-15 0)
(3 1.49227e-15 0)
(3 1.49193e-15 0)
(3 4.59395e-16 0)
(3 -3.86289e-15 0)
(3 -4.65981e-15 0)
(3 2.71547e-16 0)
(3 1.29898e-15 0)
(3 -2.9266e-15 0)
(3 -4.67616e-15 0)
(3 -9.46711e-16 0)
(3 3.25899e-15 0)
(3 -2.9494e-15 0)
(3 1.86976e-16 0)
(3 3.22326e-15 0)
(3 1.40382e-15 0)
(3 1.41181e-15 0)
(3 5.39806e-16 0)
(3 -1.92869e-15 0)
(3 -4.03622e-15 0)
(3 -3.84639e-15 0)
(3 6.3006e-16 0)
(3 1.29928e-15 0)
(3 -4.24315e-15 0)
(3 -7.37796e-15 0)
(3 -1.21807e-15 0)
(3 4.42507e-15 0)
(3 -1.24812e-15 0)
(3 9.26748e-16 0)
(3 2.19806e-15 0)
(3 1.92613e-15 0)
(3 1.25419e-15 0)
(3 -3.65307e-16 0)
(3 -3.19846e-15 0)
(3 -4.60857e-15 0)
(3 -3.20547e-15 0)
(3 1.05543e-15 0)
(3 1.77374e-15 0)
(3 -4.73873e-15 0)
(3 -6.14974e-15 0)
(3 -6.66514e-16 0)
(3 5.20615e-15 0)
(3 3.88919e-17 0)
(3 9.78415e-16 0)
(3 1.36999e-15 0)
(3 3.75574e-15 0)
(3 2.58589e-15 0)
(3 -1.80055e-15 0)
(3 -5.44828e-15 0)
(3 -4.1114e-15 0)
(3 -1.0841e-15 0)
(3 1.48481e-15 0)
(3 -2.37804e-16 0)
(3 -9.81247e-16 0)
(3 -1.74949e-15 0)
(3 -1.39191e-15 0)
(3 -1.65521e-15 0)
(3 -8.58069e-16 0)
(3 3.49344e-15 0)
(3 1.73449e-15 0)
(3 3.38089e-15 0)
(3 3.206e-15 0)
(3 -3.91699e-15 0)
(3 -7.0565e-15 0)
(3 -3.93909e-15 0)
(3 -1.78899e-15 0)
(3 -8.6401e-16 0)
(3 9.37784e-17 0)
(3 1.07457e-15 0)
(3 2.12484e-16 0)
(3 2.60434e-15 0)
(3 -5.37762e-15 0)
(3 -9.04278e-16 0)
(3 6.84912e-15 0)
(3 1.98939e-15 0)
(3 1.89146e-15 0)
(3 3.39385e-15 0)
(3 -2.6358e-15 0)
(3 -7.60324e-15 0)
(3 -4.04282e-15 0)
(3 -2.06363e-15 0)
(3 -9.72333e-16 0)
(3 -2.62279e-15 0)
(3 1.31048e-15 0)
(3 5.2134e-15 0)
(3 2.66647e-15 0)
(3 -5.8586e-15 0)
(3 -1.37479e-15 0)
(3 5.84077e-15 0)
(3 1.30594e-15 0)
(3 2.33818e-15 0)
(3 3.90435e-15 0)
(3 -2.51435e-15 0)
(3 -8.1529e-15 0)
(3 -1.94717e-15 0)
(3 -1.77505e-15 0)
(3 -1.17215e-15 0)
(3 -7.15109e-15 0)
(3 1.75686e-15 0)
(3 5.95762e-15 0)
(3 2.97068e-15 0)
(3 -5.57357e-16 0)
(3 4.76777e-15 0)
(3 5.53355e-15 0)
(3 -1.67338e-15 0)
(3 -3.63076e-16 0)
(3 2.72724e-15 0)
(3 -2.83678e-15 0)
(3 -3.30981e-15 0)
(3 -6.35076e-17 0)
(3 -1.45562e-15 0)
(3 -1.25444e-15 0)
(3 -2.56851e-15 0)
(3 -4.55392e-15 0)
(3 3.32852e-16 0)
(3 2.55989e-15 0)
(3 1.88158e-15 0)
(3 3.01835e-15 0)
(3 4.08705e-16 0)
(3 -1.50171e-15 0)
(3 -2.22365e-16 0)
(3 2.9054e-15 0)
(3 9.75014e-16 0)
(3 -3.36981e-15 0)
(3 7.02551e-17 0)
(3 -2.11779e-15 0)
(3 -8.84771e-16 0)
(3 -7.42096e-16 0)
(3 6.12391e-16 0)
(3 3.26509e-15 0)
(3 3.62674e-15 0)
(3 6.8875e-15 0)
(3 1.36102e-15 0)
(3 -1.77259e-17 0)
(3 -4.66439e-15 0)
(3 -8.20402e-15 0)
(3 -7.10456e-15 0)
(3 4.48334e-15 0)
(3 4.44583e-15 0)
(3 1.89852e-15 0)
(3 9.60588e-16 0)
(3 6.92263e-16 0)
(3 7.41648e-16 0)
(3 -1.70165e-15 0)
(3 -3.6929e-15 0)
(3 -6.172e-15 0)
(3 -6.43603e-15 0)
(3 5.4181e-15 0)
(3 3.6959e-15 0)
(3 1.44826e-15 0)
(3 -5.5368e-16 0)
(3 -1.90837e-15 0)
(3 -6.38659e-16 0)
(3 -1.20769e-15 0)
(3 -3.83242e-15 0)
(3 -6.76093e-15 0)
(3 -5.08628e-15 0)
(3 4.03025e-15 0)
(3 4.71914e-15 0)
(3 2.24171e-15 0)
(3 1.43592e-16 0)
(3 -1.30662e-16 0)
(3 -1.54694e-15 0)
(3 -3.71453e-16 0)
(3 -4.49222e-15 0)
(3 -5.81475e-15 0)
(3 -4.01846e-15 0)
(3 1.02e-15 0)
(3 1.74696e-15 0)
(3 1.95858e-15 0)
(3 2.31718e-15 0)
(3 3.25911e-15 0)
(3 2.84725e-15 0)
(3 -2.10927e-16 0)
(3 -2.92061e-15 0)
(3 -4.7643e-15 0)
(3 -4.31861e-15 0)
(3 3.43723e-16 0)
(3 1.44512e-15 0)
(3 2.79347e-15 0)
(3 5.16047e-15 0)
(3 6.59757e-15 0)
(3 6.63049e-15 0)
(3 1.66098e-16 0)
(3 -2.14056e-15 0)
(3 -3.12939e-15 0)
(3 -2.11876e-15 0)
(3 -3.08058e-15 0)
(3 -7.88089e-16 0)
(3 1.64551e-15 0)
(3 4.26796e-15 0)
(3 6.36953e-15 0)
(3 5.5595e-15 0)
(3 7.64396e-16 0)
(3 5.14424e-17 0)
(3 9.10312e-16 0)
(3 6.09778e-16 0)
(3 -9.45819e-16 0)
(3 1.61373e-15 0)
(3 4.6322e-15 0)
(3 5.88083e-15 0)
(3 2.71408e-15 0)
(3 1.76966e-15 0)
(3 5.57657e-16 0)
(3 2.49108e-16 0)
(3 2.23026e-15 0)
(3 -2.75248e-16 0)
(3 -3.59679e-15 0)
(3 -3.5234e-15 0)
(3 -1.1901e-15 0)
(3 3.1268e-15 0)
(3 -8.11901e-16 0)
(3 1.02004e-15 0)
(3 1.5364e-15 0)
(3 6.21991e-16 0)
(3 2.26441e-15 0)
(3 -1.20485e-15 0)
(3 -5.21024e-15 0)
(3 -5.3908e-15 0)
(3 -5.37419e-15 0)
(3 -3.15188e-15 0)
(3 -1.90935e-15 0)
(3 -6.72711e-16 0)
(3 -1.29205e-15 0)
(3 5.5989e-16 0)
(3 -1.83803e-15 0)
(3 2.56618e-16 0)
(3 -2.62453e-15 0)
(3 -3.49471e-15 0)
(3 -3.90451e-15 0)
(3 -5.75767e-15 0)
(3 -6.78008e-15 0)
(3 -6.68137e-15 0)
(3 -1.63145e-15 0)
(3 -7.16766e-16 0)
(3 2.10947e-17 0)
(3 2.11778e-15 0)
(3 -3.91269e-15 0)
(3 -3.82278e-15 0)
(3 -3.52001e-15 0)
(3 -5.25057e-15 0)
(3 -7.40117e-15 0)
(3 -4.97802e-15 0)
(3 -1.99075e-15 0)
(3 1.6606e-16 0)
(3 1.8457e-15 0)
(3 2.34631e-15 0)
(3 -2.44724e-15 0)
(3 -3.90483e-15 0)
(3 -4.63582e-15 0)
(3 -4.28528e-15 0)
(3 -3.29328e-15 0)
(3 -3.85815e-15 0)
(3 -2.47461e-16 0)
(3 -2.70893e-15 0)
(3 2.42109e-15 0)
(3 6.96883e-15 0)
(3 6.18781e-16 0)
(3 -6.45618e-17 0)
(3 -1.58094e-15 0)
(3 -3.1865e-15 0)
(3 -3.00484e-15 0)
(3 -5.85708e-15 0)
(3 1.63229e-15 0)
(3 -5.6868e-16 0)
(3 3.50591e-16 0)
(3 1.06711e-15 0)
(3 4.3117e-17 0)
(3 1.55136e-16 0)
(3 -6.64642e-16 0)
(3 -5.55175e-15 0)
(3 -6.05634e-15 0)
(3 -4.31569e-15 0)
(3 1.10891e-16 0)
(3 -9.46191e-17 0)
(3 -1.53588e-15 0)
(3 -1.1847e-15 0)
(3 3.19342e-17 0)
(3 -3.05104e-17 0)
(3 2.78436e-16 0)
(3 -2.5325e-15 0)
(3 -2.82182e-15 0)
(3 2.69415e-16 0)
(3 -3.19192e-16 0)
(3 6.52725e-16 0)
(3 1.35252e-15 0)
(3 2.96136e-16 0)
(3 -1.44244e-15 0)
(3 -1.151e-15 0)
(3 -1.40935e-15 0)
(3 -1.39429e-15 0)
(3 4.85748e-15 0)
(3 5.09287e-15 0)
(3 1.98602e-15 0)
(3 2.40596e-15 0)
(3 3.25288e-15 0)
(3 2.49126e-15 0)
(3 -3.12462e-15 0)
(3 -2.68249e-15 0)
(3 -2.52024e-15 0)
(3 9.04596e-16 0)
(3 4.84942e-15 0)
(3 6.87246e-15 0)
(3 3.55989e-15 0)
(3 3.84617e-15 0)
(3 3.10604e-15 0)
(3 2.45614e-15 0)
(3 4.64828e-16 0)
(3 -1.09551e-15 0)
(3 -7.56955e-16 0)
(3 6.19293e-17 0)
(3 3.0265e-15 0)
(3 2.98486e-15 0)
(3 5.27644e-15 0)
(3 5.9576e-15 0)
(3 6.4933e-15 0)
(3 3.21772e-15 0)
(3 8.30257e-16 0)
(3 1.80204e-15 0)
(3 1.22358e-15 0)
(3 9.93033e-16 0)
(3 1.85366e-15 0)
(3 2.84144e-15 0)
(3 4.57715e-15 0)
(3 8.32707e-15 0)
(3 5.28018e-15 0)
(3 3.9289e-15 0)
(3 4.83319e-15 0)
(3 4.91713e-15 0)
(3 4.7274e-15 0)
(3 4.5622e-15 0)
(3 3.16135e-15 0)
(3 3.51435e-15 0)
(3 3.32632e-15 0)
(3 4.36534e-15 0)
(3 1.78248e-15 0)
(3 3.30382e-15 0)
(3 2.89341e-15 0)
(3 3.38277e-15 0)
(3 3.95856e-15 0)
(3 3.49675e-15 0)
(3 1.40144e-15 0)
(3 -8.70791e-16 0)
(3 -1.54452e-15 0)
(3 -3.31808e-15 0)
(3 -2.40635e-15 0)
(3 2.78298e-15 0)
(3 1.28576e-15 0)
(3 1.73974e-15 0)
(3 2.6025e-15 0)
(3 3.15479e-15 0)
(3 3.18701e-15 0)
(3 -1.04449e-15 0)
(3 -2.64791e-15 0)
(3 -3.66671e-15 0)
(3 -2.24001e-15 0)
(3 -3.69267e-15 0)
(3 6.01181e-16 0)
(3 3.13095e-16 0)
(3 3.12533e-16 0)
(3 2.44924e-15 0)
(3 2.66405e-15 0)
(3 4.55992e-16 0)
(3 -3.44757e-15 0)
(3 -2.22784e-15 0)
(3 8.81755e-16 0)
(3 -1.0373e-15 0)
(3 -2.4716e-17 0)
(3 7.26956e-17 0)
(3 -1.49625e-15 0)
(3 -3.14845e-15 0)
(3 -2.80402e-15 0)
(3 6.32783e-16 0)
(3 9.50743e-16 0)
(3 2.13643e-15 0)
(3 -7.38414e-16 0)
(3 -2.27114e-16 0)
(3 -8.48638e-16 0)
(3 -1.40532e-15 0)
(3 -2.77594e-15 0)
(3 -4.41479e-15 0)
(3 -4.5776e-15 0)
(3 -2.5732e-15 0)
(3 2.05433e-15 0)
(3 1.54008e-15 0)
(3 -2.88572e-16 0)
(3 -1.0136e-16 0)
(3 7.33976e-16 0)
(3 1.32177e-16 0)
(3 -2.50102e-16 0)
(3 -2.23851e-15 0)
(3 -2.145e-15 0)
(3 -2.31977e-15 0)
(3 -1.47151e-15 0)
(3 7.6729e-16 0)
(3 2.17049e-15 0)
(3 8.79138e-17 0)
(3 4.41184e-16 0)
(3 2.05704e-15 0)
(3 2.8203e-15 0)
(3 4.8173e-15 0)
(3 4.99232e-15 0)
(3 5.54943e-15 0)
(3 4.42126e-15 0)
(3 2.93602e-15 0)
(3 2.20303e-15 0)
(3 -1.66724e-15 0)
(3 1.01199e-15 0)
(3 1.20886e-15 0)
(3 1.37033e-15 0)
(3 2.09944e-15 0)
(3 1.57088e-15 0)
(3 1.67488e-15 0)
(3 4.50513e-15 0)
(3 2.38486e-15 0)
(3 7.96648e-16 0)
(3 1.72461e-15 0)
(3 4.54545e-17 0)
(3 -1.14738e-15 0)
(3 -1.36388e-15 0)
(3 -5.78414e-16 0)
(3 -7.64253e-16 0)
(3 -1.12135e-15 0)
(3 1.40434e-15 0)
(3 1.35227e-15 0)
(3 2.34961e-15 0)
(3 1.80251e-15 0)
(3 -3.76797e-16 0)
(3 -4.39804e-16 0)
(3 -4.55273e-16 0)
(3 6.80707e-16 0)
(3 1.53486e-15 0)
(3 2.61977e-15 0)
(3 -4.91033e-16 0)
(3 2.84103e-16 0)
(3 1.4477e-15 0)
(3 7.55109e-16 0)
(3 1.07717e-15 0)
(3 2.04153e-15 0)
(3 2.38067e-15 0)
(3 2.21593e-15 0)
(3 1.87183e-15 0)
(3 9.71548e-16 0)
(3 4.47019e-16 0)
(3 -2.72995e-15 0)
(3 -7.38934e-16 0)
(3 -1.62499e-15 0)
(3 3.49616e-15 0)
(3 3.3932e-15 0)
(3 3.27845e-15 0)
(3 3.11103e-15 0)
(3 1.64123e-15 0)
(3 -3.04856e-16 0)
(3 -1.29403e-15 0)
(3 -2.09052e-15 0)
(3 -1.81836e-15 0)
(3 -1.96013e-15 0)
(3 2.90933e-15 0)
(3 1.84439e-15 0)
(3 7.91833e-16 0)
(3 -8.05564e-16 0)
(3 -1.27442e-15 0)
(3 -9.42893e-16 0)
(3 4.01117e-16 0)
(3 -2.50581e-16 0)
(3 -5.71484e-16 0)
(3 8.36638e-16 0)
(3 -4.21063e-16 0)
(3 -1.09542e-15 0)
(3 -1.45861e-15 0)
(3 -1.87808e-15 0)
(3 -1.48459e-15 0)
(3 -1.02047e-15 0)
(3 -3.11558e-16 0)
(3 -3.77253e-16 0)
(3 -1.06509e-15 0)
(3 2.80819e-15 0)
(3 3.81414e-15 0)
(3 2.32761e-15 0)
(3 5.58109e-16 0)
(3 5.35976e-16 0)
(3 5.22798e-16 0)
(3 9.25591e-16 0)
(3 -7.25414e-16 0)
(3 1.55136e-16 0)
(3 1.29465e-15 0)
(3 7.0185e-16 0)
(3 -7.4599e-16 0)
(3 1.21682e-15 0)
(3 3.32622e-15 0)
(3 3.30662e-15 0)
(3 -2.15886e-16 0)
(3 2.75499e-15 0)
(3 1.64096e-15 0)
(3 4.32353e-16 0)
(3 4.271e-16 0)
(3 6.48496e-16 0)
(3 1.35716e-15 0)
(3 -1.28059e-15 0)
(3 2.91341e-16 0)
(3 1.66221e-15 0)
(3 8.52087e-16 0)
(3 -8.83205e-16 0)
(3 1.00619e-15 0)
(3 2.92173e-15 0)
(3 3.7152e-15 0)
(3 2.27317e-17 0)
(3 2.11617e-15 0)
(3 1.52049e-15 0)
(3 5.31576e-16 0)
(3 3.40635e-16 0)
(3 1.30575e-15 0)
(3 1.44451e-15 0)
(3 -1.38542e-15 0)
(3 -1.70161e-16 0)
(3 2.30332e-15 0)
(3 9.1118e-16 0)
(3 -8.39501e-16 0)
(3 6.86841e-16 0)
(3 2.7847e-15 0)
(3 3.89038e-15 0)
(3 4.18523e-16 0)
(3 1.65968e-15 0)
(3 6.18266e-16 0)
(3 9.79658e-16 0)
(3 6.19101e-16 0)
(3 1.26323e-15 0)
(3 1.62924e-15 0)
(3 -2.06602e-15 0)
(3 -6.51252e-16 0)
(3 2.49132e-15 0)
(3 1.27212e-15 0)
(3 -7.81411e-16 0)
(3 4.01344e-16 0)
(3 2.88148e-15 0)
(3 4.57231e-15 0)
(3 7.94103e-16 0)
(3 7.00825e-16 0)
(3 9.51308e-16 0)
(3 9.46092e-16 0)
(3 1.38201e-15 0)
(3 1.10839e-15 0)
(3 1.88256e-15 0)
(3 -2.762e-15 0)
(3 -8.46788e-16 0)
(3 2.54655e-15 0)
(3 1.72964e-15 0)
(3 -9.45746e-16 0)
(3 2.87722e-16 0)
(3 2.88351e-15 0)
(3 4.72353e-15 0)
(3 8.61193e-16 0)
(3 1.88061e-16 0)
(3 1.46912e-15 0)
(3 6.75834e-16 0)
(3 2.59203e-15 0)
(3 1.2597e-15 0)
(3 1.79387e-15 0)
(3 -3.06115e-15 0)
(3 -6.74282e-16 0)
(3 2.92511e-15 0)
(3 1.94037e-15 0)
(3 -9.78776e-16 0)
(3 2.18675e-16 0)
(3 2.77124e-15 0)
(3 4.92028e-15 0)
(3 1.27892e-15 0)
(3 -3.77198e-16 0)
(3 1.24861e-15 0)
(3 1.0862e-15 0)
(3 3.87901e-15 0)
(3 1.791e-15 0)
(3 8.36021e-16 0)
(3 -3.46238e-15 0)
(3 -1.65014e-16 0)
(3 2.73129e-15 0)
(3 2.09835e-15 0)
(3 -9.36631e-16 0)
(3 3.60862e-16 0)
(3 2.45444e-15 0)
(3 5.08519e-15 0)
(3 1.40372e-15 0)
(3 -2.46788e-16 0)
(3 1.65193e-15 0)
(3 1.96628e-15 0)
(3 4.19976e-15 0)
(3 2.77184e-15 0)
(3 1.83627e-16 0)
(3 -4.00991e-15 0)
(3 -1.04484e-16 0)
(3 2.58504e-15 0)
(3 2.33269e-15 0)
(3 -7.70466e-16 0)
(3 7.71392e-16 0)
(3 2.21689e-15 0)
(3 5.11302e-15 0)
(3 1.48209e-15 0)
(3 5.34072e-16 0)
(3 4.74478e-16 0)
(3 2.19448e-15 0)
(3 4.25774e-15 0)
(3 3.53861e-15 0)
(3 2.19286e-16 0)
(3 -4.4921e-15 0)
(3 -3.1564e-16 0)
(3 2.03571e-15 0)
(3 2.2402e-15 0)
(3 -4.3049e-16 0)
(3 1.06375e-15 0)
(3 1.94281e-15 0)
(3 4.96104e-15 0)
(3 1.61997e-15 0)
(3 -4.11886e-16 0)
(3 1.7275e-15 0)
(3 1.06436e-15 0)
(3 5.04296e-15 0)
(3 4.49266e-15 0)
(3 5.93422e-16 0)
(3 -5.02683e-15 0)
(3 -8.69332e-16 0)
(3 1.89199e-15 0)
(3 2.24523e-15 0)
(3 -1.76407e-16 0)
(3 1.28738e-15 0)
(3 1.57063e-15 0)
(3 5.09137e-15 0)
(3 1.81788e-15 0)
(3 -1.23533e-06 0)
(3 -1.425e-08 0)
(3 7.61793e-11 0)
(3 1.26145e-11 0)
(3 4.04054e-13 0)
(3 -2.0249e-15 0)
(3 -6.0504e-15 0)
(3 -1.51543e-15 0)
(3 1.82432e-15 0)
(3 2.46497e-15 0)
(3 7.90416e-17 0)
(3 1.33611e-15 0)
(3 1.47099e-15 0)
(3 5.29568e-15 0)
(3 2.05506e-15 0)
(3.00001 2.17819e-05 0)
(3 -1.20156e-07 0)
(3 -2.37889e-08 0)
(3 -1.16115e-09 0)
(3 -9.90891e-12 0)
(3 3.88304e-14 0)
(3 -1.99182e-15 0)
(3 -1.38051e-15 0)
(3 1.81588e-15 0)
(3 2.26978e-15 0)
(3 4.21012e-16 0)
(3 1.23653e-15 0)
(3 1.91167e-15 0)
(3 5.78343e-15 0)
(3 1.93423e-15 0)
(3.00075 0.00153626 0)
(3.00003 0.00010748 0)
(3 3.49911e-06 0)
(3 3.22321e-08 0)
(3 1.38449e-11 0)
(3 -2.63558e-12 0)
(3 -2.21893e-13 0)
(3 -1.24353e-15 0)
(3 1.9006e-15 0)
(3 2.04059e-15 0)
(3 6.7674e-16 0)
(3 1.67822e-15 0)
(3 2.11581e-15 0)
(3 4.41978e-15 0)
(3 1.81327e-15 0)
(2.99381 -0.0495186 0)
(2.99998 -0.00108371 0)
(3 -6.63129e-08 0)
(3 5.29096e-08 0)
(3 6.67714e-10 0)
(3 -2.53064e-11 0)
(3 -4.24122e-12 0)
(3 -1.0682e-13 0)
(3 1.33202e-15 0)
(3 1.70792e-15 0)
(3 9.78897e-16 0)
(3 2.24818e-15 0)
(3 2.39317e-15 0)
(3 4.03773e-15 0)
(3 1.72083e-15 0)
(2.57031 -0.574299 0)
(2.99104 -0.0376508 0)
(3.00026 -0.000296161 0)
(3 2.16488e-06 0)
(3 3.66173e-07 0)
(3 2.38997e-08 0)
(3 3.64341e-10 0)
(3 9.21269e-13 0)
(3 4.3457e-15 0)
(3 1.51095e-15 0)
(3 1.23844e-15 0)
(3 2.74637e-15 0)
(3 2.45264e-15 0)
(3 3.21865e-15 0)
(3 1.63782e-15 0)
(2.17606 -0.900595 0)
(2.6641 -0.457588 0)
(2.98411 -0.0357249 0)
(2.99996 -0.000460958 0)
(3 -3.75751e-06 0)
(3 -1.54492e-08 0)
(3 8.78441e-10 0)
(3 2.72581e-11 0)
(3 1.81966e-14 0)
(3 -1.43266e-16 0)
(3 9.86796e-16 0)
(3 2.77498e-15 0)
(3 2.24785e-15 0)
(3 2.48965e-15 0)
(3 1.53418e-15 0)
(2.17585 -0.88324 0)
(2.41839 -0.740496 0)
(2.8513 -0.265539 0)
(2.99611 -0.0145442 0)
(3.00001 -6.75349e-05 0)
(3 1.04732e-06 0)
(3 6.47876e-09 0)
(3 1.23662e-09 0)
(3 6.86125e-11 0)
(3 1.18635e-12 0)
(3 1.10134e-14 0)
(3 2.9279e-15 0)
(3 2.27313e-15 0)
(3 2.08985e-15 0)
(3 1.39986e-15 0)
(2.20731 -0.808229 0)
(2.25051 -0.803742 0)
(2.57977 -0.561827 0)
(2.94134 -0.121474 0)
(2.99883 -0.00517559 0)
(2.99998 -7.44842e-05 0)
(3 -9.22729e-07 0)
(3 -1.21375e-08 0)
(3 -5.93761e-11 0)
(3 -3.51225e-13 0)
(3 -8.12308e-15 0)
(3 1.73241e-15 0)
(3 1.7518e-15 0)
(3 2.5011e-15 0)
(3 1.38793e-15 0)
(2.29293 -0.630756 0)
(2.25566 -0.787712 0)
(2.39991 -0.737578 0)
(2.77882 -0.374188 0)
(2.98989 -0.0355812 0)
(3.00004 -0.000469095 0)
(3 1.13315e-06 0)
(3 8.3496e-08 0)
(3 1.53892e-08 0)
(3 6.44999e-10 0)
(3 8.50172e-12 0)
(3 6.38664e-14 0)
(3 2.94647e-15 0)
(3 2.80724e-15 0)
(3 1.44113e-15 0)
(2.40884 -0.422904 0)
(2.26996 -0.705452 0)
(2.33975 -0.737402 0)
(2.54868 -0.602126 0)
(2.8591 -0.241024 0)
(2.98705 -0.0322758 0)
(2.99955 -0.0015794 0)
(2.99999 -3.8945e-05 0)
(3 -5.92124e-07 0)
(3 -6.02716e-09 0)
(3 -4.33343e-11 0)
(3 -2.28424e-13 0)
(3 2.20708e-15 0)
(3 2.79002e-15 0)
(3 2.07377e-15 0)
(2.50735 -0.16937 0)
(2.32214 -0.603357 0)
(2.34747 -0.70656 0)
(2.43434 -0.685909 0)
(2.72058 -0.442894 0)
(2.96787 -0.0710632 0)
(2.99892 -0.00350187 0)
(2.99998 -7.26818e-05 0)
(3 -1.10901e-06 0)
(3 -1.27833e-08 0)
(3 -1.08605e-10 0)
(3 -7.09813e-13 0)
(3 -2.80551e-15 0)
(3 4.94955e-15 0)
(3 2.41329e-15 0)
(2.57814 0.0513397 0)
(2.46673 -0.299478 0)
(2.37105 -0.629995 0)
(2.43153 -0.679258 0)
(2.60396 -0.602763 0)
(2.85382 -0.310329 0)
(2.98595 -0.0359939 0)
(2.99964 -0.000906168 0)
(3 -9.53097e-06 0)
(3 -7.98761e-08 0)
(3 -6.3017e-10 0)
(3 -4.4326e-12 0)
(3 -1.96043e-14 0)
(3 2.92727e-15 0)
(3 2.4557e-15 0)
(2.60327 -0.0111587 0)
(2.53491 -0.0615835 0)
(2.46421 -0.407419 0)
(2.43545 -0.638434 0)
(2.52208 -0.624223 0)
(2.73455 -0.476351 0)
(2.94851 -0.137024 0)
(2.99742 -0.00760857 0)
(2.99995 -0.000113598 0)
(3 -9.44145e-07 0)
(3 -6.44202e-09 0)
(3 -4.06545e-11 0)
(3 -2.32977e-13 0)
(3 -3.76304e-16 0)
(3 1.92996e-15 0)
(2.58828 0.0745499 0)
(2.55359 -0.0382985 0)
(2.53921 -0.212812 0)
(2.4673 -0.54343 0)
(2.51723 -0.616352 0)
(2.60865 -0.581678 0)
(2.81995 -0.375577 0)
(2.97439 -0.0656572 0)
(2.99917 -0.00204009 0)
(2.99999 -2.07555e-05 0)
(3 -1.43787e-07 0)
(3 -8.44535e-10 0)
(3 -4.45749e-12 0)
(3 -2.08171e-14 0)
(3 5.41452e-16 0)
(2.58953 0.222588 0)
(2.59402 0.133763 0)
(2.58419 -0.0857739 0)
(2.54223 -0.351845 0)
(2.52394 -0.573867 0)
(2.60691 -0.581538 0)
(2.75111 -0.479462 0)
(2.93417 -0.17356 0)
(2.99511 -0.0136294 0)
(2.9999 -0.000245379 0)
(3 -2.0277e-06 0)
(3 -1.33238e-08 0)
(3 -7.76398e-11 0)
(3 -3.93041e-13 0)
(3 -4.72047e-16 0)
(2.64358 0.370408 0)
(2.64183 0.277229 0)
(2.58686 -0.0271608 0)
(2.58267 -0.22025 0)
(2.5653 -0.464359 0)
(2.60943 -0.563722 0)
(2.66714 -0.551226 0)
(2.82531 -0.383235 0)
(2.96821 -0.0794693 0)
(2.99871 -0.00307424 0)
(2.99998 -3.63525e-05 0)
(3 -2.58237e-07 0)
(3 -1.52319e-09 0)
(3 -8.28927e-12 0)
(3 -3.26858e-14 0)
(2.66266 0.447653 0)
(2.65821 0.320417 0)
(2.61444 0.0626934 0)
(2.62944 -0.0643195 0)
(2.61528 -0.319784 0)
(2.61979 -0.51651 0)
(2.66596 -0.550828 0)
(2.77032 -0.472286 0)
(2.92247 -0.196208 0)
(2.99283 -0.01827 0)
(2.99984 -0.000375279 0)
(3 -3.37552e-06 0)
(3 -2.28537e-08 0)
(3 -1.29033e-10 0)
(3 -5.98287e-13 0)
(2.69727 0.481701 0)
(2.69888 0.380548 0)
(2.6519 0.115315 0)
(2.67291 0.0786693 0)
(2.66758 -0.146609 0)
(2.65724 -0.407728 0)
(2.66977 -0.534002 0)
(2.71438 -0.519366 0)
(2.84102 -0.364802 0)
(2.96652 -0.0838756 0)
(2.99845 -0.00366289 0)
(2.99998 -4.53015e-05 0)
(3 -3.28842e-07 0)
(3 -2.09288e-09 0)
(3 -9.84045e-12 0)
(2.70615 0.520476 0)
(2.72281 0.427027 0)
(2.65985 0.177675 0)
(2.68082 0.129336 0)
(2.69116 -0.0852407 0)
(2.70458 -0.258584 0)
(2.68639 -0.481394 0)
(2.71423 -0.517933 0)
(2.79297 -0.452552 0)
(2.92314 -0.193839 0)
(2.99199 -0.0196289 0)
(2.9998 -0.000449868 0)
(3 -4.31166e-06 0)
(3 -2.80885e-08 0)
(3 -1.49137e-10 0)
(2.69246 0.521451 0)
(2.71412 0.453516 0)
(2.6907 0.260072 0)
(2.71729 0.249139 0)
(2.71108 -0.0184746 0)
(2.72404 -0.198521 0)
(2.72173 -0.386671 0)
(2.71934 -0.503054 0)
(2.75226 -0.494116 0)
(2.85374 -0.346299 0)
(2.96723 -0.0799984 0)
(2.99842 -0.00359774 0)
(2.99998 -4.58723e-05 0)
(3 -3.72217e-07 0)
(3 -1.94354e-09 0)
(2.70706 0.544015 0)
(2.70563 0.461927 0)
(2.69983 0.355811 0)
(2.7292 0.324218 0)
(2.7311 0.0844529 0)
(2.77958 -0.0251049 0)
(2.7589 -0.280412 0)
(2.73684 -0.458596 0)
(2.75314 -0.491276 0)
(2.81431 -0.423989 0)
(2.92456 -0.186353 0)
(2.99165 -0.0199254 0)
(2.99979 -0.000485152 0)
(3 -4.31258e-06 0)
(3 -2.6693e-08 0)
(2.73115 0.570197 0)
(2.71916 0.483374 0)
(2.72901 0.378035 0)
(2.76443 0.333992 0)
(2.75063 0.0990712 0)
(2.7915 0.0627173 0)
(2.79434 -0.146995 0)
(2.77257 -0.364145 0)
(2.75916 -0.475386 0)
(2.7838 -0.463595 0)
(2.87151 -0.310185 0)
(2.97211 -0.0674286 0)
(2.99871 -0.00291085 0)
(2.99998 -4.18389e-05 0)
(3 -2.64191e-07 0)
(2.73193 0.599309 0)
(2.73853 0.509901 0)
(2.76498 0.427648 0)
(2.80216 0.345275 0)
(2.75866 0.128495 0)
(2.80569 0.128021 0)
(2.81241 -0.0938971 0)
(2.80483 -0.26593 0)
(2.77545 -0.433361 0)
(2.78423 -0.462629 0)
(2.83068 -0.398153 0)
(2.92871 -0.173502 0)
(2.99209 -0.0186459 0)
(2.99981 -0.000409548 0)
(3 -3.51193e-06 0)
(2.74381 0.639334 0)
(2.74453 0.549078 0)
(2.7843 0.458418 0)
(2.81476 0.361179 0)
(2.80965 0.213491 0)
(2.83721 0.223362 0)
(2.83164 -0.0289901 0)
(2.83885 -0.165087 0)
(2.80536 -0.359665 0)
(2.78889 -0.452136 0)
(2.80774 -0.437428 0)
(2.88599 -0.276675 0)
(2.97711 -0.0548877 0)
(2.99894 -0.00248477 0)
(2.99998 -2.64813e-05 0)
(2.7376 0.606431 0)
(2.7769 0.55167 0)
(2.79207 0.446283 0)
(2.80681 0.373173 0)
(2.82633 0.295645 0)
(2.85774 0.274128 0)
(2.84836 0.0397059 0)
(2.87338 -0.0449018 0)
(2.83663 -0.270517 0)
(2.80477 -0.416142 0)
(2.80862 -0.436193 0)
(2.84842 -0.363787 0)
(2.93857 -0.148567 0)
(2.99378 -0.0143516 0)
(2.99983 -0.000274032 0)
(2.72552 0.444775 0)
(2.78479 0.562978 0)
(2.82117 0.512318 0)
(2.80968 0.398927 0)
(2.83847 0.339282 0)
(2.88395 0.289404 0)
(2.8579 0.0565898 0)
(2.88471 0.026219 0)
(2.87054 -0.159192 0)
(2.82876 -0.356724 0)
(2.81256 -0.427914 0)
(2.82671 -0.411433 0)
(2.89477 -0.255328 0)
(2.98085 -0.0448601 0)
(2.99904 -0.00151348 0)
(2.70007 0.236215 0)
(2.78242 0.509648 0)
(2.82854 0.534716 0)
(2.8368 0.453848 0)
(2.86474 0.384522 0)
(2.90862 0.312524 0)
(2.87755 0.0951507 0)
(2.90194 0.0970662 0)
(2.89024 -0.0983723 0)
(2.864 -0.259021 0)
(2.82521 -0.40069 0)
(2.82738 -0.410536 0)
(2.87035 -0.318737 0)
(2.94854 -0.127768 0)
(2.99435 -0.0089915 0)
(2.68249 0.141087 0)
(2.76721 0.336532 0)
(2.8261 0.52368 0)
(2.84504 0.472553 0)
(2.88798 0.41231 0)
(2.91667 0.317133 0)
(2.88341 0.165787 0)
(2.91938 0.181313 0)
(2.90738 -0.0369419 0)
(2.893 -0.175934 0)
(2.84651 -0.351201 0)
(2.8302 -0.405244 0)
(2.84223 -0.382596 0)
(2.9168 -0.207712 0)
(2.98106 -0.0274285 0)
(2.66821 0.0349359 0)
(2.76085 0.177709 0)
(2.82871 0.439816 0)
(2.87103 0.475879 0)
(2.91691 0.433436 0)
(2.9166 0.314001 0)
(2.91555 0.250943 0)
(2.93577 0.234132 0)
(2.91171 -0.00851834 0)
(2.91712 -0.0906731 0)
(2.87769 -0.268675 0)
(2.83916 -0.388479 0)
(2.84221 -0.388329 0)
(2.88375 -0.302787 0)
(2.94823 -0.0804727 0)
(2.62707 0.00856501 0)
(2.72293 0.0461006 0)
(2.80795 0.211186 0)
(2.87644 0.41577 0)
(2.92477 0.432903 0)
(2.93486 0.364299 0)
(2.94168 0.305851 0)
(2.96487 0.263323 0)
(2.92914 0.0571858 0)
(2.94357 0.031871 0)
(2.91181 -0.161786 0)
(2.87077 -0.313916 0)
(2.84852 -0.376946 0)
(2.87317 -0.345279 0)
(2.88 -0.154259 0)
(2.63591 0.130726 0)
(2.66363 0.237256 0)
(2.77111 0.307534 0)
(2.78931 0.363475 0)
(2.74789 0.461773 0)
(2.70061 0.541069 0)
(2.70333 0.578683 0)
(2.70177 0.634463 0)
(2.67854 0.604539 0)
(2.65997 0.593025 0)
(2.70863 0.625673 0)
(2.73951 0.65756 0)
(2.73365 0.687485 0)
(2.711 0.651005 0)
(2.67486 0.372129 0)
(2.66848 0.140508 0)
(2.62097 -0.0283037 0)
(2.57488 0.00776406 0)
(2.56594 0.0258755 0)
(2.57895 0.0148194 0)
(2.67574 0.308428 0)
(2.70239 0.41263 0)
(2.7833 0.417623 0)
(2.80259 0.484816 0)
(2.77222 0.574726 0)
(2.74875 0.633421 0)
(2.75408 0.654206 0)
(2.71577 0.680018 0)
(2.68315 0.660737 0)
(2.67049 0.665483 0)
(2.70856 0.688324 0)
(2.72024 0.705043 0)
(2.71889 0.669299 0)
(2.6591 0.368542 0)
(2.62557 0.175279 0)
(2.60938 0.0490648 0)
(2.59911 0.00323445 0)
(2.58508 -0.00198828 0)
(2.55933 0.0273177 0)
(2.57133 0.0153011 0)
(2.71291 0.509002 0)
(2.72292 0.567974 0)
(2.76771 0.618029 0)
(2.78104 0.667345 0)
(2.76914 0.724181 0)
(2.79729 0.7361 0)
(2.79671 0.71392 0)
(2.74361 0.725084 0)
(2.71554 0.727849 0)
(2.676 0.713922 0)
(2.68863 0.73069 0)
(2.69439 0.646726 0)
(2.65397 0.344809 0)
(2.62697 0.184248 0)
(2.57459 0.0304071 0)
(2.56896 0.023033 0)
(2.58002 0.00180857 0)
(2.58306 -0.0116286 0)
(2.57639 0.00654482 0)
(2.57346 0.0130053 0)
(2.74496 0.675556 0)
(2.72897 0.703977 0)
(2.739 0.753407 0)
(2.75222 0.797403 0)
(2.77181 0.809299 0)
(2.82422 0.812671 0)
(2.81331 0.796452 0)
(2.77307 0.801777 0)
(2.74553 0.781056 0)
(2.72659 0.780418 0)
(2.68916 0.600715 0)
(2.65604 0.279584 0)
(2.64624 0.174014 0)
(2.59752 0.0544143 0)
(2.58576 0.0101744 0)
(2.57085 0.0140461 0)
(2.57582 0.00558334 0)
(2.58005 -0.00321121 0)
(2.57642 0.00127049 0)
(2.57341 0.0114541 0)
(2.76352 0.835198 0)
(2.72322 0.891511 0)
(2.71944 0.921418 0)
(2.73586 0.926482 0)
(2.77069 0.929772 0)
(2.82766 0.906703 0)
(2.83063 0.882934 0)
(2.80391 0.888988 0)
(2.75552 0.835029 0)
(2.71887 0.505131 0)
(2.70445 0.232735 0)
(2.66877 0.108425 0)
(2.62472 0.041534 0)
(2.5951 0.0123981 0)
(2.57938 0.00485237 0)
(2.56648 0.0103367 0)
(2.56898 0.0082593 0)
(2.57191 0.000432178 0)
(2.56649 0.00363239 0)
(2.56358 0.00928191 0)
(2.7455 1.02032 0)
(2.72004 1.05168 0)
(2.69833 1.05016 0)
(2.72415 1.03296 0)
(2.76492 1.01784 0)
(2.80395 0.978436 0)
(2.79581 0.905281 0)
(2.79362 0.714578 0)
(2.73459 0.408032 0)
(2.71561 0.228623 0)
(2.63718 0.0723947 0)
(2.60473 0.0370061 0)
(2.58617 0.00975829 0)
(2.57176 0.000139414 0)
(2.55737 0.00630551 0)
(2.55088 0.0128105 0)
(2.55 0.0126999 0)
(2.54796 0.00778969 0)
(2.54021 0.00271549 0)
(2.53088 0.00565678 0)
(2.6954 1.26744 0)
(2.71131 1.19131 0)
(2.71389 1.25879 0)
(2.71767 1.20425 0)
(2.74011 1.08533 0)
(2.78379 0.800069 0)
(2.72004 0.362329 0)
(2.72385 0.270073 0)
(2.6009 0.0828911 0)
(2.55622 0.0765175 0)
(2.52559 0.0524133 0)
(2.52479 0.0323296 0)
(2.51276 -0.000594514 0)
(2.50768 -0.00230396 0)
(2.50335 0.00802929 0)
(2.50159 0.0210643 0)
(2.49492 0.0172626 0)
(2.49063 0.0102471 0)
(2.48037 -0.00240839 0)
(2.46481 0.0023901 0)
(2.64373 1.47316 0)
(2.67284 1.43439 0)
(2.59204 1.11689 0)
(2.60997 0.869797 0)
(2.60106 0.473209 0)
(2.61951 0.263829 0)
(2.4947 0.00768808 0)
(2.43156 0.0304245 0)
(2.40358 0.0391604 0)
(2.41999 0.0426915 0)
(2.42459 0.0523463 0)
(2.40802 0.0323441 0)
(2.40094 -0.00317231 0)
(2.40637 -0.00617733 0)
(2.40924 0.00885763 0)
(2.40391 0.0186009 0)
(2.3961 0.0170624 0)
(2.39361 0.00423726 0)
(2.3886 -0.00811146 0)
(2.38135 -0.00432851 0)
(2.32793 0.825086 0)
(2.33396 0.563773 0)
(2.30372 0.340368 0)
(2.32942 0.22077 0)
(2.26812 0.0158289 0)
(2.24979 0.0142316 0)
(2.24491 -0.0154282 0)
(2.25948 0.0188776 0)
(2.2855 0.0368963 0)
(2.28236 0.0500023 0)
(2.27454 0.0439853 0)
(2.27493 0.0169761 0)
(2.29145 -0.0116885 0)
(2.30579 -0.00632981 0)
(2.31207 0.00790343 0)
(2.30813 0.0189806 0)
(2.30392 0.0191633 0)
(2.30244 0.00927625 0)
(2.31012 -0.00272354 0)
(2.31245 -0.00294351 0)
(1.9676 0.158401 0)
(2.04592 0.145187 0)
(2.0891 0.0898188 0)
(2.12173 0.0658039 0)
(2.11613 0.0151956 0)
(2.12548 0.0111959 0)
(2.16504 -0.00565234 0)
(2.19274 0.00795857 0)
(2.20235 0.0128865 0)
(2.20395 0.0160003 0)
(2.20089 0.0145974 0)
(2.20823 0.00468568 0)
(2.23521 -0.0022298 0)
(2.25058 0.00279596 0)
(2.25753 0.00633997 0)
(2.26338 0.00698532 0)
(2.2634 0.0092078 0)
(2.26378 0.00761924 0)
(2.27343 -0.00319225 0)
(2.28332 -0.00597199 0)
)
;

boundaryField
{
    inlet
    {
        type            fixedValue;
        value           uniform (3 0 0);
    }
    outlet
    {
        type            inletOutlet;
        inletValue      uniform (3 0 0);
        value           nonuniform List<vector> 
50
(
(2.61867 -0.00780922 0)
(2.71606 -0.0479456 0)
(2.8042 -0.209073 0)
(2.87715 -0.420933 0)
(2.92724 -0.429639 0)
(2.9395 -0.380142 0)
(2.94215 -0.300483 0)
(2.96236 -0.266289 0)
(2.93041 -0.0604084 0)
(2.94428 -0.028445 0)
(2.91257 0.160479 0)
(2.87079 0.313666 0)
(2.84855 0.376725 0)
(2.87318 0.345099 0)
(2.88002 0.154177 0)
(2.28938 -0.00476501 0)
(2.32398 0.00679582 0)
(2.39128 0.00864112 0)
(2.47157 0.00474391 0)
(2.53781 0.00122915 0)
(2.57322 -0.00753148 0)
(2.57897 -0.0105264 0)
(2.57334 -0.013957 0)
(2.56917 -0.0154935 0)
(2.57421 -0.0147212 0)
(2.57895 0.0148194 0)
(2.57133 0.0153011 0)
(2.57346 0.0130053 0)
(2.57341 0.0114541 0)
(2.56358 0.00928191 0)
(2.53088 0.00565678 0)
(2.46481 0.0023901 0)
(2.38135 -0.00432851 0)
(2.31245 -0.00294351 0)
(2.28332 -0.00597199 0)
(2.62707 0.00856501 0)
(2.72293 0.0461006 0)
(2.80795 0.211186 0)
(2.87644 0.41577 0)
(2.92477 0.432903 0)
(2.93486 0.364299 0)
(2.94168 0.305851 0)
(2.96487 0.263323 0)
(2.92914 0.0571858 0)
(2.94357 0.031871 0)
(2.91181 -0.161786 0)
(2.87077 -0.313916 0)
(2.84852 -0.376946 0)
(2.87317 -0.345279 0)
(2.88 -0.154259 0)
)
;
    }
    airfoil
    {
        type            slip;
    }
    top
    {
        type            symmetryPlane;
    }
    bottom
    {
        type            symmetryPlane;
    }
    defaultFaces
    {
        type            empty;
    }
}


// ************************************************************************* //
