/*--------------------------------*- C++ -*----------------------------------*\
  =========                 |
  \\      /  F ield         | OpenFOAM: The Open Source CFD Toolbox
   \\    /   O peration     | Website:  https://openfoam.org
    \\  /    A nd           | Version:  7
     \\/     M anipulation  |
\*---------------------------------------------------------------------------*/
FoamFile
{
    version     2.0;
    format      ascii;
    class       volVectorField;
    location    "1.2";
    object      U;
}
// * * * * * * * * * * * * * * * * * * * * * * * * * * * * * * * * * * * * * //

dimensions      [0 1 -1 0 0 0 0];

internalField   nonuniform List<vector> 
3700
(
(1.41785 -0.591382 0)
(1.24806 -0.634676 0)
(1.21393 -0.41374 0)
(1.26009 -0.40421 0)
(1.36836 -0.398574 0)
(1.46902 -0.356341 0)
(1.53771 -0.286183 0)
(1.57406 -0.225801 0)
(1.5827 -0.20714 0)
(1.59727 -0.205883 0)
(1.59303 -0.235602 0)
(1.61465 -0.22909 0)
(1.65392 -0.220837 0)
(1.6839 -0.248426 0)
(1.70618 -0.238393 0)
(1.73964 -0.222433 0)
(1.78655 -0.219803 0)
(1.84856 -0.215444 0)
(1.88765 -0.204908 0)
(1.90427 -0.203094 0)
(1.49196 -1.46893 0)
(1.53402 -1.55428 0)
(1.58834 -1.53422 0)
(1.71849 -1.55059 0)
(1.81228 -1.68617 0)
(1.81539 -1.72085 0)
(1.85518 -1.63104 0)
(1.85415 -1.42751 0)
(1.8779 -1.34151 0)
(1.89649 -1.35292 0)
(1.9315 -1.42119 0)
(1.95003 -1.42221 0)
(1.98186 -1.35383 0)
(2.00183 -1.38218 0)
(2.03002 -1.32932 0)
(2.07007 -1.23829 0)
(2.13724 -1.21513 0)
(2.22093 -1.16848 0)
(2.32313 -1.12146 0)
(2.38623 -1.1143 0)
(1.47075 -1.5225 0)
(1.65488 -1.66057 0)
(1.82188 -1.91836 0)
(1.87905 -2.13299 0)
(1.89719 -2.28446 0)
(1.9509 -2.38423 0)
(2.03577 -2.33864 0)
(2.09604 -2.21176 0)
(2.11319 -2.16684 0)
(2.17236 -2.10661 0)
(2.26555 -2.05649 0)
(2.2972 -2.04623 0)
(2.35751 -1.96295 0)
(2.33667 -1.95407 0)
(2.35267 -1.86543 0)
(2.38174 -1.75938 0)
(2.41212 -1.74059 0)
(2.4718 -1.63387 0)
(2.5331 -1.61366 0)
(2.65309 -1.53155 0)
(1.53933 -1.58189 0)
(1.76636 -1.67541 0)
(1.94615 -2.10275 0)
(1.98976 -2.2302 0)
(2.02262 -2.28067 0)
(2.06017 -2.38913 0)
(2.14046 -2.32471 0)
(2.17509 -2.18093 0)
(2.1082 -2.1222 0)
(2.18652 -1.92809 0)
(2.31325 -1.77319 0)
(2.44136 -1.72728 0)
(2.55717 -1.62901 0)
(2.61004 -1.64652 0)
(2.64447 -1.63344 0)
(2.65304 -1.57222 0)
(2.60337 -1.60587 0)
(2.60657 -1.4801 0)
(2.58343 -1.48503 0)
(2.63025 -1.34677 0)
(1.64152 -1.63487 0)
(1.95842 -1.73627 0)
(2.07553 -2.12899 0)
(2.10391 -2.21216 0)
(2.20879 -2.18599 0)
(2.23434 -2.27991 0)
(2.34822 -2.15769 0)
(2.26885 -2.13655 0)
(2.13813 -2.12003 0)
(2.18299 -1.92437 0)
(2.24361 -1.79256 0)
(2.3737 -1.67821 0)
(2.44955 -1.58929 0)
(2.59179 -1.4981 0)
(2.68416 -1.34218 0)
(2.76923 -1.19545 0)
(2.79105 -1.15753 0)
(2.79476 -1.08615 0)
(2.74335 -1.13249 0)
(2.67751 -1.15362 0)
(1.73503 -1.68952 0)
(2.10304 -1.75995 0)
(2.04798 -2.17302 0)
(2.05647 -2.21768 0)
(2.18773 -2.16625 0)
(2.26311 -2.22461 0)
(2.38526 -2.01364 0)
(2.35946 -2.00302 0)
(2.28055 -2.01411 0)
(2.35267 -1.79888 0)
(2.34639 -1.77228 0)
(2.41537 -1.60058 0)
(2.45694 -1.50772 0)
(2.52804 -1.46213 0)
(2.5877 -1.35541 0)
(2.66012 -1.22341 0)
(2.7464 -1.06632 0)
(2.82643 -0.890086 0)
(2.84168 -0.717421 0)
(2.76635 -0.686359 0)
(1.90085 -1.73863 0)
(2.04561 -1.76598 0)
(1.86508 -2.18581 0)
(1.92469 -2.21101 0)
(2.13632 -2.14419 0)
(2.23517 -2.1644 0)
(2.42102 -1.80829 0)
(2.42409 -1.85212 0)
(2.39316 -1.85793 0)
(2.45627 -1.62369 0)
(2.50217 -1.62606 0)
(2.58575 -1.44468 0)
(2.58312 -1.37142 0)
(2.5987 -1.30651 0)
(2.61643 -1.18425 0)
(2.63429 -1.11037 0)
(2.66371 -0.999159 0)
(2.74791 -0.907678 0)
(2.76168 -0.698049 0)
(2.78879 -0.505488 0)
(1.86204 -1.69107 0)
(1.77128 -1.84205 0)
(1.62013 -2.18077 0)
(1.78674 -2.14393 0)
(1.92084 -2.02377 0)
(1.99275 -2.03712 0)
(2.24638 -1.71476 0)
(2.33812 -1.74973 0)
(2.51681 -1.52172 0)
(2.61745 -1.44186 0)
(2.64519 -1.35845 0)
(2.72833 -1.14955 0)
(2.73343 -1.08828 0)
(2.73802 -1.01953 0)
(2.73798 -0.897584 0)
(2.71567 -0.859504 0)
(2.69839 -0.757292 0)
(2.70423 -0.745647 0)
(2.71138 -0.653929 0)
(2.70476 -0.421733 0)
(1.67305 -1.61468 0)
(1.53225 -1.79974 0)
(1.44715 -2.04467 0)
(1.67208 -2.03607 0)
(1.8449 -1.94195 0)
(1.88967 -1.95201 0)
(2.08857 -1.76639 0)
(2.18796 -1.72105 0)
(2.3715 -1.38407 0)
(2.50195 -1.34805 0)
(2.61825 -1.09589 0)
(2.71841 -0.950192 0)
(2.73319 -0.701834 0)
(2.76938 -0.610608 0)
(2.77566 -0.448836 0)
(2.76952 -0.443147 0)
(2.7522 -0.370497 0)
(2.71815 -0.386493 0)
(2.70115 -0.422046 0)
(2.65922 -0.262499 0)
(1.5227 -1.44949 0)
(1.43743 -1.56037 0)
(1.38561 -1.8391 0)
(1.65215 -1.95545 0)
(1.85521 -1.83206 0)
(1.98334 -1.85949 0)
(2.10447 -1.78095 0)
(2.21136 -1.66335 0)
(2.32456 -1.36115 0)
(2.39028 -1.28178 0)
(2.49581 -1.07904 0)
(2.58926 -0.947449 0)
(2.63315 -0.700009 0)
(2.72641 -0.586976 0)
(2.7123 -0.325993 0)
(2.72821 -0.205109 0)
(2.70828 -0.0527197 0)
(2.67744 -0.0198469 0)
(2.64613 -0.0597866 0)
(2.62737 -0.042363 0)
(1.47308 -1.22568 0)
(1.47593 -1.24409 0)
(1.45445 -1.60276 0)
(1.61926 -1.89392 0)
(1.87762 -1.80983 0)
(2.13402 -1.62974 0)
(2.39829 -1.69197 0)
(2.52359 -1.42201 0)
(2.48734 -1.1982 0)
(2.47768 -1.08863 0)
(2.53531 -0.912779 0)
(2.58698 -0.722866 0)
(2.60501 -0.563437 0)
(2.65086 -0.460324 0)
(2.63711 -0.271766 0)
(2.65581 -0.171035 0)
(2.63187 0.00442204 0)
(2.60146 0.133479 0)
(2.54549 0.220034 0)
(2.5721 0.151644 0)
(1.37215 -1.07811 0)
(1.42954 -1.0541 0)
(1.5155 -1.40928 0)
(1.70723 -1.86387 0)
(2.09121 -1.84246 0)
(2.68113 -1.43451 0)
(2.993 -1.39882 0)
(2.86091 -0.810621 0)
(2.71221 -0.660438 0)
(2.64485 -0.564123 0)
(2.65933 -0.421741 0)
(2.64907 -0.229127 0)
(2.6471 -0.144278 0)
(2.63197 -0.0435909 0)
(2.59932 0.0354396 0)
(2.57426 0.065405 0)
(2.54229 0.122896 0)
(2.50852 0.210062 0)
(2.4416 0.362121 0)
(2.45381 0.346702 0)
(1.19228 -0.988955 0)
(1.29782 -0.985078 0)
(1.6044 -1.31502 0)
(1.89519 -1.80369 0)
(2.47684 -1.70205 0)
(2.68789 -1.35022 0)
(2.69746 -1.2118 0)
(2.67665 -0.587127 0)
(2.63888 -0.496928 0)
(2.61576 -0.259966 0)
(2.62964 -0.104548 0)
(2.59271 0.0920768 0)
(2.58333 0.208403 0)
(2.52913 0.34979 0)
(2.48826 0.423319 0)
(2.45525 0.432233 0)
(2.41236 0.452487 0)
(2.39402 0.438969 0)
(2.32137 0.53831 0)
(2.32199 0.51234 0)
(0.975679 -0.90905 0)
(1.2549 -0.979203 0)
(1.91594 -1.33088 0)
(2.33901 -1.67102 0)
(2.3787 -1.35867 0)
(2.46498 -1.29024 0)
(2.48563 -0.829671 0)
(2.48887 -0.597285 0)
(2.49484 -0.413895 0)
(2.51588 -0.201418 0)
(2.53353 -0.000257665 0)
(2.48829 0.217054 0)
(2.46532 0.357717 0)
(2.39897 0.507952 0)
(2.33913 0.622311 0)
(2.302 0.65756 0)
(2.23388 0.727134 0)
(2.20917 0.73058 0)
(2.18123 0.761625 0)
(2.14451 0.784129 0)
(0.756344 -0.740406 0)
(1.36991 -1.06558 0)
(2.2551 -1.55191 0)
(2.26566 -1.38512 0)
(2.33289 -1.05508 0)
(2.50153 -0.91163 0)
(2.4804 -0.134858 0)
(2.48072 -0.13188 0)
(2.44114 0.0736217 0)
(2.44719 0.199375 0)
(2.40783 0.37351 0)
(2.34583 0.520277 0)
(2.2905 0.624205 0)
(2.22853 0.71542 0)
(2.17685 0.76952 0)
(2.13089 0.810484 0)
(2.07539 0.87412 0)
(2.0547 0.904601 0)
(2.03214 0.941121 0)
(2.05992 0.957489 0)
(0.691735 -0.542595 0)
(1.47612 -1.35012 0)
(1.97143 -1.47641 0)
(2.14369 -1.01614 0)
(2.40049 -0.544907 0)
(2.44229 0.0627674 0)
(2.48325 0.0922676 0)
(2.384 0.400047 0)
(2.31661 0.520596 0)
(2.28889 0.644776 0)
(2.20214 0.781647 0)
(2.12354 0.877358 0)
(2.06731 0.925876 0)
(2.01406 0.974168 0)
(1.98403 0.969974 0)
(1.95833 0.983244 0)
(1.95395 1.01011 0)
(1.96979 0.995607 0)
(1.99406 0.996493 0)
(2.06861 0.981556 0)
(0.931869 -0.467127 0)
(1.74983 -0.835217 0)
(2.13579 -0.878488 0)
(2.29964 0.0920056 0)
(2.38497 0.127876 0)
(2.35724 0.39655 0)
(2.28357 0.539395 0)
(2.20437 0.651543 0)
(2.13469 0.755455 0)
(2.08691 0.893775 0)
(1.97868 1.00611 0)
(1.91527 1.06345 0)
(1.87769 1.08433 0)
(1.8644 1.09105 0)
(1.86917 1.05653 0)
(1.89604 1.0475 0)
(1.96175 1.01948 0)
(2.16315 0.900702 0)
(2.3789 0.790421 0)
(2.77553 0.443157 0)
(1.15799 -0.0586689 0)
(1.94567 -0.143336 0)
(2.22338 0.422548 0)
(2.25557 0.505273 0)
(2.17039 0.7156 0)
(2.17565 0.713091 0)
(2.03517 0.884535 0)
(1.95433 0.970918 0)
(1.9009 1.03423 0)
(1.85221 1.124 0)
(1.79178 1.15566 0)
(1.79259 1.14828 0)
(1.80957 1.12742 0)
(1.84999 1.08445 0)
(2.04022 0.948877 0)
(2.25632 0.82942 0)
(2.66146 0.505597 0)
(3.03613 0.0919088 0)
(3.0558 -0.0243609 0)
(3.0041 -0.00474319 0)
(0.996643 0.0479078 0)
(1.91446 0.757385 0)
(2.09862 0.819856 0)
(1.99291 0.951185 0)
(1.98051 0.958924 0)
(1.86394 1.0845 0)
(1.79023 1.13622 0)
(1.75828 1.14756 0)
(1.75534 1.16391 0)
(1.73304 1.20604 0)
(1.71844 1.19556 0)
(1.87071 1.06582 0)
(2.10362 0.881701 0)
(2.50627 0.574948 0)
(2.98883 0.134305 0)
(3.07393 -0.0297464 0)
(3.00813 -0.00768989 0)
(3.00292 -0.00383677 0)
(3.00123 -0.00219746 0)
(3.00008 -0.000481692 0)
(1.1843 0.729214 0)
(1.81383 1.16062 0)
(1.84301 1.14576 0)
(1.74466 1.19219 0)
(1.70981 1.20815 0)
(1.67209 1.24258 0)
(1.66173 1.21767 0)
(1.72605 1.1683 0)
(1.75255 1.23514 0)
(1.78438 1.14716 0)
(2.27661 0.741545 0)
(2.86242 0.207667 0)
(3.09678 -0.028308 0)
(3.02045 -0.0123856 0)
(3.00455 -0.0054493 0)
(3.00185 -0.00302026 0)
(3.00006 -0.00059268 0)
(2.99998 -2.32481e-05 0)
(2.99999 1.44119e-05 0)
(3 5.94294e-06 0)
(1.57466 1.25154 0)
(1.58181 1.25708 0)
(1.59386 1.26825 0)
(1.60433 1.27025 0)
(1.62012 1.26367 0)
(1.62533 1.25927 0)
(1.88621 1.16915 0)
(2.99379 0.342804 0)
(3.32691 -0.572547 0)
(3 2.00957e-10 0)
(3 -1.31972e-10 0)
(3 1.14295e-10 0)
(3 -1.43295e-14 0)
(3 -4.18362e-13 0)
(3 1.84632e-13 0)
(3 -7.94924e-14 0)
(3 -1.65946e-15 0)
(3 -1.44778e-15 0)
(3 -9.96644e-16 0)
(3 -2.32848e-15 0)
(1.57687 1.24695 0)
(1.59247 1.2582 0)
(1.60295 1.27357 0)
(1.60622 1.28565 0)
(1.64258 1.27119 0)
(1.78534 1.18535 0)
(2.31074 0.715966 0)
(3.00276 0.00789434 0)
(3 5.95613e-08 0)
(3 1.1861e-10 0)
(3 1.98699e-12 0)
(3 -6.04334e-13 0)
(3 -3.72073e-15 0)
(3 -3.80539e-16 0)
(3 -2.8438e-15 0)
(3 -1.66001e-15 0)
(3 -1.51525e-16 0)
(3 -4.06114e-16 0)
(3 4.86855e-16 0)
(3 -2.73322e-17 0)
(1.58218 1.25288 0)
(1.60072 1.25937 0)
(1.60925 1.26901 0)
(1.59659 1.29797 0)
(1.70887 1.22398 0)
(2.14597 0.837453 0)
(2.98527 0.00692735 0)
(3.00031 -0.000622958 0)
(3 6.00728e-07 0)
(3 6.62552e-11 0)
(3 3.77417e-13 0)
(3 -1.49956e-15 0)
(3 -3.29507e-15 0)
(3 -4.57315e-16 0)
(3 -2.23893e-15 0)
(3 -8.89356e-16 0)
(3 -3.11276e-17 0)
(3 6.46183e-16 0)
(3 1.2218e-15 0)
(3 -5.42972e-17 0)
(1.58484 1.25939 0)
(1.60243 1.26297 0)
(1.62126 1.26865 0)
(1.59698 1.2916 0)
(1.93105 1.04196 0)
(2.77235 0.212324 0)
(3.00439 -0.00182279 0)
(2.99992 6.91744e-05 0)
(3 -7.85504e-07 0)
(3 6.2389e-10 0)
(3 4.22676e-13 0)
(3 -1.03592e-14 0)
(3 -1.22703e-15 0)
(3 -9.27493e-16 0)
(3 -2.44941e-15 0)
(3 4.12478e-17 0)
(3 5.76407e-16 0)
(3 1.20864e-15 0)
(3 8.70025e-16 0)
(3 1.43518e-15 0)
(1.58934 1.27421 0)
(1.60271 1.27368 0)
(1.62986 1.26055 0)
(1.62242 1.26823 0)
(2.27468 0.681337 0)
(3.02298 -0.0189092 0)
(2.99972 0.000160744 0)
(3 -4.17585e-06 0)
(3 8.24801e-08 0)
(3 -8.09943e-10 0)
(3 1.18667e-12 0)
(3 -9.7546e-16 0)
(3 -8.55549e-16 0)
(3 -3.87131e-16 0)
(3 -2.11447e-15 0)
(3 -9.79214e-16 0)
(3 1.43118e-15 0)
(3 2.50988e-15 0)
(3 5.51739e-16 0)
(3 1.47551e-15 0)
(1.5898 1.2885 0)
(1.59126 1.28353 0)
(1.64653 1.24808 0)
(1.87137 1.08377 0)
(2.73827 0.215673 0)
(3 -5.83401e-10 0)
(3 1.39332e-08 0)
(3 -1.25633e-08 0)
(3 5.39235e-10 0)
(3 3.05275e-12 0)
(3 -1.15638e-13 0)
(3 3.20995e-15 0)
(3 4.06025e-16 0)
(3 -7.15853e-16 0)
(3 -9.46576e-16 0)
(3 -9.70079e-16 0)
(3 2.52509e-15 0)
(3 2.43687e-15 0)
(3 1.50916e-15 0)
(3 9.34105e-16 0)
(1.58854 1.29942 0)
(1.55264 1.2907 0)
(1.67067 1.22292 0)
(2.13136 0.826722 0)
(3.02358 -0.0195614 0)
(3 -4.71911e-13 0)
(3 -1.91107e-11 0)
(3 2.40826e-11 0)
(3 -3.58097e-12 0)
(3 3.15991e-15 0)
(3 1.63225e-15 0)
(3 1.75216e-15 0)
(3 8.56672e-16 0)
(3 -1.17019e-16 0)
(3 -1.62953e-16 0)
(3 -3.16799e-16 0)
(3 1.6408e-15 0)
(3 3.00107e-15 0)
(3 2.84935e-15 0)
(3 1.8619e-15 0)
(1.58559 1.32395 0)
(1.50114 1.32479 0)
(1.73568 1.19433 0)
(2.39432 0.558987 0)
(3 -4.84467e-09 0)
(3 4.37648e-13 0)
(3 -1.13048e-13 0)
(3 1.86193e-14 0)
(3 7.39446e-15 0)
(3 1.74034e-15 0)
(3 2.02674e-15 0)
(3 2.98184e-15 0)
(3 1.69398e-15 0)
(3 4.93188e-16 0)
(3 2.26789e-16 0)
(3 1.43997e-16 0)
(3 1.03577e-15 0)
(3 2.98886e-15 0)
(3 3.27548e-15 0)
(3 3.25914e-15 0)
(1.58644 1.30413 0)
(1.47538 1.33331 0)
(2.01152 1.03421 0)
(2.89731 0.11266 0)
(3 -1.98127e-09 0)
(3 2.80915e-13 0)
(3 4.34393e-15 0)
(3 3.49064e-15 0)
(3 2.73158e-15 0)
(3 2.44543e-15 0)
(3 2.46101e-15 0)
(3 2.85632e-15 0)
(3 2.56501e-15 0)
(3 2.24914e-15 0)
(3 9.69166e-16 0)
(3 7.75144e-16 0)
(3 1.49119e-15 0)
(3 2.212e-15 0)
(3 2.84255e-15 0)
(3 2.89613e-15 0)
(1.60477 1.297 0)
(1.48494 1.39854 0)
(2.11014 0.865292 0)
(3.01106 -0.00909405 0)
(3 1.17412e-08 0)
(3 -9.72864e-13 0)
(3 6.005e-15 0)
(3 3.63771e-15 0)
(3 3.01196e-15 0)
(3 2.94259e-15 0)
(3 3.3054e-15 0)
(3 3.26444e-15 0)
(3 2.77033e-15 0)
(3 2.34513e-15 0)
(3 1.43983e-15 0)
(3 1.28791e-15 0)
(3 2.24846e-15 0)
(3 3.00187e-15 0)
(3 3.50311e-15 0)
(3 3.67911e-15 0)
(1.62007 1.27937 0)
(1.58256 1.30875 0)
(2.43251 0.527693 0)
(3 8.51648e-14 0)
(3 -7.40843e-12 0)
(3 1.40899e-13 0)
(3 2.32554e-15 0)
(3 3.29061e-15 0)
(3 2.89585e-15 0)
(3 2.28564e-15 0)
(3 2.46584e-15 0)
(3 2.43548e-15 0)
(3 2.86141e-15 0)
(3 3.13086e-15 0)
(3 2.01121e-15 0)
(3 1.88059e-15 0)
(3 2.22982e-15 0)
(3 2.7995e-15 0)
(3 3.62722e-15 0)
(3 4.65637e-15 0)
(1.63225 1.26351 0)
(1.6362 1.2409 0)
(2.64621 0.294518 0)
(3 8.63709e-13 0)
(3 1.72616e-16 0)
(3 1.63814e-15 0)
(3 3.00217e-15 0)
(3 2.94197e-15 0)
(3 3.18046e-15 0)
(3 2.75459e-15 0)
(3 2.20064e-15 0)
(3 1.20936e-15 0)
(3 1.23282e-15 0)
(3 1.41749e-15 0)
(3 1.37279e-15 0)
(3 1.39678e-15 0)
(3 1.00554e-15 0)
(3 1.3842e-15 0)
(3 1.83946e-15 0)
(3 3.11194e-15 0)
(1.6506 1.24589 0)
(1.79324 1.10265 0)
(2.86397 0.0949544 0)
(3 -1.15847e-12 0)
(3 -3.40309e-16 0)
(3 1.30822e-15 0)
(3 2.74773e-15 0)
(3 3.1577e-15 0)
(3 3.61844e-15 0)
(3 3.56543e-15 0)
(3 3.36211e-15 0)
(3 2.24726e-15 0)
(3 5.15386e-16 0)
(3 4.47612e-16 0)
(3 3.84427e-16 0)
(3 7.55352e-16 0)
(3 8.39539e-16 0)
(3 6.75833e-16 0)
(3 5.0879e-16 0)
(3 7.61644e-16 0)
(1.68553 1.19908 0)
(1.92312 0.959455 0)
(2.99864 0.000493876 0)
(3 1.10721e-14 0)
(3 -1.89907e-15 0)
(3 2.55341e-16 0)
(3 7.12803e-16 0)
(3 1.60342e-15 0)
(3 2.57484e-15 0)
(3 1.9682e-15 0)
(3 1.77594e-15 0)
(3 1.38663e-15 0)
(3 -2.31517e-17 0)
(3 4.46498e-17 0)
(3 -2.6968e-17 0)
(3 3.30129e-17 0)
(3 -2.7477e-17 0)
(3 1.81186e-16 0)
(3 5.23575e-16 0)
(3 1.07305e-15 0)
(1.72534 1.15774 0)
(2.0655 0.82189 0)
(3 -8.19542e-15 0)
(3 -6.57196e-15 0)
(3 -4.58354e-15 0)
(3 -4.37846e-15 0)
(3 -3.0368e-15 0)
(3 -9.13227e-16 0)
(3 7.26379e-16 0)
(3 9.27098e-16 0)
(3 5.9767e-16 0)
(3 -7.93773e-16 0)
(3 -1.16309e-15 0)
(3 -9.69759e-16 0)
(3 -6.05838e-16 0)
(3 -5.67821e-16 0)
(3 -5.81652e-16 0)
(3 -6.30656e-16 0)
(3 -5.35433e-16 0)
(3 -3.43869e-17 0)
(1.73493 1.1029 0)
(2.21772 0.656644 0)
(3 -1.09592e-14 0)
(3 -9.0911e-15 0)
(3 -6.37957e-15 0)
(3 -5.43708e-15 0)
(3 -4.81276e-15 0)
(3 -1.77131e-15 0)
(3 6.00106e-17 0)
(3 1.20691e-15 0)
(3 1.70954e-15 0)
(3 1.14802e-15 0)
(3 1.21606e-16 0)
(3 -2.03454e-16 0)
(3 -1.58161e-16 0)
(3 -3.20717e-16 0)
(3 -5.71355e-16 0)
(3 -9.30563e-16 0)
(3 -1.04849e-15 0)
(3 -1.11301e-15 0)
(1.82052 1.01549 0)
(2.42517 0.463365 0)
(3 -1.02291e-14 0)
(3 -9.73279e-15 0)
(3 -7.30073e-15 0)
(3 -5.42148e-15 0)
(3 -5.16853e-15 0)
(3 -3.66166e-15 0)
(3 -2.81295e-15 0)
(3 -1.04114e-15 0)
(3 1.42012e-17 0)
(3 1.05682e-15 0)
(3 1.57903e-16 0)
(3 -1.10058e-16 0)
(3 1.33506e-17 0)
(3 5.65674e-16 0)
(3 5.95683e-16 0)
(3 5.04527e-16 0)
(3 2.92727e-17 0)
(3 -3.92763e-16 0)
(1.92516 0.876957 0)
(2.69466 0.218053 0)
(3 -9.64196e-15 0)
(3 -1.00769e-14 0)
(3 -7.03842e-15 0)
(3 -3.75283e-15 0)
(3 -1.20554e-15 0)
(3 6.99852e-16 0)
(3 2.1641e-15 0)
(3 2.85358e-15 0)
(3 3.18454e-15 0)
(3 2.62229e-15 0)
(3 2.19523e-15 0)
(3 2.02132e-15 0)
(3 2.14548e-15 0)
(3 2.28816e-15 0)
(3 2.23537e-15 0)
(3 1.4119e-15 0)
(3 1.22779e-15 0)
(3 8.23504e-16 0)
(2.1193 0.668499 0)
(2.99014 0.000147206 0)
(3 -6.62851e-15 0)
(3 -6.19291e-15 0)
(3 -5.15912e-15 0)
(3 -3.18786e-15 0)
(3 -9.39362e-16 0)
(3 2.40316e-15 0)
(3 3.08437e-15 0)
(3 3.82441e-15 0)
(3 4.57466e-15 0)
(3 4.67691e-15 0)
(3 3.91885e-15 0)
(3 3.11508e-15 0)
(3 2.55501e-15 0)
(3 2.44107e-15 0)
(3 2.24807e-15 0)
(3 1.81026e-15 0)
(3 1.59955e-15 0)
(3 1.41202e-15 0)
(1.99822 0.368698 0)
(2.99993 -1.0555e-05 0)
(3 -4.56569e-15 0)
(3 -2.3754e-15 0)
(3 -1.97569e-15 0)
(3 -2.15344e-15 0)
(3 -2.83501e-15 0)
(3 -4.30617e-15 0)
(3 -3.01147e-15 0)
(3 -1.22665e-15 0)
(3 -4.73751e-16 0)
(3 1.5057e-16 0)
(3 2.86907e-16 0)
(3 5.19912e-16 0)
(3 1.0981e-15 0)
(3 1.47153e-15 0)
(3 1.46548e-15 0)
(3 1.17871e-15 0)
(3 1.10436e-15 0)
(3 1.10973e-15 0)
(1.99822 -0.368698 0)
(2.99993 1.0555e-05 0)
(3 1.83847e-17 0)
(3 -1.62979e-16 0)
(3 -2.05099e-15 0)
(3 -3.31886e-15 0)
(3 -3.55355e-15 0)
(3 -3.99663e-15 0)
(3 -5.09133e-15 0)
(3 -4.694e-15 0)
(3 -4.35111e-15 0)
(3 -3.75049e-15 0)
(3 -2.55762e-15 0)
(3 -1.84775e-15 0)
(3 -1.37012e-15 0)
(3 -8.71906e-16 0)
(3 -8.48958e-16 0)
(3 -8.2587e-16 0)
(3 -9.53396e-16 0)
(3 -9.93646e-16 0)
(2.1193 -0.668499 0)
(2.99014 -0.000147206 0)
(3 -6.90111e-16 0)
(3 -5.57462e-16 0)
(3 -1.39933e-15 0)
(3 -2.40819e-15 0)
(3 -2.69303e-15 0)
(3 -2.33659e-15 0)
(3 -2.09648e-15 0)
(3 -2.66525e-15 0)
(3 -3.14443e-15 0)
(3 -2.89522e-15 0)
(3 -3.81588e-15 0)
(3 -4.13149e-15 0)
(3 -4.78139e-15 0)
(3 -5.08202e-15 0)
(3 -4.60516e-15 0)
(3 -3.10441e-15 0)
(3 -1.79658e-15 0)
(3 -1.08056e-15 0)
(1.92516 -0.876957 0)
(2.69466 -0.218053 0)
(3 1.65193e-15 0)
(3 5.92885e-16 0)
(3 -1.85232e-15 0)
(3 -2.32482e-15 0)
(3 -2.57067e-15 0)
(3 -2.50082e-15 0)
(3 -2.61341e-15 0)
(3 -2.44048e-15 0)
(3 -2.11157e-15 0)
(3 -2.43445e-15 0)
(3 -3.03344e-15 0)
(3 -3.14534e-15 0)
(3 -3.36791e-15 0)
(3 -3.31226e-15 0)
(3 -2.66312e-15 0)
(3 -1.99636e-15 0)
(3 -6.77508e-16 0)
(3 -1.27398e-15 0)
(1.82052 -1.01549 0)
(2.42517 -0.463365 0)
(3 1.45905e-16 0)
(3 3.01247e-16 0)
(3 1.03729e-15 0)
(3 1.15955e-16 0)
(3 8.47e-17 0)
(3 -3.07891e-16 0)
(3 -1.37426e-16 0)
(3 6.7511e-16 0)
(3 1.24273e-15 0)
(3 -1.28676e-16 0)
(3 -4.30362e-16 0)
(3 -3.21939e-16 0)
(3 -1.66466e-16 0)
(3 -2.81354e-16 0)
(3 -3.73645e-16 0)
(3 -6.30804e-16 0)
(3 -1.07002e-15 0)
(3 -1.59727e-15 0)
(1.73493 -1.1029 0)
(2.21772 -0.656644 0)
(3 2.64464e-15 0)
(3 3.50824e-15 0)
(3 3.25144e-15 0)
(3 2.12772e-15 0)
(3 1.6243e-15 0)
(3 2.26087e-15 0)
(3 3.21456e-15 0)
(3 3.42612e-15 0)
(3 1.0275e-15 0)
(3 1.19826e-16 0)
(3 -7.53096e-17 0)
(3 1.63946e-16 0)
(3 3.42948e-16 0)
(3 3.78459e-16 0)
(3 3.61365e-16 0)
(3 2.97865e-16 0)
(3 2.47868e-16 0)
(3 -2.60629e-16 0)
(1.72534 -1.15774 0)
(2.0655 -0.82189 0)
(3 6.60382e-15 0)
(3 8.24086e-15 0)
(3 2.45922e-15 0)
(3 9.70678e-16 0)
(3 2.05099e-15 0)
(3 2.37299e-15 0)
(3 1.8594e-15 0)
(3 9.83144e-16 0)
(3 -4.26192e-17 0)
(3 -4.69356e-16 0)
(3 -5.57993e-16 0)
(3 -9.79648e-17 0)
(3 -6.21442e-17 0)
(3 4.36302e-17 0)
(3 1.51731e-16 0)
(3 2.73726e-16 0)
(3 6.5921e-17 0)
(3 -4.84739e-16 0)
(1.68553 -1.19908 0)
(1.92312 -0.959456 0)
(2.99864 -0.000493881 0)
(3 -9.83904e-15 0)
(3 5.04909e-15 0)
(3 2.12025e-15 0)
(3 2.24218e-15 0)
(3 2.22333e-15 0)
(3 9.98283e-16 0)
(3 -1.05515e-16 0)
(3 -6.75041e-16 0)
(3 -4.99017e-16 0)
(3 -3.90798e-16 0)
(3 -5.94058e-16 0)
(3 -6.17386e-16 0)
(3 -8.85262e-16 0)
(3 -1.3045e-15 0)
(3 -1.68973e-15 0)
(3 -1.2312e-15 0)
(3 -6.02156e-16 0)
(1.6506 -1.24589 0)
(1.79324 -1.10265 0)
(2.86397 -0.0949543 0)
(3 1.164e-12 0)
(3 3.5481e-15 0)
(3 2.51967e-15 0)
(3 2.15848e-15 0)
(3 5.81903e-16 0)
(3 7.67955e-16 0)
(3 -6.1553e-16 0)
(3 -1.08122e-15 0)
(3 -6.57568e-16 0)
(3 -5.60062e-16 0)
(3 -7.57995e-16 0)
(3 -9.52322e-16 0)
(3 -1.05039e-15 0)
(3 -1.47494e-15 0)
(3 -7.49308e-16 0)
(3 -1.77886e-16 0)
(3 -5.4909e-16 0)
(1.63225 -1.26351 0)
(1.6362 -1.24091 0)
(2.64621 -0.294518 0)
(3 -8.63793e-13 0)
(3 2.61099e-15 0)
(3 1.16812e-15 0)
(3 -6.32002e-16 0)
(3 -8.21048e-16 0)
(3 -6.21253e-16 0)
(3 -3.71208e-16 0)
(3 -2.45822e-17 0)
(3 2.68898e-16 0)
(3 9.39992e-17 0)
(3 -7.5963e-17 0)
(3 -8.19176e-16 0)
(3 -1.09636e-15 0)
(3 -1.09262e-15 0)
(3 -7.21012e-16 0)
(3 -9.77187e-16 0)
(3 -2.39352e-15 0)
(1.62007 -1.27937 0)
(1.58256 -1.30875 0)
(2.43251 -0.527693 0)
(3 -8.67292e-14 0)
(3 7.41482e-12 0)
(3 -1.37554e-13 0)
(3 -8.68909e-16 0)
(3 -1.22418e-15 0)
(3 -4.53899e-16 0)
(3 6.43036e-16 0)
(3 1.79517e-15 0)
(3 1.72053e-15 0)
(3 1.00905e-15 0)
(3 2.50045e-16 0)
(3 -1.12765e-15 0)
(3 -1.43014e-15 0)
(3 -1.60152e-15 0)
(3 -1.99862e-15 0)
(3 -2.58328e-15 0)
(3 -2.64132e-15 0)
(1.60477 -1.297 0)
(1.48494 -1.39854 0)
(2.11014 -0.865292 0)
(3.01106 0.00909405 0)
(3 -1.17411e-08 0)
(3 9.71729e-13 0)
(3 -2.03062e-15 0)
(3 -1.36293e-15 0)
(3 1.66487e-16 0)
(3 1.48408e-15 0)
(3 2.1348e-15 0)
(3 1.67104e-15 0)
(3 1.8294e-16 0)
(3 -6.58986e-16 0)
(3 -1.82756e-15 0)
(3 -1.93118e-15 0)
(3 -1.94743e-15 0)
(3 -2.06073e-15 0)
(3 -2.42493e-15 0)
(3 -2.04179e-15 0)
(1.58644 -1.30413 0)
(1.47538 -1.33332 0)
(2.01152 -1.03421 0)
(2.89731 -0.11266 0)
(3 1.98126e-09 0)
(3 -2.75206e-13 0)
(3 -5.86103e-16 0)
(3 -1.12405e-16 0)
(3 3.64828e-16 0)
(3 2.03491e-15 0)
(3 1.60705e-15 0)
(3 3.77773e-16 0)
(3 -5.96308e-16 0)
(3 -2.37374e-15 0)
(3 -3.08333e-15 0)
(3 -2.87853e-15 0)
(3 -2.25308e-15 0)
(3 -2.19635e-15 0)
(3 -2.47341e-15 0)
(3 -1.66371e-15 0)
(1.58559 -1.32395 0)
(1.50114 -1.32479 0)
(1.73568 -1.19433 0)
(2.39432 -0.558986 0)
(3 4.84671e-09 0)
(3 -4.32633e-13 0)
(3 1.16107e-13 0)
(3 -1.56077e-14 0)
(3 -4.89473e-15 0)
(3 7.26704e-16 0)
(3 -2.98095e-16 0)
(3 -1.49994e-15 0)
(3 -2.1492e-15 0)
(3 -3.59596e-15 0)
(3 -3.4149e-15 0)
(3 -2.43372e-15 0)
(3 -2.21476e-15 0)
(3 -2.23521e-15 0)
(3 -1.75326e-15 0)
(3 -4.31292e-16 0)
(1.58854 -1.29942 0)
(1.55264 -1.2907 0)
(1.67067 -1.22292 0)
(2.13136 -0.826724 0)
(3.02358 0.0195613 0)
(3 4.78104e-13 0)
(3 1.91148e-11 0)
(3 -2.40867e-11 0)
(3 3.58298e-12 0)
(3 -1.29098e-15 0)
(3 -9.28147e-16 0)
(3 -2.2725e-15 0)
(3 -2.74552e-15 0)
(3 -3.52759e-15 0)
(3 -2.49444e-15 0)
(3 -5.39248e-16 0)
(3 -1.26742e-15 0)
(3 -1.61785e-15 0)
(3 -9.82265e-16 0)
(3 8.08001e-16 0)
(1.5898 -1.2885 0)
(1.59126 -1.28353 0)
(1.64653 -1.24808 0)
(1.87138 -1.08377 0)
(2.73827 -0.215672 0)
(3 5.83408e-10 0)
(3 -1.39332e-08 0)
(3 1.25633e-08 0)
(3 -5.39234e-10 0)
(3 -3.0517e-12 0)
(3 1.15534e-13 0)
(3 -4.43372e-15 0)
(3 -1.65529e-15 0)
(3 -2.06641e-15 0)
(3 -1.11573e-15 0)
(3 -2.09759e-15 0)
(3 -1.79684e-15 0)
(3 -3.60063e-16 0)
(3 -2.22833e-15 0)
(3 -1.48891e-16 0)
(1.58934 -1.27421 0)
(1.60271 -1.27368 0)
(1.62986 -1.26055 0)
(1.62242 -1.26823 0)
(2.27468 -0.681338 0)
(3.02298 0.0189091 0)
(2.99972 -0.000160744 0)
(3 4.17585e-06 0)
(3 -8.24801e-08 0)
(3 8.09952e-10 0)
(3 -1.17743e-12 0)
(3 -7.43567e-16 0)
(3 -1.28589e-15 0)
(3 -1.02974e-15 0)
(3 -2.49533e-15 0)
(3 -2.99888e-15 0)
(3 -2.39674e-15 0)
(3 -4.69089e-17 0)
(3 -1.97675e-15 0)
(3 -1.21647e-15 0)
(1.58484 -1.25939 0)
(1.60243 -1.26297 0)
(1.62126 -1.26865 0)
(1.59698 -1.2916 0)
(1.93106 -1.04196 0)
(2.77235 -0.212323 0)
(3.00439 0.00182281 0)
(2.99992 -6.91747e-05 0)
(3 7.85509e-07 0)
(3 -6.23875e-10 0)
(3 -4.25432e-13 0)
(3 4.70434e-15 0)
(3 -2.14468e-15 0)
(3 -1.14526e-15 0)
(3 -2.41052e-15 0)
(3 -2.8481e-15 0)
(3 -3.90611e-15 0)
(3 -3.59009e-16 0)
(3 -1.70667e-15 0)
(3 -2.04045e-15 0)
(1.58218 -1.25288 0)
(1.60072 -1.25937 0)
(1.60925 -1.26901 0)
(1.59659 -1.29797 0)
(1.70887 -1.22398 0)
(2.14597 -0.837455 0)
(2.98527 -0.00692763 0)
(3.00031 0.000622972 0)
(3 -6.00735e-07 0)
(3 -6.62789e-11 0)
(3 -3.80627e-13 0)
(3 -6.83094e-16 0)
(3 -2.3934e-15 0)
(3 -1.51015e-15 0)
(3 -2.68686e-15 0)
(3 -3.04737e-15 0)
(3 -3.33621e-15 0)
(3 -1.13971e-15 0)
(3 -2.27748e-15 0)
(3 -1.77535e-15 0)
(1.57687 -1.24695 0)
(1.59247 -1.2582 0)
(1.60295 -1.27357 0)
(1.60622 -1.28565 0)
(1.64258 -1.27119 0)
(1.78534 -1.18535 0)
(2.31074 -0.715966 0)
(3.00276 -0.00789432 0)
(3 -5.95611e-08 0)
(3 -1.18631e-10 0)
(3 -1.99641e-12 0)
(3 6.02084e-13 0)
(3 -1.79736e-15 0)
(3 -2.26759e-15 0)
(3 -1.94895e-15 0)
(3 -1.48864e-15 0)
(3 -2.45265e-15 0)
(3 -1.52278e-15 0)
(3 -1.86535e-15 0)
(3 -1.48339e-15 0)
(1.57466 -1.25154 0)
(1.58181 -1.25708 0)
(1.59386 -1.26825 0)
(1.60433 -1.27025 0)
(1.62012 -1.26367 0)
(1.62533 -1.25927 0)
(1.88621 -1.16915 0)
(2.99379 -0.342804 0)
(3.32691 0.572546 0)
(3 -2.00954e-10 0)
(3 1.31888e-10 0)
(3 -1.14231e-10 0)
(3 1.05598e-14 0)
(3 4.1645e-13 0)
(3 -1.91853e-13 0)
(3 7.71152e-14 0)
(3 1.29444e-16 0)
(3 -3.86069e-16 0)
(3 -4.9356e-15 0)
(3 -2.83637e-15 0)
(1.18415 -0.729459 0)
(1.81392 -1.16049 0)
(1.84298 -1.14577 0)
(1.74464 -1.1922 0)
(1.70987 -1.2081 0)
(1.67211 -1.24258 0)
(1.66173 -1.21766 0)
(1.72605 -1.1683 0)
(1.75255 -1.23514 0)
(1.78437 -1.14716 0)
(2.2766 -0.741546 0)
(2.86242 -0.207665 0)
(3.09678 0.0283082 0)
(3.02045 0.0123854 0)
(3.00455 0.0054493 0)
(3.00185 0.0030203 0)
(3.00006 0.000592677 0)
(2.99998 2.32482e-05 0)
(2.99999 -1.44118e-05 0)
(3 -5.94288e-06 0)
(0.996612 -0.0479193 0)
(1.91446 -0.757514 0)
(2.0986 -0.819945 0)
(1.99302 -0.951063 0)
(1.98028 -0.959148 0)
(1.8641 -1.08445 0)
(1.79027 -1.13622 0)
(1.75828 -1.14756 0)
(1.75534 -1.16391 0)
(1.73303 -1.20604 0)
(1.71844 -1.19557 0)
(1.87071 -1.06583 0)
(2.10362 -0.8817 0)
(2.50627 -0.574944 0)
(2.98883 -0.134303 0)
(3.07393 0.0297484 0)
(3.00813 0.00769014 0)
(3.00292 0.00383682 0)
(3.00123 0.00219746 0)
(3.00008 0.00048169 0)
(1.15812 0.0590823 0)
(1.94493 0.143529 0)
(2.22379 -0.420713 0)
(2.25521 -0.506454 0)
(2.17058 -0.714908 0)
(2.17549 -0.713263 0)
(2.03534 -0.884503 0)
(1.95445 -0.970889 0)
(1.90091 -1.03426 0)
(1.85218 -1.12403 0)
(1.79178 -1.15567 0)
(1.79261 -1.1483 0)
(1.80959 -1.12742 0)
(1.85 -1.08445 0)
(2.04024 -0.948857 0)
(2.25631 -0.829413 0)
(2.66145 -0.505606 0)
(3.03612 -0.0919174 0)
(3.0558 0.0243598 0)
(3.0041 0.00474315 0)
(0.931606 0.465519 0)
(1.75026 0.834574 0)
(2.13418 0.878976 0)
(2.29939 -0.0864317 0)
(2.3844 -0.130056 0)
(2.35723 -0.396666 0)
(2.28363 -0.539645 0)
(2.20434 -0.651981 0)
(2.13484 -0.755462 0)
(2.08691 -0.893764 0)
(1.97867 -1.00614 0)
(1.91532 -1.06345 0)
(1.87771 -1.08433 0)
(1.8644 -1.09105 0)
(1.86916 -1.05654 0)
(1.89604 -1.04751 0)
(1.96174 -1.01948 0)
(2.16315 -0.9007 0)
(2.3789 -0.790418 0)
(2.77553 -0.443156 0)
(0.688007 0.539961 0)
(1.47813 1.33904 0)
(1.97325 1.47476 0)
(2.14349 1.01627 0)
(2.39972 0.548946 0)
(2.44189 -0.0609119 0)
(2.48288 -0.0924879 0)
(2.38419 -0.399541 0)
(2.31675 -0.5207 0)
(2.28883 -0.644973 0)
(2.20217 -0.781714 0)
(2.12357 -0.877389 0)
(2.06731 -0.925887 0)
(2.01408 -0.974152 0)
(1.98405 -0.96996 0)
(1.95834 -0.983239 0)
(1.95395 -1.0101 0)
(1.96979 -0.995609 0)
(1.99405 -0.996496 0)
(2.06861 -0.981561 0)
(0.756265 0.738626 0)
(1.36365 1.05601 0)
(2.25724 1.54648 0)
(2.26845 1.37964 0)
(2.33175 1.05813 0)
(2.5004 0.911827 0)
(2.48002 0.13699 0)
(2.48088 0.132092 0)
(2.44133 -0.0734878 0)
(2.44726 -0.199339 0)
(2.40787 -0.373498 0)
(2.34586 -0.520271 0)
(2.29058 -0.624118 0)
(2.22854 -0.715411 0)
(2.17683 -0.769573 0)
(2.13088 -0.810534 0)
(2.07538 -0.874138 0)
(2.0547 -0.90461 0)
(2.03213 -0.941129 0)
(2.05992 -0.957491 0)
(0.975135 0.907745 0)
(1.25207 0.976603 0)
(1.90436 1.3298 0)
(2.33727 1.6715 0)
(2.38111 1.35602 0)
(2.46483 1.29019 0)
(2.48551 0.829653 0)
(2.48899 0.59741 0)
(2.49497 0.414211 0)
(2.51603 0.201647 0)
(2.53363 0.000364573 0)
(2.48844 -0.216911 0)
(2.46536 -0.357801 0)
(2.39894 -0.508154 0)
(2.3391 -0.622467 0)
(2.302 -0.657593 0)
(2.23388 -0.727146 0)
(2.20917 -0.730582 0)
(2.18124 -0.761603 0)
(2.14449 -0.784145 0)
(1.19171 0.987929 0)
(1.29717 0.983796 0)
(1.60336 1.31406 0)
(1.88458 1.80639 0)
(2.47928 1.69353 0)
(2.68782 1.35042 0)
(2.69701 1.21327 0)
(2.67681 0.588542 0)
(2.63971 0.497182 0)
(2.61642 0.260116 0)
(2.63002 0.10455 0)
(2.593 -0.0920025 0)
(2.58342 -0.208423 0)
(2.5292 -0.349724 0)
(2.48835 -0.423116 0)
(2.45529 -0.432149 0)
(2.4124 -0.452387 0)
(2.39403 -0.438924 0)
(2.32137 -0.538286 0)
(2.322 -0.512301 0)
(1.37103 1.07821 0)
(1.42896 1.05472 0)
(1.51574 1.40935 0)
(1.7058 1.86018 0)
(2.08349 1.839 0)
(2.6772 1.43589 0)
(2.99022 1.39902 0)
(2.85797 0.810796 0)
(2.71228 0.659799 0)
(2.64547 0.563602 0)
(2.6599 0.42171 0)
(2.64942 0.229118 0)
(2.64727 0.144426 0)
(2.63209 0.043812 0)
(2.59936 -0.0353124 0)
(2.5743 -0.0653485 0)
(2.54232 -0.12289 0)
(2.50855 -0.210049 0)
(2.44162 -0.362141 0)
(2.45381 -0.346755 0)
(1.47167 1.22727 0)
(1.47445 1.24602 0)
(1.45444 1.60248 0)
(1.6202 1.89187 0)
(1.87741 1.80854 0)
(2.13199 1.62919 0)
(2.39567 1.69096 0)
(2.5222 1.4215 0)
(2.48655 1.19877 0)
(2.47776 1.08884 0)
(2.53559 0.913186 0)
(2.58722 0.72303 0)
(2.60521 0.563548 0)
(2.65103 0.460392 0)
(2.63722 0.27166 0)
(2.65593 0.170983 0)
(2.63197 -0.00446503 0)
(2.60152 -0.133602 0)
(2.54551 -0.22011 0)
(2.5721 -0.151731 0)
(1.52269 1.45159 0)
(1.4374 1.56177 0)
(1.38492 1.83914 0)
(1.65207 1.95303 0)
(1.85466 1.83058 0)
(1.98259 1.85742 0)
(2.10304 1.77983 0)
(2.21028 1.66258 0)
(2.32368 1.36148 0)
(2.39006 1.28209 0)
(2.49588 1.07935 0)
(2.58946 0.947655 0)
(2.63339 0.700032 0)
(2.72662 0.586806 0)
(2.71243 0.325683 0)
(2.72828 0.204791 0)
(2.70833 0.052524 0)
(2.67747 0.0197602 0)
(2.64612 0.0596535 0)
(2.62737 0.0423831 0)
(1.67401 1.61655 0)
(1.53267 1.8014 0)
(1.44693 2.04493 0)
(1.67182 2.03439 0)
(1.84398 1.94089 0)
(1.88885 1.95068 0)
(2.08713 1.76559 0)
(2.18683 1.7201 0)
(2.37081 1.38393 0)
(2.50182 1.34785 0)
(2.61819 1.09555 0)
(2.71853 0.950054 0)
(2.73335 0.701715 0)
(2.76946 0.610396 0)
(2.77576 0.448949 0)
(2.76963 0.443414 0)
(2.75226 0.370602 0)
(2.71813 0.386574 0)
(2.7011 0.422162 0)
(2.65918 0.262624 0)
(1.86271 1.6929 0)
(1.77219 1.84324 0)
(1.62033 2.18153 0)
(1.78732 2.14254 0)
(1.91989 2.02339 0)
(1.992 2.03645 0)
(2.24533 1.71464 0)
(2.33765 1.74866 0)
(2.51605 1.52121 0)
(2.61679 1.44185 0)
(2.64503 1.3587 0)
(2.72887 1.14961 0)
(2.73396 1.0885 0)
(2.73836 1.02 0)
(2.73808 0.897933 0)
(2.7157 0.859849 0)
(2.69842 0.757422 0)
(2.70419 0.745647 0)
(2.71137 0.654015 0)
(2.70476 0.42176 0)
(1.89957 1.73947 0)
(2.04564 1.76714 0)
(1.86566 2.18565 0)
(1.92511 2.21059 0)
(2.13636 2.14402 0)
(2.2345 2.16415 0)
(2.42013 1.80859 0)
(2.4233 1.85233 0)
(2.39261 1.85749 0)
(2.4564 1.62333 0)
(2.50284 1.62581 0)
(2.58619 1.44507 0)
(2.58353 1.3718 0)
(2.59896 1.30696 0)
(2.61662 1.1844 0)
(2.63446 1.11044 0)
(2.66391 0.9992 0)
(2.74805 0.907626 0)
(2.7618 0.698073 0)
(2.78898 0.505411 0)
(1.73288 1.68897 0)
(2.10094 1.76109 0)
(2.04742 2.17315 0)
(2.05662 2.21742 0)
(2.18799 2.166 0)
(2.2631 2.22498 0)
(2.38507 2.01404 0)
(2.35891 2.00315 0)
(2.28068 2.01312 0)
(2.35274 1.79833 0)
(2.34657 1.77214 0)
(2.41568 1.60069 0)
(2.45718 1.50831 0)
(2.52819 1.46255 0)
(2.58807 1.35571 0)
(2.66038 1.22352 0)
(2.74685 1.06662 0)
(2.82701 0.890395 0)
(2.84229 0.717489 0)
(2.76667 0.686555 0)
(1.64014 1.63487 0)
(1.95503 1.73624 0)
(2.0734 2.12836 0)
(2.10317 2.21166 0)
(2.20889 2.18615 0)
(2.23442 2.28062 0)
(2.34801 2.15829 0)
(2.2679 2.1368 0)
(2.13826 2.11924 0)
(2.18305 1.92338 0)
(2.24352 1.79238 0)
(2.37343 1.67912 0)
(2.44948 1.58982 0)
(2.5918 1.4987 0)
(2.68482 1.34294 0)
(2.76999 1.19572 0)
(2.79187 1.15762 0)
(2.79541 1.08627 0)
(2.74379 1.13262 0)
(2.67765 1.15377 0)
(1.53752 1.58112 0)
(1.76351 1.67514 0)
(1.94383 2.10139 0)
(1.98804 2.22969 0)
(2.02149 2.28163 0)
(2.05898 2.38997 0)
(2.13944 2.32438 0)
(2.17387 2.18104 0)
(2.10818 2.12153 0)
(2.18623 1.92761 0)
(2.31298 1.77321 0)
(2.44065 1.72803 0)
(2.5565 1.6294 0)
(2.60995 1.6468 0)
(2.64488 1.63328 0)
(2.65362 1.57236 0)
(2.60387 1.60599 0)
(2.60686 1.48043 0)
(2.58359 1.48549 0)
(2.63034 1.34677 0)
(1.46978 1.52105 0)
(1.65143 1.6604 0)
(1.81894 1.91561 0)
(1.87758 2.12904 0)
(1.89668 2.28189 0)
(1.95048 2.38338 0)
(2.03496 2.33774 0)
(2.09506 2.21148 0)
(2.11263 2.16644 0)
(2.17157 2.10662 0)
(2.26431 2.05676 0)
(2.29595 2.04635 0)
(2.35643 1.96225 0)
(2.3362 1.95356 0)
(2.3527 1.86545 0)
(2.3818 1.75962 0)
(2.41205 1.74055 0)
(2.47181 1.63385 0)
(2.53325 1.61382 0)
(2.65311 1.53185 0)
(1.49232 1.47133 0)
(1.53402 1.55907 0)
(1.58999 1.5406 0)
(1.72017 1.56116 0)
(1.81245 1.69373 0)
(1.82053 1.74027 0)
(1.85292 1.63902 0)
(1.8498 1.43883 0)
(1.86819 1.33092 0)
(1.8896 1.33066 0)
(1.94224 1.42936 0)
(1.95643 1.43972 0)
(1.97428 1.34589 0)
(1.99247 1.35381 0)
(2.03468 1.3263 0)
(2.07834 1.26252 0)
(2.13674 1.22787 0)
(2.21714 1.16409 0)
(2.31902 1.11294 0)
(2.38519 1.10944 0)
(1.42504 0.592451 0)
(1.2528 0.638855 0)
(1.21943 0.418857 0)
(1.26434 0.410833 0)
(1.36994 0.399504 0)
(1.47446 0.366998 0)
(1.53869 0.289991 0)
(1.57173 0.236132 0)
(1.57598 0.201309 0)
(1.59552 0.195528 0)
(1.59786 0.235255 0)
(1.62014 0.246448 0)
(1.64998 0.211795 0)
(1.67915 0.227711 0)
(1.71088 0.243303 0)
(1.7428 0.243219 0)
(1.78377 0.222396 0)
(1.84642 0.210068 0)
(1.88637 0.200449 0)
(1.904 0.200851 0)
(1.99193 -0.185009 0)
(2.11766 -0.146547 0)
(2.29547 -0.163065 0)
(2.33486 -0.0669234 0)
(2.28395 -0.0238112 0)
(2.19471 0.00388478 0)
(2.05248 0.02252 0)
(1.99904 0.0185245 0)
(2.00524 -0.00344111 0)
(2.14799 -0.0173199 0)
(2.376 -0.0206794 0)
(2.49 -0.0273318 0)
(2.57973 -0.0239083 0)
(2.67316 -0.0198897 0)
(2.74727 -0.0132445 0)
(2.84254 -0.00834801 0)
(2.92416 -0.00370064 0)
(2.97478 -0.000893867 0)
(2.99614 -9.8334e-05 0)
(2.99985 -3.05339e-06 0)
(2.35189 -0.838667 0)
(2.35789 -0.587912 0)
(2.46282 -0.490992 0)
(2.49508 -0.256564 0)
(2.42909 -0.00994148 0)
(2.25901 0.0173535 0)
(2.17089 0.0497136 0)
(2.12087 0.0345302 0)
(2.11235 -0.0229455 0)
(2.22355 -0.079157 0)
(2.40527 -0.080978 0)
(2.48595 -0.0687133 0)
(2.57627 -0.0575018 0)
(2.66408 -0.0468851 0)
(2.73911 -0.0358722 0)
(2.83909 -0.0259668 0)
(2.92136 -0.0114239 0)
(2.97401 -0.00267407 0)
(2.99608 -0.000271747 0)
(2.99985 -6.92832e-06 0)
(2.72029 -1.46717 0)
(2.68231 -1.43898 0)
(2.69224 -1.33408 0)
(2.72071 -1.00079 0)
(2.83309 -0.618211 0)
(2.57938 -0.112308 0)
(2.38782 0.0309237 0)
(2.32254 0.0310016 0)
(2.32515 -0.0256387 0)
(2.37948 -0.0895682 0)
(2.47068 -0.111845 0)
(2.53897 -0.102931 0)
(2.60501 -0.0881655 0)
(2.68726 -0.0753897 0)
(2.75056 -0.0613382 0)
(2.83159 -0.0405939 0)
(2.91603 -0.0178656 0)
(2.97268 -0.00433136 0)
(2.996 -0.000471578 0)
(2.99985 -1.41051e-05 0)
(2.74231 -1.22984 0)
(2.73265 -1.20926 0)
(2.74307 -1.17205 0)
(2.79779 -1.15975 0)
(2.85212 -1.083 0)
(2.86665 -0.660156 0)
(2.76276 -0.253231 0)
(2.64681 -0.00747379 0)
(2.6046 0.000633286 0)
(2.5596 -0.069569 0)
(2.55774 -0.123927 0)
(2.59855 -0.141772 0)
(2.64035 -0.129638 0)
(2.71235 -0.104855 0)
(2.76088 -0.0839885 0)
(2.84004 -0.0551639 0)
(2.91885 -0.0248376 0)
(2.97331 -0.00625211 0)
(2.99611 -0.000751365 0)
(2.99986 -2.45925e-05 0)
(2.72311 -1.09318 0)
(2.75697 -1.03104 0)
(2.75065 -1.03275 0)
(2.7928 -1.02881 0)
(2.86823 -1.04444 0)
(2.93067 -0.983054 0)
(2.93544 -0.716086 0)
(2.93888 -0.404074 0)
(2.88133 -0.166674 0)
(2.78708 -0.0995079 0)
(2.69392 -0.154045 0)
(2.6619 -0.186193 0)
(2.67413 -0.170547 0)
(2.72604 -0.131974 0)
(2.76834 -0.106042 0)
(2.84325 -0.073135 0)
(2.91853 -0.03315 0)
(2.97348 -0.00882884 0)
(2.9963 -0.00103361 0)
(2.99987 -3.12035e-05 0)
(2.72672 -0.908121 0)
(2.75102 -0.902544 0)
(2.76514 -0.910865 0)
(2.79228 -0.918949 0)
(2.87899 -0.907891 0)
(2.94464 -0.89133 0)
(2.94565 -0.865396 0)
(2.95115 -0.812398 0)
(2.97018 -0.602042 0)
(2.93022 -0.433103 0)
(2.81623 -0.279736 0)
(2.71807 -0.247313 0)
(2.70063 -0.200097 0)
(2.73642 -0.156394 0)
(2.78972 -0.127163 0)
(2.8555 -0.086009 0)
(2.92239 -0.0404782 0)
(2.97517 -0.0110857 0)
(2.9967 -0.00129511 0)
(2.99989 -3.76299e-05 0)
(2.75079 -0.636345 0)
(2.745 -0.701172 0)
(2.78224 -0.736713 0)
(2.80833 -0.781944 0)
(2.86693 -0.804468 0)
(2.94501 -0.780792 0)
(2.97086 -0.752758 0)
(2.99844 -0.754543 0)
(2.98861 -0.776353 0)
(2.96549 -0.79704 0)
(2.90473 -0.718032 0)
(2.79098 -0.467097 0)
(2.73308 -0.282299 0)
(2.75609 -0.195034 0)
(2.80577 -0.14511 0)
(2.86516 -0.0939918 0)
(2.92915 -0.0437115 0)
(2.97812 -0.0117702 0)
(2.99723 -0.00132127 0)
(2.99992 -3.59419e-05 0)
(2.73058 -0.481714 0)
(2.74538 -0.523803 0)
(2.81292 -0.595997 0)
(2.83019 -0.681728 0)
(2.85767 -0.707288 0)
(2.92397 -0.686849 0)
(2.98094 -0.710368 0)
(2.98977 -0.737504 0)
(2.99738 -0.747231 0)
(2.99688 -0.75114 0)
(2.9397 -0.781683 0)
(2.86117 -0.663062 0)
(2.78845 -0.412153 0)
(2.78226 -0.243666 0)
(2.82134 -0.162976 0)
(2.87706 -0.10287 0)
(2.93706 -0.0476037 0)
(2.98133 -0.0124815 0)
(2.99777 -0.00131531 0)
(2.99994 -3.31901e-05 0)
(2.68428 -0.311116 0)
(2.72864 -0.365245 0)
(2.8395 -0.397834 0)
(2.85735 -0.512576 0)
(2.8398 -0.580854 0)
(2.89094 -0.551922 0)
(2.97809 -0.614152 0)
(2.98222 -0.649318 0)
(2.96713 -0.683149 0)
(2.94782 -0.729005 0)
(2.92546 -0.740096 0)
(2.88023 -0.6723 0)
(2.83398 -0.485549 0)
(2.81413 -0.294372 0)
(2.84082 -0.177397 0)
(2.8901 -0.0979414 0)
(2.94533 -0.0432723 0)
(2.9846 -0.0110395 0)
(2.9983 -0.00110257 0)
(2.99996 -2.58063e-05 0)
(2.63491 -0.14526 0)
(2.68777 -0.219848 0)
(2.81963 -0.261036 0)
(2.84923 -0.406428 0)
(2.80573 -0.483336 0)
(2.85237 -0.460766 0)
(2.95798 -0.476356 0)
(2.96065 -0.575612 0)
(2.92048 -0.615482 0)
(2.91326 -0.656479 0)
(2.92419 -0.718227 0)
(2.9146 -0.671499 0)
(2.85927 -0.510666 0)
(2.82769 -0.321461 0)
(2.84862 -0.190093 0)
(2.90026 -0.109722 0)
(2.95327 -0.0466048 0)
(2.98789 -0.0111295 0)
(2.99881 -0.00102155 0)
(2.99997 -2.19193e-05 0)
(2.5139 0.132346 0)
(2.59728 -0.0251696 0)
(2.6007 0.0669386 0)
(2.63505 -0.078802 0)
(2.69481 -0.290006 0)
(2.78817 -0.375048 0)
(2.89824 -0.359972 0)
(2.91698 -0.483833 0)
(2.91282 -0.526503 0)
(2.9335 -0.593386 0)
(2.97182 -0.629906 0)
(2.97772 -0.585543 0)
(2.93099 -0.45437 0)
(2.8874 -0.30485 0)
(2.88816 -0.179822 0)
(2.92246 -0.0917099 0)
(2.9647 -0.0347133 0)
(2.9918 -0.00710124 0)
(2.99932 -0.00052971 0)
(2.99999 -9.10834e-06 0)
(2.33541 0.589557 0)
(2.45794 0.352257 0)
(2.54838 0.109759 0)
(2.62002 -0.0919838 0)
(2.67926 -0.121398 0)
(2.72256 -0.0630943 0)
(2.81235 -0.179649 0)
(2.90036 -0.377335 0)
(2.93492 -0.501143 0)
(2.97529 -0.544956 0)
(3.01733 -0.571931 0)
(3.0205 -0.567036 0)
(2.98891 -0.469957 0)
(2.95579 -0.319489 0)
(2.94574 -0.183561 0)
(2.95918 -0.0846116 0)
(2.9822 -0.0263829 0)
(2.99656 -0.00407919 0)
(2.99979 -0.000214858 0)
(3 -2.67795e-06 0)
(2.35839 0.711776 0)
(2.41311 0.619182 0)
(2.50076 0.46114 0)
(2.56379 0.347129 0)
(2.68627 0.0739086 0)
(2.75422 -0.0872584 0)
(2.82434 -0.0972067 0)
(2.8961 -0.152782 0)
(2.97029 -0.215443 0)
(2.98487 -0.228132 0)
(3.01125 -0.238836 0)
(3.02001 -0.242214 0)
(3.00932 -0.221196 0)
(2.99372 -0.164637 0)
(2.98461 -0.0963218 0)
(2.98632 -0.0412375 0)
(2.99429 -0.0106132 0)
(2.99909 -0.00115518 0)
(2.99996 -3.66213e-05 0)
(3 -2.86501e-07 0)
(2.45233 0.685467 0)
(2.4688 0.680043 0)
(2.50758 0.649504 0)
(2.57823 0.556971 0)
(2.64832 0.444132 0)
(2.74449 0.251882 0)
(2.8128 0.16163 0)
(2.89091 0.0353685 0)
(3.00557 -0.150892 0)
(3.04421 -0.201803 0)
(3.08359 -0.230979 0)
(3.09407 -0.207685 0)
(3.0731 -0.139442 0)
(3.03915 -0.0723693 0)
(3.01436 -0.0305877 0)
(3.00196 -0.00987847 0)
(2.99991 -0.00216973 0)
(2.99992 -0.000336451 0)
(2.99998 -2.54791e-05 0)
(3 -5.1884e-07 0)
(2.75173 0.412137 0)
(2.60598 0.601458 0)
(2.60316 0.606793 0)
(2.63036 0.598348 0)
(2.67978 0.568948 0)
(2.74971 0.500949 0)
(2.82969 0.401228 0)
(2.91605 0.293527 0)
(2.98361 0.18104 0)
(3.07719 0.0653984 0)
(3.10317 0.0349709 0)
(3.10634 0.0222155 0)
(3.0831 0.0237902 0)
(3.05957 0.0202196 0)
(3.02257 0.00756106 0)
(3.00319 0.000733926 0)
(3.00011 -6.1303e-05 0)
(3 -4.1385e-05 0)
(2.99999 -1.77545e-05 0)
(3 -1.75265e-06 0)
(2.96912 0.0738396 0)
(2.86648 0.279753 0)
(2.78071 0.43829 0)
(2.74028 0.529988 0)
(2.75848 0.522969 0)
(2.80582 0.500679 0)
(2.86901 0.463829 0)
(2.93952 0.411323 0)
(3.01015 0.331639 0)
(3.07105 0.24388 0)
(3.10191 0.173383 0)
(3.10298 0.12104 0)
(3.08055 0.0756715 0)
(3.04422 0.0365107 0)
(3.01279 0.0100413 0)
(3.00136 0.000963849 0)
(3.00004 1.33558e-05 0)
(3 -6.90741e-06 0)
(3 -5.61577e-06 0)
(3 -1.3044e-06 0)
(2.99888 0.00355872 0)
(2.9904 0.0267732 0)
(2.9544 0.120751 0)
(2.9108 0.253157 0)
(2.85817 0.389272 0)
(2.88444 0.424258 0)
(2.91034 0.409986 0)
(2.95909 0.370514 0)
(3.00964 0.316563 0)
(3.05183 0.251813 0)
(3.07573 0.184732 0)
(3.07551 0.124126 0)
(3.0517 0.069697 0)
(3.02036 0.0252123 0)
(3.0035 0.00403761 0)
(3.0002 0.00021053 0)
(3 2.72855e-06 0)
(3 -6.75874e-07 0)
(3 -6.46129e-07 0)
(3 -2.61143e-07 0)
(2.99998 7.19913e-05 0)
(2.9998 0.000584724 0)
(2.9982 0.00522986 0)
(2.99112 0.0289175 0)
(2.97107 0.0928996 0)
(2.95703 0.177828 0)
(2.95439 0.24448 0)
(2.9845 0.248253 0)
(2.99922 0.231621 0)
(3.02117 0.193766 0)
(3.03549 0.139909 0)
(3.03224 0.0805728 0)
(3.01709 0.0314296 0)
(3.00413 0.00623947 0)
(3.00034 0.000452623 0)
(3.00001 1.01158e-05 0)
(3 5.46054e-08 0)
(3 -2.85237e-08 0)
(3 -2.71968e-08 0)
(3 -1.36006e-08 0)
(3 1.0382e-06 0)
(3 5.68029e-06 0)
(2.99998 5.98672e-05 0)
(2.99981 0.000554196 0)
(2.99884 0.00372354 0)
(2.99606 0.0142063 0)
(2.99233 0.0363581 0)
(2.99401 0.0578583 0)
(2.99783 0.0627736 0)
(3.00074 0.0566777 0)
(3.00504 0.0392701 0)
(3.00532 0.0176534 0)
(3.0021 0.00419144 0)
(3.00027 0.000401738 0)
(3.00001 1.24662e-05 0)
(3 1.32403e-07 0)
(3 -5.17448e-10 0)
(3 -8.68348e-10 0)
(3 -5.97773e-10 0)
(3 -2.0215e-10 0)
(3 1.12648e-08 0)
(3 4.72593e-08 0)
(3 3.9655e-07 0)
(3 4.00447e-06 0)
(2.99999 3.50562e-05 0)
(2.99994 0.000206843 0)
(2.99979 0.000852662 0)
(2.99966 0.00214712 0)
(2.99982 0.00300832 0)
(2.99991 0.00292727 0)
(3.00015 0.00208836 0)
(3.00021 0.000818849 0)
(3.00007 0.000136897 0)
(3.00001 7.74513e-06 0)
(3 1.3677e-07 0)
(3 5.64053e-10 0)
(3 -3.1019e-10 0)
(3 -1.57632e-10 0)
(3 -2.83643e-11 0)
(3 -1.82814e-12 0)
(3 9.17081e-11 0)
(3 3.62463e-10 0)
(3 2.31301e-09 0)
(3 2.13143e-08 0)
(3 1.8833e-07 0)
(3 1.23076e-06 0)
(3 5.88827e-06 0)
(3 1.82495e-05 0)
(3 3.03025e-05 0)
(3 3.06241e-05 0)
(3 2.32081e-05 0)
(3 9.3524e-06 0)
(3 1.49193e-06 0)
(3 7.43948e-08 0)
(3 8.7059e-10 0)
(3 -1.77638e-10 0)
(3 -1.27894e-10 0)
(3 -3.3624e-11 0)
(3 -2.13658e-12 0)
(3 -2.62815e-14 0)
(3 5.4462e-13 0)
(3 2.40275e-12 0)
(3 1.27186e-11 0)
(3 1.00859e-10 0)
(3 8.47192e-10 0)
(3 5.58225e-09 0)
(3 2.70686e-08 0)
(3 8.76196e-08 0)
(3 1.53827e-07 0)
(3 1.57354e-07 0)
(3 1.24137e-07 0)
(3 5.43323e-08 0)
(3 9.54878e-09 0)
(3 4.52385e-10 0)
(3 -6.28156e-11 0)
(3 -6.15658e-11 0)
(3 -2.35203e-11 0)
(3 -2.44663e-12 0)
(3 -5.14243e-14 0)
(3 9.19101e-16 0)
(3 1.80664e-15 0)
(3 1.4117e-14 0)
(3 6.36864e-14 0)
(3 4.3214e-13 0)
(3 3.40637e-12 0)
(3 2.20914e-11 0)
(3 1.06504e-10 0)
(3 3.48654e-10 0)
(3 6.25629e-10 0)
(3 6.45035e-10 0)
(3 5.21502e-10 0)
(3 2.4102e-10 0)
(3 3.90387e-11 0)
(3 -1.18108e-11 0)
(3 -1.58793e-11 0)
(3 -6.98178e-12 0)
(3 -9.37649e-13 0)
(3 -2.96024e-14 0)
(3 3.18613e-15 0)
(3 2.19027e-15 0)
(3 2.05584e-17 0)
(3 -7.0647e-16 0)
(3 -2.17141e-15 0)
(3 -2.12281e-15 0)
(3 7.81165e-15 0)
(3 7.81522e-14 0)
(3 3.79867e-13 0)
(3 1.23617e-12 0)
(3 2.13876e-12 0)
(3 2.11053e-12 0)
(3 1.38741e-12 0)
(3 -1.70041e-13 0)
(3 -1.84505e-12 0)
(3 -2.75882e-12 0)
(3 -1.22639e-12 0)
(3 -1.6503e-13 0)
(3 -5.46837e-15 0)
(3 -2.62346e-16 0)
(3 7.93516e-16 0)
(3 3.60514e-16 0)
(3 -1.56742e-16 0)
(3 -4.17042e-16 0)
(3 -8.28636e-16 0)
(3 -1.06265e-15 0)
(3 -7.54853e-16 0)
(3 -4.25941e-16 0)
(3 -2.82593e-16 0)
(3 -7.40306e-16 0)
(3 -6.40409e-15 0)
(3 -3.33001e-14 0)
(3 -1.06735e-13 0)
(3 -2.4579e-13 0)
(3 -3.11517e-13 0)
(3 -1.30964e-13 0)
(3 -1.59926e-14 0)
(3 -1.85869e-16 0)
(3 1.07221e-15 0)
(3 8.67161e-16 0)
(3 5.88164e-16 0)
(3 -1.10536e-16 0)
(2.41363 0.423943 0)
(2.27232 0.709329 0)
(2.34565 0.734102 0)
(2.54597 0.599295 0)
(2.85223 0.247455 0)
(2.98631 0.0327186 0)
(2.99954 0.00159029 0)
(2.99999 3.82661e-05 0)
(3 5.58146e-07 0)
(3 5.47642e-09 0)
(3 3.8494e-11 0)
(3 1.87766e-13 0)
(3 -1.49402e-15 0)
(3 2.2922e-16 0)
(3 -3.26126e-16 0)
(2.28791 0.643781 0)
(2.25695 0.788778 0)
(2.39086 0.74446 0)
(2.77659 0.375794 0)
(2.99125 0.0335029 0)
(3.00009 0.00040579 0)
(3 -1.5958e-06 0)
(3 -8.06028e-08 0)
(3 -1.39999e-08 0)
(3 -5.32517e-10 0)
(3 -6.44096e-12 0)
(3 -5.12334e-14 0)
(3 -2.33804e-15 0)
(3 1.08199e-16 0)
(3 -3.06875e-16 0)
(2.20306 0.81024 0)
(2.2496 0.805317 0)
(2.59298 0.551304 0)
(2.9469 0.116993 0)
(2.99896 0.00524406 0)
(2.99998 8.0071e-05 0)
(3 9.75899e-07 0)
(3 1.4034e-08 0)
(3 1.57541e-10 0)
(3 1.68593e-12 0)
(3 1.65491e-14 0)
(3 -1.13417e-15 0)
(3 -1.5926e-15 0)
(3 5.52505e-17 0)
(3 -3.68424e-16 0)
(2.17952 0.878966 0)
(2.42075 0.735569 0)
(2.84461 0.273767 0)
(2.9951 0.0161025 0)
(3.00001 7.54265e-05 0)
(3 -1.18464e-06 0)
(3 -6.54787e-09 0)
(3 -9.31931e-10 0)
(3 -3.33816e-11 0)
(3 -3.194e-13 0)
(3 -6.15299e-15 0)
(3 -3.00259e-18 0)
(3 -1.21578e-15 0)
(3 1.52801e-16 0)
(3 -4.225e-16 0)
(2.18013 0.899888 0)
(2.66423 0.458639 0)
(2.98505 0.0336186 0)
(3.00001 0.000341506 0)
(3 3.02284e-06 0)
(3 2.60524e-08 0)
(3 2.03179e-10 0)
(3 1.97468e-11 0)
(3 3.70975e-13 0)
(3 1.08278e-14 0)
(3 -5.38572e-17 0)
(3 -9.73269e-16 0)
(3 -3.37276e-16 0)
(3 5.6146e-16 0)
(3 -4.78706e-16 0)
(2.56897 0.579098 0)
(2.992 0.0370317 0)
(3.00025 0.000343215 0)
(3 -7.61896e-07 0)
(3 -2.08249e-07 0)
(3 -9.13874e-09 0)
(3 -1.56716e-10 0)
(3 -1.7189e-12 0)
(3 5.61135e-15 0)
(3 5.72693e-15 0)
(3 1.83833e-15 0)
(3 -1.19028e-15 0)
(3 9.81834e-16 0)
(3 4.38317e-16 0)
(3 -6.0467e-16 0)
(2.99301 0.0508118 0)
(2.99996 0.00117656 0)
(3 -5.93011e-07 0)
(3 -4.5177e-07 0)
(3 -6.86384e-09 0)
(3 6.75984e-12 0)
(3 2.67925e-12 0)
(3 1.57446e-13 0)
(3 5.85681e-15 0)
(3 2.05424e-15 0)
(3 -4.40544e-16 0)
(3 -1.40358e-15 0)
(3 1.12082e-15 0)
(3 3.25698e-16 0)
(3 -4.55825e-16 0)
(3.00075 -0.00155235 0)
(3.00003 -0.000107376 0)
(3 -3.44832e-06 0)
(3 2.63064e-08 0)
(3 1.12849e-10 0)
(3 1.86284e-11 0)
(3 2.78601e-13 0)
(3 -1.63053e-15 0)
(3 -6.76218e-16 0)
(3 1.68145e-15 0)
(3 -2.27238e-16 0)
(3 -1.82581e-15 0)
(3 -2.6663e-16 0)
(3 9.65589e-17 0)
(3 2.3575e-16 0)
(3.00001 -2.17723e-05 0)
(3 1.20428e-07 0)
(3 2.3761e-08 0)
(3 1.1524e-09 0)
(3 8.99845e-13 0)
(3 -1.16141e-14 0)
(3 1.24467e-15 0)
(3 -2.63768e-15 0)
(3 -5.32791e-16 0)
(3 1.94281e-15 0)
(3 -3.65707e-16 0)
(3 -2.42183e-15 0)
(3 -1.50755e-15 0)
(3 3.56311e-16 0)
(3 5.91985e-16 0)
(3 1.24188e-06 0)
(3 1.42388e-08 0)
(3 -7.59366e-11 0)
(3 -1.25544e-11 0)
(3 -3.94738e-13 0)
(3 2.46624e-15 0)
(3 3.05408e-15 0)
(3 -2.45671e-15 0)
(3 -6.0539e-16 0)
(3 1.94983e-15 0)
(3 -4.71855e-16 0)
(3 -2.79034e-15 0)
(3 -1.76741e-15 0)
(3 5.21992e-16 0)
(3 7.3698e-16 0)
(3 6.98641e-16 0)
(3 -1.16371e-15 0)
(3 2.33542e-15 0)
(3 -5.08081e-16 0)
(3 2.35756e-15 0)
(3 2.55057e-15 0)
(3 2.38688e-15 0)
(3 -2.77309e-15 0)
(3 -5.88556e-16 0)
(3 1.92679e-15 0)
(3 -1.67141e-16 0)
(3 -2.64211e-15 0)
(3 -2.49254e-15 0)
(3 2.45161e-16 0)
(3 4.59846e-16 0)
(3 -1.94781e-15 0)
(3 -8.18637e-16 0)
(3 1.80123e-15 0)
(3 -7.30619e-16 0)
(3 2.41648e-15 0)
(3 2.00814e-15 0)
(3 2.26559e-15 0)
(3 -2.6344e-15 0)
(3 2.36998e-16 0)
(3 1.67928e-15 0)
(3 -3.53316e-16 0)
(3 -1.83044e-15 0)
(3 -2.76782e-15 0)
(3 -3.96846e-16 0)
(3 5.21082e-17 0)
(3 -1.79863e-15 0)
(3 -1.25731e-15 0)
(3 1.18543e-15 0)
(3 -1.44266e-15 0)
(3 2.33094e-15 0)
(3 1.20077e-15 0)
(3 2.03605e-15 0)
(3 -2.0016e-15 0)
(3 5.8846e-16 0)
(3 1.10004e-15 0)
(3 -7.82553e-16 0)
(3 -8.92832e-16 0)
(3 -2.63589e-15 0)
(3 -8.73238e-16 0)
(3 -2.6461e-16 0)
(3 -1.59619e-15 0)
(3 -1.87608e-15 0)
(3 7.13509e-16 0)
(3 -1.72319e-15 0)
(3 5.28239e-16 0)
(3 1.6957e-15 0)
(3 2.37129e-15 0)
(3 -1.9574e-15 0)
(3 1.51392e-15 0)
(3 4.97189e-17 0)
(3 -1.00675e-15 0)
(3 -4.41908e-17 0)
(3 -2.33902e-15 0)
(3 -1.50535e-15 0)
(3 -5.15046e-16 0)
(3 -1.41223e-15 0)
(3 -2.19598e-15 0)
(3 2.73623e-16 0)
(3 -2.19688e-15 0)
(3 -6.87852e-16 0)
(3 3.33129e-15 0)
(3 3.1678e-15 0)
(3 -1.59193e-15 0)
(3 1.56733e-15 0)
(3 -9.34529e-16 0)
(3 -1.09457e-15 0)
(3 -1.87299e-16 0)
(3 -2.23375e-15 0)
(3 -1.43315e-15 0)
(3 -3.80847e-16 0)
(3 -9.40531e-16 0)
(3 -2.29753e-15 0)
(3 -1.31963e-15 0)
(3 -1.86272e-15 0)
(3 -2.00859e-15 0)
(3 3.51819e-15 0)
(3 3.42276e-15 0)
(3 -1.20124e-15 0)
(3 1.65731e-15 0)
(3 -1.51763e-15 0)
(3 -1.02727e-15 0)
(3 -1.77552e-17 0)
(3 -1.58333e-15 0)
(3 -1.1328e-15 0)
(3 -3.31867e-16 0)
(3 -4.03546e-16 0)
(3 -2.43951e-15 0)
(3 -1.50902e-15 0)
(3 -1.57325e-15 0)
(3 -1.91578e-15 0)
(3 3.41892e-15 0)
(3 3.29134e-15 0)
(3 -1.92663e-16 0)
(3 8.02042e-16 0)
(3 -1.90695e-15 0)
(3 -8.28009e-16 0)
(3 7.68703e-16 0)
(3 -1.01625e-15 0)
(3 -1.34515e-15 0)
(3 -3.12111e-16 0)
(3 5.60514e-17 0)
(3 -2.40173e-15 0)
(3 -1.54888e-15 0)
(3 -1.78018e-15 0)
(3 -1.71649e-15 0)
(3 2.71532e-15 0)
(3 3.28957e-15 0)
(3 -1.99624e-16 0)
(3 2.6771e-16 0)
(3 -2.20691e-15 0)
(3 -3.2732e-16 0)
(3 1.88188e-15 0)
(3 -4.82522e-16 0)
(3 -1.37452e-15 0)
(3 -3.80531e-16 0)
(3 1.46221e-15 0)
(3 -1.67189e-15 0)
(3 -1.60577e-15 0)
(3 -1.85689e-15 0)
(3 -2.06159e-15 0)
(3 1.23592e-15 0)
(3 3.18274e-15 0)
(3 -4.24347e-17 0)
(3 -1.10026e-15 0)
(3 -2.07111e-15 0)
(3 1.18932e-15 0)
(3 2.01044e-15 0)
(3 -1.02895e-16 0)
(3 -1.29793e-15 0)
(3 -4.31714e-16 0)
(3 2.73427e-15 0)
(3 -5.50556e-17 0)
(3 -9.63856e-16 0)
(3 -1.84866e-15 0)
(3 -2.41705e-15 0)
(3 6.73502e-16 0)
(3 2.9455e-15 0)
(3 1.36208e-16 0)
(3 -1.30674e-15 0)
(3 -1.58554e-15 0)
(3 1.25806e-15 0)
(3 1.98203e-15 0)
(3 -5.93313e-16 0)
(3 -1.04306e-15 0)
(3 -3.6257e-16 0)
(3 3.28914e-15 0)
(3 7.90298e-16 0)
(3 -1.13442e-15 0)
(3 -1.67749e-15 0)
(3 -2.31931e-15 0)
(3 -5.07395e-16 0)
(3 2.69745e-15 0)
(3 3.0666e-16 0)
(3 -1.79694e-15 0)
(3 -1.02501e-15 0)
(3 1.05865e-15 0)
(3 1.70591e-15 0)
(3 -1.58139e-16 0)
(3 -9.3939e-16 0)
(3 -3.17155e-16 0)
(3 7.64907e-16 0)
(3 -8.79534e-16 0)
(3 2.80202e-16 0)
(3 -9.93081e-16 0)
(3 -2.12828e-15 0)
(3 -1.46495e-16 0)
(3 1.71237e-15 0)
(3 -6.01005e-17 0)
(3 -1.77352e-15 0)
(3 -2.92659e-16 0)
(3 1.38958e-15 0)
(3 1.05841e-15 0)
(3 -4.63196e-17 0)
(3 -4.90488e-16 0)
(3 -1.4614e-16 0)
(3 7.64387e-16 0)
(3 -2.28626e-15 0)
(3 -4.46351e-16 0)
(3 1.40395e-15 0)
(3 -2.35581e-15 0)
(3 -4.5283e-16 0)
(3 1.19539e-15 0)
(3 -9.71249e-16 0)
(3 -1.75229e-15 0)
(3 1.41185e-15 0)
(3 1.94965e-15 0)
(3 8.48212e-16 0)
(3 -1.99566e-16 0)
(3 -5.81994e-16 0)
(3 -4.14716e-16 0)
(3 -1.02742e-15 0)
(3 -2.63893e-15 0)
(3 7.56593e-16 0)
(3 4.89064e-16 0)
(3 -2.31426e-15 0)
(3 -2.9487e-16 0)
(3 -1.23609e-15 0)
(3 -6.66912e-16 0)
(3 7.16595e-16 0)
(3 2.55241e-15 0)
(3 1.43159e-15 0)
(3 1.67062e-16 0)
(3 -5.6609e-16 0)
(3 -6.3859e-16 0)
(3 -2.88785e-16 0)
(3 -3.93342e-15 0)
(3 -2.73396e-15 0)
(3 1.88177e-15 0)
(3 1.2527e-15 0)
(3 1.24613e-15 0)
(3 1.8107e-16 0)
(3 -3.223e-15 0)
(3 2.88719e-17 0)
(3 6.55303e-16 0)
(3 1.35621e-15 0)
(3 6.16615e-16 0)
(3 1.40824e-15 0)
(3 -1.68293e-17 0)
(3 -4.20807e-16 0)
(3 -8.22071e-17 0)
(3 -5.08778e-15 0)
(3 -2.28662e-15 0)
(3 1.34825e-15 0)
(3 1.00111e-15 0)
(3 2.78091e-15 0)
(3 4.92175e-16 0)
(3 -3.23938e-15 0)
(3 4.45427e-16 0)
(3 1.21323e-15 0)
(3 -6.77644e-16 0)
(3 -5.07055e-16 0)
(3 1.38869e-15 0)
(3 6.0757e-16 0)
(3 -9.2717e-17 0)
(3 -5.80246e-17 0)
(3 -9.51982e-16 0)
(3 -2.21988e-15 0)
(3 1.31005e-15 0)
(3 5.09404e-16 0)
(3 1.70631e-15 0)
(3 4.12124e-16 0)
(3 -3.38871e-15 0)
(3 7.6186e-16 0)
(3 1.49227e-15 0)
(3 1.10543e-16 0)
(3 -2.99706e-16 0)
(3 -8.52855e-16 0)
(3 -1.01959e-15 0)
(3 -4.61942e-16 0)
(3 -3.85295e-16 0)
(3 1.77484e-15 0)
(3 1.23761e-16 0)
(3 -2.02331e-15 0)
(3 8.5137e-17 0)
(3 2.77671e-15 0)
(3 -7.05964e-16 0)
(3 -2.12664e-15 0)
(3 4.83276e-16 0)
(3 1.7031e-15 0)
(3 9.70304e-16 0)
(3 -7.02308e-16 0)
(3 -2.92204e-15 0)
(3 -1.46637e-15 0)
(3 -6.16814e-16 0)
(3 -6.53816e-16 0)
(3 1.78923e-15 0)
(3 2.60433e-15 0)
(3 -2.27085e-15 0)
(3 -4.98873e-16 0)
(3 1.47857e-15 0)
(3 -7.51458e-16 0)
(3 2.39268e-15 0)
(3 1.67037e-15 0)
(3 2.76187e-15 0)
(3 1.98668e-15 0)
(3 -2.25114e-15 0)
(3 -3.05217e-15 0)
(3 -2.25458e-16 0)
(3 2.39823e-16 0)
(3 -1.15947e-15 0)
(3 -2.76986e-15 0)
(3 2.22565e-16 0)
(3 1.0587e-15 0)
(3 1.5929e-16 0)
(3 9.2857e-16 0)
(3 -2.86351e-16 0)
(3 1.07724e-15 0)
(3 1.40819e-15 0)
(3 -1.0888e-16 0)
(3 4.78562e-17 0)
(3 -2.30252e-15 0)
(3 5.26042e-16 0)
(3 -7.60615e-17 0)
(3 -6.07687e-16 0)
(3 4.40404e-17 0)
(3 4.99878e-15 0)
(3 4.75297e-15 0)
(3 5.30604e-15 0)
(3 3.4455e-15 0)
(3 1.10831e-15 0)
(3 8.45644e-16 0)
(3 2.72317e-15 0)
(3 -2.39353e-16 0)
(3 -4.66846e-15 0)
(3 -5.72308e-15 0)
(3 4.1705e-15 0)
(3 4.01752e-15 0)
(3 4.3913e-15 0)
(3 3.23296e-15 0)
(3 1.25544e-15 0)
(3 6.83932e-16 0)
(3 1.01825e-15 0)
(3 -3.54559e-15 0)
(3 -6.78357e-15 0)
(3 -5.74841e-15 0)
(3 1.28073e-15 0)
(3 1.84669e-15 0)
(3 4.50623e-15 0)
(3 2.64737e-15 0)
(3 1.62168e-15 0)
(3 -1.81542e-16 0)
(3 -3.11525e-15 0)
(3 -1.51278e-15 0)
(3 -2.6667e-15 0)
(3 -1.78439e-15 0)
(3 1.09893e-15 0)
(3 1.40124e-15 0)
(3 3.36845e-15 0)
(3 4.01892e-15 0)
(3 3.33682e-15 0)
(3 4.4181e-15 0)
(3 5.83804e-17 0)
(3 1.59349e-15 0)
(3 3.4117e-15 0)
(3 -1.55238e-15 0)
(3 5.16023e-16 0)
(3 1.98378e-16 0)
(3 -6.77447e-16 0)
(3 9.28948e-16 0)
(3 1.48467e-15 0)
(3 1.63337e-15 0)
(3 -3.19273e-16 0)
(3 6.62368e-18 0)
(3 3.31631e-15 0)
(3 1.36169e-15 0)
(3 -1.37649e-15 0)
(3 -1.2626e-15 0)
(3 -3.25471e-15 0)
(3 -2.36266e-15 0)
(3 -1.94086e-15 0)
(3 -3.70197e-15 0)
(3 -2.02998e-15 0)
(3 -2.11236e-15 0)
(3 3.91659e-16 0)
(3 1.95752e-15 0)
(3 -5.55625e-16 0)
(3 -6.20865e-16 0)
(3 -5.88556e-16 0)
(3 -1.34653e-15 0)
(3 -2.18806e-15 0)
(3 -1.97013e-15 0)
(3 -1.22751e-15 0)
(3 -2.18636e-15 0)
(3 -2.71262e-15 0)
(3 7.55732e-16 0)
(3 -2.15027e-16 0)
(3 -5.51469e-16 0)
(3 -5.63454e-17 0)
(3 3.19755e-16 0)
(3 7.80028e-17 0)
(3 1.78911e-15 0)
(3 -5.70298e-17 0)
(3 4.68641e-16 0)
(3 6.19071e-16 0)
(3 1.7533e-15 0)
(3 2.32281e-16 0)
(3 -1.86997e-18 0)
(3 -4.42635e-16 0)
(3 -8.50771e-16 0)
(3 -1.42733e-15 0)
(3 -7.99827e-16 0)
(3 1.41373e-15 0)
(3 1.69687e-15 0)
(3 2.1475e-15 0)
(3 5.8317e-15 0)
(3 1.11639e-15 0)
(3 7.40161e-16 0)
(3 -1.05894e-15 0)
(3 -4.37041e-17 0)
(3 -1.19901e-16 0)
(3 -1.42527e-15 0)
(3 3.06124e-16 0)
(3 1.91887e-15 0)
(3 2.10148e-15 0)
(3 9.90321e-15 0)
(3 -7.99379e-16 0)
(3 -3.50904e-16 0)
(3 -1.63301e-15 0)
(3 -1.26883e-15 0)
(3 1.78627e-15 0)
(3 1.85523e-15 0)
(3 -1.14833e-15 0)
(3 3.15044e-15 0)
(3 1.33476e-15 0)
(3 -5.58311e-16 0)
(3 -8.66479e-16 0)
(3 -6.4994e-16 0)
(3 8.27096e-17 0)
(3 4.85592e-16 0)
(3 9.40645e-16 0)
(3 1.85494e-15 0)
(3 3.7467e-16 0)
(3 -2.88896e-16 0)
(3 -3.26133e-15 0)
(3 -6.92937e-15 0)
(3 -1.02449e-15 0)
(3 -5.33784e-16 0)
(3 6.01212e-16 0)
(3 1.11618e-16 0)
(3 9.90501e-17 0)
(3 6.02155e-16 0)
(3 9.92193e-16 0)
(3 -4.38677e-16 0)
(3 -1.71922e-16 0)
(3 -4.72499e-15 0)
(3 -1.30388e-15 0)
(3 -1.29415e-15 0)
(3 6.5932e-16 0)
(3 1.13888e-15 0)
(3 1.23163e-15 0)
(3 1.74873e-15 0)
(3 3.45216e-15 0)
(3 2.34852e-15 0)
(3 3.35241e-15 0)
(3 -6.02553e-16 0)
(3 -1.69777e-17 0)
(3 2.97383e-16 0)
(3 1.4077e-15 0)
(3 1.91121e-15 0)
(3 1.65794e-15 0)
(3 2.04811e-15 0)
(3 2.97752e-15 0)
(3 2.641e-15 0)
(3 4.28009e-16 0)
(3 3.39861e-15 0)
(3 -9.80677e-16 0)
(3 -1.61504e-16 0)
(3 1.11589e-15 0)
(3 6.34132e-16 0)
(3 1.82039e-17 0)
(3 -4.39102e-16 0)
(3 1.00007e-15 0)
(3 8.92662e-16 0)
(3 7.53237e-16 0)
(3 2.80218e-15 0)
(3 -2.36379e-16 0)
(3 -7.4871e-16 0)
(3 -7.00084e-16 0)
(3 3.68416e-16 0)
(3 -1.22152e-15 0)
(3 -2.41048e-15 0)
(3 1.34235e-15 0)
(3 -1.26521e-15 0)
(3 -1.16437e-15 0)
(3 1.47938e-15 0)
(3 -1.84015e-15 0)
(3 -1.86124e-15 0)
(3 -2.13449e-15 0)
(3 -8.59964e-16 0)
(3 -1.00663e-15 0)
(3 -2.3272e-15 0)
(3 8.7256e-16 0)
(3 2.05949e-16 0)
(3 3.77551e-16 0)
(3 -1.22619e-16 0)
(3 -2.57953e-15 0)
(3 -7.02765e-16 0)
(3 -1.92238e-15 0)
(3 -2.13544e-15 0)
(3 -1.62594e-15 0)
(3 -6.29278e-16 0)
(3 -2.22749e-15 0)
(3 1.72053e-15 0)
(3 4.67208e-15 0)
(3 4.26738e-15 0)
(3 -1.36102e-15 0)
(3 -3.21861e-16 0)
(3 -1.09261e-15 0)
(3 -1.07952e-15 0)
(3 -1.3859e-15 0)
(3 -1.13919e-15 0)
(3 -3.10893e-15 0)
(3 1.20886e-15 0)
(3 4.17438e-15 0)
(3 3.5366e-15 0)
(3 -1.2487e-15 0)
(3 -1.25536e-15 0)
(3 -8.16439e-16 0)
(3 -9.57891e-16 0)
(3 -6.42145e-16 0)
(3 1.15522e-15 0)
(3 -2.02973e-15 0)
(3 -3.30413e-15 0)
(3 -3.21485e-15 0)
(3 1.45537e-15 0)
(3 -3.28344e-16 0)
(3 -5.44134e-16 0)
(3 -1.0567e-15 0)
(3 -7.1671e-16 0)
(3 -7.58146e-17 0)
(3 1.89608e-16 0)
(3 -1.84307e-15 0)
(3 -5.38732e-15 0)
(3 -6.52945e-15 0)
(3 -1.16678e-15 0)
(3 1.242e-15 0)
(3 7.23995e-16 0)
(3 3.95324e-16 0)
(3 -4.21059e-16 0)
(3 -1.59317e-15 0)
(3 -3.65224e-15 0)
(3 -8.72974e-16 0)
(3 2.85538e-16 0)
(3 -1.0459e-16 0)
(3 -6.7278e-16 0)
(3 9.98966e-16 0)
(3 6.36454e-16 0)
(3 1.21274e-15 0)
(3 6.9005e-16 0)
(3 6.08707e-16 0)
(3 5.01462e-16 0)
(3 -1.97722e-16 0)
(3 -6.16023e-16 0)
(3 6.68434e-16 0)
(3 6.07097e-17 0)
(3 1.60913e-15 0)
(3 1.77425e-15 0)
(3 1.32963e-15 0)
(3 1.56181e-15 0)
(3 6.02082e-16 0)
(3 -7.20862e-16 0)
(3 1.14058e-15 0)
(3 8.84064e-16 0)
(3 7.58501e-16 0)
(3 -1.20114e-15 0)
(3 1.10751e-15 0)
(3 9.56365e-16 0)
(3 5.49259e-16 0)
(3 1.00768e-15 0)
(3 -1.74737e-18 0)
(3 -5.72035e-16 0)
(3 5.63587e-16 0)
(3 1.19339e-15 0)
(3 8.66057e-16 0)
(3 2.70433e-17 0)
(3 -3.06336e-15 0)
(3 -2.33088e-15 0)
(3 -3.56605e-16 0)
(3 8.14759e-16 0)
(3 1.97378e-15 0)
(3 3.45101e-15 0)
(3 3.63677e-15 0)
(3 1.67302e-15 0)
(3 6.08953e-16 0)
(3 9.32959e-16 0)
(3 -1.44903e-15 0)
(3 -1.581e-15 0)
(3 -2.25947e-15 0)
(3 -1.09491e-15 0)
(3 -9.43584e-16 0)
(3 -4.92301e-16 0)
(3 -2.79262e-16 0)
(3 1.713e-15 0)
(3 1.56657e-16 0)
(3 -3.39377e-17 0)
(3 1.48646e-15 0)
(3 1.36796e-15 0)
(3 4.58827e-16 0)
(3 -8.05084e-16 0)
(3 -1.31713e-15 0)
(3 -1.2388e-15 0)
(3 -2.0626e-15 0)
(3 -4.51245e-16 0)
(3 -1.21941e-15 0)
(3 -3.36489e-15 0)
(3 1.0704e-15 0)
(3 8.66125e-16 0)
(3 6.99727e-16 0)
(3 1.16307e-15 0)
(3 2.66791e-15 0)
(3 3.24334e-15 0)
(3 1.91725e-15 0)
(3 -1.13344e-15 0)
(3 -8.6932e-16 0)
(3 -1.63827e-16 0)
(3 -4.675e-17 0)
(3 1.14155e-17 0)
(3 3.95659e-16 0)
(3 5.80183e-16 0)
(3 1.12222e-15 0)
(3 1.19339e-15 0)
(3 1.26593e-16 0)
(3 -6.74629e-16 0)
(3 -4.18293e-17 0)
(3 2.3448e-15 0)
(3 8.78761e-16 0)
(3 6.83053e-16 0)
(3 8.41779e-17 0)
(3 -3.50449e-16 0)
(3 -5.2552e-16 0)
(3 -3.96799e-16 0)
(3 -1.96161e-16 0)
(3 5.11541e-16 0)
(3 1.41663e-15 0)
(3 6.14933e-16 0)
(3 9.14495e-16 0)
(3 2.83537e-16 0)
(3 4.01512e-16 0)
(3 2.13888e-16 0)
(3 3.09471e-17 0)
(3 -4.33009e-16 0)
(3 1.45095e-17 0)
(3 1.05907e-15 0)
(3 1.41533e-15 0)
(3 1.7846e-15 0)
(3 -1.02414e-15 0)
(3 -3.86956e-16 0)
(3 3.551e-16 0)
(3 8.89996e-16 0)
(3 7.48624e-17 0)
(3 -9.04168e-16 0)
(3 -4.21593e-16 0)
(3 1.39202e-15 0)
(3 7.70872e-16 0)
(3 -1.76562e-16 0)
(3 -2.31122e-16 0)
(3 -6.22039e-17 0)
(3 -1.65668e-16 0)
(3 1.01054e-17 0)
(3 -1.66301e-16 0)
(3 -1.05802e-16 0)
(3 -1.14454e-16 0)
(3 6.81468e-16 0)
(3 2.68679e-16 0)
(3 -1.08548e-15 0)
(3 -1.217e-15 0)
(3 -1.21527e-16 0)
(3 1.64027e-15 0)
(3 1.13303e-15 0)
(3 1.72984e-15 0)
(3 1.28198e-16 0)
(3 -3.77232e-15 0)
(3 -1.02388e-15 0)
(3 2.57851e-15 0)
(3 9.37377e-16 0)
(3 -2.4694e-16 0)
(3 9.04993e-16 0)
(3 7.98804e-16 0)
(3 -1.1672e-15 0)
(3 -3.27726e-16 0)
(3 -5.10274e-16 0)
(3 5.68063e-16 0)
(3 1.94208e-15 0)
(3 8.5528e-16 0)
(3 1.68537e-15 0)
(3 -2.61252e-16 0)
(3 -3.68112e-15 0)
(3 -3.30971e-16 0)
(3 2.70659e-15 0)
(3 8.4475e-16 0)
(3 -4.64646e-16 0)
(3 1.13327e-15 0)
(3 7.25974e-16 0)
(3 -1.33192e-15 0)
(3 -3.59701e-16 0)
(3 5.22316e-16 0)
(3 1.16194e-15 0)
(3 1.6391e-15 0)
(3 4.7477e-16 0)
(3 1.52952e-15 0)
(3 -8.49152e-16 0)
(3 -3.98292e-15 0)
(3 -1.87353e-17 0)
(3 2.71736e-15 0)
(3 7.16704e-16 0)
(3 -1.15364e-15 0)
(3 8.5202e-16 0)
(3 7.38051e-16 0)
(3 -1.5167e-15 0)
(3 -4.69924e-16 0)
(3 1.26267e-15 0)
(3 4.71235e-16 0)
(3 1.4935e-15 0)
(3 -2.30328e-16 0)
(3 1.51476e-15 0)
(3 -1.24755e-15 0)
(3 -4.0938e-15 0)
(3 4.51947e-16 0)
(3 2.98588e-15 0)
(3 1.70086e-16 0)
(3 -1.39717e-15 0)
(3 1.76651e-15 0)
(3 5.65363e-16 0)
(3 -1.51748e-15 0)
(3 -5.55572e-16 0)
(3 2.28785e-15 0)
(3 7.92938e-16 0)
(3 1.12897e-15 0)
(3 -8.09775e-16 0)
(3 1.82838e-15 0)
(3 -1.19511e-15 0)
(3 -4.16815e-15 0)
(3 7.80087e-16 0)
(3 1.88054e-15 0)
(3 -5.95556e-16 0)
(3 -8.05669e-16 0)
(3 2.24347e-15 0)
(3 1.42804e-16 0)
(3 -1.65053e-15 0)
(3 -5.18688e-16 0)
(3 3.15842e-15 0)
(3 1.81469e-16 0)
(3 -2.27338e-17 0)
(3 4.17273e-16 0)
(3 8.43987e-16 0)
(3 -1.06344e-17 0)
(3 -3.11316e-15 0)
(3 3.49029e-16 0)
(3 1.14527e-15 0)
(3 -1.46827e-15 0)
(3 -6.42021e-17 0)
(3 3.23015e-15 0)
(3 1.61312e-16 0)
(3 -1.98213e-15 0)
(3 -4.56908e-16 0)
(3 3.59686e-15 0)
(3 -2.64701e-16 0)
(3 1.61964e-16 0)
(3 1.20415e-15 0)
(3 -4.35275e-17 0)
(3 6.51115e-16 0)
(3 -2.07532e-15 0)
(3 -2.05386e-15 0)
(3 5.31052e-16 0)
(3 -2.40301e-15 0)
(3 9.17763e-17 0)
(3 3.72403e-15 0)
(3 -6.86127e-17 0)
(3 -1.89928e-15 0)
(3 -3.02916e-16 0)
(3 3.46105e-15 0)
(3 -6.2873e-16 0)
(3 3.47644e-16 0)
(3 1.77667e-15 0)
(3 -6.73768e-16 0)
(3 2.01162e-15 0)
(3 -6.54055e-16 0)
(3 -2.61718e-15 0)
(3 -5.79696e-17 0)
(3 -2.66987e-15 0)
(3 1.07438e-15 0)
(3 3.63258e-15 0)
(3 -6.01982e-16 0)
(3 -1.51808e-15 0)
(3 -8.04074e-17 0)
(3 3.16692e-15 0)
(3 -1.27624e-15 0)
(3 8.95988e-16 0)
(3 1.95322e-15 0)
(3 -1.18695e-15 0)
(3 2.62311e-15 0)
(3 2.355e-16 0)
(3 -3.09243e-15 0)
(3 -9.87717e-16 0)
(3 -2.65652e-15 0)
(3 1.71346e-15 0)
(3 3.3246e-15 0)
(3 -2.3599e-15 0)
(3 -1.24357e-15 0)
(3 2.53332e-17 0)
(3 2.68924e-15 0)
(3 2.67495e-16 0)
(3 1.04566e-15 0)
(3 1.54822e-15 0)
(3 -1.30861e-15 0)
(3 2.70254e-15 0)
(3 7.5719e-16 0)
(3 -3.48377e-15 0)
(3 -1.65244e-15 0)
(3 -2.55879e-15 0)
(3 2.30831e-15 0)
(3 2.45612e-15 0)
(3 -2.84811e-15 0)
(3 -9.82594e-16 0)
(3 9.46471e-17 0)
(3 -1.24188e-06 0)
(3 -1.42388e-08 0)
(3 7.59412e-11 0)
(3 1.25555e-11 0)
(3 3.9675e-13 0)
(3 2.9491e-15 0)
(3 1.69435e-16 0)
(3 -3.85429e-15 0)
(3 -2.04295e-15 0)
(3 -2.48089e-15 0)
(3 2.56158e-15 0)
(3 1.77158e-15 0)
(3 -3.22913e-15 0)
(3 -9.77366e-16 0)
(3 7.75805e-17 0)
(3.00001 2.1772e-05 0)
(3 -1.20427e-07 0)
(3 -2.37609e-08 0)
(3 -1.15241e-09 0)
(3 -8.88564e-13 0)
(3 1.72946e-14 0)
(3 2.76135e-15 0)
(3 -3.17174e-15 0)
(3 -2.5115e-15 0)
(3 -2.29141e-15 0)
(3 2.35463e-15 0)
(3 1.74616e-15 0)
(3 -3.32377e-15 0)
(3 -1.02625e-15 0)
(3 9.12075e-17 0)
(3.00075 0.00155236 0)
(3.00003 0.000107377 0)
(3 3.44834e-06 0)
(3 -2.62357e-08 0)
(3 -1.12992e-10 0)
(3 -1.88171e-11 0)
(3 -2.78338e-13 0)
(3 -4.15819e-15 0)
(3 -2.60353e-15 0)
(3 -1.9002e-15 0)
(3 2.71765e-15 0)
(3 1.37548e-15 0)
(3 -3.38574e-15 0)
(3 -1.15796e-15 0)
(3 7.98052e-17 0)
(2.99301 -0.0508113 0)
(2.99996 -0.00117713 0)
(3 5.8013e-07 0)
(3 4.49141e-07 0)
(3 6.82448e-09 0)
(3 -7.13654e-12 0)
(3 -2.71102e-12 0)
(3 -1.6321e-13 0)
(3 -9.61723e-15 0)
(3 -1.7708e-15 0)
(3 2.79142e-15 0)
(3 1.39e-15 0)
(3 -3.31657e-15 0)
(3 -1.46369e-15 0)
(3 6.75365e-17 0)
(2.56896 -0.579106 0)
(2.99201 -0.0370189 0)
(3.00025 -0.000342536 0)
(3 7.68217e-07 0)
(3 2.09094e-07 0)
(3 9.1873e-09 0)
(3 1.57227e-10 0)
(3 1.71476e-12 0)
(3 -9.24233e-15 0)
(3 -5.29582e-15 0)
(3 2.30572e-15 0)
(3 1.44572e-15 0)
(3 -3.06477e-15 0)
(3 -1.89533e-15 0)
(3 3.00805e-17 0)
(2.18013 -0.899887 0)
(2.6642 -0.45868 0)
(2.98505 -0.0336286 0)
(3.00001 -0.000341824 0)
(3 -3.0257e-06 0)
(3 -2.60493e-08 0)
(3 -2.02906e-10 0)
(3 -1.98263e-11 0)
(3 -3.76459e-13 0)
(3 -1.0495e-14 0)
(3 4.23971e-15 0)
(3 1.64472e-15 0)
(3 -2.79381e-15 0)
(3 -2.07596e-15 0)
(3 -2.7889e-16 0)
(2.17952 -0.878966 0)
(2.42078 -0.735553 0)
(2.84463 -0.273753 0)
(2.9951 -0.0161006 0)
(3.00001 -7.54e-05 0)
(3 1.18446e-06 0)
(3 6.54704e-09 0)
(3 9.31554e-10 0)
(3 3.33398e-11 0)
(3 3.18708e-13 0)
(3 1.12624e-14 0)
(3 1.64402e-15 0)
(3 -2.75417e-15 0)
(3 -2.23934e-15 0)
(3 -4.79383e-16 0)
(2.20306 -0.810237 0)
(2.2496 -0.805314 0)
(2.59297 -0.551302 0)
(2.94689 -0.116994 0)
(2.99896 -0.00524413 0)
(2.99998 -8.00688e-05 0)
(3 -9.7589e-07 0)
(3 -1.40348e-08 0)
(3 -1.57579e-10 0)
(3 -1.68706e-12 0)
(3 -1.22106e-14 0)
(3 1.67026e-15 0)
(3 -1.96777e-15 0)
(3 -2.35979e-15 0)
(3 -5.06164e-16 0)
(2.28789 -0.643808 0)
(2.25698 -0.788706 0)
(2.39093 -0.744465 0)
(2.77664 -0.375792 0)
(2.99125 -0.0335025 0)
(3.00009 -0.000405809 0)
(3 1.59541e-06 0)
(3 8.0596e-08 0)
(3 1.39985e-08 0)
(3 5.32481e-10 0)
(3 6.45091e-12 0)
(3 5.11494e-14 0)
(3 -1.10556e-15 0)
(3 -2.67112e-15 0)
(3 -5.2206e-16 0)
(2.4137 -0.423958 0)
(2.27197 -0.710006 0)
(2.34561 -0.734083 0)
(2.54597 -0.599313 0)
(2.85224 -0.247461 0)
(2.98631 -0.0327192 0)
(2.99954 -0.00159029 0)
(2.99999 -3.82649e-05 0)
(3 -5.58114e-07 0)
(3 -5.47597e-09 0)
(3 -3.84767e-11 0)
(3 -1.87468e-13 0)
(3 -1.78959e-15 0)
(3 -3.11469e-15 0)
(3 -5.67652e-16 0)
(2.51348 -0.132599 0)
(2.33789 -0.585196 0)
(2.35842 -0.711886 0)
(2.45237 -0.685389 0)
(2.75169 -0.412171 0)
(2.96911 -0.0738542 0)
(2.99888 -0.00355902 0)
(2.99998 -7.19885e-05 0)
(3 -1.03812e-06 0)
(3 -1.12637e-08 0)
(3 -9.16809e-11 0)
(3 -5.44676e-13 0)
(3 -4.63801e-15 0)
(3 -4.51429e-15 0)
(3 -1.73921e-15 0)
(2.59796 0.0261264 0)
(2.45435 -0.361021 0)
(2.41328 -0.618756 0)
(2.46885 -0.680044 0)
(2.60598 -0.601498 0)
(2.86646 -0.279787 0)
(2.99039 -0.0267771 0)
(2.9998 -0.000584772 0)
(3 -5.68029e-06 0)
(3 -4.72572e-08 0)
(3 -3.62432e-10 0)
(3 -2.40055e-12 0)
(3 -1.51588e-14 0)
(3 -2.82033e-15 0)
(3 -1.50067e-15 0)
(2.59937 -0.0662793 0)
(2.5477 -0.10917 0)
(2.50078 -0.46069 0)
(2.5076 -0.649606 0)
(2.60316 -0.60683 0)
(2.78074 -0.438274 0)
(2.95441 -0.12074 0)
(2.9982 -0.00522973 0)
(2.99998 -5.98703e-05 0)
(3 -3.96572e-07 0)
(3 -2.31307e-09 0)
(3 -1.27125e-11 0)
(3 -6.68958e-14 0)
(3 6.28102e-16 0)
(3 1.36946e-15 0)
(2.63804 0.081564 0)
(2.62019 0.104918 0)
(2.55939 -0.353277 0)
(2.57817 -0.556593 0)
(2.63041 -0.598332 0)
(2.7403 -0.529962 0)
(2.91079 -0.253142 0)
(2.99112 -0.0289176 0)
(2.99981 -0.000554245 0)
(3 -4.0048e-06 0)
(3 -2.13152e-08 0)
(3 -1.00851e-10 0)
(3 -4.46691e-13 0)
(3 8.80889e-16 0)
(3 2.7144e-15 0)
(2.69436 0.285824 0)
(2.68159 0.118921 0)
(2.68636 -0.0738134 0)
(2.64794 -0.443982 0)
(2.67972 -0.568919 0)
(2.75847 -0.522944 0)
(2.85819 -0.389253 0)
(2.97107 -0.092901 0)
(2.99884 -0.00372391 0)
(2.99999 -3.506e-05 0)
(3 -1.88344e-07 0)
(3 -8.4722e-10 0)
(3 -3.42141e-12 0)
(3 -1.09995e-14 0)
(3 1.34081e-15 0)
(2.79174 0.366646 0)
(2.72327 0.0555445 0)
(2.75401 0.0936841 0)
(2.74322 -0.253596 0)
(2.74968 -0.500861 0)
(2.80581 -0.500651 0)
(2.88445 -0.424241 0)
(2.95704 -0.177831 0)
(2.99606 -0.0142076 0)
(2.99994 -0.000206866 0)
(3 -1.23087e-06 0)
(3 -5.58258e-09 0)
(3 -2.20945e-11 0)
(3 -7.70406e-14 0)
(3 5.90851e-16 0)
(2.89997 0.365328 0)
(2.80873 0.178336 0)
(2.8256 0.107413 0)
(2.81167 -0.164171 0)
(2.8297 -0.401115 0)
(2.86901 -0.463803 0)
(2.91034 -0.40997 0)
(2.95439 -0.244486 0)
(2.99232 -0.0363612 0)
(2.99979 -0.00085274 0)
(3 -5.8886e-06 0)
(3 -2.70692e-08 0)
(3 -1.06495e-10 0)
(3 -3.67849e-13 0)
(3 -1.08707e-15 0)
(2.90533 0.482227 0)
(2.89776 0.369782 0)
(2.89601 0.151924 0)
(2.89165 -0.0341818 0)
(2.91622 -0.293376 0)
(2.93953 -0.411305 0)
(2.95909 -0.370509 0)
(2.9845 -0.248252 0)
(2.99401 -0.0578588 0)
(2.99966 -0.00214715 0)
(3 -1.82495e-05 0)
(3 -8.76182e-08 0)
(3 -3.4864e-10 0)
(3 -1.22428e-12 0)
(3 -3.43146e-15 0)
(2.91441 0.532909 0)
(2.94023 0.493882 0)
(2.9701 0.210063 0)
(3.00423 0.153997 0)
(2.98321 -0.181883 0)
(3.01018 -0.331669 0)
(3.00964 -0.316564 0)
(2.99921 -0.23162 0)
(2.99783 -0.0627726 0)
(2.99982 -0.00300834 0)
(3 -3.03035e-05 0)
(3 -1.53834e-07 0)
(3 -6.25654e-10 0)
(3 -2.13611e-12 0)
(3 2.84992e-15 0)
(2.94079 0.598005 0)
(2.98022 0.535761 0)
(2.98362 0.2215 0)
(3.04347 0.206649 0)
(3.07677 -0.0663504 0)
(3.07112 -0.243864 0)
(3.05185 -0.251806 0)
(3.02117 -0.193761 0)
(3.00074 -0.0566774 0)
(2.99991 -0.00292739 0)
(3 -3.06266e-05 0)
(3 -1.57369e-07 0)
(3 -6.45092e-10 0)
(3 -2.11109e-12 0)
(3 3.51821e-14 0)
(2.97856 0.630712 0)
(3.02164 0.561542 0)
(3.00748 0.229976 0)
(3.08242 0.237163 0)
(3.10254 -0.0358795 0)
(3.10197 -0.173298 0)
(3.07574 -0.184705 0)
(3.03549 -0.139899 0)
(3.00504 -0.0392721 0)
(3.00015 -0.00208869 0)
(3 -2.32127e-05 0)
(3 -1.2416e-07 0)
(3 -5.21591e-10 0)
(3 -1.3863e-12 0)
(3 1.12719e-13 0)
(2.98455 0.589845 0)
(3.0239 0.559221 0)
(3.01351 0.230842 0)
(3.09235 0.213749 0)
(3.10586 -0.0224229 0)
(3.103 -0.120943 0)
(3.07551 -0.124083 0)
(3.03224 -0.0805667 0)
(3.00532 -0.0176565 0)
(3.00021 -0.000819143 0)
(3 -9.35615e-06 0)
(3 -5.43518e-08 0)
(3 -2.41097e-10 0)
(3 1.73966e-13 0)
(3 2.47166e-13 0)
(2.93614 0.458641 0)
(2.9901 0.467225 0)
(3.00293 0.212126 0)
(3.0719 0.143885 0)
(3.08285 -0.0235445 0)
(3.08053 -0.0755958 0)
(3.05169 -0.0696668 0)
(3.0171 -0.03143 0)
(3.0021 -0.00419306 0)
(3.00007 -0.000136979 0)
(3 -1.49286e-06 0)
(3 -9.5541e-09 0)
(3 -3.90687e-11 0)
(3 1.84831e-12 0)
(3 3.16072e-13 0)
(2.88854 0.306274 0)
(2.95547 0.32032 0)
(2.99071 0.161508 0)
(3.03883 0.074443 0)
(3.05945 -0.0200418 0)
(3.04418 -0.0364562 0)
(3.02036 -0.0252075 0)
(3.00413 -0.00624149 0)
(3.00027 -0.000401988 0)
(3.00001 -7.75127e-06 0)
(3 -7.44547e-08 0)
(3 -4.52777e-10 0)
(3 1.18061e-11 0)
(3 2.76097e-12 0)
(3 1.31266e-13 0)
(2.88726 0.180608 0)
(2.94529 0.185566 0)
(2.98374 0.0958917 0)
(3.01424 0.0310501 0)
(3.02254 -0.00753409 0)
(3.01278 -0.0100302 0)
(3.0035 -0.00403653 0)
(3.00034 -0.000452759 0)
(3.00001 -1.24744e-05 0)
(3 -1.36885e-07 0)
(3 -8.71664e-10 0)
(3 6.27722e-11 0)
(3 1.58777e-11 0)
(3 1.23086e-12 0)
(3 1.6798e-14 0)
(2.92177 0.0920219 0)
(2.95895 0.0858134 0)
(2.98614 0.0412131 0)
(3.00194 0.00988767 0)
(3.00319 -0.000737026 0)
(3.00136 -0.000964308 0)
(3.0002 -0.00021039 0)
(3.00001 -1.01079e-05 0)
(3 -1.32381e-07 0)
(3 -5.64344e-10 0)
(3 1.77491e-10 0)
(3 6.15235e-11 0)
(3 6.97886e-12 0)
(3 1.66575e-13 0)
(3 1.20075e-15 0)
(2.96454 0.034806 0)
(2.98217 0.026672 0)
(2.9943 0.0105686 0)
(2.99991 0.00212623 0)
(3.00011 5.87429e-05 0)
(3.00004 -1.34084e-05 0)
(3 -2.72474e-06 0)
(3 -5.40672e-08 0)
(3 5.25668e-10 0)
(3 3.1034e-10 0)
(3 1.27699e-10 0)
(3 2.34991e-11 0)
(3 9.33529e-13 0)
(3 5.83289e-15 0)
(3 3.6491e-16 0)
(2.99179 0.0071239 0)
(2.99657 0.00409744 0)
(2.99911 0.00114038 0)
(2.99993 0.000325849 0)
(3 4.03593e-05 0)
(3 6.89398e-06 0)
(3 6.82396e-07 0)
(3 2.8818e-08 0)
(3 8.72623e-10 0)
(3 1.57565e-10 0)
(3 3.35677e-11 0)
(3 2.44211e-12 0)
(3 3.08468e-14 0)
(3 1.0933e-15 0)
(3 4.91286e-16 0)
(2.99932 0.000532708 0)
(2.99979 0.000214441 0)
(2.99996 3.57693e-05 0)
(2.99998 2.48156e-05 0)
(2.99999 1.75023e-05 0)
(3 5.62539e-06 0)
(3 6.51481e-07 0)
(3 2.73937e-08 0)
(3 5.99525e-10 0)
(3 2.83555e-11 0)
(3 2.13667e-12 0)
(3 5.2437e-14 0)
(3 -1.82403e-15 0)
(3 2.28478e-16 0)
(3 7.77501e-16 0)
(2.99999 9.19827e-06 0)
(3 2.66401e-06 0)
(3 2.77756e-07 0)
(3 5.11598e-07 0)
(3 1.75912e-06 0)
(3 1.31288e-06 0)
(3 2.62122e-07 0)
(3 1.35836e-08 0)
(3 2.01296e-10 0)
(3 1.81187e-12 0)
(3 2.4243e-14 0)
(3 -1.10239e-15 0)
(3 -1.92968e-15 0)
(3 8.42595e-17 0)
(3 6.12548e-16 0)
(2.63468 0.145096 0)
(2.6878 0.221204 0)
(2.81865 0.260474 0)
(2.85097 0.407888 0)
(2.80908 0.484511 0)
(2.8555 0.4511 0)
(2.96259 0.501459 0)
(2.94223 0.574012 0)
(2.91865 0.61456 0)
(2.91571 0.677795 0)
(2.93546 0.740161 0)
(2.92611 0.684177 0)
(2.86062 0.510427 0)
(2.8248 0.319881 0)
(2.84652 0.188088 0)
(2.89964 0.108648 0)
(2.95324 0.0463799 0)
(2.98789 0.0111309 0)
(2.9988 0.00102849 0)
(2.99997 2.22238e-05 0)
(2.68423 0.310742 0)
(2.7287 0.36747 0)
(2.84053 0.39838 0)
(2.85845 0.51073 0)
(2.84168 0.57948 0)
(2.89022 0.550679 0)
(2.98346 0.622901 0)
(2.98144 0.657149 0)
(2.96081 0.680945 0)
(2.93175 0.745413 0)
(2.92107 0.757076 0)
(2.8768 0.676027 0)
(2.829 0.484942 0)
(2.80918 0.290542 0)
(2.83878 0.174018 0)
(2.88994 0.0965552 0)
(2.94542 0.0430213 0)
(2.98459 0.0110656 0)
(2.99829 0.00111241 0)
(2.99995 2.61823e-05 0)
(2.73057 0.48166 0)
(2.74606 0.525609 0)
(2.81376 0.594766 0)
(2.83129 0.679514 0)
(2.85623 0.707971 0)
(2.92004 0.683349 0)
(2.98561 0.724338 0)
(3.00046 0.74491 0)
(2.99562 0.747813 0)
(2.97921 0.75953 0)
(2.92297 0.784894 0)
(2.85256 0.663422 0)
(2.78297 0.406913 0)
(2.7799 0.236281 0)
(2.82115 0.158414 0)
(2.87749 0.100742 0)
(2.93719 0.0470527 0)
(2.98127 0.0123859 0)
(2.99775 0.00130635 0)
(2.99994 3.30003e-05 0)
(2.7506 0.636618 0)
(2.74478 0.699969 0)
(2.78341 0.73617 0)
(2.80903 0.781376 0)
(2.86346 0.80473 0)
(2.94017 0.783938 0)
(2.97684 0.761348 0)
(3.02132 0.760631 0)
(3.00285 0.774645 0)
(2.96548 0.796833 0)
(2.89414 0.717245 0)
(2.78342 0.460418 0)
(2.73581 0.283514 0)
(2.76082 0.194612 0)
(2.80715 0.142016 0)
(2.86571 0.0942603 0)
(2.92942 0.0444028 0)
(2.97816 0.0118725 0)
(2.99723 0.00132088 0)
(2.99992 3.59745e-05 0)
(2.72754 0.906905 0)
(2.75038 0.903343 0)
(2.76555 0.91004 0)
(2.79152 0.918927 0)
(2.87449 0.911314 0)
(2.94161 0.893413 0)
(2.95292 0.86324 0)
(2.96198 0.808001 0)
(2.98293 0.59234 0)
(2.93817 0.435961 0)
(2.81787 0.278393 0)
(2.72028 0.240191 0)
(2.7032 0.197198 0)
(2.73845 0.154803 0)
(2.78878 0.128818 0)
(2.85472 0.0879243 0)
(2.9227 0.040579 0)
(2.97535 0.0107209 0)
(2.99671 0.00124234 0)
(2.99989 3.64514e-05 0)
(2.72352 1.09313 0)
(2.75697 1.03054 0)
(2.74973 1.03212 0)
(2.79247 1.03042 0)
(2.86393 1.04713 0)
(2.93106 0.982654 0)
(2.9386 0.709665 0)
(2.94598 0.397975 0)
(2.88941 0.15124 0)
(2.797 0.0737937 0)
(2.69978 0.130985 0)
(2.66392 0.180004 0)
(2.67359 0.166742 0)
(2.72616 0.130354 0)
(2.77291 0.107375 0)
(2.84743 0.0709386 0)
(2.91932 0.0327387 0)
(2.97331 0.00902541 0)
(2.99625 0.00110301 0)
(2.99987 3.41625e-05 0)
(2.74254 1.22977 0)
(2.73268 1.20884 0)
(2.74266 1.17187 0)
(2.79758 1.16064 0)
(2.8511 1.08526 0)
(2.86654 0.659894 0)
(2.76032 0.250348 0)
(2.642 0.0015536 0)
(2.6058 -0.0104069 0)
(2.56815 0.0567598 0)
(2.56201 0.118573 0)
(2.59955 0.141591 0)
(2.64157 0.130385 0)
(2.7117 0.106051 0)
(2.75761 0.0846711 0)
(2.83571 0.0577513 0)
(2.91627 0.0260831 0)
(2.97254 0.00647184 0)
(2.99603 0.000736156 0)
(2.99986 2.22807e-05 0)
(2.72051 1.46711 0)
(2.68237 1.43969 0)
(2.69234 1.33344 0)
(2.72011 1.00007 0)
(2.83232 0.618399 0)
(2.57954 0.112931 0)
(2.38834 -0.0302215 0)
(2.31799 -0.0292695 0)
(2.32262 0.0230014 0)
(2.37839 0.083475 0)
(2.47547 0.113432 0)
(2.54006 0.106568 0)
(2.60941 0.0909669 0)
(2.69044 0.0772867 0)
(2.75035 0.0598345 0)
(2.83621 0.0414989 0)
(2.91854 0.0183844 0)
(2.97321 0.00455597 0)
(2.99605 0.000496602 0)
(2.99985 1.47912e-05 0)
(2.35229 0.838482 0)
(2.35821 0.589815 0)
(2.46338 0.491193 0)
(2.49385 0.253765 0)
(2.42901 0.00975788 0)
(2.25934 -0.0171764 0)
(2.17209 -0.0487774 0)
(2.1205 -0.0334794 0)
(2.10794 0.0271741 0)
(2.21714 0.0698754 0)
(2.40869 0.0851038 0)
(2.48624 0.0746135 0)
(2.58102 0.0607881 0)
(2.66838 0.050164 0)
(2.73786 0.037597 0)
(2.83349 0.0248885 0)
(2.91824 0.0106361 0)
(2.97313 0.00256358 0)
(2.996 0.000270585 0)
(2.99985 7.4972e-06 0)
(1.99198 0.185049 0)
(2.11764 0.147383 0)
(2.29572 0.163038 0)
(2.33478 0.0658837 0)
(2.28367 0.0231976 0)
(2.19518 -0.00471412 0)
(2.05244 -0.0194578 0)
(1.99821 -0.0133239 0)
(2.00191 0.0117104 0)
(2.13239 0.030947 0)
(2.34802 0.0310097 0)
(2.49549 0.0288833 0)
(2.58037 0.0245443 0)
(2.67478 0.0210203 0)
(2.7461 0.0161607 0)
(2.83911 0.0101697 0)
(2.92189 0.00403043 0)
(2.97421 0.000902307 0)
(2.9961 9.17182e-05 0)
(2.99985 2.68056e-06 0)
)
;

boundaryField
{
    inlet
    {
        type            fixedValue;
        value           uniform (3 0 0);
    }
    outlet
    {
        type            inletOutlet;
        inletValue      uniform (3 0 0);
        value           nonuniform List<vector> 
50
(
(2.99999 -9.10834e-06 0)
(3 -2.67795e-06 0)
(3 -2.86501e-07 0)
(3 -5.1884e-07 0)
(3 -1.75265e-06 0)
(3 -1.3044e-06 0)
(3 -2.61143e-07 0)
(3 -1.36006e-08 0)
(3 -2.0215e-10 0)
(3 -1.82814e-12 0)
(3 -2.62815e-14 0)
(3 9.19101e-16 0)
(3 2.19027e-15 0)
(3 3.60514e-16 0)
(3 -1.10536e-16 0)
(2.99985 -3.05339e-06 0)
(2.99985 -6.92832e-06 0)
(2.99985 -1.41051e-05 0)
(2.99986 -2.45925e-05 0)
(2.99987 -3.12035e-05 0)
(2.99989 -3.76299e-05 0)
(2.99992 -3.59419e-05 0)
(2.99994 -3.31901e-05 0)
(2.99996 -2.58063e-05 0)
(2.99997 -2.19193e-05 0)
(2.99997 2.22238e-05 0)
(2.99995 2.61823e-05 0)
(2.99994 3.30003e-05 0)
(2.99992 3.59745e-05 0)
(2.99989 3.64514e-05 0)
(2.99987 3.41625e-05 0)
(2.99986 2.22807e-05 0)
(2.99985 1.47912e-05 0)
(2.99985 7.4972e-06 0)
(2.99985 2.68056e-06 0)
(2.99999 9.19827e-06 0)
(3 2.66401e-06 0)
(3 2.77756e-07 0)
(3 5.11598e-07 0)
(3 1.75912e-06 0)
(3 1.31288e-06 0)
(3 2.62122e-07 0)
(3 1.35836e-08 0)
(3 2.01296e-10 0)
(3 1.81187e-12 0)
(3 2.4243e-14 0)
(3 -1.10239e-15 0)
(3 -1.92968e-15 0)
(3 8.42595e-17 0)
(3 6.12548e-16 0)
)
;
    }
    airfoil
    {
        type            slip;
    }
    top
    {
        type            symmetryPlane;
    }
    bottom
    {
        type            symmetryPlane;
    }
    defaultFaces
    {
        type            empty;
    }
}


// ************************************************************************* //
