/*--------------------------------*- C++ -*----------------------------------*\
  =========                 |
  \\      /  F ield         | OpenFOAM: The Open Source CFD Toolbox
   \\    /   O peration     | Website:  https://openfoam.org
    \\  /    A nd           | Version:  7
     \\/     M anipulation  |
\*---------------------------------------------------------------------------*/
FoamFile
{
    version     2.0;
    format      ascii;
    class       volVectorField;
    location    "4.3";
    object      U;
}
// * * * * * * * * * * * * * * * * * * * * * * * * * * * * * * * * * * * * * //

dimensions      [0 1 -1 0 0 0 0];

internalField   nonuniform List<vector> 
3700
(
(1.40493 -0.482103 0)
(1.37254 -0.576351 0)
(1.38273 -0.340861 0)
(1.48062 -0.383354 0)
(1.47419 -0.296506 0)
(1.4911 -0.153358 0)
(1.52967 -0.133855 0)
(1.53419 -0.214202 0)
(1.54113 -0.376503 0)
(1.49684 -0.379109 0)
(1.45176 -0.317496 0)
(1.44079 -0.169237 0)
(1.51786 -0.0565093 0)
(1.61153 -0.0625938 0)
(1.68455 -0.125815 0)
(1.73401 -0.145203 0)
(1.74881 -0.108637 0)
(1.79064 -0.0791796 0)
(1.85592 -0.106124 0)
(1.92929 -0.250072 0)
(1.94016 -1.33515 0)
(1.84105 -1.28751 0)
(1.85781 -1.11732 0)
(1.95392 -1.18682 0)
(1.94836 -1.2833 0)
(1.84277 -1.15792 0)
(1.81506 -1.12716 0)
(1.86483 -1.45451 0)
(1.86271 -1.76844 0)
(1.79832 -1.65226 0)
(1.74812 -1.55166 0)
(1.76334 -1.25645 0)
(1.85138 -1.05665 0)
(2.00518 -0.978582 0)
(2.09104 -0.987457 0)
(2.18808 -1.01355 0)
(2.22049 -0.982792 0)
(2.27671 -0.964144 0)
(2.35974 -1.01362 0)
(2.45539 -1.24515 0)
(1.78695 -1.29359 0)
(1.84751 -1.27822 0)
(1.91134 -1.30544 0)
(1.97111 -1.44522 0)
(1.98151 -1.83807 0)
(1.92092 -2.14936 0)
(1.98582 -2.2512 0)
(1.99206 -2.21779 0)
(2.01772 -2.19118 0)
(2.10706 -2.07585 0)
(2.10468 -2.12757 0)
(2.19493 -1.99722 0)
(2.2506 -1.92591 0)
(2.31727 -1.87865 0)
(2.39642 -1.8133 0)
(2.50895 -1.76319 0)
(2.60569 -1.69064 0)
(2.68202 -1.62169 0)
(2.71883 -1.57032 0)
(2.6976 -1.56966 0)
(1.64649 -1.35654 0)
(1.66664 -1.44169 0)
(1.69589 -1.67027 0)
(1.70565 -1.97055 0)
(1.70183 -2.14508 0)
(1.80909 -2.26242 0)
(1.86218 -2.27591 0)
(2.00296 -2.11327 0)
(2.09323 -2.08903 0)
(2.30188 -1.93328 0)
(2.33582 -1.94995 0)
(2.39351 -1.87698 0)
(2.40503 -1.84386 0)
(2.3931 -1.81782 0)
(2.43427 -1.72016 0)
(2.51792 -1.64585 0)
(2.57679 -1.50854 0)
(2.68029 -1.41032 0)
(2.76085 -1.25523 0)
(2.84246 -1.17492 0)
(1.40981 -1.27592 0)
(1.48677 -1.53145 0)
(1.57679 -1.88205 0)
(1.56223 -2.1296 0)
(1.53266 -2.27542 0)
(1.61098 -2.26919 0)
(1.82159 -2.16689 0)
(2.00721 -1.88547 0)
(2.11286 -1.87307 0)
(2.32303 -1.84352 0)
(2.46022 -1.65085 0)
(2.53379 -1.6091 0)
(2.58539 -1.54821 0)
(2.56404 -1.58937 0)
(2.58178 -1.53809 0)
(2.5757 -1.54235 0)
(2.58159 -1.4033 0)
(2.62125 -1.32757 0)
(2.69266 -1.26495 0)
(2.79574 -1.01981 0)
(1.2465 -1.20789 0)
(1.40285 -1.602 0)
(1.5393 -1.97943 0)
(1.52486 -2.25387 0)
(1.65971 -2.31634 0)
(1.82662 -2.22524 0)
(1.89977 -2.10328 0)
(1.98543 -1.91573 0)
(2.03873 -1.85866 0)
(2.24393 -1.7484 0)
(2.3904 -1.56592 0)
(2.57549 -1.50622 0)
(2.66887 -1.31495 0)
(2.72297 -1.25367 0)
(2.74066 -1.16255 0)
(2.722 -1.18669 0)
(2.70382 -1.15558 0)
(2.68615 -1.08102 0)
(2.6752 -1.14938 0)
(2.7146 -0.967027 0)
(1.15417 -1.22332 0)
(1.31856 -1.7539 0)
(1.59795 -2.105 0)
(1.79182 -2.33267 0)
(2.03958 -2.31521 0)
(2.10073 -2.25903 0)
(2.12407 -2.03336 0)
(2.10263 -1.90969 0)
(2.11383 -1.8435 0)
(2.21156 -1.75597 0)
(2.33967 -1.5597 0)
(2.50517 -1.47146 0)
(2.57367 -1.25838 0)
(2.72647 -1.17382 0)
(2.75285 -0.943324 0)
(2.7975 -0.7974 0)
(2.77857 -0.722608 0)
(2.77402 -0.637801 0)
(2.72712 -0.775812 0)
(2.70957 -0.712479 0)
(1.09919 -1.35532 0)
(1.38373 -2.00411 0)
(1.77848 -2.22879 0)
(2.08528 -2.35718 0)
(2.3504 -2.24023 0)
(2.44075 -2.13498 0)
(2.41614 -1.81672 0)
(2.3819 -1.72592 0)
(2.40086 -1.72543 0)
(2.41263 -1.65597 0)
(2.45949 -1.51736 0)
(2.52841 -1.38927 0)
(2.55944 -1.20499 0)
(2.65045 -1.12589 0)
(2.68523 -0.925455 0)
(2.75402 -0.783326 0)
(2.79227 -0.615348 0)
(2.81044 -0.399318 0)
(2.76116 -0.38958 0)
(2.71558 -0.382313 0)
(1.17867 -1.5803 0)
(1.55045 -2.21688 0)
(1.98264 -2.3828 0)
(2.19226 -2.39555 0)
(2.4082 -2.17776 0)
(2.5062 -2.01082 0)
(2.61854 -1.62343 0)
(2.66738 -1.50655 0)
(2.67751 -1.43263 0)
(2.73076 -1.26206 0)
(2.70833 -1.29391 0)
(2.71784 -1.09126 0)
(2.67444 -1.00436 0)
(2.68603 -0.909354 0)
(2.68623 -0.773101 0)
(2.69847 -0.668601 0)
(2.73258 -0.567291 0)
(2.74468 -0.384005 0)
(2.73197 -0.210644 0)
(2.68334 -0.103922 0)
(1.36235 -1.80113 0)
(1.71248 -2.38545 0)
(1.97179 -2.33452 0)
(2.08041 -2.29865 0)
(2.15005 -2.03548 0)
(2.23135 -1.84149 0)
(2.43744 -1.53539 0)
(2.52562 -1.47637 0)
(2.68962 -1.33093 0)
(2.75308 -0.939641 0)
(2.79541 -0.836909 0)
(2.79231 -0.614302 0)
(2.77282 -0.569528 0)
(2.75695 -0.459367 0)
(2.73822 -0.394465 0)
(2.70706 -0.353678 0)
(2.68712 -0.32599 0)
(2.68947 -0.29419 0)
(2.64836 -0.126315 0)
(2.61564 0.0266993 0)
(1.46219 -1.88058 0)
(1.70512 -2.39357 0)
(1.82088 -2.22101 0)
(1.84551 -2.06931 0)
(2.0033 -1.89996 0)
(2.12326 -1.61711 0)
(2.24837 -1.49148 0)
(2.34303 -1.36045 0)
(2.42385 -1.24492 0)
(2.52216 -1.01977 0)
(2.64083 -0.805993 0)
(2.68288 -0.534416 0)
(2.70993 -0.337924 0)
(2.70983 -0.158187 0)
(2.67882 -0.00105487 0)
(2.65544 0.0433058 0)
(2.62952 0.0854464 0)
(2.61937 -0.00684538 0)
(2.55601 0.0925449 0)
(2.58531 0.0555678 0)
(1.45382 -1.88113 0)
(1.62318 -2.33104 0)
(1.70622 -2.10438 0)
(1.83338 -1.9374 0)
(2.02008 -1.82994 0)
(2.22054 -1.40227 0)
(2.23318 -1.40206 0)
(2.35379 -1.23227 0)
(2.43353 -1.01019 0)
(2.47294 -0.887187 0)
(2.54583 -0.692426 0)
(2.58364 -0.480721 0)
(2.61113 -0.289453 0)
(2.63826 -0.12557 0)
(2.58806 0.105105 0)
(2.57667 0.214667 0)
(2.51912 0.369986 0)
(2.4877 0.338098 0)
(2.4403 0.361833 0)
(2.47037 0.284895 0)
(1.32902 -1.79458 0)
(1.61038 -2.1413 0)
(1.8061 -1.92822 0)
(2.00742 -1.41544 0)
(2.13645 -1.50941 0)
(2.27706 -1.03981 0)
(2.37689 -1.09675 0)
(2.52749 -0.819091 0)
(2.56338 -0.486982 0)
(2.5877 -0.418602 0)
(2.59792 -0.227284 0)
(2.5894 -0.0877145 0)
(2.56416 0.0365045 0)
(2.5456 0.126099 0)
(2.49009 0.252613 0)
(2.4804 0.305305 0)
(2.41493 0.434471 0)
(2.35382 0.542684 0)
(2.29451 0.607443 0)
(2.30377 0.558309 0)
(1.08534 -1.61067 0)
(1.76995 -1.87467 0)
(1.91934 -1.72472 0)
(1.99924 -1.06631 0)
(2.12214 -1.14649 0)
(2.41574 -0.719117 0)
(2.57487 -0.483563 0)
(2.59511 -0.168423 0)
(2.59352 -0.0847389 0)
(2.56974 0.0936882 0)
(2.54799 0.24137 0)
(2.49486 0.386499 0)
(2.44999 0.477122 0)
(2.39493 0.557531 0)
(2.34762 0.588695 0)
(2.31554 0.589642 0)
(2.27205 0.619463 0)
(2.23468 0.665394 0)
(2.16628 0.7587 0)
(2.1285 0.797011 0)
(0.927531 -1.36292 0)
(1.7154 -1.81686 0)
(2.17754 -1.46209 0)
(2.24761 -0.761313 0)
(2.51523 -0.293254 0)
(2.48201 -0.638364 0)
(2.52658 -0.429367 0)
(2.50093 -0.0902102 0)
(2.47088 0.025112 0)
(2.46193 0.201938 0)
(2.42558 0.388928 0)
(2.34794 0.572086 0)
(2.29098 0.688042 0)
(2.20955 0.802677 0)
(2.15391 0.845582 0)
(2.11047 0.85912 0)
(2.07062 0.895042 0)
(2.06878 0.888829 0)
(2.04302 0.91889 0)
(2.06058 0.948364 0)
(1.28806 -1.15157 0)
(1.52107 -1.78027 0)
(2.19437 -0.862419 0)
(2.39784 -0.599794 0)
(2.46624 -0.28681 0)
(2.45777 -0.25758 0)
(2.42822 0.0317455 0)
(2.38519 0.217415 0)
(2.32461 0.389321 0)
(2.30615 0.533764 0)
(2.2211 0.695425 0)
(2.1494 0.810474 0)
(2.0918 0.883339 0)
(2.03126 0.953237 0)
(1.98688 0.973203 0)
(1.95008 0.997411 0)
(1.95475 1.01989 0)
(1.96887 0.99756 0)
(1.99513 0.995475 0)
(2.07237 0.9764 0)
(1.41589 -0.50235 0)
(1.94128 -0.761314 0)
(2.34704 0.0994086 0)
(2.29946 -0.0826109 0)
(2.35444 -0.0403228 0)
(2.35675 0.305583 0)
(2.28269 0.56285 0)
(2.18758 0.719173 0)
(2.13113 0.792189 0)
(2.06981 0.916782 0)
(1.96833 1.01835 0)
(1.91461 1.06734 0)
(1.88522 1.08281 0)
(1.87007 1.09158 0)
(1.87142 1.05842 0)
(1.89628 1.05023 0)
(1.96154 1.02271 0)
(2.16503 0.904146 0)
(2.38287 0.793269 0)
(2.77981 0.441475 0)
(1.10544 -0.0790452 0)
(1.84769 -0.137854 0)
(2.26382 0.0606926 0)
(2.23637 0.521856 0)
(2.21044 0.68134 0)
(2.14028 0.796593 0)
(2.05149 0.898587 0)
(1.96129 0.973065 0)
(1.90987 1.03543 0)
(1.84318 1.12551 0)
(1.78907 1.15681 0)
(1.7924 1.15179 0)
(1.81201 1.13165 0)
(1.84904 1.09001 0)
(2.03437 0.956844 0)
(2.2544 0.834159 0)
(2.66399 0.508015 0)
(3.03746 0.0926856 0)
(3.05542 -0.0239197 0)
(3.00402 -0.00466377 0)
(1.03471 0.00635291 0)
(1.92669 0.798425 0)
(2.0908 0.893082 0)
(2.00661 0.959324 0)
(1.97735 0.982621 0)
(1.87491 1.0897 0)
(1.78726 1.14406 0)
(1.75434 1.14672 0)
(1.75223 1.16246 0)
(1.73106 1.20318 0)
(1.71711 1.1948 0)
(1.86963 1.06655 0)
(2.10149 0.881852 0)
(2.49878 0.57705 0)
(2.98263 0.138088 0)
(3.07389 -0.0293337 0)
(3.00827 -0.00778969 0)
(3.00295 -0.00385275 0)
(3.00123 -0.0021963 0)
(3.00008 -0.000484351 0)
(1.16753 0.7568 0)
(1.82199 1.15984 0)
(1.84704 1.1418 0)
(1.74765 1.19035 0)
(1.71851 1.20218 0)
(1.66626 1.24504 0)
(1.6528 1.21509 0)
(1.71945 1.16428 0)
(1.74847 1.22927 0)
(1.78436 1.14028 0)
(2.27038 0.740239 0)
(2.85895 0.20784 0)
(3.09716 -0.0284524 0)
(3.02091 -0.0125727 0)
(3.00474 -0.00556456 0)
(3.00192 -0.0030849 0)
(3.00005 -0.000598642 0)
(2.99998 -2.41779e-05 0)
(2.99999 1.43644e-05 0)
(3 5.90899e-06 0)
(1.57879 1.25505 0)
(1.5839 1.26059 0)
(1.59445 1.26444 0)
(1.6061 1.26351 0)
(1.61931 1.24644 0)
(1.59851 1.26441 0)
(1.88944 1.15559 0)
(2.95005 0.376647 0)
(3.36024 -0.604978 0)
(3 8.61794e-11 0)
(3 4.34532e-12 0)
(3 -1.46225e-11 0)
(3 6.29896e-10 0)
(3 -5.75325e-10 0)
(3 8.57803e-13 0)
(3 8.54167e-13 0)
(3 2.7109e-13 0)
(3 7.50742e-14 0)
(3 4.2072e-14 0)
(3 -3.59551e-14 0)
(1.57226 1.2423 0)
(1.58768 1.25626 0)
(1.60112 1.26399 0)
(1.60527 1.26096 0)
(1.67289 1.24047 0)
(1.73765 1.22467 0)
(2.29094 0.717278 0)
(3.00056 0.00969339 0)
(3 -8.49114e-09 0)
(3 8.35102e-11 0)
(3 -6.10471e-13 0)
(3 6.3854e-15 0)
(3 -4.54531e-13 0)
(3 4.20157e-13 0)
(3 -2.08131e-15 0)
(3 -5.93794e-16 0)
(3 6.25117e-16 0)
(3 -2.26307e-16 0)
(3 1.06575e-15 0)
(3 -1.08506e-16 0)
(1.5795 1.25351 0)
(1.5972 1.25755 0)
(1.59826 1.2665 0)
(1.57253 1.29226 0)
(1.75466 1.19711 0)
(2.26432 0.801378 0)
(3.00098 -0.00401441 0)
(3.00005 -0.000320089 0)
(3 -1.21792e-08 0)
(3 1.42536e-10 0)
(3 -2.27943e-13 0)
(3 -1.60294e-16 0)
(3 -2.0293e-15 0)
(3 -4.77144e-15 0)
(3 -1.38386e-15 0)
(3 -1.05158e-15 0)
(3 6.01153e-16 0)
(3 4.88765e-16 0)
(3 -9.11571e-16 0)
(3 4.45211e-16 0)
(1.58412 1.25731 0)
(1.60228 1.26192 0)
(1.62117 1.26593 0)
(1.58152 1.33344 0)
(1.82594 1.12113 0)
(2.70332 0.263992 0)
(3.00461 -0.000354681 0)
(2.99993 5.94519e-05 0)
(3 -1.22422e-07 0)
(3 4.17975e-10 0)
(3 4.27588e-14 0)
(3 -7.36571e-15 0)
(3 -3.28752e-15 0)
(3 -2.93508e-15 0)
(3 -3.28689e-15 0)
(3 -1.89406e-15 0)
(3 -5.43581e-16 0)
(3 8.83346e-17 0)
(3 -2.04962e-16 0)
(3 2.58266e-16 0)
(1.5869 1.26896 0)
(1.60629 1.26644 0)
(1.63722 1.2574 0)
(1.70126 1.2185 0)
(2.34895 0.637936 0)
(3.02164 -0.0205846 0)
(2.99972 9.58102e-05 0)
(3 -4.13587e-06 0)
(3 6.34271e-08 0)
(3 -6.34547e-10 0)
(3 1.43792e-12 0)
(3 -1.09691e-14 0)
(3 -1.79929e-15 0)
(3 -3.25586e-15 0)
(3 -3.00798e-15 0)
(3 -2.78514e-15 0)
(3 -1.33574e-15 0)
(3 -5.35909e-17 0)
(3 -8.11198e-17 0)
(3 2.11908e-16 0)
(1.58492 1.28321 0)
(1.58621 1.27638 0)
(1.64601 1.24404 0)
(1.88124 1.08123 0)
(2.74895 0.218287 0)
(3 -5.72852e-10 0)
(3 1.37013e-08 0)
(3 -1.22564e-08 0)
(3 4.25403e-10 0)
(3 2.68687e-12 0)
(3 -1.03827e-13 0)
(3 -1.3341e-15 0)
(3 -2.88589e-15 0)
(3 -2.37472e-15 0)
(3 -2.82218e-15 0)
(3 -3.32641e-15 0)
(3 -1.56053e-15 0)
(3 -6.39248e-16 0)
(3 1.24546e-16 0)
(3 -1.74925e-17 0)
(1.58372 1.29499 0)
(1.54629 1.28718 0)
(1.65191 1.24127 0)
(2.07986 0.868168 0)
(3.01348 -0.00892432 0)
(3 -1.58547e-12 0)
(3 -2.10698e-11 0)
(3 2.64769e-11 0)
(3 -2.9512e-12 0)
(3 -8.81502e-15 0)
(3 -3.7354e-15 0)
(3 -4.84002e-15 0)
(3 -4.79958e-15 0)
(3 -2.49695e-15 0)
(3 -2.44697e-15 0)
(3 -3.11528e-15 0)
(3 -2.50308e-15 0)
(3 -2.09544e-15 0)
(3 -6.72142e-16 0)
(3 -2.52658e-18 0)
(1.58495 1.32481 0)
(1.50243 1.32533 0)
(1.75187 1.19035 0)
(2.40829 0.552833 0)
(3 -3.27511e-07 0)
(3 1.22614e-14 0)
(3 2.93517e-15 0)
(3 -4.30186e-14 0)
(3 8.52567e-15 0)
(3 -4.92126e-15 0)
(3 -4.83636e-15 0)
(3 -4.90667e-15 0)
(3 -4.75974e-15 0)
(3 -3.59445e-15 0)
(3 -3.79262e-15 0)
(3 -3.16993e-15 0)
(3 -2.9028e-15 0)
(3 -3.31063e-15 0)
(3 -1.92002e-15 0)
(3 -1.10759e-15 0)
(1.58786 1.30495 0)
(1.47354 1.33899 0)
(1.98922 1.03645 0)
(2.88571 0.118722 0)
(3 -2.29656e-11 0)
(3 -1.52394e-15 0)
(3 -1.5689e-15 0)
(3 -2.94492e-15 0)
(3 -3.65864e-15 0)
(3 -4.03873e-15 0)
(3 -4.11727e-15 0)
(3 -4.31512e-15 0)
(3 -4.85477e-15 0)
(3 -3.97972e-15 0)
(3 -3.90096e-15 0)
(3 -2.72556e-15 0)
(3 -3.36573e-15 0)
(3 -3.90749e-15 0)
(3 -3.77039e-15 0)
(3 -2.38505e-15 0)
(1.60554 1.296 0)
(1.48132 1.39669 0)
(2.117 0.855962 0)
(3.01121 -0.00922848 0)
(3 2.90484e-12 0)
(3 -1.47616e-15 0)
(3 -1.49342e-15 0)
(3 -2.13839e-15 0)
(3 -2.8882e-15 0)
(3 -3.10951e-15 0)
(3 -3.68763e-15 0)
(3 -3.59211e-15 0)
(3 -4.21925e-15 0)
(3 -3.18695e-15 0)
(3 -2.84498e-15 0)
(3 -2.74116e-15 0)
(3 -3.7794e-15 0)
(3 -4.70063e-15 0)
(3 -5.00897e-15 0)
(3 -4.20738e-15 0)
(1.62186 1.27836 0)
(1.57942 1.30691 0)
(2.43821 0.519842 0)
(3 -5.74137e-16 0)
(3 -4.54183e-15 0)
(3 -1.15437e-15 0)
(3 -1.56175e-15 0)
(3 -2.07865e-15 0)
(3 -2.5456e-15 0)
(3 -2.77987e-15 0)
(3 -2.62115e-15 0)
(3 -3.05496e-15 0)
(3 -2.6991e-15 0)
(3 -1.84099e-15 0)
(3 -1.10868e-15 0)
(3 -2.00819e-15 0)
(3 -3.37341e-15 0)
(3 -4.00225e-15 0)
(3 -4.80706e-15 0)
(3 -5.14748e-15 0)
(1.6358 1.26434 0)
(1.63172 1.24501 0)
(2.64609 0.294111 0)
(3 -4.84562e-16 0)
(3 -9.333e-16 0)
(3 -1.27429e-15 0)
(3 -1.30013e-15 0)
(3 -1.71845e-15 0)
(3 -1.9757e-15 0)
(3 -1.80157e-15 0)
(3 -1.74158e-15 0)
(3 -2.39081e-15 0)
(3 -2.34453e-15 0)
(3 -1.65915e-15 0)
(3 -8.78357e-16 0)
(3 -1.02107e-15 0)
(3 -2.26915e-15 0)
(3 -2.61842e-15 0)
(3 -2.80356e-15 0)
(3 -2.84591e-15 0)
(1.65438 1.24642 0)
(1.82669 1.09862 0)
(2.87461 0.0914908 0)
(3 -7.98445e-16 0)
(3 -5.31688e-16 0)
(3 -7.1764e-16 0)
(3 -7.0522e-16 0)
(3 -1.09679e-15 0)
(3 -1.30948e-15 0)
(3 -9.35468e-16 0)
(3 -1.06462e-15 0)
(3 -1.727e-15 0)
(3 -1.71034e-15 0)
(3 -1.5847e-15 0)
(3 -8.72693e-16 0)
(3 -2.75112e-16 0)
(3 -4.99479e-16 0)
(3 -1.17153e-15 0)
(3 -6.67957e-16 0)
(3 -8.90207e-16 0)
(1.68192 1.19656 0)
(1.90337 0.975924 0)
(2.99935 0.000271858 0)
(3 6.7616e-16 0)
(3 7.23786e-16 0)
(3 6.32428e-16 0)
(3 3.00863e-16 0)
(3 1.33005e-16 0)
(3 4.13902e-16 0)
(3 7.3871e-17 0)
(3 -5.31514e-16 0)
(3 -8.12594e-16 0)
(3 -8.32622e-16 0)
(3 -1.10939e-15 0)
(3 -1.22786e-15 0)
(3 -8.70445e-16 0)
(3 7.47951e-16 0)
(3 -3.2856e-16 0)
(3 -6.50381e-16 0)
(3 -5.14057e-16 0)
(1.71268 1.15928 0)
(2.05198 0.830688 0)
(3 6.85063e-16 0)
(3 1.25175e-15 0)
(3 1.4652e-15 0)
(3 1.722e-15 0)
(3 8.3505e-16 0)
(3 -2.54011e-17 0)
(3 -1.54356e-16 0)
(3 -7.71021e-16 0)
(3 -1.20813e-15 0)
(3 -1.41556e-15 0)
(3 -1.58702e-15 0)
(3 -1.42266e-15 0)
(3 -1.38984e-15 0)
(3 -1.60257e-15 0)
(3 -1.3799e-15 0)
(3 -1.36393e-15 0)
(3 -1.37437e-15 0)
(3 -1.43658e-15 0)
(1.72782 1.10915 0)
(2.1964 0.664508 0)
(3 1.04865e-16 0)
(3 1.84827e-17 0)
(3 -4.05373e-16 0)
(3 -4.02536e-16 0)
(3 -5.65718e-16 0)
(3 -9.97069e-16 0)
(3 -1.46414e-15 0)
(3 -1.75813e-15 0)
(3 -2.0445e-15 0)
(3 -1.68457e-15 0)
(3 -1.44716e-15 0)
(3 -1.52936e-15 0)
(3 -1.67897e-15 0)
(3 -2.01946e-15 0)
(3 -2.16071e-15 0)
(3 -2.20865e-15 0)
(3 -2.37534e-15 0)
(3 -2.30202e-15 0)
(1.84186 1.02076 0)
(2.44568 0.44769 0)
(3 -2.64033e-15 0)
(3 -1.51589e-15 0)
(3 -1.60392e-15 0)
(3 -1.09328e-15 0)
(3 -1.64854e-15 0)
(3 -1.97321e-15 0)
(3 -2.24994e-15 0)
(3 -2.5101e-15 0)
(3 -2.65079e-15 0)
(3 -2.31564e-15 0)
(3 -1.99256e-15 0)
(3 -1.96147e-15 0)
(3 -1.97076e-15 0)
(3 -1.76782e-15 0)
(3 -1.46985e-15 0)
(3 -1.62952e-15 0)
(3 -1.64595e-15 0)
(3 -2.28926e-15 0)
(1.96302 0.866282 0)
(2.74057 0.189044 0)
(3 -2.88776e-15 0)
(3 -2.54485e-15 0)
(3 -2.54406e-15 0)
(3 -2.96954e-15 0)
(3 -2.21076e-15 0)
(3 -1.52489e-15 0)
(3 -1.15543e-15 0)
(3 -6.05491e-16 0)
(3 -2.4438e-16 0)
(3 -3.98562e-16 0)
(3 -5.44213e-16 0)
(3 -5.56257e-16 0)
(3 -8.65973e-16 0)
(3 -1.22622e-15 0)
(3 -9.55835e-16 0)
(3 -7.78333e-16 0)
(3 -8.13854e-16 0)
(3 -7.28537e-16 0)
(2.08755 0.641665 0)
(2.99307 0.000147043 0)
(3 -3.04428e-15 0)
(3 -2.48978e-15 0)
(3 -1.68564e-15 0)
(3 -8.11802e-16 0)
(3 1.1389e-16 0)
(3 8.97636e-16 0)
(3 1.39366e-15 0)
(3 1.04397e-15 0)
(3 1.24444e-15 0)
(3 1.58232e-15 0)
(3 1.48205e-15 0)
(3 9.14319e-16 0)
(3 3.53299e-16 0)
(3 -6.14214e-16 0)
(3 -1.00577e-15 0)
(3 -1.39083e-15 0)
(3 -7.25804e-16 0)
(3 -3.02448e-16 0)
(1.9919 0.379791 0)
(2.99987 -2.25804e-05 0)
(3 8.60578e-16 0)
(3 1.56245e-15 0)
(3 1.54222e-15 0)
(3 8.20882e-16 0)
(3 4.60127e-16 0)
(3 5.83911e-16 0)
(3 1.10375e-15 0)
(3 9.3028e-16 0)
(3 1.02732e-15 0)
(3 1.10981e-15 0)
(3 1.62801e-15 0)
(3 1.73977e-15 0)
(3 1.78413e-15 0)
(3 1.33252e-15 0)
(3 9.38508e-16 0)
(3 6.16333e-16 0)
(3 2.36206e-16 0)
(3 2.73427e-16 0)
(1.99172 -0.379504 0)
(2.99985 2.85864e-05 0)
(3 -9.25585e-16 0)
(3 1.12354e-15 0)
(3 1.61246e-15 0)
(3 2.1333e-15 0)
(3 2.12549e-15 0)
(3 2.12057e-15 0)
(3 1.80282e-15 0)
(3 1.40927e-15 0)
(3 1.01886e-15 0)
(3 1.09293e-15 0)
(3 1.5064e-15 0)
(3 2.03644e-15 0)
(3 2.70842e-15 0)
(3 3.21928e-15 0)
(3 3.45939e-15 0)
(3 3.79799e-15 0)
(3 3.77349e-15 0)
(3 3.66345e-15 0)
(2.08603 -0.643016 0)
(2.99317 -0.000134212 0)
(3 -2.80631e-15 0)
(3 -1.84181e-15 0)
(3 -2.43013e-16 0)
(3 3.27753e-16 0)
(3 8.33883e-16 0)
(3 1.73877e-15 0)
(3 1.7168e-15 0)
(3 1.46217e-15 0)
(3 1.17215e-15 0)
(3 1.04145e-15 0)
(3 1.09586e-15 0)
(3 1.13794e-15 0)
(3 1.5543e-15 0)
(3 1.81915e-15 0)
(3 2.1272e-15 0)
(3 2.14477e-15 0)
(3 2.15163e-15 0)
(3 2.06034e-15 0)
(1.96199 -0.864509 0)
(2.74227 -0.187494 0)
(3 -2.37751e-15 0)
(3 -1.35733e-16 0)
(3 4.65215e-16 0)
(3 1.14726e-15 0)
(3 1.81732e-15 0)
(3 1.99873e-15 0)
(3 1.90595e-15 0)
(3 1.65559e-15 0)
(3 1.53942e-15 0)
(3 1.44981e-15 0)
(3 1.20188e-15 0)
(3 9.10123e-16 0)
(3 7.55151e-16 0)
(3 8.83977e-16 0)
(3 7.28334e-16 0)
(3 7.61663e-16 0)
(3 4.20733e-16 0)
(3 2.51554e-16 0)
(1.84483 -1.02141 0)
(2.44862 -0.446409 0)
(3 -9.93422e-17 0)
(3 -4.04208e-17 0)
(3 7.25509e-16 0)
(3 1.06176e-15 0)
(3 9.88004e-16 0)
(3 8.95203e-16 0)
(3 6.19545e-16 0)
(3 5.83763e-16 0)
(3 6.3592e-16 0)
(3 6.87947e-16 0)
(3 6.62996e-16 0)
(3 5.73963e-16 0)
(3 4.54073e-16 0)
(3 6.85212e-17 0)
(3 -3.02702e-16 0)
(3 -8.28006e-16 0)
(3 -1.38933e-15 0)
(3 -1.60367e-15 0)
(1.72929 -1.10893 0)
(2.19701 -0.663792 0)
(3 6.90894e-16 0)
(3 -4.14551e-16 0)
(3 -1.15213e-15 0)
(3 -1.29178e-15 0)
(3 -1.81842e-15 0)
(3 -1.94293e-15 0)
(3 -1.65554e-15 0)
(3 -1.46925e-15 0)
(3 -1.42249e-15 0)
(3 -1.25065e-15 0)
(3 -3.85031e-16 0)
(3 -1.8187e-16 0)
(3 -4.83478e-16 0)
(3 -1.22726e-15 0)
(3 -1.77932e-15 0)
(3 -2.50639e-15 0)
(3 -2.63801e-15 0)
(3 -2.73489e-15 0)
(1.71004 -1.15986 0)
(2.04947 -0.831606 0)
(3 -1.57806e-15 0)
(3 -2.60906e-15 0)
(3 -2.8598e-15 0)
(3 -2.82107e-15 0)
(3 -2.16808e-15 0)
(3 -1.00128e-15 0)
(3 -1.05911e-15 0)
(3 -1.43009e-15 0)
(3 -2.13476e-15 0)
(3 -2.37321e-15 0)
(3 -2.51268e-15 0)
(3 -2.74344e-15 0)
(3 -2.89211e-15 0)
(3 -2.86033e-15 0)
(3 -2.42398e-15 0)
(3 -2.12512e-15 0)
(3 -1.82087e-15 0)
(3 -9.73688e-16 0)
(1.68205 -1.19606 0)
(1.90323 -0.976337 0)
(2.99916 -0.000490225 0)
(3 -1.80285e-15 0)
(3 -2.75615e-15 0)
(3 -2.13194e-15 0)
(3 -1.24803e-15 0)
(3 2.80094e-16 0)
(3 1.82247e-16 0)
(3 -3.41479e-16 0)
(3 -9.67793e-16 0)
(3 -1.36521e-15 0)
(3 -2.13081e-15 0)
(3 -1.97635e-15 0)
(3 -1.6503e-15 0)
(3 -1.63769e-15 0)
(3 -1.17756e-15 0)
(3 -1.06154e-15 0)
(3 -3.04059e-16 0)
(3 9.22017e-17 0)
(1.65521 -1.24582 0)
(1.82564 -1.09906 0)
(2.87434 -0.0916669 0)
(3 -3.22505e-15 0)
(3 -1.74241e-15 0)
(3 -8.28709e-17 0)
(3 4.87076e-16 0)
(3 1.04644e-15 0)
(3 1.4773e-15 0)
(3 1.15978e-15 0)
(3 -3.75651e-16 0)
(3 -9.85077e-16 0)
(3 -1.10035e-15 0)
(3 -6.29309e-16 0)
(3 -5.99981e-16 0)
(3 -4.39352e-16 0)
(3 -4.30733e-16 0)
(3 3.12379e-16 0)
(3 8.43162e-16 0)
(3 8.7938e-16 0)
(1.63573 -1.26505 0)
(1.63244 -1.24501 0)
(2.64618 -0.294253 0)
(3 1.20314e-15 0)
(3 7.81608e-16 0)
(3 8.30154e-16 0)
(3 1.72654e-15 0)
(3 2.11579e-15 0)
(3 2.4221e-15 0)
(3 1.59453e-15 0)
(3 2.78665e-16 0)
(3 -1.47695e-16 0)
(3 -1.11093e-16 0)
(3 -1.14809e-16 0)
(3 -2.31607e-16 0)
(3 -2.82601e-17 0)
(3 3.5119e-16 0)
(3 9.80753e-16 0)
(3 8.8149e-16 0)
(3 9.55336e-16 0)
(1.62164 -1.27842 0)
(1.5801 -1.30706 0)
(2.43974 -0.518729 0)
(3 5.5469e-16 0)
(3 4.06491e-15 0)
(3 2.28241e-15 0)
(3 2.8609e-15 0)
(3 2.42244e-15 0)
(3 2.20942e-15 0)
(3 1.65911e-15 0)
(3 9.62044e-16 0)
(3 4.68415e-16 0)
(3 2.53467e-16 0)
(3 3.22864e-16 0)
(3 6.18364e-17 0)
(3 2.81558e-16 0)
(3 5.89718e-16 0)
(3 5.93764e-16 0)
(3 1.30276e-15 0)
(3 1.39155e-15 0)
(1.60568 -1.29564 0)
(1.48167 -1.39663 0)
(2.11856 -0.854281 0)
(3.01117 0.00917752 0)
(3 -2.60487e-12 0)
(3 2.70492e-15 0)
(3 2.87587e-15 0)
(3 2.08606e-15 0)
(3 2.02939e-15 0)
(3 1.84096e-15 0)
(3 1.39642e-15 0)
(3 8.70257e-16 0)
(3 6.22938e-16 0)
(3 9.72208e-16 0)
(3 9.73881e-16 0)
(3 9.99182e-16 0)
(3 1.24256e-15 0)
(3 1.70618e-15 0)
(3 2.27645e-15 0)
(3 1.63272e-15 0)
(1.58834 -1.30495 0)
(1.47323 -1.33908 0)
(1.98862 -1.035 0)
(2.88628 -0.117571 0)
(3 1.50423e-10 0)
(3 3.54041e-15 0)
(3 2.33914e-15 0)
(3 2.36214e-15 0)
(3 1.53131e-15 0)
(3 8.92535e-16 0)
(3 5.93407e-16 0)
(3 3.82345e-16 0)
(3 4.3732e-16 0)
(3 9.72313e-16 0)
(3 1.00335e-15 0)
(3 1.46921e-15 0)
(3 1.79125e-15 0)
(3 2.19227e-15 0)
(3 2.26136e-15 0)
(3 1.22804e-15 0)
(1.58537 -1.32482 0)
(1.50294 -1.32502 0)
(1.75401 -1.18882 0)
(2.40942 -0.551345 0)
(3 6.3577e-07 0)
(3 1.23958e-14 0)
(3 -3.82606e-15 0)
(3 4.24423e-14 0)
(3 -1.34591e-14 0)
(3 3.75695e-16 0)
(3 -1.55886e-16 0)
(3 1.23326e-16 0)
(3 9.26936e-16 0)
(3 1.5223e-15 0)
(3 1.37995e-15 0)
(3 2.12684e-15 0)
(3 1.39989e-15 0)
(3 2.16862e-15 0)
(3 1.83559e-15 0)
(3 7.40609e-16 0)
(1.58371 -1.29518 0)
(1.5461 -1.28753 0)
(1.64954 -1.24278 0)
(2.07528 -0.870858 0)
(3.01215 0.00762921 0)
(3 1.64051e-12 0)
(3 2.07154e-11 0)
(3 -2.67703e-11 0)
(3 3.31206e-12 0)
(3 4.88411e-15 0)
(3 -6.13003e-16 0)
(3 7.40316e-16 0)
(3 1.63481e-15 0)
(3 1.87541e-15 0)
(3 1.79257e-15 0)
(3 1.22756e-15 0)
(3 1.66916e-15 0)
(3 2.37372e-15 0)
(3 1.71653e-15 0)
(3 8.10025e-16 0)
(1.5847 -1.28328 0)
(1.58539 -1.27581 0)
(1.64556 -1.24315 0)
(1.88394 -1.08036 0)
(2.75072 -0.218013 0)
(3 5.74388e-10 0)
(3 -1.37207e-08 0)
(3 1.23382e-08 0)
(3 -4.90698e-10 0)
(3 -2.93018e-12 0)
(3 1.11723e-13 0)
(3 -2.08112e-15 0)
(3 1.39499e-15 0)
(3 1.30901e-15 0)
(3 1.60855e-15 0)
(3 4.9261e-16 0)
(3 1.98192e-15 0)
(3 2.74318e-15 0)
(3 2.05599e-15 0)
(3 1.99169e-15 0)
(1.58685 -1.26871 0)
(1.6068 -1.26591 0)
(1.63764 -1.25674 0)
(1.70227 -1.21774 0)
(2.34926 -0.637103 0)
(3.02159 0.0204444 0)
(2.99972 -0.000105048 0)
(3 4.16396e-06 0)
(3 -7.65309e-08 0)
(3 7.7058e-10 0)
(3 -1.83422e-12 0)
(3 8.07686e-15 0)
(3 1.02531e-15 0)
(3 1.40025e-15 0)
(3 1.11001e-15 0)
(3 7.62626e-16 0)
(3 1.44528e-15 0)
(3 2.9786e-15 0)
(3 2.18424e-15 0)
(3 2.05453e-15 0)
(1.58455 -1.2567 0)
(1.60338 -1.26173 0)
(1.62256 -1.26602 0)
(1.58034 -1.33364 0)
(1.82651 -1.11928 0)
(2.70467 -0.262098 0)
(3.00468 0.000561633 0)
(2.99993 -6.10966e-05 0)
(3 2.6459e-07 0)
(3 -6.73102e-10 0)
(3 -3.379e-14 0)
(3 5.11788e-15 0)
(3 1.89502e-16 0)
(3 7.35433e-16 0)
(3 5.94947e-16 0)
(3 1.76689e-15 0)
(3 1.05261e-15 0)
(3 3.52582e-15 0)
(3 2.06812e-15 0)
(3 2.50436e-15 0)
(1.58034 -1.25402 0)
(1.5976 -1.25809 0)
(1.59817 -1.26718 0)
(1.57126 -1.29352 0)
(1.7524 -1.19766 0)
(2.25498 -0.804722 0)
(2.99972 0.0030327 0)
(3.00007 0.000347815 0)
(3 -1.35475e-08 0)
(3 2.23783e-11 0)
(3 1.73465e-13 0)
(3 -1.15868e-17 0)
(3 1.91947e-16 0)
(3 2.16866e-16 0)
(3 4.34704e-16 0)
(3 1.84782e-15 0)
(3 7.27132e-16 0)
(3 2.89398e-15 0)
(3 3.06051e-15 0)
(3 2.34391e-15 0)
(1.57229 -1.24334 0)
(1.58764 -1.25715 0)
(1.60017 -1.26499 0)
(1.60389 -1.26219 0)
(1.67281 -1.24156 0)
(1.74228 -1.22285 0)
(2.29312 -0.71721 0)
(3.00087 -0.00941722 0)
(3 -2.62635e-08 0)
(3 -1.92536e-10 0)
(3 5.649e-13 0)
(3 -1.81368e-14 0)
(3 -9.27546e-16 0)
(3 -3.06263e-16 0)
(3 7.38788e-16 0)
(3 1.60603e-15 0)
(3 3.65595e-16 0)
(3 1.11393e-15 0)
(3 2.9774e-15 0)
(3 1.84704e-15 0)
(1.57798 -1.25462 0)
(1.58307 -1.2604 0)
(1.59411 -1.2645 0)
(1.60605 -1.26367 0)
(1.6196 -1.24671 0)
(1.6 -1.26413 0)
(1.89046 -1.15553 0)
(2.95395 -0.373485 0)
(3.35806 0.602941 0)
(3 -6.04741e-11 0)
(3 -8.40707e-11 0)
(3 1.6087e-13 0)
(3 5.19362e-14 0)
(3 5.73379e-14 0)
(3 -1.19809e-14 0)
(3 7.29778e-15 0)
(3 5.08364e-16 0)
(3 1.74266e-15 0)
(3 2.73406e-15 0)
(3 3.89474e-15 0)
(1.17083 -0.757245 0)
(1.82532 -1.15722 0)
(1.84249 -1.15173 0)
(1.74518 -1.19705 0)
(1.71727 -1.20432 0)
(1.66612 -1.24573 0)
(1.65287 -1.21587 0)
(1.71965 -1.16477 0)
(1.74864 -1.22974 0)
(1.78376 -1.14102 0)
(2.27007 -0.741009 0)
(2.85858 -0.208408 0)
(3.09681 0.0281393 0)
(3.02081 0.0124996 0)
(3.00472 0.00553788 0)
(3.00192 0.00307542 0)
(3.00006 0.000599688 0)
(2.99998 2.42864e-05 0)
(2.99999 -1.43728e-05 0)
(3 -5.91674e-06 0)
(0.996968 -0.0542799 0)
(1.93076 -0.715869 0)
(2.10209 -0.817335 0)
(2.00753 -0.941189 0)
(1.97366 -0.981355 0)
(1.87751 -1.08723 0)
(1.7881 -1.14414 0)
(1.75432 -1.1473 0)
(1.75204 -1.16292 0)
(1.73055 -1.20363 0)
(1.71643 -1.19515 0)
(1.86997 -1.06665 0)
(2.10264 -0.881522 0)
(2.50069 -0.575733 0)
(2.98376 -0.136798 0)
(3.07371 0.0294362 0)
(3.00823 0.00776477 0)
(3.00294 0.00384786 0)
(3.00123 0.00219571 0)
(3.00008 0.000483845 0)
(1.12616 0.166111 0)
(1.95034 -0.35825 0)
(2.27715 -0.205485 0)
(2.24267 -0.502525 0)
(2.20778 -0.668228 0)
(2.13633 -0.796773 0)
(2.05067 -0.898906 0)
(1.96332 -0.970276 0)
(1.91078 -1.03448 0)
(1.84373 -1.1249 0)
(1.78849 -1.15664 0)
(1.79198 -1.15156 0)
(1.81202 -1.13134 0)
(1.8495 -1.08953 0)
(2.03467 -0.956341 0)
(2.25461 -0.833632 0)
(2.66467 -0.507123 0)
(3.03769 -0.0921622 0)
(3.05538 0.0240107 0)
(3.00403 0.00467218 0)
(0.927908 0.475863 0)
(1.4745 0.152577 0)
(2.26862 0.397825 0)
(2.32332 0.123324 0)
(2.36193 0.0309931 0)
(2.35309 -0.308216 0)
(2.28267 -0.559531 0)
(2.18566 -0.723337 0)
(2.13107 -0.794706 0)
(2.06916 -0.918109 0)
(1.96668 -1.01936 0)
(1.91331 -1.06821 0)
(1.88452 -1.08335 0)
(1.86988 -1.09171 0)
(1.87146 -1.05834 0)
(1.8963 -1.05011 0)
(1.96156 -1.02249 0)
(2.1653 -0.903482 0)
(2.38298 -0.79261 0)
(2.7794 -0.441592 0)
(0.860426 0.822473 0)
(1.3703 0.900212 0)
(2.13273 0.202526 0)
(2.46631 0.408097 0)
(2.46916 0.387298 0)
(2.46755 0.279254 0)
(2.43061 -0.0399895 0)
(2.38558 -0.224903 0)
(2.32509 -0.393079 0)
(2.30477 -0.537918 0)
(2.21786 -0.699413 0)
(2.14775 -0.812231 0)
(2.09144 -0.883325 0)
(2.03198 -0.951929 0)
(1.98781 -0.971751 0)
(1.95025 -0.996753 0)
(1.95491 -1.01955 0)
(1.9686 -0.997632 0)
(1.99471 -0.995518 0)
(2.07195 -0.976424 0)
(1.07003 1.22799 0)
(1.40176 1.2076 0)
(1.77815 0.794632 0)
(2.08407 1.22438 0)
(2.59084 0.319054 0)
(2.5105 0.659221 0)
(2.52961 0.456231 0)
(2.50007 0.117418 0)
(2.46965 -0.00969755 0)
(2.46116 -0.187167 0)
(2.42455 -0.376354 0)
(2.3484 -0.561521 0)
(2.29309 -0.680045 0)
(2.21184 -0.797215 0)
(2.15501 -0.844297 0)
(2.10998 -0.860494 0)
(2.06936 -0.897729 0)
(2.06761 -0.890983 0)
(2.04325 -0.919128 0)
(2.06061 -0.947963 0)
(1.31623 1.4529 0)
(1.49092 1.44907 0)
(1.75895 1.17121 0)
(1.8431 1.4636 0)
(2.13928 1.17393 0)
(2.47639 0.785086 0)
(2.62383 0.511145 0)
(2.61477 0.1672 0)
(2.60487 0.102973 0)
(2.57747 -0.0855616 0)
(2.55243 -0.238032 0)
(2.49505 -0.38972 0)
(2.4505 -0.481767 0)
(2.39381 -0.566019 0)
(2.34664 -0.597349 0)
(2.31357 -0.59804 0)
(2.27156 -0.623737 0)
(2.23704 -0.663783 0)
(2.16807 -0.755572 0)
(2.12873 -0.7955 0)
(1.52569 1.68941 0)
(1.52316 1.78262 0)
(1.62293 1.60684 0)
(1.81481 1.59187 0)
(2.08567 1.41079 0)
(2.25038 1.10706 0)
(2.4078 1.0584 0)
(2.5609 0.77244 0)
(2.58364 0.445395 0)
(2.60071 0.389864 0)
(2.60489 0.202595 0)
(2.59455 0.0706803 0)
(2.56795 -0.0474915 0)
(2.5474 -0.133663 0)
(2.49162 -0.253516 0)
(2.48122 -0.300823 0)
(2.41832 -0.42367 0)
(2.35654 -0.536367 0)
(2.29488 -0.607347 0)
(2.3024 -0.560545 0)
(1.68189 1.86757 0)
(1.57527 2.0779 0)
(1.53449 2.07402 0)
(1.75471 1.92411 0)
(2.03484 1.7195 0)
(2.21982 1.37169 0)
(2.2358 1.40823 0)
(2.35598 1.24325 0)
(2.43882 1.00903 0)
(2.47419 0.891663 0)
(2.54495 0.693667 0)
(2.58312 0.489055 0)
(2.60848 0.299877 0)
(2.63776 0.141594 0)
(2.58777 -0.0900977 0)
(2.57955 -0.201281 0)
(2.52076 -0.365184 0)
(2.48602 -0.346536 0)
(2.4387 -0.367432 0)
(2.46913 -0.289061 0)
(1.79384 1.94572 0)
(1.69054 2.2031 0)
(1.65289 2.28574 0)
(1.76078 2.08637 0)
(1.98998 1.85385 0)
(2.10121 1.63675 0)
(2.21731 1.49659 0)
(2.31468 1.37015 0)
(2.40023 1.24672 0)
(2.49993 1.03417 0)
(2.62165 0.827067 0)
(2.67136 0.561373 0)
(2.70283 0.354992 0)
(2.70934 0.171518 0)
(2.67625 -0.00121056 0)
(2.65394 -0.0511575 0)
(2.6282 -0.102516 0)
(2.61833 -0.00252964 0)
(2.55586 -0.0947624 0)
(2.58545 -0.050997 0)
(1.75765 1.90017 0)
(1.77372 2.25598 0)
(1.80187 2.34652 0)
(1.91841 2.28363 0)
(2.07093 1.95584 0)
(2.16318 1.80649 0)
(2.37348 1.52549 0)
(2.47683 1.46561 0)
(2.64286 1.3297 0)
(2.71608 0.949782 0)
(2.77257 0.833018 0)
(2.78078 0.606678 0)
(2.77011 0.555044 0)
(2.75751 0.443229 0)
(2.74098 0.379939 0)
(2.70976 0.34138 0)
(2.68757 0.315217 0)
(2.68945 0.29743 0)
(2.64838 0.138677 0)
(2.61116 -0.0249582 0)
(1.5873 1.73497 0)
(1.70144 2.14925 0)
(1.89493 2.34103 0)
(2.08483 2.3112 0)
(2.37865 2.02699 0)
(2.43413 1.9165 0)
(2.57769 1.57922 0)
(2.64821 1.49014 0)
(2.67708 1.43082 0)
(2.74603 1.23579 0)
(2.72953 1.2755 0)
(2.73587 1.06975 0)
(2.68805 0.993841 0)
(2.69359 0.897909 0)
(2.69014 0.770665 0)
(2.69642 0.66743 0)
(2.72876 0.577463 0)
(2.74199 0.400612 0)
(2.73029 0.223773 0)
(2.68127 0.10348 0)
(1.34246 1.47385 0)
(1.51892 1.93555 0)
(1.79295 2.16504 0)
(1.98661 2.26485 0)
(2.31524 2.103 0)
(2.45658 2.10501 0)
(2.42764 1.77715 0)
(2.41543 1.69767 0)
(2.44683 1.6935 0)
(2.45626 1.63709 0)
(2.48823 1.51832 0)
(2.54678 1.38189 0)
(2.56746 1.20798 0)
(2.64633 1.13035 0)
(2.67987 0.937896 0)
(2.74482 0.799972 0)
(2.79053 0.639873 0)
(2.80932 0.411832 0)
(2.76629 0.382863 0)
(2.71787 0.376691 0)
(1.26759 1.26289 0)
(1.42013 1.77157 0)
(1.62327 2.01326 0)
(1.73457 2.19732 0)
(2.0427 2.20962 0)
(2.11253 2.25077 0)
(2.16413 2.02755 0)
(2.15255 1.89883 0)
(2.15413 1.84128 0)
(2.23516 1.75617 0)
(2.35263 1.56961 0)
(2.50361 1.48143 0)
(2.56731 1.27415 0)
(2.71607 1.19154 0)
(2.745 0.970741 0)
(2.80058 0.808772 0)
(2.78623 0.714088 0)
(2.77567 0.623055 0)
(2.72757 0.752773 0)
(2.70741 0.705191 0)
(1.30742 1.19384 0)
(1.42161 1.56644 0)
(1.57006 1.88544 0)
(1.5562 2.11245 0)
(1.6725 2.28259 0)
(1.86001 2.20696 0)
(1.91361 2.13521 0)
(2.00192 1.90304 0)
(2.03889 1.85978 0)
(2.23642 1.76012 0)
(2.38037 1.58438 0)
(2.56548 1.53047 0)
(2.65783 1.34175 0)
(2.73216 1.25625 0)
(2.74656 1.14683 0)
(2.72029 1.16384 0)
(2.70481 1.14145 0)
(2.68849 1.07289 0)
(2.67153 1.144 0)
(2.70716 0.97342 0)
(1.40138 1.20076 0)
(1.48339 1.4659 0)
(1.59461 1.7653 0)
(1.57572 2.0652 0)
(1.58255 2.21648 0)
(1.6262 2.23999 0)
(1.82988 2.17156 0)
(2.00327 1.87632 0)
(2.09401 1.86052 0)
(2.30228 1.85252 0)
(2.46231 1.66213 0)
(2.54299 1.61201 0)
(2.59362 1.53558 0)
(2.56172 1.57294 0)
(2.5782 1.52722 0)
(2.57075 1.54359 0)
(2.57832 1.4055 0)
(2.61441 1.32773 0)
(2.68289 1.27237 0)
(2.78496 1.03487 0)
(1.60224 1.21305 0)
(1.62012 1.37635 0)
(1.71172 1.60259 0)
(1.72803 1.9278 0)
(1.70717 2.14939 0)
(1.80398 2.24767 0)
(1.89283 2.24129 0)
(2.01513 2.06674 0)
(2.08856 2.07571 0)
(2.31938 1.93974 0)
(2.34006 1.95573 0)
(2.3901 1.87757 0)
(2.40177 1.84095 0)
(2.38225 1.82519 0)
(2.42292 1.72989 0)
(2.50724 1.64885 0)
(2.56732 1.51132 0)
(2.67119 1.41518 0)
(2.74843 1.26564 0)
(2.84052 1.17138 0)
(1.72041 1.24851 0)
(1.76851 1.25398 0)
(1.85374 1.3149 0)
(1.90725 1.502 0)
(1.96516 1.83048 0)
(1.93126 2.13496 0)
(1.96381 2.26142 0)
(2.0197 2.19889 0)
(2.00716 2.22166 0)
(2.10058 2.10747 0)
(2.09176 2.15009 0)
(2.18426 2.0157 0)
(2.23739 1.94296 0)
(2.30195 1.8904 0)
(2.38438 1.81913 0)
(2.49796 1.75962 0)
(2.60121 1.6893 0)
(2.67778 1.61825 0)
(2.72147 1.56356 0)
(2.71119 1.56547 0)
(1.83176 1.1956 0)
(1.687 1.11603 0)
(1.69378 0.915217 0)
(1.82219 0.819113 0)
(2.01957 1.05756 0)
(2.0602 1.44778 0)
(1.83471 1.51189 0)
(1.72495 1.34132 0)
(1.68867 1.22161 0)
(1.85671 1.24962 0)
(1.97307 1.53361 0)
(2.08174 1.6424 0)
(2.08927 1.60296 0)
(2.10628 1.49097 0)
(2.13133 1.30116 0)
(2.21922 1.19958 0)
(2.30165 1.21069 0)
(2.30737 1.20035 0)
(2.27484 1.17177 0)
(2.25128 1.17767 0)
(1.35228 0.176087 0)
(1.2994 0.393312 0)
(1.30827 0.171813 0)
(1.35626 0.0969882 0)
(1.5447 0.152847 0)
(1.63895 0.242191 0)
(1.56934 0.247111 0)
(1.49837 0.194312 0)
(1.46155 0.096077 0)
(1.54166 0.100684 0)
(1.61007 0.197234 0)
(1.65964 0.302283 0)
(1.70716 0.349355 0)
(1.68019 0.303397 0)
(1.68972 0.227103 0)
(1.7299 0.208991 0)
(1.73722 0.252934 0)
(1.75185 0.296392 0)
(1.75249 0.274968 0)
(1.78615 0.181335 0)
(1.96128 -0.207657 0)
(2.02842 -0.146018 0)
(2.08896 -0.0807994 0)
(2.13514 -0.0759347 0)
(2.11901 -0.0170991 0)
(2.11837 0.0113364 0)
(2.14182 0.00889053 0)
(2.1844 -0.0159661 0)
(2.21531 -0.0304003 0)
(2.21592 -0.0292255 0)
(2.2109 -0.0181946 0)
(2.21064 -0.00736822 0)
(2.22758 0.00324247 0)
(2.24747 -0.00443628 0)
(2.25398 -0.0129858 0)
(2.25979 -0.0162941 0)
(2.26208 -0.00901334 0)
(2.26778 -0.00351876 0)
(2.28902 0.00263269 0)
(2.31378 0.00279979 0)
(2.29933 -0.87023 0)
(2.28968 -0.515281 0)
(2.30345 -0.329911 0)
(2.36191 -0.244463 0)
(2.25646 -0.0335724 0)
(2.22221 0.000624529 0)
(2.22966 0.0227332 0)
(2.26619 -0.00166476 0)
(2.31399 -0.0432262 0)
(2.30255 -0.0499571 0)
(2.29033 -0.0348535 0)
(2.28071 -0.00665529 0)
(2.28727 0.0150763 0)
(2.30036 0.0117847 0)
(2.30639 -0.0147408 0)
(2.30089 -0.0287545 0)
(2.29444 -0.0254971 0)
(2.29744 -0.0128179 0)
(2.31694 0.00361515 0)
(2.34122 0.00485509 0)
(2.64816 -1.48774 0)
(2.65166 -1.40466 0)
(2.58552 -1.10242 0)
(2.62852 -0.897105 0)
(2.58304 -0.475937 0)
(2.59415 -0.23409 0)
(2.50471 0.00345373 0)
(2.46161 -0.01189 0)
(2.4203 -0.0520408 0)
(2.43557 -0.0457623 0)
(2.43163 -0.0468736 0)
(2.41396 -0.0251333 0)
(2.40047 0.00919257 0)
(2.40258 0.0132312 0)
(2.40231 -0.00637069 0)
(2.39473 -0.0259542 0)
(2.38368 -0.0256729 0)
(2.38349 -0.0166449 0)
(2.38628 -0.000359507 0)
(2.40437 0.000375639 0)
(2.72817 -1.24408 0)
(2.69828 -1.20764 0)
(2.75947 -1.25355 0)
(2.73403 -1.19988 0)
(2.73829 -1.07351 0)
(2.78702 -0.773225 0)
(2.76065 -0.371239 0)
(2.7283 -0.242379 0)
(2.61921 -0.117806 0)
(2.56279 -0.0827613 0)
(2.53238 -0.046066 0)
(2.53466 -0.0270698 0)
(2.51711 0.00296266 0)
(2.50429 0.0109457 0)
(2.49649 -0.003066 0)
(2.49534 -0.0230379 0)
(2.48993 -0.0233427 0)
(2.48693 -0.0165152 0)
(2.47688 -0.00786461 0)
(2.48225 -0.00740072 0)
(2.77083 -0.992573 0)
(2.71953 -1.07335 0)
(2.68802 -1.01585 0)
(2.71173 -1.0209 0)
(2.75441 -1.01706 0)
(2.80859 -0.996017 0)
(2.8125 -0.914944 0)
(2.8046 -0.723634 0)
(2.73984 -0.416669 0)
(2.68658 -0.230265 0)
(2.63731 -0.089608 0)
(2.61209 -0.0371721 0)
(2.59161 -0.0109545 0)
(2.56794 0.00328266 0)
(2.55455 -0.00256231 0)
(2.55004 -0.0148407 0)
(2.55323 -0.0160308 0)
(2.55213 -0.0133223 0)
(2.54317 -0.00262231 0)
(2.54975 -0.0122427 0)
(2.7586 -0.867236 0)
(2.73471 -0.871317 0)
(2.71134 -0.927981 0)
(2.7321 -0.9417 0)
(2.75513 -0.942814 0)
(2.81556 -0.930755 0)
(2.83532 -0.897711 0)
(2.81654 -0.880287 0)
(2.77535 -0.842841 0)
(2.69949 -0.537228 0)
(2.68586 -0.254964 0)
(2.6601 -0.111282 0)
(2.63267 -0.0578965 0)
(2.59902 -0.0177943 0)
(2.58221 -0.00376245 0)
(2.56993 -0.00794819 0)
(2.57803 -0.00852551 0)
(2.58019 -0.00403338 0)
(2.57505 -0.00513217 0)
(2.58498 -0.0184481 0)
(2.73582 -0.704754 0)
(2.73355 -0.715586 0)
(2.74287 -0.741126 0)
(2.75149 -0.775401 0)
(2.76692 -0.794936 0)
(2.79992 -0.82443 0)
(2.82291 -0.826067 0)
(2.80462 -0.799063 0)
(2.74163 -0.762598 0)
(2.71889 -0.785226 0)
(2.68626 -0.617903 0)
(2.65461 -0.260069 0)
(2.64479 -0.156787 0)
(2.60024 -0.0601839 0)
(2.58825 -0.00952089 0)
(2.57931 -0.0145855 0)
(2.58983 -0.00310662 0)
(2.59062 0.00209147 0)
(2.58579 -0.00702562 0)
(2.59354 -0.0159951 0)
(2.70642 -0.520309 0)
(2.72433 -0.556572 0)
(2.77147 -0.624591 0)
(2.7816 -0.675532 0)
(2.76818 -0.718048 0)
(2.76638 -0.741759 0)
(2.78581 -0.748173 0)
(2.77239 -0.711561 0)
(2.73509 -0.704607 0)
(2.70837 -0.70909 0)
(2.7038 -0.734977 0)
(2.69393 -0.639895 0)
(2.64958 -0.307492 0)
(2.62959 -0.179984 0)
(2.58702 -0.0271607 0)
(2.58145 -0.0237587 0)
(2.59291 0.000438761 0)
(2.59009 0.0115384 0)
(2.58107 -0.00457355 0)
(2.59005 -0.0167869 0)
(2.68139 -0.304457 0)
(2.70162 -0.400126 0)
(2.78146 -0.408744 0)
(2.81235 -0.487852 0)
(2.77513 -0.567066 0)
(2.72881 -0.643273 0)
(2.72595 -0.695742 0)
(2.73691 -0.679877 0)
(2.71001 -0.639329 0)
(2.6948 -0.66653 0)
(2.69637 -0.675552 0)
(2.7086 -0.699548 0)
(2.715 -0.646921 0)
(2.6669 -0.334329 0)
(2.63176 -0.166014 0)
(2.60924 -0.0528232 0)
(2.60202 -0.00436003 0)
(2.58678 -0.000745024 0)
(2.57042 -0.0143635 0)
(2.58292 -0.0172324 0)
(2.63968 -0.113189 0)
(2.66589 -0.239058 0)
(2.77053 -0.305168 0)
(2.80279 -0.365726 0)
(2.74993 -0.442262 0)
(2.70023 -0.518618 0)
(2.68846 -0.604527 0)
(2.71038 -0.613659 0)
(2.6985 -0.586877 0)
(2.66992 -0.575477 0)
(2.69334 -0.623443 0)
(2.71477 -0.66205 0)
(2.72768 -0.676078 0)
(2.72092 -0.637119 0)
(2.682 -0.372512 0)
(2.65346 -0.135216 0)
(2.62174 0.037981 0)
(2.56039 -0.00438575 0)
(2.56276 -0.0210524 0)
(2.58716 -0.0168638 0)
(2.51101 0.162037 0)
(2.57837 -0.0411551 0)
(2.60318 0.0117523 0)
(2.58329 -0.0660003 0)
(2.60616 -0.22525 0)
(2.6574 -0.357332 0)
(2.66717 -0.484533 0)
(2.68913 -0.506259 0)
(2.71591 -0.517537 0)
(2.70425 -0.520964 0)
(2.70261 -0.546908 0)
(2.71231 -0.578068 0)
(2.72521 -0.612866 0)
(2.74293 -0.641382 0)
(2.74125 -0.610668 0)
(2.72271 -0.444886 0)
(2.69353 -0.227635 0)
(2.68246 -0.129892 0)
(2.63829 -0.0254838 0)
(2.63513 -0.0142893 0)
(2.31944 0.607651 0)
(2.46346 0.308535 0)
(2.54238 0.0382531 0)
(2.56177 -0.00083151 0)
(2.58903 -0.092097 0)
(2.6418 -0.21259 0)
(2.66216 -0.321606 0)
(2.68489 -0.36347 0)
(2.72867 -0.414976 0)
(2.72354 -0.461755 0)
(2.7082 -0.475278 0)
(2.71414 -0.493939 0)
(2.72206 -0.535613 0)
(2.75019 -0.555122 0)
(2.79241 -0.555742 0)
(2.79299 -0.560356 0)
(2.76932 -0.506164 0)
(2.76112 -0.324682 0)
(2.74158 -0.166022 0)
(2.73046 -0.0618612 0)
(2.34711 0.707295 0)
(2.37763 0.619489 0)
(2.43927 0.459479 0)
(2.54891 0.151841 0)
(2.59268 0.0570736 0)
(2.56639 0.0914623 0)
(2.61554 -0.0735018 0)
(2.64225 -0.136387 0)
(2.67516 -0.161451 0)
(2.68577 -0.249262 0)
(2.71022 -0.331049 0)
(2.73409 -0.402985 0)
(2.75107 -0.437289 0)
(2.78429 -0.442814 0)
(2.81229 -0.477393 0)
(2.82393 -0.52592 0)
(2.82757 -0.533607 0)
(2.82272 -0.514915 0)
(2.8272 -0.4426 0)
(2.81452 -0.217981 0)
(2.43413 0.686239 0)
(2.43207 0.678562 0)
(2.43172 0.64382 0)
(2.46278 0.545414 0)
(2.54296 0.325387 0)
(2.55998 0.255996 0)
(2.63917 0.0229573 0)
(2.65315 -0.043767 0)
(2.68866 -0.148075 0)
(2.7153 -0.260543 0)
(2.7459 -0.277128 0)
(2.76675 -0.3251 0)
(2.78851 -0.353049 0)
(2.80715 -0.358723 0)
(2.81911 -0.371721 0)
(2.82578 -0.414237 0)
(2.83375 -0.440376 0)
(2.84633 -0.489628 0)
(2.87465 -0.494224 0)
(2.88825 -0.429181 0)
(2.7209 0.444841 0)
(2.59592 0.60024 0)
(2.52598 0.629546 0)
(2.52292 0.617314 0)
(2.52711 0.569558 0)
(2.55889 0.468144 0)
(2.6157 0.312908 0)
(2.64982 0.187841 0)
(2.69285 0.0470363 0)
(2.72391 -0.0521595 0)
(2.73132 -0.0135756 0)
(2.74248 -0.0771067 0)
(2.76712 -0.149466 0)
(2.77784 -0.203535 0)
(2.82307 -0.280618 0)
(2.84431 -0.341595 0)
(2.86732 -0.366552 0)
(2.89083 -0.397737 0)
(2.91049 -0.442104 0)
(2.93244 -0.435115 0)
(2.96857 0.0701111 0)
(2.85014 0.308658 0)
(2.73474 0.47687 0)
(2.61256 0.579982 0)
(2.6098 0.580514 0)
(2.60841 0.567367 0)
(2.62399 0.508675 0)
(2.65545 0.406156 0)
(2.68055 0.311552 0)
(2.75005 0.109453 0)
(2.76006 0.0593885 0)
(2.79101 -0.0499669 0)
(2.81432 -0.147765 0)
(2.82875 -0.20825 0)
(2.85025 -0.269719 0)
(2.8786 -0.30563 0)
(2.9 -0.272784 0)
(2.9236 -0.323235 0)
(2.91772 -0.310634 0)
(2.93559 -0.382543 0)
(2.99895 0.00346503 0)
(2.98587 0.0357168 0)
(2.9465 0.139146 0)
(2.82523 0.364437 0)
(2.74709 0.486185 0)
(2.66667 0.555094 0)
(2.66675 0.551685 0)
(2.66998 0.533106 0)
(2.68789 0.476443 0)
(2.71658 0.395508 0)
(2.75716 0.268482 0)
(2.79895 0.142741 0)
(2.8196 0.0762476 0)
(2.82706 0.0403994 0)
(2.84326 -0.0312965 0)
(2.85724 -0.0680003 0)
(2.87565 -0.104062 0)
(2.88945 -0.163136 0)
(2.91956 -0.237899 0)
(2.93453 -0.294644 0)
(2.99998 7.31584e-05 0)
(2.99964 0.000889976 0)
(2.99728 0.00788823 0)
(2.97584 0.0622368 0)
(2.93126 0.176075 0)
(2.82347 0.386005 0)
(2.77578 0.465263 0)
(2.71396 0.520163 0)
(2.71363 0.519497 0)
(2.71861 0.504047 0)
(2.73721 0.454092 0)
(2.76806 0.374494 0)
(2.80603 0.264015 0)
(2.84389 0.138399 0)
(2.86093 0.0864028 0)
(2.89355 -0.0441006 0)
(2.90108 -0.115219 0)
(2.91199 -0.160871 0)
(2.93569 -0.230449 0)
(2.96526 -0.266668 0)
(3 1.09393e-06 0)
(3 9.74799e-06 0)
(2.99995 0.000112528 0)
(2.99921 0.00198427 0)
(2.99499 0.0134496 0)
(2.96752 0.0808989 0)
(2.92444 0.194698 0)
(2.84317 0.361594 0)
(2.79148 0.45521 0)
(2.7522 0.492659 0)
(2.75306 0.489585 0)
(2.75849 0.475182 0)
(2.77439 0.436128 0)
(2.80779 0.351914 0)
(2.83628 0.271481 0)
(2.86554 0.178866 0)
(2.89239 0.0771203 0)
(2.90934 0.0304785 0)
(2.91602 0.00717079 0)
(2.93087 -0.059059 0)
(3 1.25067e-08 0)
(3 8.18043e-08 0)
(3 9.34994e-07 0)
(2.99999 1.99835e-05 0)
(2.99989 0.000251717 0)
(2.9987 0.00307523 0)
(2.99288 0.0184101 0)
(2.96753 0.0814393 0)
(2.92113 0.196915 0)
(2.85302 0.34722 0)
(2.81598 0.420452 0)
(2.78333 0.464325 0)
(2.78372 0.46374 0)
(2.78882 0.452341 0)
(2.80365 0.41727 0)
(2.82949 0.355904 0)
(2.86501 0.258369 0)
(2.89042 0.179858 0)
(2.91668 0.0901478 0)
(2.94459 -0.033514 0)
(3 1.07704e-10 0)
(3 6.33533e-10 0)
(3 6.40092e-09 0)
(3 1.40249e-07 0)
(3 2.09693e-06 0)
(2.99998 3.67112e-05 0)
(2.99984 0.000370015 0)
(2.99846 0.00364314 0)
(2.99182 0.0197141 0)
(2.96679 0.0813916 0)
(2.92615 0.184166 0)
(2.87051 0.312801 0)
(2.83075 0.397138 0)
(2.80755 0.4375 0)
(2.80846 0.43625 0)
(2.81269 0.428034 0)
(2.82626 0.399808 0)
(2.84685 0.349757 0)
(2.87637 0.269921 0)
(2.91149 0.163773 0)
(3 7.06533e-13 0)
(3 4.48671e-12 0)
(3 3.97212e-11 0)
(3 8.51799e-10 0)
(3 1.3638e-08 0)
(3 2.62645e-07 0)
(3 3.30744e-06 0)
(2.99998 4.57186e-05 0)
(2.9998 0.000454411 0)
(2.99838 0.00372005 0)
(2.99203 0.0190897 0)
(2.97065 0.0707215 0)
(2.9315 0.165883 0)
(2.88179 0.286156 0)
(2.84889 0.363149 0)
(2.82787 0.408807 0)
(2.82811 0.409994 0)
(2.8308 0.404919 0)
(2.83933 0.388408 0)
(2.87129 0.314214 0)
(3 5.81686e-15 0)
(3 3.06484e-14 0)
(3 2.3678e-13 0)
(3 4.52765e-12 0)
(3 7.97915e-11 0)
(3 1.54265e-09 0)
(3 2.22497e-08 0)
(3 3.42317e-07 0)
(3 4.23029e-06 0)
(2.99998 4.93899e-05 0)
(2.9998 0.000438301 0)
(2.99856 0.00325212 0)
(2.99266 0.0170171 0)
(2.97531 0.0582278 0)
(2.93744 0.151911 0)
(2.90534 0.233303 0)
(2.85853 0.348239 0)
(2.84427 0.372139 0)
(2.84343 0.384755 0)
(2.8505 0.375105 0)
(3 -1.01567e-15 0)
(3 1.9909e-15 0)
(3 2.58801e-15 0)
(3 2.51292e-14 0)
(3 4.0952e-13 0)
(3 8.22951e-12 0)
(3 1.2959e-10 0)
(3 2.09564e-09 0)
(3 2.92567e-08 0)
(3 3.65198e-07 0)
(3 4.29451e-06 0)
(2.99998 4.23032e-05 0)
(2.99982 0.000403461 0)
(2.99887 0.0025443 0)
(2.99391 0.0141509 0)
(2.98106 0.0452319 0)
(2.94796 0.126064 0)
(2.91559 0.208622 0)
(2.88276 0.304383 0)
(2.8742 0.345218 0)
(3 -1.29573e-15 0)
(3 -7.17323e-16 0)
(3 -8.77405e-16 0)
(3 -1.54115e-15 0)
(3 -8.41059e-16 0)
(3 3.28965e-14 0)
(3 5.90181e-13 0)
(3 1.01679e-11 0)
(3 1.48578e-10 0)
(3 1.99564e-09 0)
(3 2.52881e-08 0)
(3 2.83623e-07 0)
(3 3.29169e-06 0)
(2.99998 2.80452e-05 0)
(2.99984 0.000267029 0)
(2.99904 0.00146414 0)
(2.99423 0.00913266 0)
(2.98099 0.0275729 0)
(2.9481 0.0801338 0)
(2.88063 0.153879 0)
(2.41017 0.412728 0)
(2.27191 0.703821 0)
(2.34048 0.737315 0)
(2.54851 0.602614 0)
(2.85913 0.240432 0)
(2.98711 0.0321196 0)
(2.99956 0.00156873 0)
(2.99999 3.85821e-05 0)
(3 5.85424e-07 0)
(3 5.95593e-09 0)
(3 4.28107e-11 0)
(3 2.36132e-13 0)
(3 4.73865e-15 0)
(3 -3.22074e-16 0)
(3 -1.7858e-15 0)
(2.29583 0.625463 0)
(2.25737 0.786866 0)
(2.40032 0.73842 0)
(2.77897 0.374231 0)
(2.98974 0.0357159 0)
(3.00004 0.000474261 0)
(3 -1.06681e-06 0)
(3 -8.27004e-08 0)
(3 -1.5239e-08 0)
(3 -6.39632e-10 0)
(3 -8.46046e-12 0)
(3 -5.34824e-14 0)
(3 3.16007e-15 0)
(3 5.6795e-17 0)
(3 -1.27494e-15 0)
(2.20252 0.813843 0)
(2.25111 0.804483 0)
(2.58129 0.561547 0)
(2.94189 0.121169 0)
(2.99887 0.00506492 0)
(2.99999 7.09419e-05 0)
(3 8.77722e-07 0)
(3 1.15871e-08 0)
(3 6.20903e-11 0)
(3 4.69236e-13 0)
(3 1.93518e-14 0)
(3 8.6086e-15 0)
(3 3.61913e-15 0)
(3 1.34216e-16 0)
(3 -1.21203e-15 0)
(2.17338 0.883088 0)
(2.41509 0.743083 0)
(2.8507 0.267116 0)
(2.99615 0.0146809 0)
(3.00001 7.55346e-05 0)
(3 -9.67235e-07 0)
(3 -6.26909e-09 0)
(3 -1.09976e-09 0)
(3 -5.96563e-11 0)
(3 -1.05466e-12 0)
(3 2.79762e-16 0)
(3 8.42787e-15 0)
(3 3.05596e-15 0)
(3 -7.06411e-17 0)
(3 -1.17415e-15 0)
(2.17602 0.897873 0)
(2.66309 0.457782 0)
(2.98381 0.0363585 0)
(2.99995 0.000477174 0)
(3 3.50896e-06 0)
(3 1.32932e-08 0)
(3 -1.18153e-09 0)
(3 -4.81398e-11 0)
(3 -3.6038e-13 0)
(3 1.0365e-15 0)
(3 1.12238e-14 0)
(3 9.45712e-15 0)
(3 2.54913e-15 0)
(3 -1.83477e-16 0)
(3 -1.15049e-15 0)
(2.57218 0.571878 0)
(2.99129 0.0371423 0)
(3.00026 0.000274386 0)
(3 -2.393e-06 0)
(3 -3.96541e-07 0)
(3 -2.61984e-08 0)
(3 -4.28451e-10 0)
(3 -3.88454e-13 0)
(3 -8.08982e-15 0)
(3 -7.99668e-16 0)
(3 1.04216e-14 0)
(3 9.62365e-15 0)
(3 2.40023e-15 0)
(3 -3.47234e-16 0)
(3 -1.18284e-15 0)
(2.99369 0.0495508 0)
(2.99998 0.00107477 0)
(3 2.01464e-07 0)
(3 -2.02176e-08 0)
(3 -3.51312e-10 0)
(3 3.15893e-11 0)
(3 5.7185e-12 0)
(3 1.19853e-13 0)
(3 -5.39556e-15 0)
(3 -9.60258e-16 0)
(3 1.09386e-14 0)
(3 9.45639e-15 0)
(3 2.35611e-15 0)
(3 -5.23301e-16 0)
(3 -1.20601e-15 0)
(3.00075 -0.00153587 0)
(3.00004 -0.000107439 0)
(3 -3.49071e-06 0)
(3 -3.76148e-08 0)
(3 -3.67084e-11 0)
(3 3.61288e-12 0)
(3 4.55808e-13 0)
(3 -3.14316e-16 0)
(3 -6.29239e-15 0)
(3 -1.15037e-15 0)
(3 1.12262e-14 0)
(3 9.04789e-15 0)
(3 2.44241e-15 0)
(3 -5.88053e-16 0)
(3 -1.2107e-15 0)
(3.00001 -2.17433e-05 0)
(3 1.20363e-07 0)
(3 2.37927e-08 0)
(3 1.15689e-09 0)
(3 1.09666e-11 0)
(3 -2.24994e-14 0)
(3 -2.41571e-15 0)
(3 -3.03187e-15 0)
(3 -5.8257e-15 0)
(3 -8.1806e-16 0)
(3 1.11373e-14 0)
(3 8.87035e-15 0)
(3 2.44523e-15 0)
(3 -6.18771e-16 0)
(3 -1.1873e-15 0)
(3 1.23565e-06 0)
(3 1.42387e-08 0)
(3 -7.60798e-11 0)
(3 -1.25525e-11 0)
(3 -3.99119e-13 0)
(3 1.85335e-15 0)
(3 1.20723e-16 0)
(3 -3.3263e-15 0)
(3 -5.26555e-15 0)
(3 -1.17294e-15 0)
(3 1.05726e-14 0)
(3 8.59176e-15 0)
(3 2.26266e-15 0)
(3 -9.81395e-16 0)
(3 -1.20793e-15 0)
(3 1.75468e-14 0)
(3 -2.96346e-15 0)
(3 7.12734e-16 0)
(3 -4.21079e-16 0)
(3 -1.83869e-15 0)
(3 5.31374e-16 0)
(3 -9.09853e-16 0)
(3 -3.88832e-15 0)
(3 -4.87601e-15 0)
(3 -9.4521e-16 0)
(3 1.07914e-14 0)
(3 7.6397e-15 0)
(3 2.31706e-15 0)
(3 -1.16549e-15 0)
(3 -1.34497e-15 0)
(3 -7.63043e-16 0)
(3 3.33159e-16 0)
(3 3.4167e-16 0)
(3 3.62277e-16 0)
(3 -8.07099e-16 0)
(3 8.71675e-16 0)
(3 -8.10637e-16 0)
(3 -4.48291e-15 0)
(3 -4.84689e-15 0)
(3 -5.85525e-16 0)
(3 1.06778e-14 0)
(3 6.25391e-15 0)
(3 2.35251e-15 0)
(3 -9.74371e-16 0)
(3 -1.34254e-15 0)
(3 1.47361e-15 0)
(3 4.10623e-16 0)
(3 5.14873e-16 0)
(3 3.17331e-16 0)
(3 -8.6501e-17 0)
(3 7.24551e-16 0)
(3 -4.13201e-16 0)
(3 -4.77836e-15 0)
(3 -4.84857e-15 0)
(3 -1.25474e-16 0)
(3 1.04814e-14 0)
(3 5.48085e-15 0)
(3 2.3245e-15 0)
(3 -5.86155e-16 0)
(3 -1.2944e-15 0)
(3 1.29545e-15 0)
(3 6.69991e-16 0)
(3 9.00941e-16 0)
(3 5.06166e-16 0)
(3 -2.07516e-17 0)
(3 3.17036e-16 0)
(3 -4.91447e-18 0)
(3 -4.78318e-15 0)
(3 -4.86976e-15 0)
(3 2.20826e-16 0)
(3 1.04924e-14 0)
(3 4.64056e-15 0)
(3 2.25142e-15 0)
(3 -2.4332e-16 0)
(3 -9.94132e-16 0)
(3 9.74734e-16 0)
(3 8.91815e-16 0)
(3 1.14816e-15 0)
(3 5.6035e-16 0)
(3 -1.62801e-16 0)
(3 -5.92542e-18 0)
(3 7.49781e-16 0)
(3 -4.47716e-15 0)
(3 -4.95761e-15 0)
(3 7.17388e-16 0)
(3 9.39083e-15 0)
(3 4.01665e-15 0)
(3 2.24841e-15 0)
(3 4.11962e-16 0)
(3 -3.28825e-16 0)
(3 3.15204e-16 0)
(3 6.12631e-16 0)
(3 1.1646e-15 0)
(3 1.82885e-15 0)
(3 1.80083e-16 0)
(3 1.45699e-16 0)
(3 1.42689e-15 0)
(3 -3.59731e-15 0)
(3 -5.02825e-15 0)
(3 1.66222e-15 0)
(3 7.69201e-15 0)
(3 3.77461e-15 0)
(3 2.12247e-15 0)
(3 6.26761e-16 0)
(3 -1.01757e-16 0)
(3 1.41921e-18 0)
(3 2.53371e-16 0)
(3 9.69533e-16 0)
(3 2.39787e-15 0)
(3 3.22247e-16 0)
(3 3.14926e-16 0)
(3 1.54679e-15 0)
(3 -2.34583e-15 0)
(3 -4.98495e-15 0)
(3 1.67442e-15 0)
(3 6.14631e-15 0)
(3 3.84973e-15 0)
(3 2.00649e-15 0)
(3 8.31384e-16 0)
(3 -1.95622e-16 0)
(3 -5.43761e-16 0)
(3 -1.57548e-17 0)
(3 1.0606e-15 0)
(3 2.69195e-15 0)
(3 4.48354e-16 0)
(3 2.28281e-16 0)
(3 1.22411e-15 0)
(3 -1.12224e-15 0)
(3 -4.74166e-15 0)
(3 1.52564e-15 0)
(3 5.03272e-15 0)
(3 3.66416e-15 0)
(3 1.98283e-15 0)
(3 5.91122e-16 0)
(3 -2.3978e-16 0)
(3 -1.2695e-15 0)
(3 -7.80213e-18 0)
(3 1.03813e-15 0)
(3 2.96656e-15 0)
(3 1.10159e-15 0)
(3 1.68021e-16 0)
(3 1.26039e-15 0)
(3 -2.43206e-16 0)
(3 -4.75866e-15 0)
(3 5.58707e-16 0)
(3 4.08958e-15 0)
(3 3.52168e-15 0)
(3 1.78354e-15 0)
(3 3.64232e-16 0)
(3 -3.41923e-16 0)
(3 -2.04752e-15 0)
(3 -6.48529e-16 0)
(3 1.17123e-15 0)
(3 2.86412e-15 0)
(3 1.77407e-15 0)
(3 1.2735e-17 0)
(3 1.04447e-15 0)
(3 7.49719e-16 0)
(3 -4.30548e-15 0)
(3 4.9817e-16 0)
(3 2.26463e-15 0)
(3 3.12855e-15 0)
(3 1.59663e-15 0)
(3 1.8516e-16 0)
(3 -3.25291e-16 0)
(3 -2.60061e-15 0)
(3 -1.45531e-15 0)
(3 7.42038e-16 0)
(3 2.89679e-15 0)
(3 2.46516e-15 0)
(3 -5.29605e-16 0)
(3 6.23504e-16 0)
(3 1.60033e-15 0)
(3 -3.67601e-15 0)
(3 3.67333e-16 0)
(3 1.58023e-15 0)
(3 2.81257e-15 0)
(3 1.3687e-15 0)
(3 8.93308e-17 0)
(3 -3.01261e-16 0)
(3 -1.68108e-15 0)
(3 -2.03804e-15 0)
(3 3.9383e-16 0)
(3 3.14347e-15 0)
(3 2.89862e-15 0)
(3 -3.00733e-16 0)
(3 9.11237e-17 0)
(3 1.39135e-15 0)
(3 -2.03526e-15 0)
(3 7.88191e-16 0)
(3 -1.10407e-17 0)
(3 -1.71716e-16 0)
(3 8.33671e-16 0)
(3 5.7206e-18 0)
(3 -1.42436e-16 0)
(3 3.21624e-16 0)
(3 -3.69351e-15 0)
(3 -5.77487e-16 0)
(3 2.98801e-15 0)
(3 3.71885e-15 0)
(3 -3.87743e-16 0)
(3 -1.31304e-16 0)
(3 1.69974e-15 0)
(3 -1.2264e-15 0)
(3 1.01541e-15 0)
(3 -1.18279e-15 0)
(3 -1.67799e-15 0)
(3 2.97786e-16 0)
(3 2.24033e-16 0)
(3 2.29458e-17 0)
(3 1.217e-15 0)
(3 -4.61373e-15 0)
(3 -1.1196e-15 0)
(3 2.94182e-15 0)
(3 4.94248e-15 0)
(3 6.22367e-19 0)
(3 -5.47068e-16 0)
(3 1.29241e-15 0)
(3 -4.02176e-16 0)
(3 1.36163e-15 0)
(3 -2.90315e-15 0)
(3 -4.09644e-15 0)
(3 1.09834e-16 0)
(3 5.02889e-16 0)
(3 1.47384e-17 0)
(3 -1.04123e-15 0)
(3 -6.0549e-15 0)
(3 -1.62783e-15 0)
(3 4.43136e-15 0)
(3 6.4719e-15 0)
(3 8.6349e-16 0)
(3 -2.97362e-15 0)
(3 -3.05165e-17 0)
(3 4.12654e-15 0)
(3 2.04011e-15 0)
(3 -5.93394e-15 0)
(3 -6.45671e-15 0)
(3 -5.15064e-16 0)
(3 6.6556e-16 0)
(3 -1.22217e-16 0)
(3 -1.6047e-15 0)
(3 -3.65601e-15 0)
(3 -6.68801e-16 0)
(3 3.17736e-15 0)
(3 5.58864e-15 0)
(3 5.36121e-16 0)
(3 -3.69465e-15 0)
(3 1.36563e-16 0)
(3 5.97577e-15 0)
(3 3.22582e-15 0)
(3 -7.41655e-15 0)
(3 -9.14269e-15 0)
(3 -1.62744e-15 0)
(3 1.35584e-15 0)
(3 8.29369e-16 0)
(3 -1.03539e-15 0)
(3 3.13496e-15 0)
(3 7.60616e-16 0)
(3 4.52714e-16 0)
(3 2.14149e-15 0)
(3 3.27754e-16 0)
(3 -2.3588e-15 0)
(3 7.32124e-16 0)
(3 5.89092e-15 0)
(3 3.89631e-15 0)
(3 -9.046e-15 0)
(3 -9.68243e-15 0)
(3 -2.27732e-15 0)
(3 9.83935e-17 0)
(3 2.78018e-16 0)
(3 -2.79984e-15 0)
(3 3.54518e-15 0)
(3 4.00012e-15 0)
(3 6.63032e-16 0)
(3 -1.54653e-15 0)
(3 -2.22648e-15 0)
(3 -4.05333e-17 0)
(3 1.64016e-15 0)
(3 3.24177e-15 0)
(3 2.50322e-15 0)
(3 -7.32751e-15 0)
(3 -7.80713e-15 0)
(3 -2.0572e-15 0)
(3 -4.9443e-16 0)
(3 -2.60372e-16 0)
(3 -3.77491e-15 0)
(3 3.31394e-15 0)
(3 2.89351e-15 0)
(3 -2.33084e-16 0)
(3 -1.29765e-15 0)
(3 -1.22285e-15 0)
(3 3.96484e-15 0)
(3 1.6204e-15 0)
(3 1.38701e-15 0)
(3 -3.67227e-16 0)
(3 -4.45511e-15 0)
(3 -4.11386e-15 0)
(3 5.39161e-16 0)
(3 -1.84475e-15 0)
(3 -1.46456e-15 0)
(3 -4.04302e-15 0)
(3 -2.44607e-15 0)
(3 -1.01514e-15 0)
(3 2.32072e-15 0)
(3 4.96356e-15 0)
(3 3.55392e-15 0)
(3 -4.84763e-16 0)
(3 -1.00349e-15 0)
(3 6.10754e-16 0)
(3 2.05855e-16 0)
(3 -3.08481e-15 0)
(3 1.71986e-15 0)
(3 1.39296e-15 0)
(3 -1.21236e-15 0)
(3 -5.42094e-16 0)
(3 -5.31569e-15 0)
(3 -4.19989e-15 0)
(3 -3.1566e-16 0)
(3 4.0468e-15 0)
(3 5.32358e-15 0)
(3 2.61102e-15 0)
(3 -6.58426e-16 0)
(3 -1.90201e-15 0)
(3 -6.56412e-15 0)
(3 -6.39938e-15 0)
(3 -4.19924e-15 0)
(3 -3.20162e-15 0)
(3 -8.51888e-16 0)
(3 2.60659e-15 0)
(3 6.19698e-15 0)
(3 3.11214e-15 0)
(3 -3.68016e-15 0)
(3 -3.04104e-15 0)
(3 -2.85782e-15 0)
(3 -6.81994e-15 0)
(3 -1.45047e-15 0)
(3 -1.03752e-15 0)
(3 -1.81312e-15 0)
(3 -2.1843e-15 0)
(3 1.2933e-15 0)
(3 9.33931e-16 0)
(3 -2.21654e-15 0)
(3 -1.89969e-15 0)
(3 -1.04246e-15 0)
(3 -3.01494e-15 0)
(3 4.57202e-16 0)
(3 1.52367e-15 0)
(3 6.00429e-17 0)
(3 -6.06773e-16 0)
(3 -2.38982e-15 0)
(3 -3.41239e-15 0)
(3 -5.2265e-16 0)
(3 -1.58939e-15 0)
(3 -1.72537e-15 0)
(3 -5.8004e-16 0)
(3 -1.46733e-15 0)
(3 -1.04671e-15 0)
(3 -1.3153e-15 0)
(3 -2.95966e-16 0)
(3 -1.11704e-15 0)
(3 -1.72129e-15 0)
(3 -1.5748e-15 0)
(3 -1.85955e-15 0)
(3 -3.45273e-15 0)
(3 -3.10167e-15 0)
(3 -2.57838e-15 0)
(3 -2.83864e-15 0)
(3 -2.60685e-15 0)
(3 -1.91669e-15 0)
(3 -1.286e-15 0)
(3 3.97589e-17 0)
(3 -2.39669e-15 0)
(3 -2.58298e-15 0)
(3 -2.11405e-15 0)
(3 -2.7322e-15 0)
(3 -2.7831e-15 0)
(3 -2.72837e-15 0)
(3 -1.52802e-15 0)
(3 -1.91214e-15 0)
(3 7.52517e-16 0)
(3 2.65923e-15 0)
(3 -2.74047e-16 0)
(3 -6.06941e-16 0)
(3 -2.87451e-16 0)
(3 1.73715e-15 0)
(3 -1.03213e-15 0)
(3 -9.29654e-16 0)
(3 -1.42756e-15 0)
(3 -1.46841e-15 0)
(3 2.25889e-15 0)
(3 2.38357e-15 0)
(3 3.96619e-15 0)
(3 2.78594e-15 0)
(3 5.76125e-16 0)
(3 8.02181e-16 0)
(3 -5.89838e-17 0)
(3 6.15502e-16 0)
(3 6.08242e-16 0)
(3 1.85567e-15 0)
(3 1.98393e-15 0)
(3 3.78726e-15 0)
(3 6.19365e-15 0)
(3 3.80147e-15 0)
(3 8.06736e-16 0)
(3 -1.23017e-15 0)
(3 1.25469e-16 0)
(3 -2.00964e-16 0)
(3 6.41188e-16 0)
(3 1.75958e-15 0)
(3 2.31768e-15 0)
(3 3.13816e-15 0)
(3 4.16089e-15 0)
(3 3.59507e-15 0)
(3 4.15021e-16 0)
(3 -1.49869e-15 0)
(3 3.55106e-15 0)
(3 3.28305e-15 0)
(3 2.21275e-15 0)
(3 8.35843e-16 0)
(3 -1.26837e-16 0)
(3 -6.93319e-18 0)
(3 4.71027e-15 0)
(3 4.6585e-15 0)
(3 3.47686e-15 0)
(3 9.86463e-16 0)
(3 1.88988e-15 0)
(3 2.04405e-15 0)
(3 1.62587e-15 0)
(3 -9.15784e-17 0)
(3 5.20841e-16 0)
(3 1.73668e-15 0)
(3 3.19192e-15 0)
(3 4.43778e-15 0)
(3 4.46359e-15 0)
(3 2.32478e-15 0)
(3 1.09097e-16 0)
(3 6.32186e-16 0)
(3 7.92167e-16 0)
(3 1.00057e-15 0)
(3 1.25287e-15 0)
(3 1.45313e-15 0)
(3 1.57604e-15 0)
(3 2.46404e-15 0)
(3 4.03227e-15 0)
(3 5.70825e-15 0)
(3 -1.871e-15 0)
(3 -9.56011e-16 0)
(3 1.28677e-16 0)
(3 1.49282e-15 0)
(3 8.47827e-16 0)
(3 -1.5325e-15 0)
(3 -1.13896e-15 0)
(3 1.09479e-15 0)
(3 2.44964e-15 0)
(3 3.34702e-15 0)
(3 -2.1924e-15 0)
(3 -8.24225e-16 0)
(3 -8.64136e-17 0)
(3 1.69177e-15 0)
(3 8.82802e-16 0)
(3 -1.07893e-15 0)
(3 -3.79454e-16 0)
(3 5.27592e-16 0)
(3 -1.29095e-15 0)
(3 1.34831e-16 0)
(3 -3.00941e-17 0)
(3 -2.23759e-16 0)
(3 -8.4974e-16 0)
(3 -2.91358e-16 0)
(3 1.29012e-16 0)
(3 3.51948e-16 0)
(3 5.51818e-16 0)
(3 -9.55229e-17 0)
(3 7.24983e-16 0)
(3 -7.34156e-16 0)
(3 8.93228e-17 0)
(3 -4.35218e-16 0)
(3 -4.08297e-16 0)
(3 -1.91823e-15 0)
(3 -1.19657e-15 0)
(3 3.24738e-16 0)
(3 3.83327e-16 0)
(3 -4.68147e-16 0)
(3 2.93097e-15 0)
(3 -5.66616e-16 0)
(3 1.26118e-15 0)
(3 1.00609e-15 0)
(3 4.95653e-16 0)
(3 -3.26131e-16 0)
(3 -5.26939e-16 0)
(3 -1.35033e-15 0)
(3 -1.42898e-16 0)
(3 -7.69501e-16 0)
(3 -4.5325e-16 0)
(3 1.1447e-15 0)
(3 1.39619e-15 0)
(3 1.37361e-15 0)
(3 6.74313e-17 0)
(3 -2.77803e-15 0)
(3 -3.00964e-15 0)
(3 -1.18445e-15 0)
(3 2.29515e-15 0)
(3 8.95574e-16 0)
(3 -6.25214e-16 0)
(3 3.73041e-15 0)
(3 2.25736e-15 0)
(3 2.17889e-15 0)
(3 -6.35607e-16 0)
(3 -2.94312e-15 0)
(3 -3.36001e-15 0)
(3 -8.23133e-16 0)
(3 -9.64783e-16 0)
(3 1.86158e-15 0)
(3 1.57311e-15 0)
(3 1.90242e-15 0)
(3 1.28022e-15 0)
(3 -5.06695e-17 0)
(3 -1.22859e-15 0)
(3 -5.07178e-16 0)
(3 -1.40743e-15 0)
(3 -1.09907e-15 0)
(3 -1.87682e-15 0)
(3 2.82468e-16 0)
(3 1.25156e-15 0)
(3 4.2368e-15 0)
(3 6.17613e-16 0)
(3 2.80165e-16 0)
(3 6.73676e-16 0)
(3 9.75435e-16 0)
(3 1.49192e-15 0)
(3 -1.93946e-15 0)
(3 -1.86482e-15 0)
(3 -1.25049e-15 0)
(3 3.79026e-16 0)
(3 3.62705e-15 0)
(3 -6.86032e-16 0)
(3 1.86512e-16 0)
(3 1.85307e-15 0)
(3 1.74039e-15 0)
(3 2.17151e-15 0)
(3 7.34821e-16 0)
(3 -3.20021e-16 0)
(3 -1.13149e-15 0)
(3 5.0069e-16 0)
(3 -4.44016e-16 0)
(3 -8.80715e-16 0)
(3 -1.14202e-15 0)
(3 -1.66759e-15 0)
(3 -3.69075e-16 0)
(3 -1.94929e-15 0)
(3 -3.10384e-15 0)
(3 -4.58155e-15 0)
(3 -7.26962e-15 0)
(3 7.44662e-16 0)
(3 -1.3506e-15 0)
(3 6.90996e-16 0)
(3 -1.90537e-15 0)
(3 -3.52341e-15 0)
(3 -3.57793e-15 0)
(3 -5.18236e-15 0)
(3 -6.1205e-15 0)
(3 -6.06773e-15 0)
(3 -5.33662e-15 0)
(3 -3.04388e-15 0)
(3 -5.22608e-15 0)
(3 3.07651e-15 0)
(3 2.537e-15 0)
(3 1.4472e-15 0)
(3 -1.58098e-15 0)
(3 -3.19829e-15 0)
(3 -3.32806e-15 0)
(3 -7.16256e-16 0)
(3 2.1803e-15 0)
(3 9.17586e-17 0)
(3 -5.16982e-16 0)
(3 2.26126e-15 0)
(3 2.09071e-15 0)
(3 1.67514e-15 0)
(3 1.15046e-15 0)
(3 1.80334e-15 0)
(3 3.71611e-15 0)
(3 4.92352e-15 0)
(3 4.99163e-15 0)
(3 4.76636e-15 0)
(3 3.27128e-15 0)
(3 -5.62144e-16 0)
(3 -9.19433e-16 0)
(3 -1.39538e-15 0)
(3 -2.09737e-16 0)
(3 3.27926e-15 0)
(3 5.75983e-15 0)
(3 5.99118e-15 0)
(3 2.75068e-15 0)
(3 7.77044e-16 0)
(3 2.48387e-16 0)
(3 2.40822e-16 0)
(3 1.90074e-15 0)
(3 3.26335e-15 0)
(3 4.17048e-15 0)
(3 3.49418e-15 0)
(3 9.41174e-16 0)
(3 1.61366e-15 0)
(3 2.32233e-15 0)
(3 1.93946e-16 0)
(3 -2.2574e-15 0)
(3 -1.34425e-15 0)
(3 -1.05146e-16 0)
(3 -5.18041e-17 0)
(3 3.54138e-16 0)
(3 -7.79715e-17 0)
(3 -8.65796e-16 0)
(3 4.26022e-16 0)
(3 3.12884e-15 0)
(3 3.5825e-15 0)
(3 2.34008e-15 0)
(3 -3.88646e-15 0)
(3 -4.2792e-15 0)
(3 -4.81618e-15 0)
(3 -4.51192e-15 0)
(3 -3.10606e-15 0)
(3 -5.69597e-16 0)
(3 1.43356e-15 0)
(3 3.87955e-15 0)
(3 3.99553e-15 0)
(3 4.15475e-15 0)
(3 3.19164e-15 0)
(3 3.42179e-15 0)
(3 3.62207e-15 0)
(3 3.69213e-15 0)
(3 3.17918e-15 0)
(3 3.45852e-15 0)
(3 5.19185e-16 0)
(3 -1.48714e-15 0)
(3 2.41699e-16 0)
(3 -7.23427e-16 0)
(3 5.05803e-15 0)
(3 5.18421e-15 0)
(3 5.5777e-15 0)
(3 4.67511e-15 0)
(3 2.82815e-15 0)
(3 1.98445e-15 0)
(3 8.12289e-17 0)
(3 -1.68182e-15 0)
(3 -4.08127e-15 0)
(3 -3.52597e-16 0)
(3 9.78914e-16 0)
(3 8.0649e-16 0)
(3 8.80519e-16 0)
(3 1.27598e-15 0)
(3 1.1926e-15 0)
(3 6.49916e-16 0)
(3 1.43972e-15 0)
(3 -8.25412e-16 0)
(3 -3.57028e-15 0)
(3 -1.42744e-16 0)
(3 2.03477e-16 0)
(3 1.57207e-16 0)
(3 7.30235e-17 0)
(3 2.53899e-16 0)
(3 2.10609e-16 0)
(3 -4.73631e-16 0)
(3 -9.96614e-16 0)
(3 -2.28963e-15 0)
(3 -1.6982e-15 0)
(3 1.01893e-15 0)
(3 1.29536e-15 0)
(3 -5.42904e-16 0)
(3 -5.34177e-16 0)
(3 3.00452e-16 0)
(3 1.76012e-15 0)
(3 2.99248e-15 0)
(3 2.08847e-15 0)
(3 -7.41794e-16 0)
(3 -7.13167e-17 0)
(3 -1.9035e-15 0)
(3 -3.56694e-15 0)
(3 3.42604e-15 0)
(3 4.78422e-15 0)
(3 9.84429e-16 0)
(3 2.76007e-16 0)
(3 9.31735e-16 0)
(3 -9.7596e-17 0)
(3 -8.87731e-17 0)
(3 7.68852e-16 0)
(3 2.3809e-15 0)
(3 2.61278e-15 0)
(3 1.73874e-15 0)
(3 -8.27374e-16 0)
(3 -1.65447e-16 0)
(3 -2.41109e-15 0)
(3 -3.49064e-15 0)
(3 3.53381e-15 0)
(3 4.55485e-15 0)
(3 9.19716e-16 0)
(3 3.19421e-16 0)
(3 8.41722e-16 0)
(3 2.67176e-16 0)
(3 5.51256e-16 0)
(3 7.44085e-16 0)
(3 2.47449e-15 0)
(3 2.81625e-15 0)
(3 1.24428e-15 0)
(3 -6.94251e-16 0)
(3 -3.82394e-16 0)
(3 -2.96545e-15 0)
(3 -3.50875e-15 0)
(3 3.86336e-15 0)
(3 4.33522e-15 0)
(3 8.55383e-16 0)
(3 3.76375e-16 0)
(3 1.02184e-15 0)
(3 5.25054e-16 0)
(3 5.81347e-16 0)
(3 9.79325e-16 0)
(3 2.71078e-15 0)
(3 2.82893e-15 0)
(3 9.02627e-16 0)
(3 -7.06227e-16 0)
(3 -5.53884e-16 0)
(3 -3.28874e-15 0)
(3 -3.36795e-15 0)
(3 4.0287e-15 0)
(3 4.12542e-15 0)
(3 4.98858e-16 0)
(3 3.16549e-16 0)
(3 1.00641e-15 0)
(3 6.70693e-16 0)
(3 4.86648e-16 0)
(3 1.61978e-15 0)
(3 2.78036e-15 0)
(3 2.91981e-15 0)
(3 7.15408e-16 0)
(3 -1.37108e-15 0)
(3 -8.16429e-16 0)
(3 -3.29756e-15 0)
(3 -3.17502e-15 0)
(3 3.93592e-15 0)
(3 3.9648e-15 0)
(3 5.54483e-16 0)
(3 4.72915e-16 0)
(3 1.26148e-15 0)
(3 8.14739e-16 0)
(3 6.8888e-16 0)
(3 2.0531e-15 0)
(3 2.45943e-15 0)
(3 2.12758e-15 0)
(3 5.67434e-16 0)
(3 -1.84328e-15 0)
(3 -8.75125e-16 0)
(3 -3.21018e-15 0)
(3 -3.00682e-15 0)
(3 3.68216e-15 0)
(3 3.95316e-15 0)
(3 7.86087e-16 0)
(3 6.67456e-16 0)
(3 1.5361e-15 0)
(3 7.46446e-16 0)
(3 1.95708e-15 0)
(3 1.96438e-15 0)
(3 2.39934e-15 0)
(3 1.85695e-15 0)
(3 1.65727e-16 0)
(3 -2.50826e-15 0)
(3 -8.11144e-16 0)
(3 -3.23266e-15 0)
(3 -2.86665e-15 0)
(3 3.15239e-15 0)
(3 3.86274e-15 0)
(3 1.24372e-15 0)
(3 9.19898e-16 0)
(3 1.43341e-15 0)
(3 1.56478e-15 0)
(3 2.24706e-15 0)
(3 2.1674e-15 0)
(3 2.15259e-15 0)
(3 1.2369e-15 0)
(3 -5.39039e-16 0)
(3 -2.52194e-15 0)
(3 -8.71801e-16 0)
(3 -3.31562e-15 0)
(3 -2.61367e-15 0)
(3 2.81307e-15 0)
(3 3.52604e-15 0)
(3 1.69335e-15 0)
(3 1.11692e-15 0)
(3 1.65993e-15 0)
(3 1.67757e-15 0)
(3 2.41966e-15 0)
(3 3.05228e-15 0)
(3 2.25137e-15 0)
(3 5.25475e-16 0)
(3 -9.64322e-16 0)
(3 -2.61412e-15 0)
(3 -9.49062e-16 0)
(3 -3.3372e-15 0)
(3 -2.72659e-15 0)
(3 2.29047e-15 0)
(3 3.57939e-15 0)
(3 1.83371e-15 0)
(3 1.2057e-15 0)
(3 7.6325e-17 0)
(3 4.03313e-15 0)
(3 2.17207e-15 0)
(3 3.39808e-15 0)
(3 1.80474e-15 0)
(3 2.98076e-16 0)
(3 -1.82991e-15 0)
(3 -2.87383e-15 0)
(3 -1.13622e-15 0)
(3 -3.35552e-15 0)
(3 -2.91401e-15 0)
(3 1.9167e-15 0)
(3 2.88784e-15 0)
(3 2.5997e-15 0)
(3 1.36125e-15 0)
(3 -1.23849e-06 0)
(3 -1.42654e-08 0)
(3 7.63384e-11 0)
(3 1.2586e-11 0)
(3 3.9802e-13 0)
(3 -1.25845e-15 0)
(3 -2.90403e-15 0)
(3 -2.82674e-15 0)
(3 -1.11436e-15 0)
(3 -3.50031e-15 0)
(3 -2.99152e-15 0)
(3 1.4462e-15 0)
(3 2.64916e-15 0)
(3 4.26364e-15 0)
(3 1.7574e-15 0)
(3.00001 2.1729e-05 0)
(3 -1.2089e-07 0)
(3 -2.39078e-08 0)
(3 -1.16232e-09 0)
(3 -1.21019e-11 0)
(3 2.3944e-14 0)
(3 -1.98598e-16 0)
(3 -2.17462e-15 0)
(3 -1.31091e-15 0)
(3 -3.6724e-15 0)
(3 -3.07906e-15 0)
(3 8.46972e-16 0)
(3 2.61632e-15 0)
(3 5.02509e-15 0)
(3 2.10986e-15 0)
(3.00075 0.00154071 0)
(3.00004 0.000107935 0)
(3 3.50462e-06 0)
(3 4.42384e-08 0)
(3 8.0849e-11 0)
(3 -2.50561e-12 0)
(3 -4.02036e-13 0)
(3 -5.00023e-15 0)
(3 -1.74223e-15 0)
(3 -3.80223e-15 0)
(3 -3.54158e-15 0)
(3 3.66132e-16 0)
(3 2.57461e-15 0)
(3 4.99081e-15 0)
(3 2.6746e-15 0)
(2.99362 -0.0496518 0)
(2.99998 -0.00109545 0)
(3 -5.84481e-07 0)
(3 -7.46016e-09 0)
(3 -1.52825e-10 0)
(3 -3.07926e-11 0)
(3 -5.69925e-12 0)
(3 -1.32921e-13 0)
(3 -3.87592e-15 0)
(3 -3.98043e-15 0)
(3 -3.98717e-15 0)
(3 -8.95606e-17 0)
(3 2.30441e-15 0)
(3 5.81216e-15 0)
(3 3.27979e-15 0)
(2.57183 -0.572203 0)
(2.99153 -0.0369065 0)
(3.00027 -0.000257937 0)
(3 2.50098e-06 0)
(3 4.10619e-07 0)
(3 2.73351e-08 0)
(3 4.47808e-10 0)
(3 4.88511e-13 0)
(3 -1.25417e-15 0)
(3 -4.17669e-15 0)
(3 -4.17523e-15 0)
(3 -8.99133e-16 0)
(3 2.02552e-15 0)
(3 6.36947e-15 0)
(3 3.94867e-15 0)
(2.17582 -0.897686 0)
(2.66215 -0.458988 0)
(2.98361 -0.0366765 0)
(2.99995 -0.000486708 0)
(3 -3.61917e-06 0)
(3 -1.36737e-08 0)
(3 1.2299e-09 0)
(3 4.93304e-11 0)
(3 3.36179e-13 0)
(3 -5.48721e-15 0)
(3 -4.58692e-15 0)
(3 -1.76071e-15 0)
(3 1.76384e-15 0)
(3 6.5964e-15 0)
(3 4.21093e-15 0)
(2.17304 -0.882992 0)
(2.41492 -0.74345 0)
(2.85056 -0.267772 0)
(2.99615 -0.0147289 0)
(3.00001 -7.59797e-05 0)
(3 9.63283e-07 0)
(3 6.2963e-09 0)
(3 1.11745e-09 0)
(3 6.06322e-11 0)
(3 1.06633e-12 0)
(3 4.5384e-15 0)
(3 -9.64017e-16 0)
(3 1.40041e-15 0)
(3 6.81231e-15 0)
(3 4.16526e-15 0)
(2.20199 -0.814247 0)
(2.25113 -0.804616 0)
(2.58223 -0.560874 0)
(2.94222 -0.120973 0)
(2.99888 -0.00504697 0)
(2.99999 -7.06759e-05 0)
(3 -8.77492e-07 0)
(3 -1.16004e-08 0)
(3 -6.1313e-11 0)
(3 -4.52779e-13 0)
(3 -1.48195e-14 0)
(3 -1.35892e-15 0)
(3 7.48394e-16 0)
(3 7.32071e-15 0)
(3 3.76526e-15 0)
(2.29472 -0.628226 0)
(2.25747 -0.786956 0)
(2.39995 -0.739383 0)
(2.77884 -0.374719 0)
(2.9897 -0.0358198 0)
(3.00003 -0.000476257 0)
(3 1.05389e-06 0)
(3 8.26726e-08 0)
(3 1.52358e-08 0)
(3 6.39548e-10 0)
(3 8.46392e-12 0)
(3 6.04834e-14 0)
(3 1.75962e-15 0)
(3 7.07901e-15 0)
(3 3.2761e-15 0)
(2.41345 -0.404673 0)
(2.27188 -0.704037 0)
(2.34084 -0.736824 0)
(2.54864 -0.602529 0)
(2.85929 -0.2402 0)
(2.98712 -0.0320972 0)
(2.99956 -0.00156829 0)
(2.99999 -3.85932e-05 0)
(3 -5.85703e-07 0)
(3 -5.95825e-09 0)
(3 -4.28197e-11 0)
(3 -2.29172e-13 0)
(3 6.55503e-16 0)
(3 6.633e-15 0)
(3 2.86226e-15 0)
(2.50512 -0.18708 0)
(2.32467 -0.601552 0)
(2.34703 -0.707695 0)
(2.43399 -0.686205 0)
(2.72022 -0.445581 0)
(2.96851 -0.0701457 0)
(2.99895 -0.00346533 0)
(2.99998 -7.31573e-05 0)
(3 -1.09426e-06 0)
(3 -1.25109e-08 0)
(3 -1.0772e-10 0)
(3 -7.01293e-13 0)
(3 -1.18949e-15 0)
(3 5.14506e-15 0)
(3 2.5559e-15 0)
(2.57925 0.070641 0)
(2.45833 -0.319826 0)
(2.37803 -0.620276 0)
(2.43215 -0.678534 0)
(2.59687 -0.599785 0)
(2.85043 -0.308961 0)
(2.98588 -0.0357185 0)
(2.99964 -0.000889089 0)
(3 -9.73074e-06 0)
(3 -8.17265e-08 0)
(3 -6.33454e-10 0)
(3 -4.48616e-12 0)
(3 -2.54769e-14 0)
(3 3.43075e-15 0)
(3 1.77036e-15 0)
(2.6152 0.0232629 0)
(2.5435 -0.0524291 0)
(2.44794 -0.448495 0)
(2.43164 -0.644932 0)
(2.526 -0.629347 0)
(2.73459 -0.476897 0)
(2.94655 -0.139091 0)
(2.99729 -0.00787073 0)
(2.99995 -0.000112296 0)
(3 -9.33307e-07 0)
(3 -6.39489e-09 0)
(3 -3.9717e-11 0)
(3 -2.32359e-13 0)
(3 3.62926e-16 0)
(3 2.19267e-16 0)
(2.58218 0.0654026 0)
(2.55882 0.000764939 0)
(2.5484 -0.163723 0)
(2.466 -0.543799 0)
(2.52303 -0.617341 0)
(2.61253 -0.57994 0)
(2.8253 -0.364227 0)
(2.97584 -0.0622265 0)
(2.99921 -0.0019837 0)
(2.99999 -2.00002e-05 0)
(3 -1.40404e-07 0)
(3 -8.52699e-10 0)
(3 -4.52962e-12 0)
(3 -2.15361e-14 0)
(3 -7.74502e-17 0)
(2.59475 0.219565 0)
(2.58788 0.130503 0)
(2.58798 -0.0854086 0)
(2.54736 -0.31851 0)
(2.52701 -0.570482 0)
(2.60974 -0.580484 0)
(2.74695 -0.486208 0)
(2.9312 -0.176057 0)
(2.99498 -0.0134629 0)
(2.99989 -0.000251918 0)
(3 -2.09895e-06 0)
(3 -1.36471e-08 0)
(3 -7.98087e-11 0)
(3 -4.07346e-13 0)
(3 -2.91963e-15 0)
(2.64336 0.330048 0)
(2.65722 0.251871 0)
(2.56356 -0.0940119 0)
(2.557 -0.268913 0)
(2.55918 -0.466778 0)
(2.60841 -0.567257 0)
(2.66655 -0.555134 0)
(2.82338 -0.385998 0)
(2.96751 -0.080912 0)
(2.9987 -0.0030774 0)
(2.99998 -3.67141e-05 0)
(3 -2.62607e-07 0)
(3 -1.54202e-09 0)
(3 -8.22647e-12 0)
(3 -3.47126e-14 0)
(2.66016 0.464996 0)
(2.66089 0.349179 0)
(2.61725 0.0818549 0)
(2.63955 -0.042072 0)
(2.61829 -0.304929 0)
(2.6233 -0.509367 0)
(2.66659 -0.551788 0)
(2.77555 -0.46555 0)
(2.92437 -0.194843 0)
(2.99288 -0.0184197 0)
(2.99984 -0.000370232 0)
(3 -3.30683e-06 0)
(3 -2.2243e-08 0)
(3 -1.29558e-10 0)
(3 -5.9193e-13 0)
(2.68514 0.49796 0)
(2.68606 0.378289 0)
(2.64594 0.141936 0)
(2.65791 0.0538229 0)
(2.64629 -0.196509 0)
(2.65485 -0.405924 0)
(2.6698 -0.533353 0)
(2.71396 -0.520348 0)
(2.84317 -0.361759 0)
(2.96753 -0.0814745 0)
(2.99846 -0.00364126 0)
(2.99998 -4.56934e-05 0)
(3 -3.42077e-07 0)
(3 -2.09478e-09 0)
(3 -1.01687e-11 0)
(2.71878 0.510532 0)
(2.73358 0.418934 0)
(2.68346 0.176915 0)
(2.69133 0.161409 0)
(2.68603 -0.0652207 0)
(2.68142 -0.309922 0)
(2.68798 -0.476689 0)
(2.71369 -0.519614 0)
(2.79159 -0.455214 0)
(2.92117 -0.196887 0)
(2.99182 -0.0197086 0)
(2.9998 -0.000454023 0)
(3 -4.22863e-06 0)
(3 -2.92555e-08 0)
(3 -1.48612e-10 0)
(2.71209 0.510483 0)
(2.72624 0.440561 0)
(2.69058 0.258408 0)
(2.71292 0.266579 0)
(2.7188 0.0411066 0)
(2.75081 -0.108182 0)
(2.71686 -0.39573 0)
(2.71871 -0.504115 0)
(2.75224 -0.492708 0)
(2.85303 -0.347187 0)
(2.96679 -0.0813511 0)
(2.99838 -0.00371914 0)
(2.99998 -4.93889e-05 0)
(3 -3.65338e-07 0)
(3 -1.99677e-09 0)
(2.715 0.550142 0)
(2.70525 0.453388 0)
(2.6974 0.327407 0)
(2.73986 0.285996 0)
(2.72577 0.00870263 0)
(2.76014 -0.0582368 0)
(2.75777 -0.267365 0)
(2.73734 -0.453972 0)
(2.75309 -0.489616 0)
(2.81598 -0.420471 0)
(2.92614 -0.18414 0)
(2.99202 -0.01909 0)
(2.9998 -0.000438501 0)
(3 -4.29753e-06 0)
(3 -2.53064e-08 0)
(2.7201 0.577526 0)
(2.71197 0.475094 0)
(2.72665 0.39824 0)
(2.75931 0.335188 0)
(2.73884 0.0784483 0)
(2.79085 0.0504023 0)
(2.79911 -0.142201 0)
(2.76813 -0.37427 0)
(2.75851 -0.475173 0)
(2.78335 -0.464291 0)
(2.87049 -0.312852 0)
(2.97064 -0.070733 0)
(2.99856 -0.00325379 0)
(2.99998 -4.23267e-05 0)
(3 -2.83765e-07 0)
(2.73339 0.610345 0)
(2.72244 0.527107 0)
(2.74763 0.432137 0)
(2.78238 0.364341 0)
(2.76474 0.152223 0)
(2.81449 0.145915 0)
(2.81973 -0.0766146 0)
(2.80563 -0.265091 0)
(2.77443 -0.436043 0)
(2.78374 -0.463685 0)
(2.83081 -0.397051 0)
(2.93151 -0.165883 0)
(2.99266 -0.0170166 0)
(2.99982 -0.000403508 0)
(3 -3.29184e-06 0)
(2.74432 0.649557 0)
(2.74778 0.548405 0)
(2.78007 0.433922 0)
(2.8041 0.360199 0)
(2.78137 0.206421 0)
(2.83028 0.205416 0)
(2.82787 -0.0394974 0)
(2.84436 -0.136712 0)
(2.80773 -0.352034 0)
(2.78885 -0.452249 0)
(2.80757 -0.437425 0)
(2.88181 -0.286129 0)
(2.97531 -0.0582388 0)
(2.99887 -0.00254452 0)
(2.99998 -2.80494e-05 0)
(2.73945 0.615704 0)
(2.7902 0.556319 0)
(2.80916 0.47067 0)
(2.81721 0.368101 0)
(2.82422 0.284024 0)
(2.85182 0.267456 0)
(2.84436 0.0327549 0)
(2.8609 -0.086813 0)
(2.83637 -0.270831 0)
(2.80364 -0.417172 0)
(2.80847 -0.436201 0)
(2.84889 -0.363129 0)
(2.93745 -0.15189 0)
(2.99391 -0.014152 0)
(2.99984 -0.000267047 0)
(2.72187 0.45033 0)
(2.79246 0.563214 0)
(2.82422 0.523579 0)
(2.82589 0.410838 0)
(2.8452 0.343245 0)
(2.87939 0.304552 0)
(2.85775 0.068728 0)
(2.89329 0.0423879 0)
(2.86568 -0.178332 0)
(2.82945 -0.355826 0)
(2.81268 -0.428022 0)
(2.82786 -0.408805 0)
(2.90533 -0.23333 0)
(2.98105 -0.0452371 0)
(2.99904 -0.00146441 0)
(2.69069 0.228226 0)
(2.77055 0.508556 0)
(2.82911 0.533887 0)
(2.834 0.437898 0)
(2.86773 0.368157 0)
(2.90031 0.273395 0)
(2.87588 0.105291 0)
(2.90117 0.115423 0)
(2.89249 -0.0768612 0)
(2.86495 -0.258542 0)
(2.82624 -0.399834 0)
(2.82811 -0.409994 0)
(2.85852 -0.348271 0)
(2.94796 -0.126067 0)
(2.99423 -0.00913329 0)
(2.68122 0.130708 0)
(2.76124 0.326813 0)
(2.82361 0.51532 0)
(2.84641 0.487374 0)
(2.89089 0.3991 0)
(2.9234 0.322503 0)
(2.89019 0.164221 0)
(2.91217 0.16123 0)
(2.90931 -0.0302144 0)
(2.89033 -0.180055 0)
(2.84686 -0.349747 0)
(2.8308 -0.404913 0)
(2.8443 -0.37208 0)
(2.9156 -0.208618 0)
(2.98099 -0.0275708 0)
(2.63781 0.0257314 0)
(2.74144 0.167417 0)
(2.82699 0.443524 0)
(2.87325 0.493333 0)
(2.91006 0.444029 0)
(2.9158 0.307105 0)
(2.91977 0.239525 0)
(2.93601 0.229543 0)
(2.91602 -0.00736726 0)
(2.91666 -0.0899084 0)
(2.87632 -0.269947 0)
(2.83932 -0.388405 0)
(2.84341 -0.384761 0)
(2.88276 -0.304386 0)
(2.9481 -0.0801322 0)
(2.63492 0.0142403 0)
(2.73021 0.0623281 0)
(2.81413 0.218934 0)
(2.88765 0.42904 0)
(2.93269 0.436312 0)
(2.93526 0.380486 0)
(2.93476 0.295897 0)
(2.9657 0.265955 0)
(2.931 0.0588185 0)
(2.94452 0.0337028 0)
(2.9114 -0.163894 0)
(2.87128 -0.314232 0)
(2.85049 -0.375125 0)
(2.87419 -0.34523 0)
(2.88062 -0.153884 0)
(2.64256 0.127948 0)
(2.66149 0.240169 0)
(2.75289 0.302246 0)
(2.80208 0.369752 0)
(2.75911 0.43839 0)
(2.71117 0.532525 0)
(2.68436 0.605898 0)
(2.70117 0.621145 0)
(2.69881 0.611784 0)
(2.69149 0.614771 0)
(2.71071 0.645198 0)
(2.72975 0.673172 0)
(2.73912 0.683941 0)
(2.73148 0.646079 0)
(2.67993 0.388785 0)
(2.64647 0.150881 0)
(2.61574 -0.0298451 0)
(2.56456 0.00476628 0)
(2.5623 0.0208961 0)
(2.58663 0.016711 0)
(2.67969 0.296919 0)
(2.69437 0.40497 0)
(2.77142 0.425736 0)
(2.81205 0.492054 0)
(2.78729 0.559767 0)
(2.74312 0.639985 0)
(2.72774 0.686196 0)
(2.73322 0.66397 0)
(2.69622 0.646577 0)
(2.68824 0.66338 0)
(2.70111 0.688196 0)
(2.71649 0.708748 0)
(2.72632 0.656787 0)
(2.6816 0.350631 0)
(2.62508 0.161399 0)
(2.60183 0.0530964 0)
(2.59908 0.00282017 0)
(2.58214 -0.00237487 0)
(2.56819 0.0125117 0)
(2.58238 0.01715 0)
(2.70153 0.50263 0)
(2.72149 0.592109 0)
(2.75945 0.604653 0)
(2.78417 0.649994 0)
(2.78335 0.69263 0)
(2.78023 0.737589 0)
(2.79461 0.744393 0)
(2.77134 0.699881 0)
(2.71558 0.702677 0)
(2.68376 0.710663 0)
(2.69147 0.747137 0)
(2.69851 0.640978 0)
(2.66726 0.301704 0)
(2.64563 0.186299 0)
(2.58665 0.0372259 0)
(2.58261 0.0221816 0)
(2.59397 -0.00547018 0)
(2.58685 -0.0148173 0)
(2.57967 0.00219007 0)
(2.58994 0.0162905 0)
(2.73234 0.700151 0)
(2.7357 0.71271 0)
(2.73648 0.743388 0)
(2.74952 0.791392 0)
(2.76984 0.806726 0)
(2.80529 0.824215 0)
(2.82754 0.815942 0)
(2.8019 0.786636 0)
(2.73049 0.768935 0)
(2.71465 0.791915 0)
(2.68416 0.621034 0)
(2.66803 0.276187 0)
(2.6661 0.161485 0)
(2.60733 0.0580785 0)
(2.58652 0.00880409 0)
(2.57907 0.0133949 0)
(2.59115 0.00156958 0)
(2.59098 -0.00181009 0)
(2.58635 0.00471658 0)
(2.59384 0.0153267 0)
(2.75924 0.86435 0)
(2.73355 0.882221 0)
(2.71296 0.92213 0)
(2.73151 0.925724 0)
(2.75678 0.920019 0)
(2.82152 0.918351 0)
(2.84519 0.894754 0)
(2.81859 0.877591 0)
(2.77008 0.82843 0)
(2.70596 0.531957 0)
(2.69215 0.256509 0)
(2.66776 0.106508 0)
(2.63504 0.039006 0)
(2.60304 0.0134833 0)
(2.58605 0.00192287 0)
(2.57104 0.00643239 0)
(2.57974 0.0102212 0)
(2.58221 0.00592779 0)
(2.57637 0.00522506 0)
(2.586 0.018374 0)
(2.77554 0.997588 0)
(2.71582 1.04716 0)
(2.69602 1.03485 0)
(2.72013 1.02976 0)
(2.75394 1.02196 0)
(2.80503 0.983755 0)
(2.80477 0.897584 0)
(2.80712 0.682206 0)
(2.74903 0.394908 0)
(2.71091 0.240067 0)
(2.63332 0.083735 0)
(2.60337 0.0289902 0)
(2.58766 0.00443003 0)
(2.57289 -0.00731696 0)
(2.56235 0.00097172 0)
(2.55537 0.0167747 0)
(2.55681 0.0194239 0)
(2.5558 0.0167165 0)
(2.54681 0.00441584 0)
(2.55322 0.0124853 0)
(2.73166 1.25073 0)
(2.70467 1.18522 0)
(2.70443 1.2496 0)
(2.71464 1.20689 0)
(2.73411 1.08881 0)
(2.79395 0.805923 0)
(2.73631 0.357534 0)
(2.71734 0.234196 0)
(2.61039 0.0884235 0)
(2.57278 0.0857361 0)
(2.52607 0.0468377 0)
(2.52202 0.0254228 0)
(2.50628 -0.00737517 0)
(2.50283 -0.0105765 0)
(2.5039 0.00698259 0)
(2.50733 0.0271242 0)
(2.49689 0.0249203 0)
(2.49339 0.0168591 0)
(2.4838 0.00789916 0)
(2.49014 0.00605608 0)
(2.65192 1.48544 0)
(2.66828 1.42609 0)
(2.59922 1.15574 0)
(2.60293 0.888584 0)
(2.58575 0.480049 0)
(2.63623 0.272217 0)
(2.49492 0.00503279 0)
(2.42268 0.00365219 0)
(2.39496 0.0449423 0)
(2.43257 0.0469474 0)
(2.42528 0.0475697 0)
(2.40208 0.0212638 0)
(2.39013 -0.0164199 0)
(2.3928 -0.0201769 0)
(2.40334 0.00373439 0)
(2.40576 0.0292391 0)
(2.39416 0.0301779 0)
(2.39219 0.0207891 0)
(2.39213 0.0027564 0)
(2.40945 -1.6272e-05 0)
(2.27261 0.742265 0)
(2.36015 0.555023 0)
(2.32187 0.352014 0)
(2.32991 0.240377 0)
(2.26215 0.0251154 0)
(2.24304 0.0295519 0)
(2.23624 -0.0149072 0)
(2.24817 -2.88246e-05 0)
(2.28376 0.0387783 0)
(2.28588 0.0529318 0)
(2.27723 0.04296 0)
(2.26728 0.0171753 0)
(2.27348 -0.00980454 0)
(2.29218 -0.00283729 0)
(2.30064 0.0205569 0)
(2.30261 0.0307312 0)
(2.30215 0.0256491 0)
(2.30565 0.0115191 0)
(2.32289 -0.00447443 0)
(2.34695 -0.00601876 0)
(1.93951 0.116926 0)
(2.06553 0.13813 0)
(2.09918 0.101788 0)
(2.12073 0.0654809 0)
(2.12211 0.0137016 0)
(2.12274 0.0266055 0)
(2.15045 0.0047423 0)
(2.18548 -0.00180533 0)
(2.20395 0.0090215 0)
(2.20778 0.0119537 0)
(2.20399 0.0107347 0)
(2.20187 0.00352344 0)
(2.2198 -0.00433253 0)
(2.24466 -0.00201039 0)
(2.25165 0.00321328 0)
(2.25842 0.00884363 0)
(2.26409 0.00458612 0)
(2.27067 5.706e-06 0)
(2.29329 -0.00252021 0)
(2.31838 -0.000320225 0)
)
;

boundaryField
{
    inlet
    {
        type            fixedValue;
        value           uniform (3 0 0);
    }
    outlet
    {
        type            inletOutlet;
        inletValue      uniform (3 0 0);
        value           nonuniform List<vector> 
50
(
(2.63513 -0.0142893 0)
(2.73046 -0.0618612 0)
(2.81452 -0.217981 0)
(2.88825 -0.429181 0)
(2.93244 -0.435115 0)
(2.93559 -0.382543 0)
(2.93453 -0.294644 0)
(2.96526 -0.266668 0)
(2.93087 -0.059059 0)
(2.94459 -0.033514 0)
(2.91149 0.163773 0)
(2.87129 0.314214 0)
(2.8505 0.375105 0)
(2.8742 0.345218 0)
(2.88063 0.153879 0)
(2.31378 0.00279979 0)
(2.34122 0.00485509 0)
(2.40437 0.000375639 0)
(2.48225 -0.00740072 0)
(2.54975 -0.0122427 0)
(2.58498 -0.0184481 0)
(2.59354 -0.0159951 0)
(2.59005 -0.0167869 0)
(2.58292 -0.0172324 0)
(2.58716 -0.0168638 0)
(2.58663 0.016711 0)
(2.58238 0.01715 0)
(2.58994 0.0162905 0)
(2.59384 0.0153267 0)
(2.586 0.018374 0)
(2.55322 0.0124853 0)
(2.49014 0.00605608 0)
(2.40945 -1.6272e-05 0)
(2.34695 -0.00601876 0)
(2.31838 -0.000320225 0)
(2.63492 0.0142403 0)
(2.73021 0.0623281 0)
(2.81413 0.218934 0)
(2.88765 0.42904 0)
(2.93269 0.436312 0)
(2.93526 0.380486 0)
(2.93476 0.295897 0)
(2.9657 0.265955 0)
(2.931 0.0588185 0)
(2.94452 0.0337028 0)
(2.9114 -0.163894 0)
(2.87128 -0.314232 0)
(2.85049 -0.375125 0)
(2.87419 -0.34523 0)
(2.88062 -0.153884 0)
)
;
    }
    airfoil
    {
        type            slip;
    }
    top
    {
        type            symmetryPlane;
    }
    bottom
    {
        type            symmetryPlane;
    }
    defaultFaces
    {
        type            empty;
    }
}


// ************************************************************************* //
