/*--------------------------------*- C++ -*----------------------------------*\
  =========                 |
  \\      /  F ield         | OpenFOAM: The Open Source CFD Toolbox
   \\    /   O peration     | Website:  https://openfoam.org
    \\  /    A nd           | Version:  7
     \\/     M anipulation  |
\*---------------------------------------------------------------------------*/
FoamFile
{
    version     2.0;
    format      ascii;
    class       volVectorField;
    location    "8.2";
    object      U;
}
// * * * * * * * * * * * * * * * * * * * * * * * * * * * * * * * * * * * * * //

dimensions      [0 1 -1 0 0 0 0];

internalField   nonuniform List<vector> 
3700
(
(1.39487 -0.4492 0)
(1.3048 -0.535054 0)
(1.25585 -0.379507 0)
(1.28566 -0.418809 0)
(1.28517 -0.354259 0)
(1.31861 -0.281283 0)
(1.41486 -0.227938 0)
(1.49391 -0.249008 0)
(1.54069 -0.256388 0)
(1.52317 -0.150227 0)
(1.54078 -0.070749 0)
(1.59175 -0.0866435 0)
(1.61868 -0.164728 0)
(1.67595 -0.280897 0)
(1.67987 -0.29934 0)
(1.67638 -0.242954 0)
(1.74793 -0.184395 0)
(1.8055 -0.21868 0)
(1.86345 -0.276371 0)
(1.85178 -0.280656 0)
(1.52292 -1.49219 0)
(1.59043 -1.50609 0)
(1.70456 -1.6873 0)
(1.74165 -1.87146 0)
(1.72351 -1.81336 0)
(1.7088 -1.62984 0)
(1.7341 -1.41737 0)
(1.76623 -1.33157 0)
(1.75734 -1.23704 0)
(1.74521 -1.0478 0)
(1.81673 -0.9254 0)
(1.91202 -0.963597 0)
(2.07123 -1.21948 0)
(2.09769 -1.44874 0)
(2.07882 -1.45755 0)
(2.05572 -1.34029 0)
(2.11389 -1.22801 0)
(2.23325 -1.19948 0)
(2.32969 -1.18176 0)
(2.38883 -1.16107 0)
(1.54128 -1.4521 0)
(1.80621 -1.47777 0)
(1.92386 -1.98981 0)
(1.91959 -2.19352 0)
(1.91554 -2.32063 0)
(1.97993 -2.31612 0)
(2.0122 -2.20187 0)
(1.98732 -2.18664 0)
(2.01022 -2.1562 0)
(2.12151 -2.09178 0)
(2.25324 -2.01785 0)
(2.3397 -1.98726 0)
(2.42069 -1.92575 0)
(2.42502 -1.93864 0)
(2.41883 -1.879 0)
(2.41439 -1.82266 0)
(2.43256 -1.79701 0)
(2.46815 -1.67883 0)
(2.53473 -1.64999 0)
(2.64632 -1.52615 0)
(1.58562 -1.4605 0)
(1.97905 -1.39704 0)
(2.06261 -1.9846 0)
(2.01413 -2.24878 0)
(2.07998 -2.28052 0)
(2.14196 -2.31606 0)
(2.15619 -2.17052 0)
(2.0511 -2.15963 0)
(2.04513 -2.13335 0)
(2.13395 -1.99029 0)
(2.24344 -1.86345 0)
(2.41237 -1.78523 0)
(2.55313 -1.62346 0)
(2.66534 -1.56187 0)
(2.71452 -1.54379 0)
(2.70118 -1.55825 0)
(2.62271 -1.62303 0)
(2.59677 -1.51029 0)
(2.57246 -1.52456 0)
(2.62099 -1.34865 0)
(1.71666 -1.51237 0)
(2.12623 -1.40465 0)
(2.11189 -2.00219 0)
(2.05575 -2.22708 0)
(2.15362 -2.21273 0)
(2.22438 -2.21895 0)
(2.27541 -2.07346 0)
(2.19632 -2.04645 0)
(2.16563 -2.08375 0)
(2.20139 -1.97972 0)
(2.23084 -1.88539 0)
(2.3632 -1.74949 0)
(2.45437 -1.65141 0)
(2.60211 -1.54559 0)
(2.719 -1.36066 0)
(2.79376 -1.1563 0)
(2.79873 -1.133 0)
(2.80489 -1.09048 0)
(2.71685 -1.20377 0)
(2.65743 -1.18677 0)
(1.83865 -1.56798 0)
(2.10331 -1.49136 0)
(1.95664 -2.0656 0)
(1.89035 -2.22513 0)
(2.07386 -2.19709 0)
(2.20317 -2.19091 0)
(2.26926 -2.04369 0)
(2.27125 -1.95377 0)
(2.31693 -1.91218 0)
(2.43647 -1.79573 0)
(2.39589 -1.8213 0)
(2.45679 -1.66316 0)
(2.49151 -1.55389 0)
(2.55354 -1.48161 0)
(2.6313 -1.36879 0)
(2.68281 -1.20681 0)
(2.78736 -1.05391 0)
(2.8651 -0.844799 0)
(2.85822 -0.737573 0)
(2.75518 -0.757768 0)
(1.81844 -1.60316 0)
(1.91409 -1.6739 0)
(1.75662 -2.12319 0)
(1.76128 -2.17402 0)
(1.93841 -2.09993 0)
(2.06595 -1.98918 0)
(2.18664 -1.97032 0)
(2.38091 -1.7854 0)
(2.47535 -1.77118 0)
(2.5692 -1.56613 0)
(2.57905 -1.60711 0)
(2.64016 -1.44738 0)
(2.61473 -1.40226 0)
(2.62268 -1.32172 0)
(2.64244 -1.21304 0)
(2.65846 -1.09222 0)
(2.70265 -1.00302 0)
(2.79203 -0.885757 0)
(2.80535 -0.64469 0)
(2.8007 -0.481766 0)
(1.65839 -1.58598 0)
(1.65575 -1.76519 0)
(1.55984 -2.08724 0)
(1.65423 -2.08232 0)
(1.75657 -2.01426 0)
(1.94819 -1.84035 0)
(2.01804 -1.89511 0)
(2.23028 -1.69536 0)
(2.42924 -1.59193 0)
(2.59309 -1.38721 0)
(2.66155 -1.26591 0)
(2.72769 -1.093 0)
(2.72501 -1.05807 0)
(2.73427 -1.00645 0)
(2.73738 -0.914805 0)
(2.71833 -0.84771 0)
(2.70461 -0.759359 0)
(2.73933 -0.759531 0)
(2.73769 -0.61117 0)
(2.73658 -0.383811 0)
(1.48016 -1.47878 0)
(1.48707 -1.63253 0)
(1.46553 -1.89835 0)
(1.60788 -1.9166 0)
(1.69594 -1.96042 0)
(1.87964 -1.80987 0)
(1.97866 -1.84683 0)
(2.15885 -1.66814 0)
(2.28549 -1.51858 0)
(2.42383 -1.43361 0)
(2.55775 -1.16632 0)
(2.67003 -0.969131 0)
(2.70047 -0.719041 0)
(2.74705 -0.612229 0)
(2.7571 -0.475407 0)
(2.75386 -0.456586 0)
(2.7383 -0.366661 0)
(2.71343 -0.430105 0)
(2.70729 -0.430026 0)
(2.66644 -0.234644 0)
(1.41826 -1.31217 0)
(1.45784 -1.4018 0)
(1.47239 -1.72349 0)
(1.61687 -1.85239 0)
(1.69686 -1.88142 0)
(1.9664 -1.72519 0)
(2.11267 -1.76911 0)
(2.27769 -1.60774 0)
(2.35338 -1.42586 0)
(2.40301 -1.35303 0)
(2.4925 -1.13932 0)
(2.5791 -0.980457 0)
(2.62347 -0.730027 0)
(2.73134 -0.613217 0)
(2.71167 -0.337356 0)
(2.72539 -0.215296 0)
(2.70169 -0.0508398 0)
(2.66374 -0.0481749 0)
(2.63995 -0.110216 0)
(2.61466 -0.0599091 0)
(1.4254 -1.21075 0)
(1.5238 -1.27327 0)
(1.59493 -1.64223 0)
(1.61639 -1.87359 0)
(1.75273 -1.80475 0)
(2.09938 -1.66265 0)
(2.32735 -1.53009 0)
(2.52069 -1.24007 0)
(2.60571 -1.102 0)
(2.59724 -1.06939 0)
(2.61573 -0.881035 0)
(2.63497 -0.719943 0)
(2.62596 -0.548488 0)
(2.66857 -0.461843 0)
(2.64818 -0.27437 0)
(2.6698 -0.169488 0)
(2.63924 0.0261911 0)
(2.5982 0.159538 0)
(2.53134 0.227413 0)
(2.5652 0.119074 0)
(1.41951 -1.21772 0)
(1.5667 -1.33508 0)
(1.74934 -1.7038 0)
(1.70636 -1.97 0)
(2.25134 -1.64297 0)
(2.5383 -1.60543 0)
(2.77382 -1.30113 0)
(2.80411 -0.780598 0)
(2.79241 -0.608629 0)
(2.73352 -0.447439 0)
(2.72703 -0.340645 0)
(2.6971 -0.189161 0)
(2.66798 -0.103518 0)
(2.64342 -0.0217323 0)
(2.6058 0.0449431 0)
(2.58266 0.062715 0)
(2.55835 0.116694 0)
(2.51137 0.23699 0)
(2.43934 0.383741 0)
(2.44921 0.356627 0)
(1.34922 -1.29766 0)
(1.65767 -1.54737 0)
(1.95697 -1.80303 0)
(2.13179 -2.15569 0)
(2.46612 -1.48239 0)
(2.42123 -1.4494 0)
(2.54057 -1.13591 0)
(2.60806 -0.738147 0)
(2.61525 -0.649524 0)
(2.61732 -0.347401 0)
(2.65864 -0.173639 0)
(2.6083 0.0757564 0)
(2.58739 0.214709 0)
(2.52471 0.365919 0)
(2.48272 0.431696 0)
(2.447 0.443998 0)
(2.41824 0.435361 0)
(2.40278 0.425633 0)
(2.3225 0.541185 0)
(2.31433 0.532338 0)
(1.3047 -1.38772 0)
(1.7661 -1.84345 0)
(2.39642 -1.70577 0)
(2.08535 -1.82177 0)
(2.24142 -1.39788 0)
(2.30883 -1.23032 0)
(2.4038 -0.876631 0)
(2.45535 -0.62651 0)
(2.47193 -0.432677 0)
(2.50035 -0.250993 0)
(2.52982 -0.0501249 0)
(2.49033 0.173797 0)
(2.46753 0.332498 0)
(2.39863 0.497341 0)
(2.33989 0.611944 0)
(2.2964 0.659843 0)
(2.22427 0.73688 0)
(2.20815 0.724838 0)
(2.18653 0.74901 0)
(2.14847 0.773946 0)
(1.44992 -1.48023 0)
(1.72526 -2.27754 0)
(2.2015 -1.51681 0)
(2.00344 -1.50455 0)
(2.19223 -1.19855 0)
(2.39546 -0.74088 0)
(2.4702 -0.292265 0)
(2.49487 -0.11222 0)
(2.44359 0.125147 0)
(2.45122 0.231448 0)
(2.40642 0.400524 0)
(2.34771 0.532296 0)
(2.29569 0.624515 0)
(2.2332 0.713799 0)
(2.17994 0.766647 0)
(2.13757 0.8016 0)
(2.0751 0.8705 0)
(2.04883 0.908064 0)
(2.03018 0.941304 0)
(2.05928 0.956438 0)
(1.36442 -1.43921 0)
(1.50944 -1.90008 0)
(2.01092 -1.45361 0)
(2.22223 -0.829021 0)
(2.40701 -0.493128 0)
(2.43857 0.0158605 0)
(2.4612 0.1876 0)
(2.38644 0.420836 0)
(2.3272 0.524014 0)
(2.29149 0.654242 0)
(2.20557 0.78855 0)
(2.12552 0.886175 0)
(2.06417 0.94021 0)
(2.01196 0.987788 0)
(1.98184 0.979486 0)
(1.96087 0.985031 0)
(1.95822 1.00687 0)
(1.97187 0.99289 0)
(1.9949 0.994179 0)
(2.06783 0.980477 0)
(1.15238 -0.806742 0)
(1.54768 -1.35613 0)
(2.21384 -0.828101 0)
(2.32659 0.279711 0)
(2.36265 0.362864 0)
(2.35363 0.398026 0)
(2.29496 0.516919 0)
(2.20612 0.654629 0)
(2.13768 0.755977 0)
(2.08935 0.88792 0)
(1.98426 0.997257 0)
(1.92414 1.05533 0)
(1.88193 1.08284 0)
(1.86436 1.09456 0)
(1.86663 1.06253 0)
(1.89524 1.05184 0)
(1.96331 1.02094 0)
(2.16836 0.898022 0)
(2.38416 0.786257 0)
(2.77728 0.439807 0)
(1.00987 -0.100241 0)
(1.89596 0.238894 0)
(2.22255 0.521238 0)
(2.25334 0.492182 0)
(2.20168 0.614971 0)
(2.16047 0.737052 0)
(2.03566 0.90398 0)
(1.9609 0.969999 0)
(1.90011 1.03413 0)
(1.85253 1.12366 0)
(1.79378 1.15504 0)
(1.79511 1.14718 0)
(1.81285 1.12692 0)
(1.8488 1.08617 0)
(2.03524 0.953335 0)
(2.25307 0.833503 0)
(2.66228 0.507089 0)
(3.03598 0.0923306 0)
(3.05522 -0.0241218 0)
(3.00407 -0.00470622 0)
(1.01022 0.0425201 0)
(1.92877 0.769643 0)
(2.12267 0.792132 0)
(2.00392 0.955988 0)
(1.95927 0.995453 0)
(1.87185 1.09105 0)
(1.79206 1.13775 0)
(1.75531 1.14597 0)
(1.752 1.16294 0)
(1.72888 1.20631 0)
(1.7156 1.19735 0)
(1.87569 1.068 0)
(2.11234 0.880139 0)
(2.50832 0.573527 0)
(2.98669 0.135311 0)
(3.07398 -0.0297087 0)
(3.00821 -0.00774084 0)
(3.00293 -0.0038285 0)
(3.00122 -0.00218506 0)
(3.00008 -0.000477666 0)
(1.16425 0.769839 0)
(1.83146 1.1429 0)
(1.83823 1.15138 0)
(1.74556 1.19036 0)
(1.71815 1.20232 0)
(1.66671 1.24501 0)
(1.65448 1.2172 0)
(1.72066 1.16395 0)
(1.74414 1.23653 0)
(1.77375 1.15294 0)
(2.2645 0.754953 0)
(2.85381 0.217172 0)
(3.09423 -0.0253659 0)
(3.02029 -0.012247 0)
(3.00464 -0.00549796 0)
(3.00191 -0.00307568 0)
(3.00006 -0.000604221 0)
(2.99998 -2.42584e-05 0)
(2.99999 1.43238e-05 0)
(3 5.90625e-06 0)
(1.57771 1.25291 0)
(1.58386 1.25859 0)
(1.59482 1.26442 0)
(1.60419 1.26626 0)
(1.6146 1.25679 0)
(1.60643 1.2622 0)
(1.87531 1.16133 0)
(2.96279 0.37699 0)
(3.37579 -0.64133 0)
(3 6.26924e-11 0)
(3 -7.32685e-11 0)
(3 7.76662e-11 0)
(3 4.14767e-15 0)
(3 -4.23525e-13 0)
(3 -1.31098e-14 0)
(3 1.57248e-14 0)
(3 -9.41294e-15 0)
(3 -2.32259e-16 0)
(3 -1.97919e-16 0)
(3 -1.56451e-15 0)
(1.57441 1.24253 0)
(1.58907 1.2553 0)
(1.60405 1.2646 0)
(1.6126 1.26367 0)
(1.6673 1.24003 0)
(1.77083 1.19758 0)
(2.30032 0.713788 0)
(3.00217 0.0073195 0)
(3 7.07127e-08 0)
(3 -3.20547e-11 0)
(3 -1.23761e-14 0)
(3 4.54199e-15 0)
(3 -2.08285e-15 0)
(3 3.37114e-15 0)
(3 6.46627e-16 0)
(3 -8.4074e-16 0)
(3 1.33028e-15 0)
(3 1.72202e-16 0)
(3 -7.42621e-16 0)
(3 -9.92137e-16 0)
(1.57944 1.25233 0)
(1.59821 1.25826 0)
(1.60323 1.2645 0)
(1.57828 1.28251 0)
(1.76059 1.19417 0)
(2.22299 0.821495 0)
(2.99723 -0.00175151 0)
(3.00006 -0.000300408 0)
(3 5.37271e-07 0)
(3 5.94743e-11 0)
(3 -9.22917e-15 0)
(3 -3.33396e-16 0)
(3 9.29614e-16 0)
(3 9.86484e-16 0)
(3 3.86185e-16 0)
(3 -9.74715e-16 0)
(3 -9.63698e-16 0)
(3 -6.2203e-16 0)
(3 -6.0949e-16 0)
(3 -7.06122e-16 0)
(1.58241 1.2568 0)
(1.60056 1.26288 0)
(1.61761 1.27097 0)
(1.57426 1.33949 0)
(1.84203 1.11289 0)
(2.71774 0.254106 0)
(3.00446 -0.000453744 0)
(2.99993 5.37375e-05 0)
(3 -7.24708e-07 0)
(3 8.42216e-10 0)
(3 -9.59742e-15 0)
(3 -6.9248e-16 0)
(3 -1.20995e-15 0)
(3 -1.24342e-15 0)
(3 7.15559e-16 0)
(3 -1.90375e-15 0)
(3 -1.39648e-15 0)
(3 -1.55334e-15 0)
(3 -1.31461e-15 0)
(3 -1.29431e-15 0)
(1.58598 1.27187 0)
(1.60285 1.27105 0)
(1.6348 1.26475 0)
(1.65702 1.24375 0)
(2.32237 0.658516 0)
(3.02262 -0.0208774 0)
(2.99971 8.8033e-05 0)
(3 -3.93986e-06 0)
(3 7.78771e-08 0)
(3 -8.66328e-10 0)
(3 1.72914e-13 0)
(3 -5.8108e-16 0)
(3 -1.19306e-15 0)
(3 -1.55766e-15 0)
(3 -1.47994e-15 0)
(3 -2.20967e-15 0)
(3 -2.11083e-15 0)
(3 -6.38555e-16 0)
(3 -1.77636e-15 0)
(3 -2.2667e-15 0)
(1.58795 1.28771 0)
(1.58953 1.28333 0)
(1.64836 1.24598 0)
(1.8946 1.07346 0)
(2.74574 0.2165 0)
(3 -5.84815e-10 0)
(3 1.35405e-08 0)
(3 -1.21615e-08 0)
(3 5.13228e-10 0)
(3 1.74321e-12 0)
(3 -9.08125e-14 0)
(3 2.00209e-16 0)
(3 -1.58588e-15 0)
(3 -1.79539e-15 0)
(3 -1.33587e-15 0)
(3 -2.74384e-15 0)
(3 -2.27132e-15 0)
(3 -7.20009e-16 0)
(3 -2.17738e-15 0)
(3 -2.96724e-15 0)
(1.58707 1.29804 0)
(1.55048 1.28834 0)
(1.66306 1.22519 0)
(2.09818 0.842006 0)
(3.02307 -0.0182666 0)
(3 -5.42538e-12 0)
(3 4.24435e-12 0)
(3 2.44748e-12 0)
(3 -2.72516e-12 0)
(3 3.74866e-14 0)
(3 2.29314e-15 0)
(3 -2.20874e-16 0)
(3 -8.99469e-16 0)
(3 -1.309e-15 0)
(3 -1.09177e-15 0)
(3 -1.67811e-15 0)
(3 -2.79661e-15 0)
(3 -2.4356e-15 0)
(3 -2.2115e-15 0)
(3 -2.97832e-15 0)
(1.58411 1.32274 0)
(1.50027 1.32427 0)
(1.7444 1.19049 0)
(2.40583 0.551065 0)
(3 -8.02141e-09 0)
(3 3.70345e-11 0)
(3 -1.32053e-13 0)
(3 -4.84809e-15 0)
(3 5.21059e-15 0)
(3 3.05879e-15 0)
(3 1.84047e-15 0)
(3 8.38173e-16 0)
(3 -8.51088e-18 0)
(3 3.62174e-18 0)
(3 6.06449e-16 0)
(3 3.44759e-16 0)
(3 -2.24993e-15 0)
(3 -3.00611e-15 0)
(3 -2.49144e-15 0)
(3 -3.09862e-15 0)
(1.58178 1.30271 0)
(1.47058 1.33438 0)
(2.00502 1.03869 0)
(2.89227 0.118295 0)
(3 -1.96506e-09 0)
(3 8.12343e-12 0)
(3 -7.33173e-14 0)
(3 4.00033e-15 0)
(3 2.75472e-15 0)
(3 3.21023e-15 0)
(3 2.39969e-15 0)
(3 2.87461e-15 0)
(3 2.26389e-15 0)
(3 9.50156e-16 0)
(3 5.2024e-16 0)
(3 5.87511e-16 0)
(3 -8.13831e-16 0)
(3 -1.98482e-15 0)
(3 -2.90469e-15 0)
(3 -3.59651e-15 0)
(1.60197 1.29672 0)
(1.47865 1.4005 0)
(2.10617 0.870079 0)
(3.01116 -0.00926249 0)
(3 1.13063e-08 0)
(3 -2.94274e-11 0)
(3 1.3071e-13 0)
(3 1.28697e-15 0)
(3 2.51089e-15 0)
(3 2.33079e-15 0)
(3 2.10357e-15 0)
(3 2.08416e-15 0)
(3 1.26561e-15 0)
(3 5.86548e-16 0)
(3 1.36128e-16 0)
(3 5.20406e-16 0)
(3 -6.34963e-16 0)
(3 -1.36911e-15 0)
(3 -1.71431e-15 0)
(3 -3.16562e-15 0)
(1.6205 1.28063 0)
(1.57568 1.31067 0)
(2.4249 0.529653 0)
(3 1.33254e-13 0)
(3 -7.39247e-12 0)
(3 1.39861e-13 0)
(3 -9.022e-16 0)
(3 1.67238e-15 0)
(3 2.0096e-15 0)
(3 2.02048e-15 0)
(3 1.85618e-15 0)
(3 1.41168e-15 0)
(3 1.36699e-15 0)
(3 1.64039e-15 0)
(3 1.81125e-16 0)
(3 3.35951e-16 0)
(3 3.67393e-16 0)
(3 8.46411e-16 0)
(3 9.34223e-16 0)
(3 -1.08336e-16 0)
(1.63575 1.26546 0)
(1.65493 1.23134 0)
(2.65631 0.283394 0)
(3 7.55727e-13 0)
(3 3.1621e-15 0)
(3 2.76341e-17 0)
(3 5.16216e-16 0)
(3 2.62548e-18 0)
(3 1.09767e-15 0)
(3 1.65659e-15 0)
(3 1.47796e-15 0)
(3 1.47678e-15 0)
(3 1.76068e-15 0)
(3 2.04836e-15 0)
(3 1.26792e-15 0)
(3 2.35684e-16 0)
(3 -6.38564e-16 0)
(3 -3.78952e-16 0)
(3 -3.4426e-18 0)
(3 -2.52493e-16 0)
(1.65365 1.24263 0)
(1.79027 1.10387 0)
(2.86703 0.093298 0)
(3 -1.11328e-12 0)
(3 -2.13803e-16 0)
(3 -2.03705e-16 0)
(3 -2.75666e-16 0)
(3 -3.42863e-16 0)
(3 2.75413e-16 0)
(3 7.25374e-16 0)
(3 7.51114e-16 0)
(3 1.19113e-15 0)
(3 1.85592e-15 0)
(3 2.10799e-15 0)
(3 1.92574e-15 0)
(3 1.61697e-15 0)
(3 1.06746e-15 0)
(3 5.34962e-16 0)
(3 7.62993e-16 0)
(3 1.44355e-15 0)
(1.68514 1.19876 0)
(1.92323 0.963892 0)
(2.99898 0.00035603 0)
(3 1.13983e-14 0)
(3 3.93846e-16 0)
(3 1.24251e-15 0)
(3 7.94627e-16 0)
(3 7.27928e-16 0)
(3 2.75104e-16 0)
(3 -2.81178e-16 0)
(3 -2.36729e-16 0)
(3 5.59809e-16 0)
(3 9.48905e-16 0)
(3 1.44291e-15 0)
(3 1.50251e-15 0)
(3 1.3433e-15 0)
(3 1.09733e-15 0)
(3 5.66688e-16 0)
(3 6.83465e-16 0)
(3 2.0014e-16 0)
(1.71916 1.15843 0)
(2.05637 0.829597 0)
(3 3.60418e-16 0)
(3 8.97494e-16 0)
(3 3.43995e-15 0)
(3 3.39875e-15 0)
(3 2.40772e-15 0)
(3 2.27866e-15 0)
(3 2.04131e-15 0)
(3 2.25517e-15 0)
(3 2.34286e-15 0)
(3 1.86854e-15 0)
(3 2.44474e-15 0)
(3 2.66818e-15 0)
(3 2.56336e-15 0)
(3 2.35283e-15 0)
(3 1.8439e-15 0)
(3 1.72554e-15 0)
(3 1.63137e-15 0)
(3 1.9103e-15 0)
(1.72644 1.10808 0)
(2.20025 0.66428 0)
(3 2.04129e-15 0)
(3 2.55046e-15 0)
(3 2.92451e-15 0)
(3 3.11001e-15 0)
(3 3.40103e-15 0)
(3 3.46388e-15 0)
(3 3.48807e-15 0)
(3 3.25273e-15 0)
(3 3.76528e-15 0)
(3 3.95272e-15 0)
(3 3.26281e-15 0)
(3 4.19769e-15 0)
(3 5.52429e-15 0)
(3 5.48963e-15 0)
(3 4.58977e-15 0)
(3 3.80238e-15 0)
(3 3.13508e-15 0)
(3 2.46956e-15 0)
(1.83004 1.0175 0)
(2.43374 0.453379 0)
(3 2.75048e-15 0)
(3 3.28855e-15 0)
(3 3.53477e-15 0)
(3 3.41425e-15 0)
(3 3.30838e-15 0)
(3 3.16274e-15 0)
(3 2.65825e-15 0)
(3 1.87951e-15 0)
(3 1.81426e-15 0)
(3 2.10825e-15 0)
(3 2.19388e-15 0)
(3 2.89674e-15 0)
(3 3.95095e-15 0)
(3 4.6011e-15 0)
(3 5.00779e-15 0)
(3 5.38055e-15 0)
(3 4.36773e-15 0)
(3 4.24028e-15 0)
(1.96254 0.873041 0)
(2.73071 0.196811 0)
(3 1.25709e-15 0)
(3 2.11375e-15 0)
(3 2.26484e-15 0)
(3 2.43439e-15 0)
(3 2.13605e-15 0)
(3 1.6855e-15 0)
(3 1.80986e-15 0)
(3 1.71796e-15 0)
(3 1.9166e-15 0)
(3 2.06708e-15 0)
(3 2.03302e-15 0)
(3 1.79734e-15 0)
(3 1.69747e-15 0)
(3 1.95574e-15 0)
(3 3.34029e-15 0)
(3 3.68437e-15 0)
(3 4.32207e-15 0)
(3 4.52554e-15 0)
(2.09622 0.639456 0)
(2.99256 0.000194197 0)
(3 1.58144e-15 0)
(3 1.45823e-15 0)
(3 1.64782e-15 0)
(3 1.48246e-15 0)
(3 1.21164e-15 0)
(3 1.53294e-16 0)
(3 3.00211e-16 0)
(3 3.8024e-16 0)
(3 8.88538e-16 0)
(3 9.55975e-16 0)
(3 7.65847e-16 0)
(3 5.40422e-16 0)
(3 2.41618e-16 0)
(3 3.11137e-16 0)
(3 6.73968e-16 0)
(3 1.72976e-15 0)
(3 2.7591e-15 0)
(3 3.20871e-15 0)
(1.99329 0.379684 0)
(2.99992 -1.16528e-05 0)
(3 3.41707e-16 0)
(3 -1.49173e-16 0)
(3 2.62525e-16 0)
(3 2.16088e-16 0)
(3 1.9977e-16 0)
(3 9.15959e-17 0)
(3 -8.29456e-17 0)
(3 -1.4216e-16 0)
(3 7.8557e-17 0)
(3 6.60772e-17 0)
(3 1.05982e-16 0)
(3 1.77857e-16 0)
(3 -3.29106e-18 0)
(3 -2.75465e-16 0)
(3 -4.96563e-16 0)
(3 -6.63369e-16 0)
(3 -6.42451e-16 0)
(3 -4.72624e-16 0)
(1.9927 -0.379066 0)
(2.9999 1.70317e-05 0)
(3 -1.27254e-15 0)
(3 -1.28728e-15 0)
(3 -1.59431e-15 0)
(3 -1.51802e-15 0)
(3 -1.36492e-15 0)
(3 -1.25951e-15 0)
(3 -1.36171e-15 0)
(3 -1.69056e-15 0)
(3 -1.85205e-15 0)
(3 -1.96869e-15 0)
(3 -1.93795e-15 0)
(3 -1.95696e-15 0)
(3 -2.28544e-15 0)
(3 -2.58114e-15 0)
(3 -2.9255e-15 0)
(3 -3.13708e-15 0)
(3 -3.45803e-15 0)
(3 -3.43335e-15 0)
(2.09122 -0.641582 0)
(2.9928 -0.000158076 0)
(3 -2.37974e-15 0)
(3 -2.30658e-15 0)
(3 -2.59631e-15 0)
(3 -3.05843e-15 0)
(3 -3.44959e-15 0)
(3 -3.41437e-15 0)
(3 -3.54523e-15 0)
(3 -3.36245e-15 0)
(3 -3.48508e-15 0)
(3 -3.48909e-15 0)
(3 -3.39209e-15 0)
(3 -3.54061e-15 0)
(3 -3.60253e-15 0)
(3 -3.5901e-15 0)
(3 -3.51608e-15 0)
(3 -3.61473e-15 0)
(3 -3.57472e-15 0)
(3 -3.57925e-15 0)
(1.9611 -0.868492 0)
(2.73559 -0.192498 0)
(3 -2.74884e-15 0)
(3 -3.10485e-15 0)
(3 -3.70222e-15 0)
(3 -4.25291e-15 0)
(3 -4.06993e-15 0)
(3 -3.26118e-15 0)
(3 -3.09334e-15 0)
(3 -2.70937e-15 0)
(3 -2.80642e-15 0)
(3 -2.36669e-15 0)
(3 -2.17236e-15 0)
(3 -2.09338e-15 0)
(3 -2.18893e-15 0)
(3 -2.72472e-15 0)
(3 -3.2028e-15 0)
(3 -3.82373e-15 0)
(3 -4.93724e-15 0)
(3 -5.83569e-15 0)
(1.83702 -1.01921 0)
(2.44009 -0.45062 0)
(3 1.48782e-15 0)
(3 1.87461e-15 0)
(3 1.07579e-15 0)
(3 7.24225e-16 0)
(3 4.02946e-16 0)
(3 3.89256e-16 0)
(3 2.8012e-16 0)
(3 -1.91454e-16 0)
(3 -4.75812e-16 0)
(3 -8.60105e-16 0)
(3 -1.52563e-15 0)
(3 -1.74907e-15 0)
(3 -2.03453e-15 0)
(3 -2.28276e-15 0)
(3 -2.446e-15 0)
(3 -2.51866e-15 0)
(3 -2.47221e-15 0)
(3 -2.0173e-15 0)
(1.72744 -1.10881 0)
(2.19866 -0.664342 0)
(3 8.12191e-16 0)
(3 -4.20842e-17 0)
(3 -6.73321e-16 0)
(3 -7.40141e-16 0)
(3 -8.95281e-16 0)
(3 -1.17707e-15 0)
(3 -9.42216e-16 0)
(3 -9.27152e-16 0)
(3 -1.06506e-15 0)
(3 -1.67893e-15 0)
(3 -1.79069e-15 0)
(3 -1.70346e-15 0)
(3 -1.52428e-15 0)
(3 -9.83968e-16 0)
(3 -3.98361e-16 0)
(3 1.15455e-16 0)
(3 1.31451e-15 0)
(3 1.63e-15 0)
(1.71186 -1.15932 0)
(2.05052 -0.832398 0)
(3 1.52867e-15 0)
(3 3.15404e-16 0)
(3 -5.7726e-16 0)
(3 -9.18844e-16 0)
(3 -1.17312e-15 0)
(3 -1.28292e-15 0)
(3 -1.34776e-15 0)
(3 -1.2621e-15 0)
(3 -1.77109e-15 0)
(3 -2.00745e-15 0)
(3 -2.07811e-15 0)
(3 -1.74444e-15 0)
(3 -1.26982e-15 0)
(3 -5.37718e-16 0)
(3 2.14616e-16 0)
(3 4.66818e-16 0)
(3 1.41393e-16 0)
(3 1.05232e-16 0)
(1.68801 -1.19671 0)
(1.92428 -0.964528 0)
(2.99946 -0.000167654 0)
(3 -1.21553e-14 0)
(3 3.59949e-16 0)
(3 -4.91766e-16 0)
(3 -6.75264e-16 0)
(3 -6.6035e-16 0)
(3 -1.19137e-15 0)
(3 -2.15862e-15 0)
(3 -3.02519e-15 0)
(3 -3.21945e-15 0)
(3 -2.69468e-15 0)
(3 -1.97795e-15 0)
(3 -4.6709e-16 0)
(3 -1.17099e-15 0)
(3 -1.69535e-15 0)
(3 -1.70947e-15 0)
(3 -7.44024e-16 0)
(3 -4.15672e-16 0)
(1.65512 -1.24275 0)
(1.79552 -1.10238 0)
(2.86885 -0.0920667 0)
(3 1.19147e-12 0)
(3 1.74631e-16 0)
(3 -5.2991e-17 0)
(3 -4.60145e-16 0)
(3 -1.03257e-15 0)
(3 -2.49548e-15 0)
(3 -3.90914e-15 0)
(3 -4.3918e-15 0)
(3 -3.68242e-15 0)
(3 -2.4171e-15 0)
(3 -8.33324e-16 0)
(3 5.84641e-16 0)
(3 -3.28131e-16 0)
(3 -7.42882e-16 0)
(3 -3.71361e-16 0)
(3 2.37312e-16 0)
(3 5.24712e-16 0)
(1.63534 -1.26599 0)
(1.64767 -1.23465 0)
(2.65433 -0.285145 0)
(3 -7.91682e-13 0)
(3 -6.25705e-15 0)
(3 -7.68597e-16 0)
(3 -2.66022e-16 0)
(3 -8.55882e-17 0)
(3 -2.51931e-15 0)
(3 -2.94244e-15 0)
(3 -3.05312e-15 0)
(3 -1.71947e-15 0)
(3 -4.27138e-16 0)
(3 7.36705e-16 0)
(3 1.83853e-15 0)
(3 1.1076e-15 0)
(3 9.34859e-16 0)
(3 9.46649e-16 0)
(3 1.18128e-15 0)
(3 2.37471e-15 0)
(1.62065 -1.28023 0)
(1.57989 -1.30769 0)
(2.43154 -0.523231 0)
(3 -2.65916e-13 0)
(3 8.61061e-12 0)
(3 -1.57226e-13 0)
(3 2.70476e-15 0)
(3 -4.75966e-16 0)
(3 -4.14868e-16 0)
(3 -4.36672e-16 0)
(3 -3.592e-16 0)
(3 -6.61333e-17 0)
(3 2.97026e-16 0)
(3 1.38262e-15 0)
(3 1.71422e-15 0)
(3 1.20702e-15 0)
(3 6.0076e-16 0)
(3 1.57859e-17 0)
(3 1.01264e-15 0)
(3 3.17636e-15 0)
(1.60356 -1.29698 0)
(1.48216 -1.39973 0)
(2.10541 -0.867148 0)
(3.01131 0.00946156 0)
(3 -1.25321e-08 0)
(3 2.72443e-11 0)
(3 -8.0696e-14 0)
(3 -1.57714e-16 0)
(3 3.54749e-17 0)
(3 -1.99414e-16 0)
(3 -5.30056e-16 0)
(3 -9.21961e-16 0)
(3 -7.72628e-16 0)
(3 -2.93909e-16 0)
(3 1.07881e-15 0)
(3 1.90902e-15 0)
(3 1.81014e-15 0)
(3 2.1883e-15 0)
(3 3.82458e-15 0)
(3 5.32676e-15 0)
(1.58336 -1.30437 0)
(1.47114 -1.33628 0)
(1.99195 -1.04188 0)
(2.88495 -0.124122 0)
(3 2.12417e-09 0)
(3 -5.70792e-12 0)
(3 2.34136e-14 0)
(3 -6.55902e-16 0)
(3 -2.08e-16 0)
(3 -1.6427e-16 0)
(3 -5.4088e-16 0)
(3 -5.20257e-16 0)
(3 -7.21493e-16 0)
(3 -4.98824e-16 0)
(3 1.20899e-15 0)
(3 2.58965e-15 0)
(3 2.65595e-15 0)
(3 4.24703e-15 0)
(3 5.1137e-15 0)
(3 5.18745e-15 0)
(1.58176 -1.32143 0)
(1.50123 -1.32253 0)
(1.75492 -1.1894 0)
(2.41586 -0.549292 0)
(3 3.40726e-09 0)
(3 -2.75924e-11 0)
(3 -1.88243e-13 0)
(3 5.49102e-15 0)
(3 -1.36163e-15 0)
(3 1.9694e-16 0)
(3 8.54698e-17 0)
(3 -1.77621e-16 0)
(3 -8.99734e-16 0)
(3 -7.11641e-16 0)
(3 3.42117e-16 0)
(3 2.92039e-15 0)
(3 3.58199e-15 0)
(3 4.11193e-15 0)
(3 4.65179e-15 0)
(3 4.59911e-15 0)
(1.58585 -1.29633 0)
(1.5489 -1.28541 0)
(1.65674 -1.23226 0)
(2.08278 -0.856628 0)
(3.01865 0.0134792 0)
(3 -2.83319e-12 0)
(3 4.23823e-12 0)
(3 -1.97996e-12 0)
(3 5.54784e-13 0)
(3 -2.67297e-14 0)
(3 4.83372e-16 0)
(3 6.95067e-16 0)
(3 -8.90839e-17 0)
(3 -1.16297e-15 0)
(3 -9.50641e-16 0)
(3 2.5937e-15 0)
(3 4.03016e-15 0)
(3 4.36981e-15 0)
(3 3.94849e-15 0)
(3 4.07125e-15 0)
(1.58768 -1.28676 0)
(1.58859 -1.27962 0)
(1.64779 -1.24116 0)
(1.89242 -1.07137 0)
(2.75562 -0.209986 0)
(3 5.76663e-10 0)
(3 -1.36204e-08 0)
(3 1.22601e-08 0)
(3 -5.21363e-10 0)
(3 -1.91674e-12 0)
(3 8.74073e-14 0)
(3 8.37919e-16 0)
(3 1.06509e-15 0)
(3 -5.69061e-16 0)
(3 -6.87581e-16 0)
(3 2.11633e-15 0)
(3 2.98068e-15 0)
(3 2.61481e-15 0)
(3 3.74842e-15 0)
(3 3.91346e-15 0)
(1.58717 -1.27198 0)
(1.60544 -1.26875 0)
(1.63685 -1.26228 0)
(1.68616 -1.22563 0)
(2.33096 -0.648024 0)
(3.02237 0.0207777 0)
(2.99972 -0.000111568 0)
(3 4.03123e-06 0)
(3 -7.92943e-08 0)
(3 8.64897e-10 0)
(3 -1.33954e-13 0)
(3 1.98134e-15 0)
(3 1.61686e-15 0)
(3 4.66876e-16 0)
(3 -3.8048e-16 0)
(3 1.41906e-15 0)
(3 2.00053e-15 0)
(3 1.22432e-15 0)
(3 2.32589e-15 0)
(3 3.08147e-15 0)
(1.58363 -1.25755 0)
(1.60214 -1.2633 0)
(1.61966 -1.27107 0)
(1.57378 -1.34022 0)
(1.83214 -1.11983 0)
(2.70553 -0.263944 0)
(3.00477 0.00106795 0)
(2.99993 -5.83029e-05 0)
(3 7.1953e-07 0)
(3 -8.37698e-10 0)
(3 3.79922e-15 0)
(3 1.65473e-15 0)
(3 1.4441e-15 0)
(3 4.83391e-16 0)
(3 1.06755e-16 0)
(3 1.14068e-15 0)
(3 1.00202e-15 0)
(3 2.29755e-16 0)
(3 1.17465e-15 0)
(3 3.11453e-15 0)
(1.58036 -1.25372 0)
(1.59807 -1.25928 0)
(1.59849 -1.26735 0)
(1.56916 -1.29277 0)
(1.74976 -1.19984 0)
(2.21599 -0.827549 0)
(2.9938 -0.00223952 0)
(3.00012 0.000363766 0)
(3 -5.27396e-07 0)
(3 -6.01001e-11 0)
(3 1.03099e-15 0)
(3 -1.13005e-15 0)
(3 -1.52931e-15 0)
(3 9.69678e-16 0)
(3 -1.0406e-16 0)
(3 8.33946e-16 0)
(3 7.1324e-16 0)
(3 5.0216e-16 0)
(3 4.15169e-16 0)
(3 3.07638e-15 0)
(1.57424 -1.24413 0)
(1.58846 -1.25662 0)
(1.60126 -1.26526 0)
(1.60631 -1.26214 0)
(1.67073 -1.23964 0)
(1.76819 -1.20538 0)
(2.31135 -0.708155 0)
(3.00328 -0.00630114 0)
(3 -6.70781e-08 0)
(3 3.17887e-11 0)
(3 6.77563e-16 0)
(3 -4.27166e-15 0)
(3 -2.97502e-15 0)
(3 -2.3576e-15 0)
(3 2.39563e-16 0)
(3 7.93999e-16 0)
(3 3.50781e-16 0)
(3 6.31998e-16 0)
(3 7.13722e-16 0)
(3 2.35264e-15 0)
(1.57704 -1.25311 0)
(1.58279 -1.25896 0)
(1.5937 -1.26429 0)
(1.60495 -1.26456 0)
(1.62097 -1.25195 0)
(1.60883 -1.26208 0)
(1.8811 -1.15763 0)
(2.96459 -0.365992 0)
(3.36664 0.621866 0)
(3 -6.38231e-11 0)
(3 7.45876e-11 0)
(3 -7.82731e-11 0)
(3 -9.36986e-15 0)
(3 4.24841e-13 0)
(3 1.48629e-14 0)
(3 -1.5708e-14 0)
(3 1.08715e-14 0)
(3 2.73237e-15 0)
(3 -3.20704e-16 0)
(3 6.00589e-15 0)
(1.16688 -0.761954 0)
(1.827 -1.14819 0)
(1.84032 -1.14953 0)
(1.745 -1.1919 0)
(1.71753 -1.20295 0)
(1.66843 -1.24513 0)
(1.65589 -1.21736 0)
(1.72202 -1.16377 0)
(1.74642 -1.23338 0)
(1.77425 -1.14945 0)
(2.26209 -0.753983 0)
(2.85167 -0.218182 0)
(3.0939 0.0246917 0)
(3.02036 0.0121963 0)
(3.0046 0.00546061 0)
(3.0019 0.00306172 0)
(3.00006 0.000601237 0)
(2.99998 2.45131e-05 0)
(2.99999 -1.43737e-05 0)
(3 -5.92029e-06 0)
(1.00934 -0.0366918 0)
(1.91878 -0.788044 0)
(2.11641 -0.794431 0)
(2.00764 -0.940585 0)
(1.96751 -0.982801 0)
(1.8701 -1.09123 0)
(1.79273 -1.13876 0)
(1.75635 -1.14573 0)
(1.75257 -1.1626 0)
(1.72856 -1.2058 0)
(1.71319 -1.19816 0)
(1.8719 -1.07066 0)
(2.11166 -0.88181 0)
(2.50983 -0.573579 0)
(2.98756 -0.134772 0)
(3.07407 0.0299484 0)
(3.00825 0.00777325 0)
(3.00295 0.00384425 0)
(3.00123 0.00219277 0)
(3.00008 0.000477851 0)
(1.04037 0.0749802 0)
(1.91852 -0.107966 0)
(2.21718 -0.546761 0)
(2.25527 -0.523403 0)
(2.19857 -0.644111 0)
(2.16581 -0.732135 0)
(2.03832 -0.898854 0)
(1.96197 -0.969131 0)
(1.89812 -1.03365 0)
(1.85116 -1.12551 0)
(1.79287 -1.15606 0)
(1.79515 -1.14828 0)
(1.81429 -1.1275 0)
(1.85042 -1.08618 0)
(2.03609 -0.952564 0)
(2.2527 -0.832969 0)
(2.66107 -0.507973 0)
(3.03553 -0.0931414 0)
(3.05534 0.0240855 0)
(3.00409 0.00471858 0)
(1.18364 0.88632 0)
(1.66251 1.1386 0)
(2.25246 0.768496 0)
(2.33944 -0.234525 0)
(2.37601 -0.311854 0)
(2.35602 -0.41928 0)
(2.29296 -0.529531 0)
(2.20913 -0.651155 0)
(2.13704 -0.751689 0)
(2.08942 -0.887905 0)
(1.9833 -0.997902 0)
(1.9243 -1.05576 0)
(1.8836 -1.08243 0)
(1.86595 -1.0939 0)
(1.8667 -1.06224 0)
(1.8946 -1.05201 0)
(1.96248 -1.02147 0)
(2.16787 -0.89853 0)
(2.38409 -0.786437 0)
(2.77721 -0.439946 0)
(1.15318 1.32714 0)
(1.34107 1.90283 0)
(1.88545 1.55153 0)
(2.17842 0.825613 0)
(2.39275 0.407066 0)
(2.44373 -0.0468888 0)
(2.46723 -0.186117 0)
(2.38744 -0.425453 0)
(2.32547 -0.525132 0)
(2.29181 -0.652982 0)
(2.20467 -0.788356 0)
(2.12577 -0.885623 0)
(2.06526 -0.93899 0)
(2.01284 -0.986721 0)
(1.98174 -0.979816 0)
(1.96012 -0.985943 0)
(1.95787 -1.00741 0)
(1.97177 -0.992721 0)
(1.99505 -0.993904 0)
(2.06799 -0.9802 0)
(1.10382 1.34057 0)
(1.64328 2.26928 0)
(2.0257 1.73195 0)
(2.01829 1.45078 0)
(2.18519 1.20375 0)
(2.40199 0.782847 0)
(2.46432 0.266908 0)
(2.49217 0.101502 0)
(2.44104 -0.132433 0)
(2.44856 -0.23619 0)
(2.40471 -0.403642 0)
(2.34783 -0.532663 0)
(2.29658 -0.623429 0)
(2.2341 -0.712796 0)
(2.17985 -0.767813 0)
(2.13723 -0.80307 0)
(2.07511 -0.871158 0)
(2.04873 -0.908088 0)
(2.03026 -0.940834 0)
(2.05924 -0.956289 0)
(1.02777 1.08408 0)
(1.67872 1.91022 0)
(2.41005 1.79748 0)
(2.18762 1.69913 0)
(2.20684 1.45363 0)
(2.31845 1.22043 0)
(2.40931 0.853611 0)
(2.45015 0.630916 0)
(2.468 0.432856 0)
(2.49648 0.250918 0)
(2.52759 0.0524983 0)
(2.49024 -0.170361 0)
(2.46888 -0.329414 0)
(2.39956 -0.496448 0)
(2.33965 -0.614327 0)
(2.29591 -0.662018 0)
(2.22393 -0.73774 0)
(2.20823 -0.724431 0)
(2.18591 -0.748801 0)
(2.14867 -0.772541 0)
(1.07862 0.988374 0)
(1.42311 1.23909 0)
(1.93657 1.68851 0)
(2.27812 2.03196 0)
(2.45148 1.5782 0)
(2.4514 1.39727 0)
(2.5306 1.16232 0)
(2.59772 0.745426 0)
(2.60887 0.655543 0)
(2.61281 0.356093 0)
(2.65404 0.179315 0)
(2.60538 -0.0720955 0)
(2.58734 -0.212398 0)
(2.52483 -0.367254 0)
(2.48267 -0.434799 0)
(2.44676 -0.445031 0)
(2.41773 -0.434949 0)
(2.4032 -0.423305 0)
(2.32195 -0.540061 0)
(2.31299 -0.533062 0)
(1.17798 0.975004 0)
(1.35004 1.12166 0)
(1.6298 1.60745 0)
(1.76065 2.00327 0)
(2.3892 1.69499 0)
(2.6426 1.5569 0)
(2.84841 1.38668 0)
(2.84091 0.765193 0)
(2.80543 0.613396 0)
(2.73365 0.453494 0)
(2.72239 0.343733 0)
(2.69456 0.189362 0)
(2.66881 0.102171 0)
(2.64434 0.0178845 0)
(2.60625 -0.0474382 0)
(2.58235 -0.0634105 0)
(2.55843 -0.115413 0)
(2.51117 -0.236317 0)
(2.43863 -0.384141 0)
(2.44898 -0.356015 0)
(1.23561 1.03104 0)
(1.32035 1.12565 0)
(1.44049 1.61015 0)
(1.52965 1.91538 0)
(1.79973 1.82442 0)
(2.17871 1.70193 0)
(2.42637 1.53779 0)
(2.56045 1.25683 0)
(2.62322 1.0986 0)
(2.60397 1.06209 0)
(2.61986 0.875174 0)
(2.63908 0.71567 0)
(2.62908 0.545418 0)
(2.66948 0.45817 0)
(2.64803 0.272554 0)
(2.66985 0.16978 0)
(2.63964 -0.0251805 0)
(2.59818 -0.160594 0)
(2.53028 -0.228816 0)
(2.5632 -0.121263 0)
(1.30549 1.14073 0)
(1.36666 1.22398 0)
(1.38211 1.69704 0)
(1.48865 1.94236 0)
(1.69181 1.90716 0)
(1.94511 1.78385 0)
(2.15508 1.77368 0)
(2.28112 1.64861 0)
(2.36095 1.42571 0)
(2.40932 1.34764 0)
(2.49877 1.13605 0)
(2.58493 0.977746 0)
(2.62601 0.726262 0)
(2.73094 0.608407 0)
(2.71043 0.335566 0)
(2.72466 0.213927 0)
(2.70084 0.0487306 0)
(2.6621 0.0457702 0)
(2.63756 0.109114 0)
(2.61251 0.0609384 0)
(1.42555 1.29573 0)
(1.46362 1.41469 0)
(1.40206 1.86681 0)
(1.4914 2.02908 0)
(1.68381 1.95507 0)
(1.84731 1.86661 0)
(1.97786 1.86076 0)
(2.16198 1.69199 0)
(2.29245 1.50808 0)
(2.42732 1.42414 0)
(2.56002 1.16571 0)
(2.67223 0.968452 0)
(2.69963 0.713709 0)
(2.74342 0.610183 0)
(2.75254 0.474425 0)
(2.74961 0.456086 0)
(2.73494 0.368578 0)
(2.71045 0.432941 0)
(2.70379 0.431611 0)
(2.6652 0.23777 0)
(1.62573 1.41395 0)
(1.67962 1.49659 0)
(1.52136 2.00258 0)
(1.5935 2.12105 0)
(1.74158 1.99367 0)
(1.88583 1.90943 0)
(1.99967 1.90716 0)
(2.22479 1.67814 0)
(2.41702 1.5793 0)
(2.58218 1.39141 0)
(2.6545 1.25796 0)
(2.71876 1.09044 0)
(2.71666 1.05921 0)
(2.72583 1.00912 0)
(2.73007 0.914628 0)
(2.713 0.848588 0)
(2.70047 0.759666 0)
(2.73784 0.760596 0)
(2.73594 0.608554 0)
(2.73896 0.381748 0)
(1.75947 1.51686 0)
(1.95407 1.49948 0)
(1.74739 2.05697 0)
(1.74585 2.15867 0)
(1.9175 2.03901 0)
(2.05358 1.96587 0)
(2.17632 1.99913 0)
(2.39944 1.73545 0)
(2.46942 1.80084 0)
(2.55539 1.5774 0)
(2.56255 1.60095 0)
(2.63612 1.4471 0)
(2.61275 1.4022 0)
(2.61914 1.31807 0)
(2.63928 1.21267 0)
(2.65652 1.0939 0)
(2.70097 1.00333 0)
(2.79364 0.887731 0)
(2.80781 0.642487 0)
(2.80484 0.478908 0)
(1.72977 1.4957 0)
(2.10048 1.43258 0)
(2.0225 1.99585 0)
(1.93932 2.18543 0)
(2.07556 2.15399 0)
(2.18948 2.14517 0)
(2.21105 2.19911 0)
(2.32914 1.97174 0)
(2.30547 1.96033 0)
(2.4405 1.77797 0)
(2.40385 1.83061 0)
(2.46346 1.66952 0)
(2.4941 1.55931 0)
(2.5535 1.48345 0)
(2.63377 1.37137 0)
(2.68636 1.21279 0)
(2.78926 1.0533 0)
(2.87338 0.845871 0)
(2.86614 0.738088 0)
(2.76113 0.758927 0)
(1.64716 1.4291 0)
(2.04467 1.37615 0)
(2.15579 1.98482 0)
(2.09982 2.21813 0)
(2.16027 2.17977 0)
(2.2087 2.18047 0)
(2.18893 2.21842 0)
(2.2741 2.04268 0)
(2.19282 2.0918 0)
(2.23211 1.99031 0)
(2.25322 1.89719 0)
(2.37915 1.75693 0)
(2.46509 1.6545 0)
(2.60991 1.5469 0)
(2.72681 1.36273 0)
(2.80669 1.16208 0)
(2.81104 1.14038 0)
(2.8184 1.09358 0)
(2.7274 1.20422 0)
(2.66462 1.18262 0)
(1.54457 1.38018 0)
(1.93697 1.34992 0)
(2.13154 1.99993 0)
(2.13016 2.26722 0)
(2.13997 2.26746 0)
(2.17299 2.22667 0)
(2.11151 2.26058 0)
(2.10534 2.21358 0)
(2.10217 2.14432 0)
(2.17414 2.00592 0)
(2.27204 1.87808 0)
(2.43381 1.79613 0)
(2.56743 1.63551 0)
(2.67709 1.57623 0)
(2.72941 1.55477 0)
(2.71742 1.56058 0)
(2.63382 1.62237 0)
(2.60576 1.50918 0)
(2.57713 1.52339 0)
(2.62563 1.3496 0)
(1.48808 1.38345 0)
(1.79212 1.42601 0)
(2.03814 2.01721 0)
(2.01445 2.33514 0)
(2.00329 2.37453 0)
(2.04035 2.31932 0)
(2.02934 2.27491 0)
(2.02749 2.25374 0)
(2.07894 2.16587 0)
(2.16157 2.10781 0)
(2.27823 2.03232 0)
(2.35571 2.00034 0)
(2.43442 1.93431 0)
(2.44156 1.94104 0)
(2.43584 1.8806 0)
(2.42571 1.81879 0)
(2.434 1.78722 0)
(2.46595 1.6699 0)
(2.53527 1.64637 0)
(2.64832 1.5316 0)
(1.50174 1.44422 0)
(1.67067 1.57419 0)
(1.78173 1.86232 0)
(1.82138 1.88755 0)
(1.84203 1.81059 0)
(1.88171 1.78682 0)
(1.83969 1.63593 0)
(1.7909 1.48055 0)
(1.81517 1.22177 0)
(1.92028 1.21969 0)
(1.99326 1.32996 0)
(1.96293 1.34557 0)
(1.92256 1.2448 0)
(1.92958 1.17349 0)
(2.01203 1.21248 0)
(2.09457 1.29533 0)
(2.14922 1.30143 0)
(2.18223 1.18184 0)
(2.25654 0.977075 0)
(2.35531 0.92159 0)
(1.32843 0.619922 0)
(1.29628 0.627302 0)
(1.22342 0.508295 0)
(1.2136 0.387984 0)
(1.31204 0.377487 0)
(1.42444 0.358746 0)
(1.47168 0.303233 0)
(1.48727 0.250565 0)
(1.53586 0.137441 0)
(1.6019 0.145769 0)
(1.61304 0.23 0)
(1.58281 0.25191 0)
(1.55467 0.207769 0)
(1.58139 0.140598 0)
(1.64404 0.164685 0)
(1.71005 0.248046 0)
(1.77096 0.262445 0)
(1.78118 0.193242 0)
(1.83493 0.094499 0)
(1.90617 0.0603823 0)
(1.89937 -0.125336 0)
(2.0347 -0.108438 0)
(2.08788 -0.0802148 0)
(2.13262 -0.0826004 0)
(2.12623 -0.0275663 0)
(2.13626 -0.0280579 0)
(2.15655 0.00316512 0)
(2.17373 0.0143489 0)
(2.20116 0.00819796 0)
(2.22398 -0.0172382 0)
(2.22065 -0.0295458 0)
(2.21067 -0.0291574 0)
(2.21121 -0.0150235 0)
(2.22728 0.0014665 0)
(2.24907 0.00929329 0)
(2.26074 -0.000227488 0)
(2.26515 -0.0133505 0)
(2.26661 -0.0169184 0)
(2.27408 -0.0111398 0)
(2.28561 -0.00287287 0)
(2.26276 -0.754336 0)
(2.32172 -0.476795 0)
(2.32949 -0.326717 0)
(2.36397 -0.267196 0)
(2.29037 -0.0769939 0)
(2.25831 -0.0556507 0)
(2.23568 0.00380583 0)
(2.24798 0.0253308 0)
(2.27432 0.0108163 0)
(2.30396 -0.0310648 0)
(2.31413 -0.0500351 0)
(2.29122 -0.0463977 0)
(2.27589 -0.0228112 0)
(2.27862 0.0116119 0)
(2.28968 0.0167024 0)
(2.3011 0.000454932 0)
(2.31117 -0.0204496 0)
(2.3104 -0.0226563 0)
(2.30876 -0.0129009 0)
(2.31171 -0.000387501 0)
(2.70457 -1.48064 0)
(2.66565 -1.36555 0)
(2.60495 -1.09268 0)
(2.62136 -0.924429 0)
(2.58238 -0.552702 0)
(2.63945 -0.307833 0)
(2.47739 -0.025224 0)
(2.41584 0.00367162 0)
(2.39828 0.00078786 0)
(2.41571 -0.0373055 0)
(2.44061 -0.0555839 0)
(2.41802 -0.0486544 0)
(2.39695 -0.0196861 0)
(2.38221 0.0179839 0)
(2.38435 0.0224403 0)
(2.3906 0.00803783 0)
(2.4006 -0.0138223 0)
(2.39963 -0.0150501 0)
(2.39291 -0.00363419 0)
(2.38227 0.00295999 0)
(2.73467 -1.21058 0)
(2.72338 -1.20293 0)
(2.75043 -1.23426 0)
(2.71012 -1.18982 0)
(2.70289 -1.12936 0)
(2.76919 -0.867035 0)
(2.73055 -0.408763 0)
(2.72406 -0.225727 0)
(2.61653 -0.0289239 0)
(2.56457 -0.0427243 0)
(2.53076 -0.0604692 0)
(2.5257 -0.0439132 0)
(2.51281 -0.0194719 0)
(2.49866 0.0081789 0)
(2.4929 0.0116007 0)
(2.49092 0.0012605 0)
(2.49245 -0.0119873 0)
(2.48853 -0.0103997 0)
(2.48017 0.000536137 0)
(2.46545 0.00245814 0)
(2.72545 -1.072 0)
(2.73614 -1.07768 0)
(2.70839 -0.990489 0)
(2.70741 -0.996568 0)
(2.73647 -1.00305 0)
(2.77444 -0.999648 0)
(2.79297 -0.921301 0)
(2.81986 -0.675826 0)
(2.78566 -0.337861 0)
(2.73369 -0.192456 0)
(2.6408 -0.0562429 0)
(2.59879 -0.0407357 0)
(2.58044 -0.0118727 0)
(2.57878 -0.00811907 0)
(2.57368 -0.00396528 0)
(2.56054 -0.00565983 0)
(2.54806 -0.00703536 0)
(2.54207 -0.00163466 0)
(2.53801 0.00474671 0)
(2.52723 0.00151077 0)
(2.71615 -0.918551 0)
(2.73555 -0.903436 0)
(2.72327 -0.929683 0)
(2.74739 -0.901062 0)
(2.75911 -0.894373 0)
(2.78118 -0.914878 0)
(2.806 -0.938769 0)
(2.80724 -0.922037 0)
(2.7943 -0.802852 0)
(2.75314 -0.546972 0)
(2.67743 -0.183747 0)
(2.63883 -0.0762243 0)
(2.62191 -0.0321513 0)
(2.6176 -0.0334041 0)
(2.60735 -0.0263971 0)
(2.58643 -0.0150564 0)
(2.56931 -0.00437274 0)
(2.56478 0.0080101 0)
(2.56589 0.00791962 0)
(2.56136 -0.00136433 0)
(2.7297 -0.646798 0)
(2.72154 -0.770261 0)
(2.74431 -0.737387 0)
(2.78026 -0.719002 0)
(2.78702 -0.739818 0)
(2.79038 -0.790575 0)
(2.78662 -0.815192 0)
(2.76658 -0.849681 0)
(2.74263 -0.844817 0)
(2.7327 -0.778147 0)
(2.69397 -0.632657 0)
(2.63019 -0.231921 0)
(2.62085 -0.0970145 0)
(2.613 -0.0797931 0)
(2.60358 -0.0568699 0)
(2.58369 -0.0312471 0)
(2.57399 -0.00515268 0)
(2.57406 0.0112458 0)
(2.57485 0.00616144 0)
(2.57249 -0.00835085 0)
(2.72971 -0.45495 0)
(2.70493 -0.615418 0)
(2.73649 -0.63879 0)
(2.80785 -0.611237 0)
(2.82019 -0.638077 0)
(2.80146 -0.685892 0)
(2.76014 -0.749461 0)
(2.72656 -0.783701 0)
(2.71678 -0.785756 0)
(2.70117 -0.757573 0)
(2.69515 -0.718825 0)
(2.68343 -0.633836 0)
(2.62639 -0.310945 0)
(2.6036 -0.120298 0)
(2.57907 -0.0581739 0)
(2.57417 -0.032382 0)
(2.57942 -0.0112664 0)
(2.5826 0.0102796 0)
(2.57592 -0.00108737 0)
(2.57224 -0.0110561 0)
(2.69318 -0.268055 0)
(2.69727 -0.433156 0)
(2.72188 -0.47879 0)
(2.80197 -0.477813 0)
(2.83355 -0.53449 0)
(2.79977 -0.579583 0)
(2.73564 -0.635308 0)
(2.69161 -0.703451 0)
(2.69141 -0.714653 0)
(2.70674 -0.712559 0)
(2.71556 -0.700679 0)
(2.70982 -0.694649 0)
(2.69979 -0.645642 0)
(2.64288 -0.375807 0)
(2.59997 -0.172393 0)
(2.59942 -0.0580108 0)
(2.59807 -0.0067363 0)
(2.5875 0.00287493 0)
(2.55996 -0.0231033 0)
(2.56858 -0.0125393 0)
(2.64445 -0.0971516 0)
(2.67066 -0.278305 0)
(2.69012 -0.338119 0)
(2.76418 -0.377552 0)
(2.80252 -0.439432 0)
(2.76493 -0.495239 0)
(2.70602 -0.534261 0)
(2.67095 -0.58768 0)
(2.67914 -0.658141 0)
(2.71433 -0.658402 0)
(2.7265 -0.654621 0)
(2.72476 -0.675934 0)
(2.71963 -0.670018 0)
(2.69528 -0.650651 0)
(2.65851 -0.378238 0)
(2.65491 -0.142786 0)
(2.62486 0.0234978 0)
(2.58169 -0.00602025 0)
(2.56533 -0.0248641 0)
(2.57774 -0.0113183 0)
(2.48959 0.247331 0)
(2.58425 -0.0443802 0)
(2.61517 -0.200966 0)
(2.65292 -0.156716 0)
(2.61568 -0.171288 0)
(2.58846 -0.290627 0)
(2.63529 -0.35897 0)
(2.68179 -0.45762 0)
(2.69313 -0.524631 0)
(2.72151 -0.556689 0)
(2.7346 -0.567314 0)
(2.72592 -0.597464 0)
(2.72393 -0.619417 0)
(2.74513 -0.608718 0)
(2.73825 -0.597698 0)
(2.72186 -0.423874 0)
(2.69554 -0.213828 0)
(2.67892 -0.137204 0)
(2.66633 -0.0393151 0)
(2.62334 -0.00574309 0)
(2.34784 0.558382 0)
(2.4077 0.426269 0)
(2.54919 0.0605117 0)
(2.58876 -0.0821457 0)
(2.59637 -0.118145 0)
(2.62258 -0.315302 0)
(2.65926 -0.32638 0)
(2.68956 -0.338602 0)
(2.71897 -0.401996 0)
(2.73464 -0.428255 0)
(2.72606 -0.462698 0)
(2.72085 -0.526063 0)
(2.73182 -0.53623 0)
(2.75324 -0.557467 0)
(2.78555 -0.544328 0)
(2.78371 -0.552823 0)
(2.77419 -0.496135 0)
(2.76022 -0.330451 0)
(2.75941 -0.1839 0)
(2.72083 -0.0476592 0)
(2.34786 0.706752 0)
(2.3836 0.609658 0)
(2.43806 0.464827 0)
(2.53006 0.22851 0)
(2.59826 0.0521479 0)
(2.63 -0.0665608 0)
(2.62313 -0.024589 0)
(2.59007 -0.0626019 0)
(2.66379 -0.162183 0)
(2.68005 -0.240986 0)
(2.7153 -0.338542 0)
(2.73073 -0.413982 0)
(2.75582 -0.431259 0)
(2.78866 -0.453187 0)
(2.81112 -0.463891 0)
(2.81908 -0.505132 0)
(2.81607 -0.516192 0)
(2.81478 -0.519358 0)
(2.82816 -0.453158 0)
(2.80956 -0.208256 0)
(2.43345 0.687116 0)
(2.43205 0.680254 0)
(2.43406 0.640843 0)
(2.47451 0.52981 0)
(2.51166 0.412279 0)
(2.6118 0.144103 0)
(2.63309 0.0435586 0)
(2.63578 -0.0163227 0)
(2.69465 -0.178441 0)
(2.71597 -0.248652 0)
(2.74172 -0.27921 0)
(2.76488 -0.334774 0)
(2.78852 -0.369141 0)
(2.8145 -0.367337 0)
(2.82228 -0.392437 0)
(2.82476 -0.432005 0)
(2.8326 -0.459266 0)
(2.84093 -0.501949 0)
(2.87801 -0.49859 0)
(2.88641 -0.423081 0)
(2.71951 0.447472 0)
(2.59556 0.600865 0)
(2.5297 0.626515 0)
(2.52621 0.61442 0)
(2.52832 0.567296 0)
(2.55315 0.481475 0)
(2.61104 0.314781 0)
(2.66829 0.147555 0)
(2.70139 0.0470176 0)
(2.71354 0.00561644 0)
(2.71973 -0.00560881 0)
(2.74579 -0.0941057 0)
(2.76685 -0.148984 0)
(2.7774 -0.212158 0)
(2.82369 -0.283867 0)
(2.84369 -0.338268 0)
(2.87082 -0.363085 0)
(2.89313 -0.400127 0)
(2.91269 -0.425184 0)
(2.91811 -0.4267 0)
(2.96837 0.0705226 0)
(2.84953 0.311038 0)
(2.74123 0.469626 0)
(2.61188 0.580165 0)
(2.60768 0.582539 0)
(2.60597 0.567546 0)
(2.62145 0.508685 0)
(2.64754 0.427058 0)
(2.70174 0.27148 0)
(2.74116 0.132847 0)
(2.76859 0.0464511 0)
(2.79339 -0.0347395 0)
(2.81678 -0.153782 0)
(2.82598 -0.207181 0)
(2.85015 -0.268417 0)
(2.87861 -0.304814 0)
(2.91134 -0.286006 0)
(2.92416 -0.293392 0)
(2.92321 -0.33807 0)
(2.92813 -0.394988 0)
(2.99898 0.00337084 0)
(2.98552 0.0371879 0)
(2.95148 0.131247 0)
(2.82093 0.371201 0)
(2.74206 0.493384 0)
(2.66785 0.551177 0)
(2.66807 0.547712 0)
(2.67149 0.529582 0)
(2.68461 0.484734 0)
(2.72067 0.384681 0)
(2.75994 0.270682 0)
(2.79529 0.166708 0)
(2.82348 0.056773 0)
(2.8316 0.0305673 0)
(2.84242 -0.0197168 0)
(2.86596 -0.0918454 0)
(2.88495 -0.106734 0)
(2.89182 -0.155713 0)
(2.92351 -0.240829 0)
(2.9347 -0.297477 0)
(2.99998 7.18261e-05 0)
(2.99963 0.000916647 0)
(2.99752 0.0075636 0)
(2.97505 0.0629079 0)
(2.92685 0.18424 0)
(2.83188 0.372198 0)
(2.77277 0.471337 0)
(2.71393 0.522492 0)
(2.71341 0.5207 0)
(2.7195 0.502038 0)
(2.73509 0.458934 0)
(2.77106 0.368294 0)
(2.81121 0.252094 0)
(2.83809 0.163593 0)
(2.85867 0.0899058 0)
(2.89764 -0.0478107 0)
(2.90473 -0.113354 0)
(2.91488 -0.16687 0)
(2.93691 -0.232039 0)
(2.96431 -0.268063 0)
(3 1.09271e-06 0)
(3 9.83924e-06 0)
(2.99996 0.000109633 0)
(2.99917 0.00203212 0)
(2.9947 0.0142557 0)
(2.9701 0.0769635 0)
(2.92103 0.200077 0)
(2.8448 0.355215 0)
(2.79084 0.454758 0)
(2.75184 0.494482 0)
(2.75273 0.491633 0)
(2.75883 0.476157 0)
(2.77467 0.436749 0)
(2.80704 0.353635 0)
(2.84008 0.260539 0)
(2.86329 0.186322 0)
(2.88587 0.100147 0)
(2.90918 0.0219072 0)
(2.92006 -0.000968862 0)
(2.93302 -0.0597001 0)
(3 1.24562e-08 0)
(3 8.30035e-08 0)
(3 9.05257e-07 0)
(2.99999 2.11452e-05 0)
(2.99989 0.000259811 0)
(2.9988 0.00287744 0)
(2.99239 0.0191755 0)
(2.96902 0.0773627 0)
(2.91684 0.205778 0)
(2.85554 0.341751 0)
(2.81854 0.416243 0)
(2.78301 0.465974 0)
(2.78344 0.464806 0)
(2.78798 0.453775 0)
(2.80368 0.417333 0)
(2.82904 0.356277 0)
(2.86336 0.262361 0)
(2.89399 0.172673 0)
(2.91759 0.092566 0)
(2.94399 -0.0281667 0)
(3 1.07009e-10 0)
(3 6.40751e-10 0)
(3 6.27771e-09 0)
(3 1.46983e-07 0)
(3 2.1506e-06 0)
(2.99998 3.34541e-05 0)
(2.99983 0.000398209 0)
(2.99856 0.00339474 0)
(2.9912 0.0209391 0)
(2.96774 0.0798217 0)
(2.9297 0.177638 0)
(2.86259 0.332936 0)
(2.83757 0.381756 0)
(2.80781 0.434979 0)
(2.80811 0.436749 0)
(2.81198 0.430224 0)
(2.82547 0.401391 0)
(2.84624 0.351683 0)
(2.8768 0.26918 0)
(2.91155 0.161332 0)
(3 7.09372e-13 0)
(3 4.46614e-12 0)
(3 3.96597e-11 0)
(3 8.78691e-10 0)
(3 1.36869e-08 0)
(3 2.46286e-07 0)
(3 3.48638e-06 0)
(2.99998 4.43508e-05 0)
(2.99979 0.00045705 0)
(2.99839 0.00388781 0)
(2.99288 0.0168726 0)
(2.96668 0.0811764 0)
(2.94178 0.147731 0)
(2.87795 0.299251 0)
(2.84649 0.369172 0)
(2.82866 0.404955 0)
(2.82929 0.405621 0)
(2.83159 0.402232 0)
(2.83948 0.387607 0)
(2.86989 0.314755 0)
(3 4.30497e-15 0)
(3 3.08368e-14 0)
(3 2.36358e-13 0)
(3 4.69629e-12 0)
(3 7.76662e-11 0)
(3 1.49878e-09 0)
(3 2.32983e-08 0)
(3 3.30876e-07 0)
(3 4.35105e-06 0)
(2.99998 4.93969e-05 0)
(2.99982 0.00040558 0)
(2.99836 0.00372071 0)
(2.99392 0.0150074 0)
(2.97306 0.0640655 0)
(2.93996 0.145465 0)
(2.90557 0.234149 0)
(2.85791 0.353379 0)
(2.84223 0.378266 0)
(2.84436 0.382955 0)
(2.85054 0.372622 0)
(3 -8.02814e-15 0)
(3 -8.72653e-15 0)
(3 -8.25887e-15 0)
(3 1.71218e-14 0)
(3 3.83142e-13 0)
(3 8.21752e-12 0)
(3 1.34849e-10 0)
(3 2.02453e-09 0)
(3 3.04243e-08 0)
(3 3.51023e-07 0)
(3 4.25924e-06 0)
(2.99998 4.52208e-05 0)
(2.99984 0.000378806 0)
(2.99879 0.00260446 0)
(2.99402 0.0142949 0)
(2.98101 0.045863 0)
(2.94855 0.12576 0)
(2.91769 0.203957 0)
(2.88283 0.308586 0)
(2.87328 0.347352 0)
(3 -3.66125e-15 0)
(3 -3.52956e-15 0)
(3 -3.60985e-15 0)
(3 -4.00087e-15 0)
(3 -1.39884e-15 0)
(3 3.20645e-14 0)
(3 6.24809e-13 0)
(3 9.69824e-12 0)
(3 1.54324e-10 0)
(3 1.93924e-09 0)
(3 2.47859e-08 0)
(3 3.09735e-07 0)
(3 2.97047e-06 0)
(2.99998 3.02516e-05 0)
(2.99984 0.000267063 0)
(2.99904 0.00147189 0)
(2.99426 0.00915451 0)
(2.98105 0.0275445 0)
(2.94838 0.0806192 0)
(2.88072 0.153672 0)
(2.42306 0.375874 0)
(2.27177 0.702775 0)
(2.34217 0.734353 0)
(2.5482 0.602199 0)
(2.85894 0.24043 0)
(2.98705 0.0322683 0)
(2.99955 0.00157918 0)
(2.99999 3.88224e-05 0)
(3 5.87284e-07 0)
(3 5.96378e-09 0)
(3 4.2961e-11 0)
(3 2.34675e-13 0)
(3 2.01507e-15 0)
(3 -6.11331e-15 0)
(3 -3.28525e-15 0)
(2.27507 0.665253 0)
(2.25589 0.790114 0)
(2.39621 0.745381 0)
(2.77959 0.37394 0)
(2.9899 0.0357032 0)
(3.00004 0.000473274 0)
(3 -1.09819e-06 0)
(3 -8.35033e-08 0)
(3 -1.52696e-08 0)
(3 -6.33094e-10 0)
(3 -8.31587e-12 0)
(3 -5.55349e-14 0)
(3 -2.22876e-16 0)
(3 -6.13681e-15 0)
(3 -3.1529e-15 0)
(2.20238 0.810399 0)
(2.24916 0.806551 0)
(2.58743 0.554166 0)
(2.94425 0.118712 0)
(2.99897 0.00489763 0)
(2.99999 6.79311e-05 0)
(3 8.47125e-07 0)
(3 1.11049e-08 0)
(3 4.80717e-11 0)
(3 2.8661e-13 0)
(3 1.47993e-14 0)
(3 5.56863e-15 0)
(3 -1.44086e-16 0)
(3 -6.53409e-15 0)
(3 -2.86068e-15 0)
(2.17821 0.87868 0)
(2.4121 0.743113 0)
(2.84196 0.276279 0)
(2.99523 0.0159279 0)
(3 0.000100727 0)
(3 -9.14712e-07 0)
(3 -7.96866e-09 0)
(3 -1.42714e-09 0)
(3 -7.23992e-11 0)
(3 -1.17665e-12 0)
(3 -1.9524e-15 0)
(3 3.34624e-15 0)
(3 -1.18014e-15 0)
(3 -6.43404e-15 0)
(3 -2.55865e-15 0)
(2.17918 0.899256 0)
(2.66817 0.452268 0)
(2.98534 0.0334502 0)
(2.99999 0.00038696 0)
(3 2.64214e-06 0)
(3 -9.10234e-10 0)
(3 -1.74924e-09 0)
(3 -1.10317e-11 0)
(3 6.93156e-14 0)
(3 7.53641e-15 0)
(3 8.89423e-15 0)
(3 3.2081e-15 0)
(3 -1.97174e-15 0)
(3 -6.31831e-15 0)
(3 -2.31904e-15 0)
(2.5678 0.578941 0)
(2.99099 0.0382468 0)
(3.00025 0.000331578 0)
(3 -1.55188e-06 0)
(3 -3.45161e-07 0)
(3 -2.94119e-08 0)
(3 -7.95423e-12 0)
(3 -1.84723e-13 0)
(3 -8.49644e-15 0)
(3 -1.68829e-15 0)
(3 8.20421e-15 0)
(3 3.63958e-15 0)
(3 -2.19212e-15 0)
(3 -6.63088e-15 0)
(3 -2.14628e-15 0)
(2.99301 0.0502841 0)
(2.99997 0.00115778 0)
(3 5.70874e-07 0)
(3 -3.96667e-08 0)
(3 1.80137e-10 0)
(3 2.40275e-11 0)
(3 3.78887e-12 0)
(3 1.41543e-13 0)
(3 -4.54202e-15 0)
(3 -9.48712e-16 0)
(3 8.24839e-15 0)
(3 4.05231e-15 0)
(3 -2.56426e-15 0)
(3 -7.21482e-15 0)
(3 -2.15353e-15 0)
(3.00075 -0.00155248 0)
(3.00003 -0.000108038 0)
(3 -3.48449e-06 0)
(3 -7.06992e-08 0)
(3 -4.3373e-10 0)
(3 -4.81837e-12 0)
(3 -3.33193e-14 0)
(3 4.92296e-16 0)
(3 -5.31523e-15 0)
(3 -1.48762e-15 0)
(3 8.09941e-15 0)
(3 4.11421e-15 0)
(3 -2.80188e-15 0)
(3 -7.86914e-15 0)
(3 -2.09023e-15 0)
(3.00001 -2.15345e-05 0)
(3 1.2033e-07 0)
(3 2.38356e-08 0)
(3 1.16238e-09 0)
(3 1.97045e-11 0)
(3 1.86816e-13 0)
(3 7.78159e-16 0)
(3 6.28589e-16 0)
(3 -4.3372e-15 0)
(3 -2.16736e-15 0)
(3 7.92632e-15 0)
(3 4.26369e-15 0)
(3 -3.48389e-15 0)
(3 -7.93851e-15 0)
(3 -1.9107e-15 0)
(3 1.23833e-06 0)
(3 1.43338e-08 0)
(3 -7.62852e-11 0)
(3 -1.26137e-11 0)
(3 -3.99722e-13 0)
(3 -7.70438e-15 0)
(3 -6.34393e-16 0)
(3 7.8872e-16 0)
(3 -4.45459e-15 0)
(3 -2.6451e-15 0)
(3 7.72983e-15 0)
(3 3.91909e-15 0)
(3 -3.79193e-15 0)
(3 -7.54149e-15 0)
(3 -1.65205e-15 0)
(3 -8.13194e-16 0)
(3 -4.35947e-15 0)
(3 -3.58601e-15 0)
(3 -1.19032e-15 0)
(3 -1.24033e-15 0)
(3 -2.94991e-15 0)
(3 4.63881e-16 0)
(3 7.49866e-16 0)
(3 -4.85974e-15 0)
(3 -3.28507e-15 0)
(3 7.3156e-15 0)
(3 3.05779e-15 0)
(3 -4.3021e-15 0)
(3 -7.52592e-15 0)
(3 -1.52058e-15 0)
(3 -2.35113e-15 0)
(3 -3.37486e-15 0)
(3 -3.37382e-15 0)
(3 -1.12705e-15 0)
(3 -8.1902e-16 0)
(3 -2.41815e-15 0)
(3 1.06627e-15 0)
(3 1.05756e-15 0)
(3 -4.88298e-15 0)
(3 -3.79033e-15 0)
(3 6.16595e-15 0)
(3 2.82364e-15 0)
(3 -4.28896e-15 0)
(3 -6.92284e-15 0)
(3 -1.38274e-15 0)
(3 -2.48809e-15 0)
(3 -3.25359e-15 0)
(3 -3.05682e-15 0)
(3 -6.94499e-16 0)
(3 -6.03164e-16 0)
(3 -2.0752e-15 0)
(3 2.47224e-15 0)
(3 1.05885e-15 0)
(3 -4.8999e-15 0)
(3 -3.57366e-15 0)
(3 4.84157e-15 0)
(3 2.17494e-15 0)
(3 -4.19945e-15 0)
(3 -6.40368e-15 0)
(3 -1.23371e-15 0)
(3 -2.50216e-15 0)
(3 -3.24095e-15 0)
(3 -2.95156e-15 0)
(3 -2.94542e-16 0)
(3 -6.0815e-16 0)
(3 -1.75066e-15 0)
(3 3.32989e-15 0)
(3 1.51145e-15 0)
(3 -4.78358e-15 0)
(3 -3.05221e-15 0)
(3 3.85216e-15 0)
(3 1.73299e-15 0)
(3 -4.19379e-15 0)
(3 -6.30687e-15 0)
(3 -7.51567e-16 0)
(3 -2.87425e-15 0)
(3 -2.93202e-15 0)
(3 -2.98417e-15 0)
(3 4.42568e-16 0)
(3 -9.43076e-16 0)
(3 -1.56835e-15 0)
(3 3.54149e-15 0)
(3 1.53933e-15 0)
(3 -4.25592e-15 0)
(3 -2.76729e-15 0)
(3 3.08557e-15 0)
(3 1.50654e-15 0)
(3 -4.38714e-15 0)
(3 -6.1635e-15 0)
(3 -4.62148e-16 0)
(3 -2.71453e-15 0)
(3 -2.92282e-15 0)
(3 -3.21839e-15 0)
(3 3.35873e-16 0)
(3 -7.7396e-16 0)
(3 -1.51631e-15 0)
(3 3.86496e-15 0)
(3 1.90736e-15 0)
(3 -3.87592e-15 0)
(3 -3.09532e-15 0)
(3 2.77167e-15 0)
(3 1.55324e-15 0)
(3 -4.46648e-15 0)
(3 -6.21845e-15 0)
(3 -2.88754e-16 0)
(3 -2.40176e-15 0)
(3 -2.97753e-15 0)
(3 -3.43929e-15 0)
(3 1.7502e-16 0)
(3 -5.75219e-16 0)
(3 -1.12241e-15 0)
(3 3.80536e-15 0)
(3 2.50952e-15 0)
(3 -3.3394e-15 0)
(3 -3.06382e-15 0)
(3 1.82109e-15 0)
(3 1.47338e-15 0)
(3 -4.494e-15 0)
(3 -6.22999e-15 0)
(3 -1.59026e-16 0)
(3 -3.00147e-15 0)
(3 -2.86051e-15 0)
(3 -3.63398e-15 0)
(3 3.41646e-17 0)
(3 -2.21386e-16 0)
(3 -1.14134e-15 0)
(3 3.1369e-15 0)
(3 3.12752e-15 0)
(3 -2.33053e-15 0)
(3 -2.99073e-15 0)
(3 4.91771e-16 0)
(3 1.33093e-15 0)
(3 -4.33994e-15 0)
(3 -6.20431e-15 0)
(3 -3.05678e-17 0)
(3 -4.03695e-15 0)
(3 -3.39977e-15 0)
(3 -3.30992e-15 0)
(3 -7.88689e-16 0)
(3 4.86385e-16 0)
(3 -8.84379e-16 0)
(3 2.51345e-15 0)
(3 3.51659e-15 0)
(3 -1.63867e-15 0)
(3 -2.96816e-15 0)
(3 -7.59756e-16 0)
(3 1.2937e-15 0)
(3 -4.22148e-15 0)
(3 -6.2712e-15 0)
(3 4.48099e-17 0)
(3 -4.248e-15 0)
(3 -3.67799e-15 0)
(3 -3.32909e-15 0)
(3 -7.81963e-16 0)
(3 6.4019e-16 0)
(3 -5.52219e-16 0)
(3 1.85178e-15 0)
(3 4.01366e-15 0)
(3 -6.30044e-16 0)
(3 -2.64936e-15 0)
(3 -8.60993e-16 0)
(3 1.14107e-15 0)
(3 -4.18984e-15 0)
(3 -6.23939e-15 0)
(3 2.58926e-16 0)
(3 -4.34526e-15 0)
(3 -4.87624e-15 0)
(3 -4.15239e-15 0)
(3 -1.44885e-15 0)
(3 7.18466e-16 0)
(3 2.00199e-16 0)
(3 1.19448e-15 0)
(3 4.21386e-15 0)
(3 -2.71107e-16 0)
(3 -2.14545e-15 0)
(3 -1.46855e-15 0)
(3 3.6542e-16 0)
(3 -4.05349e-15 0)
(3 -5.97261e-15 0)
(3 4.22027e-16 0)
(3 -4.22903e-15 0)
(3 -4.9009e-15 0)
(3 -4.34756e-15 0)
(3 -7.8081e-16 0)
(3 8.12882e-16 0)
(3 6.06087e-16 0)
(3 2.46373e-15 0)
(3 4.45918e-15 0)
(3 -8.18224e-16 0)
(3 -1.50404e-15 0)
(3 -1.31346e-15 0)
(3 -6.89873e-16 0)
(3 -4.12307e-15 0)
(3 -4.94525e-15 0)
(3 7.60047e-16 0)
(3 -3.92672e-15 0)
(3 -4.41673e-15 0)
(3 -4.90273e-15 0)
(3 -2.89984e-15 0)
(3 1.96247e-16 0)
(3 1.95171e-15 0)
(3 4.01648e-15 0)
(3 3.94857e-15 0)
(3 -1.22838e-15 0)
(3 -7.40943e-16 0)
(3 -1.08865e-15 0)
(3 -1.74714e-15 0)
(3 -4.18042e-15 0)
(3 -3.29135e-15 0)
(3 1.04076e-15 0)
(3 -2.72514e-15 0)
(3 -3.8158e-15 0)
(3 -3.9463e-15 0)
(3 -1.64711e-15 0)
(3 -7.5746e-16 0)
(3 2.43657e-15 0)
(3 4.45188e-15 0)
(3 3.72455e-15 0)
(3 -9.05228e-16 0)
(3 2.02613e-16 0)
(3 -2.47088e-15 0)
(3 -3.36016e-15 0)
(3 -3.67484e-15 0)
(3 -1.46793e-15 0)
(3 1.25991e-15 0)
(3 -1.47701e-15 0)
(3 -2.72366e-15 0)
(3 -6.96804e-16 0)
(3 -1.89812e-15 0)
(3 -2.96708e-15 0)
(3 4.51533e-15 0)
(3 5.28412e-15 0)
(3 2.01256e-15 0)
(3 1.12773e-15 0)
(3 2.45742e-15 0)
(3 -3.46244e-15 0)
(3 -3.98878e-15 0)
(3 -2.99713e-15 0)
(3 -1.98568e-15 0)
(3 9.97553e-16 0)
(3 9.18109e-16 0)
(3 2.87489e-16 0)
(3 -9.57014e-16 0)
(3 -3.45589e-15 0)
(3 -5.49065e-15 0)
(3 5.97217e-15 0)
(3 6.36896e-15 0)
(3 1.558e-15 0)
(3 1.52399e-15 0)
(3 2.55632e-15 0)
(3 -5.02317e-15 0)
(3 -3.84853e-15 0)
(3 -1.08843e-15 0)
(3 -1.48259e-15 0)
(3 8.98743e-17 0)
(3 -2.50245e-15 0)
(3 -8.40659e-16 0)
(3 -1.91384e-16 0)
(3 -1.62573e-15 0)
(3 -4.26963e-15 0)
(3 3.05115e-15 0)
(3 8.58374e-15 0)
(3 2.24221e-15 0)
(3 2.71268e-15 0)
(3 2.01252e-15 0)
(3 -4.83309e-15 0)
(3 -5.02632e-15 0)
(3 -9.85506e-16 0)
(3 -1.56274e-15 0)
(3 -8.53286e-16 0)
(3 -6.09851e-15 0)
(3 -1.89324e-15 0)
(3 4.00735e-15 0)
(3 2.66095e-15 0)
(3 -1.83355e-15 0)
(3 2.73191e-15 0)
(3 3.63064e-15 0)
(3 1.84671e-15 0)
(3 4.89646e-15 0)
(3 1.28639e-15 0)
(3 -4.39071e-15 0)
(3 -5.81728e-15 0)
(3 -3.13246e-16 0)
(3 3.33505e-16 0)
(3 -2.19957e-15 0)
(3 -8.53819e-15 0)
(3 -1.93289e-15 0)
(3 2.96964e-15 0)
(3 4.29903e-15 0)
(3 3.04404e-15 0)
(3 6.22079e-15 0)
(3 8.58254e-16 0)
(3 -1.74086e-15 0)
(3 4.01054e-15 0)
(3 2.85603e-15 0)
(3 -3.51083e-15 0)
(3 -4.87237e-15 0)
(3 2.82413e-15 0)
(3 -8.08069e-16 0)
(3 -3.60567e-15 0)
(3 -3.44646e-15 0)
(3 -1.97085e-15 0)
(3 -3.13886e-16 0)
(3 3.52152e-15 0)
(3 4.94254e-15 0)
(3 4.51779e-15 0)
(3 -5.28679e-17 0)
(3 -3.26209e-15 0)
(3 -1.56484e-15 0)
(3 2.50547e-15 0)
(3 4.51773e-16 0)
(3 -3.65257e-15 0)
(3 1.94798e-15 0)
(3 2.84896e-18 0)
(3 -2.14959e-15 0)
(3 -8.49035e-17 0)
(3 9.13553e-16 0)
(3 3.5427e-16 0)
(3 -6.01531e-16 0)
(3 1.69254e-16 0)
(3 1.62275e-16 0)
(3 -3.20503e-15 0)
(3 -4.98233e-15 0)
(3 -8.60421e-15 0)
(3 -8.54861e-15 0)
(3 -1.67687e-15 0)
(3 -6.70254e-16 0)
(3 -7.9791e-16 0)
(3 -4.26932e-15 0)
(3 -5.75832e-15 0)
(3 -5.41475e-15 0)
(3 -2.02389e-15 0)
(3 -3.20861e-15 0)
(3 -4.34478e-15 0)
(3 -7.78699e-15 0)
(3 1.75565e-15 0)
(3 8.10283e-16 0)
(3 1.4389e-15 0)
(3 3.95571e-16 0)
(3 -4.8863e-15 0)
(3 -4.85e-15 0)
(3 -1.56233e-15 0)
(3 -3.34924e-15 0)
(3 -2.65325e-15 0)
(3 -4.31535e-15 0)
(3 -5.74724e-16 0)
(3 -8.65862e-16 0)
(3 -2.4521e-16 0)
(3 4.13049e-16 0)
(3 -6.49848e-16 0)
(3 -2.12462e-15 0)
(3 -1.21168e-15 0)
(3 -2.26438e-15 0)
(3 -2.98914e-15 0)
(3 -2.68411e-15 0)
(3 1.93182e-15 0)
(3 1.82997e-15 0)
(3 1.33808e-15 0)
(3 1.53324e-15 0)
(3 -1.95665e-16 0)
(3 -9.72141e-16 0)
(3 -8.88616e-16 0)
(3 -3.26718e-15 0)
(3 -2.65865e-15 0)
(3 -4.1332e-15 0)
(3 2.18562e-15 0)
(3 2.34769e-15 0)
(3 1.00392e-15 0)
(3 1.49359e-15 0)
(3 2.83324e-15 0)
(3 7.1928e-16 0)
(3 -2.26467e-15 0)
(3 -5.22165e-15 0)
(3 -3.15166e-15 0)
(3 -1.71939e-15 0)
(3 3.4377e-15 0)
(3 3.02117e-15 0)
(3 2.50239e-15 0)
(3 3.80471e-15 0)
(3 5.0532e-15 0)
(3 2.89642e-15 0)
(3 -3.37072e-15 0)
(3 -3.15467e-15 0)
(3 -2.30497e-15 0)
(3 -5.32693e-16 0)
(3 5.14651e-15 0)
(3 7.00982e-15 0)
(3 8.31315e-15 0)
(3 7.95791e-15 0)
(3 7.28328e-15 0)
(3 4.26908e-15 0)
(3 -7.60117e-16 0)
(3 -2.1675e-15 0)
(3 -4.73813e-16 0)
(3 -1.66214e-15 0)
(3 3.9619e-15 0)
(3 3.81222e-15 0)
(3 3.59812e-15 0)
(3 4.08311e-15 0)
(3 2.62506e-15 0)
(3 1.18779e-15 0)
(3 -3.89469e-16 0)
(3 -1.25861e-15 0)
(3 4.94484e-16 0)
(3 -2.32314e-15 0)
(3 -4.39156e-16 0)
(3 -1.13259e-15 0)
(3 9.76819e-16 0)
(3 1.3437e-15 0)
(3 -1.34509e-15 0)
(3 3.2028e-16 0)
(3 -1.73643e-15 0)
(3 -7.40158e-16 0)
(3 -2.30699e-15 0)
(3 1.91681e-15 0)
(3 -3.13128e-15 0)
(3 -2.08837e-15 0)
(3 -5.78175e-16 0)
(3 1.48408e-15 0)
(3 -5.97296e-16 0)
(3 -1.76931e-15 0)
(3 -1.5438e-15 0)
(3 1.40838e-15 0)
(3 -3.11957e-15 0)
(3 4.09123e-15 0)
(3 -4.05477e-15 0)
(3 -3.9195e-15 0)
(3 -3.3231e-15 0)
(3 -1.94496e-15 0)
(3 -9.58468e-16 0)
(3 2.63159e-16 0)
(3 1.65858e-15 0)
(3 2.89059e-15 0)
(3 2.14316e-15 0)
(3 5.23851e-16 0)
(3 -6.24793e-15 0)
(3 -7.42449e-15 0)
(3 -7.42903e-15 0)
(3 -6.84101e-15 0)
(3 -2.00981e-15 0)
(3 -1.56425e-16 0)
(3 2.64506e-15 0)
(3 3.69064e-15 0)
(3 5.76341e-15 0)
(3 2.79806e-15 0)
(3 -9.65361e-16 0)
(3 -1.73926e-15 0)
(3 -2.45227e-15 0)
(3 -4.54154e-15 0)
(3 -4.70351e-15 0)
(3 -2.12484e-15 0)
(3 3.28841e-15 0)
(3 4.17833e-15 0)
(3 5.22614e-15 0)
(3 1.34015e-15 0)
(3 1.58154e-15 0)
(3 1.28556e-15 0)
(3 -1.3104e-15 0)
(3 -2.09192e-15 0)
(3 -3.7621e-15 0)
(3 -8.91904e-16 0)
(3 2.38869e-15 0)
(3 3.88366e-15 0)
(3 3.04059e-15 0)
(3 1.82404e-16 0)
(3 -2.48744e-16 0)
(3 -1.13517e-16 0)
(3 -1.64163e-15 0)
(3 -2.1133e-15 0)
(3 -1.32971e-15 0)
(3 1.26489e-15 0)
(3 3.11386e-15 0)
(3 2.59355e-15 0)
(3 1.93247e-15 0)
(3 6.34589e-16 0)
(3 -1.22575e-17 0)
(3 -6.39728e-16 0)
(3 6.01732e-16 0)
(3 -1.91083e-16 0)
(3 3.42621e-15 0)
(3 4.03228e-15 0)
(3 2.68153e-15 0)
(3 3.23175e-15 0)
(3 2.18731e-15 0)
(3 -2.29928e-17 0)
(3 6.17256e-16 0)
(3 1.52359e-15 0)
(3 3.39933e-15 0)
(3 5.09567e-15 0)
(3 5.66553e-15 0)
(3 5.30919e-15 0)
(3 7.31585e-16 0)
(3 4.60183e-15 0)
(3 3.53788e-15 0)
(3 2.9366e-15 0)
(3 3.39656e-15 0)
(3 4.04577e-15 0)
(3 3.52445e-15 0)
(3 6.25674e-15 0)
(3 7.06898e-15 0)
(3 4.80979e-15 0)
(3 9.2957e-16 0)
(3 4.79199e-15 0)
(3 5.74233e-15 0)
(3 5.7544e-15 0)
(3 4.18881e-15 0)
(3 3.3725e-15 0)
(3 3.86435e-15 0)
(3 4.58589e-15 0)
(3 5.01991e-15 0)
(3 4.11136e-15 0)
(3 3.88094e-15 0)
(3 5.51607e-15 0)
(3 7.99278e-15 0)
(3 6.78812e-15 0)
(3 6.20363e-15 0)
(3 5.87996e-15 0)
(3 5.80861e-15 0)
(3 4.76882e-15 0)
(3 2.98169e-15 0)
(3 3.46321e-15 0)
(3 3.92619e-15 0)
(3 9.29862e-16 0)
(3 8.0066e-16 0)
(3 2.83608e-15 0)
(3 7.22742e-15 0)
(3 7.67528e-15 0)
(3 8.09044e-15 0)
(3 7.09234e-15 0)
(3 3.58482e-15 0)
(3 1.22838e-17 0)
(3 -1.04825e-15 0)
(3 -3.59337e-15 0)
(3 -4.39047e-15 0)
(3 -9.58657e-16 0)
(3 3.62722e-15 0)
(3 4.08187e-15 0)
(3 4.39477e-15 0)
(3 3.42361e-15 0)
(3 1.9245e-15 0)
(3 -2.57898e-15 0)
(3 -5.71794e-15 0)
(3 -3.14545e-15 0)
(3 -7.69951e-16 0)
(3 4.73177e-16 0)
(3 5.95396e-16 0)
(3 1.44847e-15 0)
(3 1.23002e-15 0)
(3 7.62296e-16 0)
(3 6.97518e-16 0)
(3 1.66652e-15 0)
(3 1.76266e-15 0)
(3 -5.78571e-16 0)
(3 -3.73353e-16 0)
(3 -8.76208e-16 0)
(3 6.15257e-16 0)
(3 1.06163e-19 0)
(3 -1.86347e-16 0)
(3 2.42645e-16 0)
(3 9.80785e-16 0)
(3 4.11078e-15 0)
(3 4.93653e-15 0)
(3 3.69389e-15 0)
(3 -1.42404e-15 0)
(3 -1.83983e-15 0)
(3 9.28748e-16 0)
(3 -5.26428e-18 0)
(3 -9.03256e-16 0)
(3 -1.20985e-15 0)
(3 -1.3098e-15 0)
(3 -1.62487e-15 0)
(3 1.03366e-17 0)
(3 2.15131e-15 0)
(3 3.93699e-15 0)
(3 1.86271e-15 0)
(3 3.02788e-16 0)
(3 -3.86233e-16 0)
(3 -5.23186e-16 0)
(3 -9.31676e-16 0)
(3 -3.28529e-17 0)
(3 -7.01206e-16 0)
(3 -6.12256e-17 0)
(3 2.82445e-15 0)
(3 2.67808e-15 0)
(3 6.87724e-16 0)
(3 8.64908e-16 0)
(3 1.22452e-15 0)
(3 1.16218e-15 0)
(3 1.36055e-15 0)
(3 3.06783e-15 0)
(3 3.98732e-15 0)
(3 2.92109e-15 0)
(3 5.66384e-16 0)
(3 -2.06413e-15 0)
(3 -4.167e-15 0)
(3 -2.08883e-15 0)
(3 -1.41422e-15 0)
(3 -1.23554e-16 0)
(3 -2.38085e-17 0)
(3 -1.44703e-16 0)
(3 1.28994e-15 0)
(3 2.71637e-15 0)
(3 -1.50655e-15 0)
(3 1.86794e-15 0)
(3 1.05371e-15 0)
(3 -2.84552e-15 0)
(3 -2.42058e-15 0)
(3 -1.91094e-15 0)
(3 -4.46889e-17 0)
(3 2.38193e-16 0)
(3 -1.42659e-16 0)
(3 1.94153e-15 0)
(3 2.81289e-15 0)
(3 3.48286e-15 0)
(3 9.35373e-17 0)
(3 9.57427e-16 0)
(3 9.72308e-16 0)
(3 3.76206e-16 0)
(3 6.32739e-16 0)
(3 9.88085e-17 0)
(3 -2.02048e-15 0)
(3 -5.98869e-15 0)
(3 -4.58095e-15 0)
(3 -1.69887e-15 0)
(3 -1.74526e-15 0)
(3 3.24763e-15 0)
(3 3.40166e-15 0)
(3 3.35783e-15 0)
(3 2.18315e-15 0)
(3 1.84668e-15 0)
(3 2.16353e-15 0)
(3 -1.40539e-15 0)
(3 -3.46545e-15 0)
(3 -1.80315e-15 0)
(3 2.18226e-16 0)
(3 2.28231e-15 0)
(3 2.56627e-15 0)
(3 2.94505e-15 0)
(3 3.00229e-15 0)
(3 2.11707e-15 0)
(3 2.704e-15 0)
(3 1.91977e-15 0)
(3 6.52465e-16 0)
(3 -3.08387e-16 0)
(3 -1.94501e-15 0)
(3 1.73189e-15 0)
(3 1.04051e-15 0)
(3 9.10476e-16 0)
(3 5.7488e-16 0)
(3 -1.09029e-15 0)
(3 -2.53662e-15 0)
(3 -1.12479e-15 0)
(3 -1.0095e-15 0)
(3 -9.63218e-16 0)
(3 1.8823e-15 0)
(3 2.16204e-15 0)
(3 1.87763e-15 0)
(3 1.41662e-15 0)
(3 1.29734e-15 0)
(3 2.02609e-15 0)
(3 1.84672e-15 0)
(3 1.42781e-15 0)
(3 5.84896e-16 0)
(3 8.13801e-16 0)
(3 2.15493e-15 0)
(3 6.15137e-15 0)
(3 5.60292e-15 0)
(3 8.93874e-16 0)
(3 1.04638e-15 0)
(3 1.21961e-15 0)
(3 1.46426e-15 0)
(3 7.79982e-16 0)
(3 2.24517e-16 0)
(3 -2.92148e-15 0)
(3 -2.78441e-15 0)
(3 1.66154e-15 0)
(3 3.47889e-15 0)
(3 2.07423e-15 0)
(3 2.92154e-15 0)
(3 2.23257e-15 0)
(3 5.86067e-15 0)
(3 4.55079e-15 0)
(3 3.96965e-16 0)
(3 6.09124e-16 0)
(3 1.88887e-15 0)
(3 1.85054e-15 0)
(3 9.36812e-16 0)
(3 -4.24376e-16 0)
(3 -3.40396e-15 0)
(3 -2.74691e-15 0)
(3 1.91067e-15 0)
(3 3.55736e-15 0)
(3 2.11499e-15 0)
(3 3.06583e-15 0)
(3 2.27028e-15 0)
(3 4.93487e-15 0)
(3 3.86518e-15 0)
(3 -2.74305e-16 0)
(3 1.17665e-15 0)
(3 2.24166e-15 0)
(3 2.21957e-15 0)
(3 1.27397e-15 0)
(3 -1.26927e-15 0)
(3 -3.85638e-15 0)
(3 -2.54654e-15 0)
(3 1.95778e-15 0)
(3 3.51331e-15 0)
(3 2.37501e-15 0)
(3 3.74272e-15 0)
(3 2.18188e-15 0)
(3 4.23622e-15 0)
(3 2.91851e-15 0)
(3 -7.27066e-16 0)
(3 1.94794e-15 0)
(3 2.57717e-15 0)
(3 2.34303e-15 0)
(3 1.60821e-15 0)
(3 -2.0161e-15 0)
(3 -4.6341e-15 0)
(3 -2.42206e-15 0)
(3 1.89105e-15 0)
(3 3.31975e-15 0)
(3 2.71129e-15 0)
(3 4.41839e-15 0)
(3 2.09842e-15 0)
(3 3.93344e-15 0)
(3 2.12802e-15 0)
(3 -1.50102e-15 0)
(3 2.43011e-15 0)
(3 3.13236e-15 0)
(3 2.90757e-15 0)
(3 2.37366e-15 0)
(3 -2.48909e-15 0)
(3 -5.26068e-15 0)
(3 -2.19642e-15 0)
(3 1.71178e-15 0)
(3 3.02084e-15 0)
(3 3.22478e-15 0)
(3 5.11635e-15 0)
(3 2.07641e-15 0)
(3 3.25237e-15 0)
(3 1.65738e-15 0)
(3 -8.67487e-16 0)
(3 2.45006e-15 0)
(3 3.55497e-15 0)
(3 3.51675e-15 0)
(3 1.75297e-15 0)
(3 -2.7997e-15 0)
(3 -5.55829e-15 0)
(3 -2.29525e-15 0)
(3 1.69646e-15 0)
(3 2.87633e-15 0)
(3 3.3872e-15 0)
(3 5.32542e-15 0)
(3 2.06474e-15 0)
(3 2.71655e-15 0)
(3 1.0629e-15 0)
(3 1.96697e-16 0)
(3 3.44917e-15 0)
(3 3.85898e-15 0)
(3 4.47505e-15 0)
(3 1.06158e-15 0)
(3 -2.87863e-15 0)
(3 -6.14463e-15 0)
(3 -2.11804e-15 0)
(3 1.50469e-15 0)
(3 2.72127e-15 0)
(3 3.43078e-15 0)
(3 5.70086e-15 0)
(3 2.06335e-15 0)
(3 1.77505e-15 0)
(3 2.99921e-16 0)
(3 9.74488e-17 0)
(3 4.04121e-15 0)
(3 4.09455e-15 0)
(3 4.70958e-15 0)
(3 7.64717e-16 0)
(3 -2.8154e-15 0)
(3 -6.13111e-15 0)
(3 -2.27338e-15 0)
(3 1.15162e-15 0)
(3 2.5911e-15 0)
(3 3.48454e-15 0)
(3 5.75433e-15 0)
(3 1.86202e-15 0)
(3 7.81813e-16 0)
(3 1.31707e-16 0)
(3 2.16113e-15 0)
(3 4.20019e-15 0)
(3 4.19938e-15 0)
(3 4.61032e-15 0)
(3 9.09327e-16 0)
(3 -2.64401e-15 0)
(3 -5.85162e-15 0)
(3 -2.7605e-15 0)
(3 1.04509e-15 0)
(3 2.75856e-15 0)
(3 3.72453e-15 0)
(3 5.35808e-15 0)
(3 1.67235e-15 0)
(3 -1.33482e-15 0)
(3 7.4609e-16 0)
(3 2.69726e-15 0)
(3 3.82241e-15 0)
(3 3.98623e-15 0)
(3 4.58618e-15 0)
(3 8.28688e-16 0)
(3 -2.34928e-15 0)
(3 -5.67179e-15 0)
(3 -2.87255e-15 0)
(3 3.51638e-16 0)
(3 2.86189e-15 0)
(3 4.18677e-15 0)
(3 5.09229e-15 0)
(3 1.59619e-15 0)
(3 -1.24039e-06 0)
(3 -1.43419e-08 0)
(3 7.62445e-11 0)
(3 1.26012e-11 0)
(3 4.01491e-13 0)
(3 9.47624e-15 0)
(3 7.63838e-16 0)
(3 -2.20344e-15 0)
(3 -5.49337e-15 0)
(3 -3.7116e-15 0)
(3 1.17355e-16 0)
(3 3.1467e-15 0)
(3 4.68192e-15 0)
(3 4.86715e-15 0)
(3 1.61227e-15 0)
(3.00001 2.15389e-05 0)
(3 -1.20745e-07 0)
(3 -2.38863e-08 0)
(3 -1.16237e-09 0)
(3 -1.97741e-11 0)
(3 -1.90033e-13 0)
(3 -8.09331e-16 0)
(3 -2.30434e-15 0)
(3 -5.49465e-15 0)
(3 -4.20637e-15 0)
(3 -2.51122e-16 0)
(3 3.11828e-15 0)
(3 4.52395e-15 0)
(3 5.23393e-15 0)
(3 1.78268e-15 0)
(3.00076 0.00155504 0)
(3.00003 0.000108213 0)
(3 3.48638e-06 0)
(3 5.52644e-08 0)
(3 4.11725e-10 0)
(3 3.27554e-12 0)
(3 2.40486e-14 0)
(3 -1.95372e-15 0)
(3 -5.44156e-15 0)
(3 -4.41398e-15 0)
(3 -6.60955e-16 0)
(3 3.0422e-15 0)
(3 3.896e-15 0)
(3 6.33283e-15 0)
(3 3.14892e-15 0)
(2.99297 -0.050368 0)
(2.99997 -0.00114156 0)
(3 -1.26876e-07 0)
(3 7.43764e-08 0)
(3 1.79715e-10 0)
(3 -2.2242e-11 0)
(3 -3.99814e-12 0)
(3 -1.46764e-13 0)
(3 -4.84735e-15 0)
(3 -4.14519e-15 0)
(3 -9.67812e-16 0)
(3 2.70703e-15 0)
(3 3.74238e-15 0)
(3 7.19223e-15 0)
(3 3.45322e-15 0)
(2.56791 -0.578891 0)
(2.99071 -0.0386527 0)
(3.00024 -0.000345075 0)
(3 1.52044e-06 0)
(3 3.31523e-07 0)
(3 2.6686e-08 0)
(3 3.8526e-11 0)
(3 -1.48207e-13 0)
(3 -2.5718e-14 0)
(3 -4.36992e-15 0)
(3 -9.8119e-16 0)
(3 2.67232e-15 0)
(3 3.82174e-15 0)
(3 7.39332e-15 0)
(3 3.56915e-15 0)
(2.17919 -0.899203 0)
(2.66885 -0.451551 0)
(2.98538 -0.0335017 0)
(2.99999 -0.000388996 0)
(3 -2.61926e-06 0)
(3 -1.16777e-10 0)
(3 1.40924e-09 0)
(3 9.5676e-12 0)
(3 -1.15765e-13 0)
(3 -1.82394e-14 0)
(3 -1.27899e-15 0)
(3 2.53798e-15 0)
(3 4.11767e-15 0)
(3 7.90303e-15 0)
(3 3.4776e-15 0)
(2.17827 -0.878538 0)
(2.4119 -0.743193 0)
(2.84252 -0.275275 0)
(2.99531 -0.0157876 0)
(3 -9.75578e-05 0)
(3 9.26107e-07 0)
(3 7.50042e-09 0)
(3 1.34395e-09 0)
(3 6.76823e-11 0)
(3 1.0509e-12 0)
(3 7.9491e-15 0)
(3 2.80133e-15 0)
(3 4.35074e-15 0)
(3 9.58405e-15 0)
(3 3.17861e-15 0)
(2.20274 -0.809663 0)
(2.24935 -0.806268 0)
(2.58664 -0.554916 0)
(2.94383 -0.119118 0)
(2.99895 -0.00494105 0)
(2.99999 -6.86338e-05 0)
(3 -8.49102e-07 0)
(3 -1.10628e-08 0)
(3 -5.29596e-11 0)
(3 -4.65056e-13 0)
(3 -1.04754e-14 0)
(3 1.81925e-15 0)
(3 4.25688e-15 0)
(3 1.01873e-14 0)
(3 3.07847e-15 0)
(2.2736 -0.667334 0)
(2.25591 -0.790119 0)
(2.39649 -0.745365 0)
(2.77969 -0.373774 0)
(2.98997 -0.0355265 0)
(3.00004 -0.000469372 0)
(3 1.1238e-06 0)
(3 8.35867e-08 0)
(3 1.52782e-08 0)
(3 6.32454e-10 0)
(3 8.29632e-12 0)
(3 6.28358e-14 0)
(3 5.54898e-15 0)
(3 1.05988e-14 0)
(3 3.23184e-15 0)
(2.42293 -0.374361 0)
(2.27146 -0.703006 0)
(2.34227 -0.734179 0)
(2.54831 -0.601923 0)
(2.85862 -0.240742 0)
(2.98702 -0.0322685 0)
(2.99955 -0.00157921 0)
(2.99999 -3.87965e-05 0)
(3 -5.86126e-07 0)
(3 -5.94522e-09 0)
(3 -4.28048e-11 0)
(3 -2.25899e-13 0)
(3 4.36241e-15 0)
(3 1.1079e-14 0)
(3 2.80823e-15 0)
(2.48667 -0.25303 0)
(2.34766 -0.558691 0)
(2.34768 -0.707294 0)
(2.43364 -0.687058 0)
(2.72104 -0.445453 0)
(2.9685 -0.0705462 0)
(2.99898 -0.003372 0)
(2.99998 -7.17854e-05 0)
(3 -1.09067e-06 0)
(3 -1.24425e-08 0)
(3 -1.06611e-10 0)
(3 -6.98325e-13 0)
(3 -1.24228e-15 0)
(3 1.21766e-14 0)
(3 4.35729e-15 0)
(2.57931 0.037491 0)
(2.41904 -0.407975 0)
(2.38672 -0.606831 0)
(2.43222 -0.680525 0)
(2.59343 -0.602424 0)
(2.84839 -0.310603 0)
(2.98543 -0.0372159 0)
(2.99963 -0.000918068 0)
(3 -9.84167e-06 0)
(3 -8.27691e-08 0)
(3 -6.39772e-10 0)
(3 -4.44694e-12 0)
(3 -2.4681e-14 0)
(3 1.18823e-14 0)
(3 4.84869e-15 0)
(2.61612 0.188648 0)
(2.55261 -0.0600428 0)
(2.43614 -0.472071 0)
(2.43591 -0.637947 0)
(2.52839 -0.628152 0)
(2.741 -0.469689 0)
(2.95152 -0.131074 0)
(2.99752 -0.00755452 0)
(2.99996 -0.000109857 0)
(3 -9.085e-07 0)
(3 -6.28513e-09 0)
(3 -3.97197e-11 0)
(3 -2.27759e-13 0)
(3 8.81063e-15 0)
(3 3.89103e-15 0)
(2.64447 0.141087 0)
(2.58206 0.0554235 0)
(2.53537 -0.224596 0)
(2.4692 -0.539799 0)
(2.52507 -0.615795 0)
(2.6121 -0.58058 0)
(2.82109 -0.371611 0)
(2.97506 -0.0628961 0)
(2.99917 -0.00202284 0)
(2.99999 -2.10661e-05 0)
(3 -1.46805e-07 0)
(3 -8.76149e-10 0)
(3 -4.67629e-12 0)
(3 -1.61001e-14 0)
(3 4.69893e-15 0)
(2.60363 0.180736 0)
(2.59316 0.13594 0)
(2.60359 -0.0110758 0)
(2.50802 -0.413338 0)
(2.52814 -0.567345 0)
(2.60803 -0.582705 0)
(2.74285 -0.49274 0)
(2.9272 -0.18368 0)
(2.9947 -0.0142655 0)
(2.99989 -0.000259304 0)
(3 -2.14584e-06 0)
(3 -1.37084e-08 0)
(3 -7.773e-11 0)
(3 -3.87192e-13 0)
(3 1.25322e-16 0)
(2.61 0.286069 0)
(2.63468 0.305903 0)
(2.63072 0.0334077 0)
(2.61002 -0.128001 0)
(2.55082 -0.480383 0)
(2.60612 -0.567331 0)
(2.66774 -0.551315 0)
(2.83161 -0.372668 0)
(2.97015 -0.0767456 0)
(2.9988 -0.0028843 0)
(2.99998 -3.35745e-05 0)
(3 -2.45905e-07 0)
(3 -1.49867e-09 0)
(3 -8.21211e-12 0)
(3 -3.20467e-14 0)
(2.64969 0.357132 0)
(2.66727 0.317486 0)
(2.60365 -0.0188484 0)
(2.6289 -0.0420855 0)
(2.61145 -0.306799 0)
(2.61961 -0.511558 0)
(2.66778 -0.548081 0)
(2.77268 -0.471838 0)
(2.92099 -0.200368 0)
(2.99242 -0.0190853 0)
(2.99983 -0.000396555 0)
(3 -3.49783e-06 0)
(3 -2.3288e-08 0)
(3 -1.34797e-10 0)
(3 -6.25941e-13 0)
(2.68927 0.467135 0)
(2.69586 0.344736 0)
(2.59777 0.0654429 0)
(2.6317 0.00780191 0)
(2.66208 -0.166495 0)
(2.65288 -0.415732 0)
(2.6713 -0.530544 0)
(2.71409 -0.522472 0)
(2.84454 -0.356146 0)
(2.96872 -0.0780952 0)
(2.99855 -0.00342143 0)
(2.99998 -4.42616e-05 0)
(3 -3.31959e-07 0)
(3 -2.02592e-09 0)
(3 -9.6967e-12 0)
(2.69524 0.525999 0)
(2.71516 0.404133 0)
(2.65581 0.176161 0)
(2.69401 0.19085 0)
(2.70174 -0.0304679 0)
(2.69332 -0.292654 0)
(2.68691 -0.481412 0)
(2.71376 -0.520417 0)
(2.79156 -0.453509 0)
(2.91762 -0.204095 0)
(2.99128 -0.0208096 0)
(2.99979 -0.000458477 0)
(3 -4.32087e-06 0)
(3 -3.0283e-08 0)
(3 -1.53674e-10 0)
(2.72897 0.551078 0)
(2.73488 0.446702 0)
(2.66469 0.232309 0)
(2.71036 0.240227 0)
(2.71561 0.0105848 0)
(2.74434 -0.119851 0)
(2.71968 -0.388079 0)
(2.71957 -0.501981 0)
(2.75171 -0.494335 0)
(2.85502 -0.342586 0)
(2.96771 -0.0796528 0)
(2.99839 -0.00385288 0)
(2.99998 -4.95126e-05 0)
(3 -3.51283e-07 0)
(3 -1.93917e-09 0)
(2.73695 0.555297 0)
(2.72892 0.477154 0)
(2.71523 0.320567 0)
(2.7412 0.274741 0)
(2.73271 0.027551 0)
(2.76687 -0.057612 0)
(2.75909 -0.270632 0)
(2.73527 -0.458018 0)
(2.75253 -0.49165 0)
(2.81787 -0.417003 0)
(2.92871 -0.17935 0)
(2.99274 -0.017162 0)
(2.99981 -0.000408594 0)
(3 -4.28379e-06 0)
(3 -2.48835e-08 0)
(2.71892 0.59808 0)
(2.71949 0.535358 0)
(2.73613 0.408992 0)
(2.77073 0.332072 0)
(2.74922 0.0805023 0)
(2.79752 0.0448049 0)
(2.79642 -0.161162 0)
(2.77128 -0.367404 0)
(2.75854 -0.476504 0)
(2.78304 -0.465691 0)
(2.86354 -0.330154 0)
(2.96695 -0.0805693 0)
(2.99838 -0.00368024 0)
(2.99998 -4.46466e-05 0)
(3 -3.05539e-07 0)
(2.71572 0.616383 0)
(2.72947 0.540594 0)
(2.75845 0.431658 0)
(2.79413 0.34691 0)
(2.76967 0.145414 0)
(2.81606 0.155355 0)
(2.82146 -0.0686743 0)
(2.80969 -0.257002 0)
(2.7749 -0.436215 0)
(2.78346 -0.464787 0)
(2.83679 -0.383508 0)
(2.94186 -0.147273 0)
(2.99387 -0.0150663 0)
(2.99984 -0.000378454 0)
(3 -2.97751e-06 0)
(2.74499 0.608206 0)
(2.75556 0.564501 0)
(2.79181 0.448276 0)
(2.81682 0.373562 0)
(2.7758 0.212885 0)
(2.82497 0.216373 0)
(2.8302 -0.0304235 0)
(2.83877 -0.163646 0)
(2.80683 -0.35566 0)
(2.78814 -0.453968 0)
(2.80774 -0.436016 0)
(2.8768 -0.301943 0)
(2.9731 -0.0636737 0)
(2.99879 -0.00261196 0)
(2.99998 -3.02063e-05 0)
(2.73521 0.598631 0)
(2.7937 0.559757 0)
(2.81648 0.477559 0)
(2.82122 0.380691 0)
(2.82117 0.287863 0)
(2.84874 0.275671 0)
(2.84356 0.028033 0)
(2.86227 -0.0808614 0)
(2.83891 -0.265755 0)
(2.80375 -0.418167 0)
(2.8082 -0.437041 0)
(2.84734 -0.366692 0)
(2.93967 -0.146314 0)
(2.99403 -0.0142577 0)
(2.99984 -0.000266537 0)
(2.71826 0.426873 0)
(2.79073 0.560034 0)
(2.81826 0.517048 0)
(2.81457 0.416871 0)
(2.84317 0.33786 0)
(2.88176 0.297529 0)
(2.86506 0.0815207 0)
(2.8952 0.0465862 0)
(2.86509 -0.180815 0)
(2.82978 -0.355757 0)
(2.81221 -0.429896 0)
(2.82884 -0.404335 0)
(2.90626 -0.232779 0)
(2.98112 -0.0456109 0)
(2.99905 -0.00146031 0)
(2.69793 0.214978 0)
(2.77072 0.499976 0)
(2.82045 0.52384 0)
(2.83683 0.466244 0)
(2.87062 0.367841 0)
(2.91433 0.292289 0)
(2.88088 0.0929954 0)
(2.90305 0.112257 0)
(2.88742 -0.0991601 0)
(2.86352 -0.263444 0)
(2.82552 -0.401266 0)
(2.8292 -0.405936 0)
(2.85749 -0.353899 0)
(2.94835 -0.125825 0)
(2.99423 -0.00917367 0)
(2.67005 0.129406 0)
(2.75444 0.331019 0)
(2.81986 0.520955 0)
(2.84364 0.506574 0)
(2.89213 0.399248 0)
(2.92678 0.304903 0)
(2.89133 0.157052 0)
(2.91578 0.172552 0)
(2.90929 -0.0267812 0)
(2.89421 -0.173369 0)
(2.84639 -0.35185 0)
(2.83131 -0.403193 0)
(2.8421 -0.378449 0)
(2.91732 -0.204758 0)
(2.98098 -0.0276801 0)
(2.65883 0.0378877 0)
(2.75462 0.182416 0)
(2.83032 0.455777 0)
(2.8795 0.499674 0)
(2.91381 0.417086 0)
(2.91748 0.32743 0)
(2.92113 0.245023 0)
(2.93757 0.232163 0)
(2.91907 -5.80861e-05 0)
(2.91831 -0.0897684 0)
(2.87687 -0.269801 0)
(2.83946 -0.387998 0)
(2.84446 -0.382596 0)
(2.88298 -0.308441 0)
(2.94849 -0.0806012 0)
(2.62138 0.0037641 0)
(2.71824 0.0490529 0)
(2.80771 0.208756 0)
(2.88777 0.423517 0)
(2.91962 0.422476 0)
(2.92992 0.394396 0)
(2.93476 0.298373 0)
(2.96524 0.266008 0)
(2.93294 0.0601544 0)
(2.94429 0.0296447 0)
(2.91161 -0.161281 0)
(2.86991 -0.314626 0)
(2.85055 -0.372278 0)
(2.87335 -0.347005 0)
(2.88079 -0.153528 0)
(2.64254 0.0903351 0)
(2.67252 0.281416 0)
(2.69139 0.347092 0)
(2.7597 0.377432 0)
(2.80913 0.439352 0)
(2.76441 0.481838 0)
(2.70574 0.529944 0)
(2.68386 0.61574 0)
(2.68637 0.651881 0)
(2.72509 0.622784 0)
(2.72279 0.636296 0)
(2.71683 0.664271 0)
(2.71398 0.666461 0)
(2.69348 0.647018 0)
(2.66497 0.370251 0)
(2.65125 0.136435 0)
(2.6255 -0.0337359 0)
(2.56808 -0.00220607 0)
(2.55861 0.0212795 0)
(2.57606 0.00974409 0)
(2.69296 0.262353 0)
(2.70018 0.42798 0)
(2.71928 0.490713 0)
(2.79302 0.49273 0)
(2.84012 0.54071 0)
(2.80171 0.574067 0)
(2.73837 0.643415 0)
(2.6933 0.706713 0)
(2.70202 0.69659 0)
(2.71873 0.678755 0)
(2.71366 0.683506 0)
(2.70949 0.688618 0)
(2.69843 0.640927 0)
(2.64073 0.362295 0)
(2.61317 0.178801 0)
(2.60071 0.0553841 0)
(2.5971 0.00437493 0)
(2.59176 -0.00440373 0)
(2.5655 0.0187068 0)
(2.57169 0.0117263 0)
(2.7275 0.4453 0)
(2.70838 0.621984 0)
(2.73595 0.640301 0)
(2.7944 0.60331 0)
(2.81715 0.633588 0)
(2.80405 0.678783 0)
(2.75717 0.757197 0)
(2.72792 0.784088 0)
(2.72896 0.773775 0)
(2.71473 0.734693 0)
(2.70164 0.721953 0)
(2.68754 0.644913 0)
(2.62308 0.305073 0)
(2.60234 0.129391 0)
(2.57122 0.0320546 0)
(2.5744 0.0281265 0)
(2.58073 0.00816642 0)
(2.59136 -0.013122 0)
(2.58367 0.000938579 0)
(2.57694 0.0102713 0)
(2.73183 0.649031 0)
(2.72625 0.7574 0)
(2.73884 0.763677 0)
(2.77256 0.752931 0)
(2.78589 0.765518 0)
(2.79131 0.798572 0)
(2.7816 0.830352 0)
(2.77021 0.850966 0)
(2.75877 0.830833 0)
(2.74154 0.776042 0)
(2.70192 0.647397 0)
(2.62936 0.244156 0)
(2.61166 0.103896 0)
(2.6049 0.0791459 0)
(2.59209 0.0432996 0)
(2.57602 0.0253397 0)
(2.57522 0.00247926 0)
(2.5814 -0.00943549 0)
(2.58241 -0.00418798 0)
(2.5763 0.00812484 0)
(2.72126 0.91062 0)
(2.73192 0.929558 0)
(2.72984 0.907891 0)
(2.74678 0.881815 0)
(2.75357 0.885214 0)
(2.77383 0.918211 0)
(2.80739 0.947112 0)
(2.81708 0.926603 0)
(2.80051 0.817315 0)
(2.74926 0.546684 0)
(2.68657 0.199628 0)
(2.65009 0.0987217 0)
(2.63044 0.0668332 0)
(2.61231 0.0349073 0)
(2.59516 0.0209833 0)
(2.57591 0.0093404 0)
(2.56631 0.00504539 0)
(2.57069 -0.00333579 0)
(2.57274 -0.00448105 0)
(2.56692 0.00188134 0)
(2.72482 1.07407 0)
(2.73508 1.04329 0)
(2.70969 1.06606 0)
(2.71815 1.03072 0)
(2.74137 1.00947 0)
(2.7734 1.00423 0)
(2.79567 0.923921 0)
(2.8293 0.69677 0)
(2.78867 0.362632 0)
(2.71388 0.189936 0)
(2.64104 0.0839806 0)
(2.61478 0.0556452 0)
(2.60574 0.0334104 0)
(2.58788 0.0150923 0)
(2.56931 0.00440137 0)
(2.54782 0.00510076 0)
(2.54065 0.00935041 0)
(2.54344 0.0062532 0)
(2.54206 -0.000351956 0)
(2.53413 0.00183747 0)
(2.73532 1.21307 0)
(2.72555 1.19342 0)
(2.69668 1.2086 0)
(2.69861 1.19919 0)
(2.71053 1.11026 0)
(2.77268 0.839479 0)
(2.73512 0.391141 0)
(2.73838 0.231561 0)
(2.61804 0.0401197 0)
(2.54444 0.0406042 0)
(2.5162 0.0608813 0)
(2.53938 0.0509469 0)
(2.53643 0.0306573 0)
(2.5197 -0.00323863 0)
(2.49871 -0.00843126 0)
(2.48207 0.000813212 0)
(2.47772 0.01337 0)
(2.47947 0.0111497 0)
(2.47803 0.00292989 0)
(2.46788 -0.00113787 0)
(2.70539 1.47602 0)
(2.66276 1.39451 0)
(2.61561 1.0925 0)
(2.61846 0.887872 0)
(2.57792 0.514589 0)
(2.63355 0.287367 0)
(2.48941 0.0160365 0)
(2.4275 -0.00454117 0)
(2.39564 0.00833964 0)
(2.38994 0.0282462 0)
(2.42264 0.0502718 0)
(2.4263 0.0454067 0)
(2.41247 0.0245263 0)
(2.40343 -0.00767887 0)
(2.39491 -0.00930249 0)
(2.38812 0.00396342 0)
(2.38479 0.015928 0)
(2.38375 0.0132362 0)
(2.38315 0.00357471 0)
(2.38261 -0.000428042 0)
(2.38808 0.878502 0)
(2.29042 0.528602 0)
(2.27605 0.314846 0)
(2.33737 0.239284 0)
(2.27622 0.060637 0)
(2.25022 0.0386923 0)
(2.24735 -0.0149745 0)
(2.25739 -0.0147806 0)
(2.27143 0.0102816 0)
(2.27569 0.039803 0)
(2.28271 0.0456381 0)
(2.28087 0.0400282 0)
(2.28072 0.0138512 0)
(2.29639 -0.0113375 0)
(2.30487 -0.0119482 0)
(2.30224 0.0103813 0)
(2.29752 0.0211322 0)
(2.29745 0.0187524 0)
(2.30274 0.00337732 0)
(2.31899 -0.00693691 0)
(1.97176 0.190275 0)
(2.0209 0.150093 0)
(2.06568 0.0898763 0)
(2.11921 0.0783878 0)
(2.11951 0.0164715 0)
(2.12527 0.0126241 0)
(2.1607 -0.00310571 0)
(2.18004 0.00749417 0)
(2.2032 0.0126571 0)
(2.21484 0.00952024 0)
(2.20488 0.00762773 0)
(2.20066 0.005105 0)
(2.20908 -0.00149638 0)
(2.23683 -0.00743056 0)
(2.25943 0.00383496 0)
(2.26258 0.0073864 0)
(2.26115 0.00487493 0)
(2.26277 0.000438395 0)
(2.27423 -0.00642127 0)
(2.2921 -0.00641739 0)
)
;

boundaryField
{
    inlet
    {
        type            fixedValue;
        value           uniform (3 0 0);
    }
    outlet
    {
        type            inletOutlet;
        inletValue      uniform (3 0 0);
        value           nonuniform List<vector> 
50
(
(2.62334 -0.00574309 0)
(2.72083 -0.0476592 0)
(2.80956 -0.208256 0)
(2.88641 -0.423081 0)
(2.91811 -0.4267 0)
(2.92813 -0.394988 0)
(2.9347 -0.297477 0)
(2.96431 -0.268063 0)
(2.93302 -0.0597001 0)
(2.94399 -0.0281667 0)
(2.91155 0.161332 0)
(2.86989 0.314755 0)
(2.85054 0.372622 0)
(2.87328 0.347352 0)
(2.88072 0.153672 0)
(2.28561 -0.00287287 0)
(2.31171 -0.000387501 0)
(2.38227 0.00295999 0)
(2.46545 0.00245814 0)
(2.52723 0.00151077 0)
(2.56136 -0.00136433 0)
(2.57249 -0.00835085 0)
(2.57224 -0.0110561 0)
(2.56858 -0.0125393 0)
(2.57774 -0.0113183 0)
(2.57606 0.00974409 0)
(2.57169 0.0117263 0)
(2.57694 0.0102713 0)
(2.5763 0.00812484 0)
(2.56692 0.00188134 0)
(2.53413 0.00183747 0)
(2.46788 -0.00113787 0)
(2.38261 -0.000428042 0)
(2.31899 -0.00693691 0)
(2.2921 -0.00641739 0)
(2.62138 0.0037641 0)
(2.71824 0.0490529 0)
(2.80771 0.208756 0)
(2.88777 0.423517 0)
(2.91962 0.422476 0)
(2.92992 0.394396 0)
(2.93476 0.298373 0)
(2.96524 0.266008 0)
(2.93294 0.0601544 0)
(2.94429 0.0296447 0)
(2.91161 -0.161281 0)
(2.86991 -0.314626 0)
(2.85055 -0.372278 0)
(2.87335 -0.347005 0)
(2.88079 -0.153528 0)
)
;
    }
    airfoil
    {
        type            slip;
    }
    top
    {
        type            symmetryPlane;
    }
    bottom
    {
        type            symmetryPlane;
    }
    defaultFaces
    {
        type            empty;
    }
}


// ************************************************************************* //
