/*--------------------------------*- C++ -*----------------------------------*\
  =========                 |
  \\      /  F ield         | OpenFOAM: The Open Source CFD Toolbox
   \\    /   O peration     | Website:  https://openfoam.org
    \\  /    A nd           | Version:  7
     \\/     M anipulation  |
\*---------------------------------------------------------------------------*/
FoamFile
{
    version     2.0;
    format      ascii;
    class       volScalarField;
    location    "0.7";
    object      T;
}
// * * * * * * * * * * * * * * * * * * * * * * * * * * * * * * * * * * * * * //

dimensions      [0 0 0 1 0 0 0];

internalField   nonuniform List<scalar> 
3700
(
100.526
100.734
100.797
100.837
100.86
100.904
100.912
100.934
100.963
100.999
101.002
100.999
100.986
100.956
100.906
100.872
100.863
100.86
100.851
100.841
100.121
100.241
100.382
100.465
100.485
100.527
100.535
100.504
100.495
100.491
100.476
100.437
100.4
100.371
100.347
100.325
100.323
100.326
100.349
100.34
100.064
100.076
100.067
100.008
99.9007
99.8235
99.8021
99.8164
99.817
99.8383
99.8635
99.8893
99.9138
99.9443
99.9658
99.9796
99.9878
99.9867
99.9663
99.9293
100.086
100.063
100.009
99.9311
99.8686
99.8393
99.8434
99.8573
99.8706
99.8666
99.8651
99.878
99.9003
99.9371
99.963
99.9859
100.008
100.03
100.037
100.031
100.104
100.053
99.9769
99.9594
99.9607
99.9374
99.9573
99.9941
100.006
99.999
99.9918
99.9872
99.9674
99.956
99.9573
99.9721
99.9993
100.036
100.068
100.098
100.126
100.06
99.9922
99.9772
99.9931
99.992
100.027
100.068
100.078
100.077
100.086
100.085
100.081
100.072
100.063
100.053
100.041
100.048
100.082
100.143
100.179
100.065
99.9661
99.9394
99.9762
99.9999
100.051
100.085
100.097
100.119
100.144
100.143
100.146
100.155
100.157
100.156
100.151
100.153
100.155
100.189
100.228
100.027
99.9089
99.9106
99.9365
99.9819
100.052
100.077
100.097
100.137
100.167
100.179
100.193
100.209
100.221
100.231
100.235
100.243
100.241
100.265
100.23
99.9476
99.8615
99.9046
99.9259
99.9819
100.061
100.067
100.116
100.17
100.191
100.22
100.237
100.251
100.266
100.286
100.308
100.324
100.327
100.356
100.176
99.8868
99.839
99.9403
99.9771
100.059
100.114
100.132
100.203
100.24
100.268
100.295
100.302
100.309
100.319
100.333
100.362
100.386
100.405
100.431
100.115
99.8518
99.8273
99.9701
100.067
100.14
100.162
100.212
100.277
100.299
100.33
100.353
100.365
100.379
100.392
100.402
100.422
100.443
100.482
100.478
100.056
99.8107
99.7911
99.9243
100.097
100.168
100.187
100.253
100.315
100.346
100.384
100.405
100.424
100.446
100.464
100.481
100.504
100.525
100.557
100.55
99.9895
99.7473
99.7221
99.8456
100.09
100.167
100.206
100.292
100.354
100.428
100.46
100.477
100.492
100.512
100.534
100.561
100.59
100.613
100.64
100.642
99.9113
99.7054
99.6776
99.8467
100.088
100.223
100.39
100.453
100.51
100.545
100.562
100.573
100.582
100.597
100.618
100.644
100.675
100.697
100.707
100.714
99.8303
99.6774
99.66
100.006
100.276
100.459
100.537
100.581
100.622
100.635
100.645
100.657
100.672
100.694
100.717
100.737
100.761
100.761
100.751
100.75
99.6615
99.6886
99.8284
100.276
100.488
100.592
100.63
100.666
100.7
100.715
100.726
100.74
100.762
100.786
100.801
100.807
100.805
100.79
100.739
100.633
99.3348
99.7031
100.21
100.471
100.62
100.685
100.725
100.764
100.79
100.802
100.814
100.828
100.846
100.845
100.841
100.825
100.752
100.615
100.412
100.166
99.54
100.135
100.5
100.671
100.763
100.804
100.839
100.861
100.876
100.881
100.88
100.878
100.874
100.847
100.757
100.591
100.307
100.071
100.001
99.9991
100.124
100.526
100.729
100.831
100.883
100.905
100.922
100.922
100.917
100.906
100.892
100.838
100.719
100.45
100.131
100.006
99.9973
99.9989
99.9995
99.9999
100.696
100.835
100.912
100.95
100.96
100.952
100.952
100.928
100.843
100.763
100.573
100.228
100.028
99.996
99.998
99.999
99.9998
100
100
100
100.998
100.995
100.992
100.989
100.98
100.946
100.88
100.449
99.8513
100
100
100
100
100
100
100
100
100
100
100
100.998
100.994
100.988
100.975
100.96
100.852
100.489
100.015
100
100
100
100
100
100
100
100
100
100
100
100
100.992
100.994
100.988
100.963
100.919
100.627
100.031
99.9994
100
100
100
100
100
100
100
100
100
100
100
100
100.989
100.994
100.988
100.946
100.786
100.244
99.9965
100
100
100
100
100
100
100
100
100
100
100
100
100
100.982
100.993
100.987
100.922
100.558
99.9921
100
100
100
100
100
100
100
100
100
100
100
100
100
100
100.976
100.987
100.981
100.83
100.234
100
100
100
100
100
100
100
100
100
100
100
100
100
100
100
100.974
100.981
100.967
100.703
100.004
100
100
100
100
100
100
100
100
100
100
100
100
100
100
100
100.98
100.977
100.925
100.48
99.9994
100
100
100
100
100
100
100
100
100
100
100
100
100
100
100
101.002
100.97
100.822
100.137
100
100
100
100
100
100
100
100
100
100
100
100
100
100
100
100
101.014
100.94
100.683
99.9964
100
100
100
100
100
100
100
100
100
100
100
100
100
100
100
100
101.024
100.905
100.498
100
100
100
100
100
100
100
100
100
100
100
100
100
100
100
100
100
101.028
100.851
100.315
100
100
100
100
100
100
100
100
100
100
100
100
100
100
100
100
100
101.032
100.798
100.111
100
100
100
100
100
100
100
100
100
100
100
100
100
100
100
100
100
101.025
100.736
100.007
100
100
100
100
100
100
100
100
100
100
100
100
100
100
100
100
100
101.013
100.663
100
100
100
100
100
100
100
100
100
100
100
100
100
100
100
100
100
100
100.989
100.568
100
100
100
100
100
100
100
100
100
100
100
100
100
100
100
100
100
100
100.956
100.439
100
100
100
100
100
100
100
100
100
100
100
100
100
100
100
100
100
100
100.91
100.243
100
100
100
100
100
100
100
100
100
100
100
100
100
100
100
100
100
100
100.852
100.005
100
100
100
100
100
100
100
100
100
100
100
100
100
100
100
100
100
100
100.801
100
100
100
100
100
100
100
100
100
100
100
100
100
100
100
100
100
100
100
100.801
100
100
100
100
100
100
100
100
100
100
100
100
100
100
100
100
100
100
100
100.852
100.005
100
100
100
100
100
100
100
100
100
100
100
100
100
100
100
100
100
100
100.91
100.243
100
100
100
100
100
100
100
100
100
100
100
100
100
100
100
100
100
100
100.956
100.439
100
100
100
100
100
100
100
100
100
100
100
100
100
100
100
100
100
100
100.989
100.568
100
100
100
100
100
100
100
100
100
100
100
100
100
100
100
100
100
100
101.013
100.663
100
100
100
100
100
100
100
100
100
100
100
100
100
100
100
100
100
100
101.025
100.736
100.007
100
100
100
100
100
100
100
100
100
100
100
100
100
100
100
100
100
101.032
100.798
100.111
100
100
100
100
100
100
100
100
100
100
100
100
100
100
100
100
100
101.028
100.851
100.315
100
100
100
100
100
100
100
100
100
100
100
100
100
100
100
100
100
101.024
100.905
100.498
100
100
100
100
100
100
100
100
100
100
100
100
100
100
100
100
100
101.014
100.94
100.683
99.9964
100
100
100
100
100
100
100
100
100
100
100
100
100
100
100
100
101.002
100.97
100.822
100.137
100
100
100
100
100
100
100
100
100
100
100
100
100
100
100
100
100.98
100.977
100.925
100.48
99.9994
100
100
100
100
100
100
100
100
100
100
100
100
100
100
100
100.974
100.981
100.967
100.703
100.004
100
100
100
100
100
100
100
100
100
100
100
100
100
100
100
100.976
100.987
100.981
100.83
100.234
100
100
100
100
100
100
100
100
100
100
100
100
100
100
100
100.982
100.993
100.987
100.922
100.558
99.9921
100
100
100
100
100
100
100
100
100
100
100
100
100
100
100.989
100.994
100.988
100.946
100.786
100.244
99.9965
100
100
100
100
100
100
100
100
100
100
100
100
100
100.992
100.994
100.988
100.963
100.919
100.627
100.031
99.9994
100
100
100
100
100
100
100
100
100
100
100
100
100.998
100.994
100.988
100.975
100.96
100.852
100.489
100.015
100
100
100
100
100
100
100
100
100
100
100
100
100.998
100.995
100.992
100.989
100.98
100.946
100.88
100.449
99.8513
100
100
100
100
100
100
100
100
100
100
100
100.696
100.835
100.912
100.95
100.96
100.952
100.952
100.928
100.843
100.763
100.573
100.228
100.028
99.996
99.998
99.999
99.9998
100
100
100
100.124
100.526
100.729
100.831
100.883
100.905
100.922
100.922
100.917
100.906
100.892
100.838
100.719
100.45
100.131
100.006
99.9973
99.9989
99.9995
99.9999
99.54
100.135
100.5
100.671
100.763
100.804
100.839
100.861
100.876
100.881
100.88
100.878
100.874
100.847
100.757
100.591
100.307
100.071
100.001
99.9991
99.3347
99.7031
100.21
100.471
100.62
100.685
100.725
100.764
100.79
100.802
100.814
100.828
100.846
100.845
100.841
100.825
100.752
100.615
100.412
100.166
99.6615
99.6886
99.8283
100.276
100.488
100.592
100.63
100.666
100.7
100.715
100.726
100.74
100.762
100.786
100.801
100.807
100.805
100.79
100.739
100.633
99.8303
99.6774
99.66
100.006
100.276
100.459
100.537
100.581
100.622
100.635
100.645
100.657
100.672
100.694
100.717
100.737
100.761
100.761
100.751
100.75
99.9112
99.7054
99.6776
99.8466
100.088
100.223
100.39
100.453
100.51
100.545
100.562
100.573
100.582
100.597
100.618
100.644
100.675
100.697
100.707
100.714
99.9895
99.7473
99.7221
99.8455
100.09
100.168
100.206
100.292
100.354
100.427
100.46
100.477
100.492
100.512
100.534
100.561
100.59
100.613
100.64
100.642
100.056
99.8107
99.791
99.9243
100.097
100.168
100.187
100.253
100.315
100.346
100.383
100.405
100.424
100.446
100.464
100.481
100.504
100.525
100.557
100.55
100.115
99.8518
99.8272
99.9701
100.067
100.14
100.162
100.212
100.278
100.299
100.33
100.353
100.365
100.379
100.392
100.402
100.422
100.443
100.482
100.478
100.176
99.8868
99.839
99.9403
99.9771
100.059
100.114
100.132
100.203
100.24
100.268
100.295
100.302
100.309
100.319
100.333
100.362
100.386
100.405
100.431
100.23
99.9476
99.8615
99.9046
99.9259
99.982
100.061
100.067
100.116
100.17
100.191
100.22
100.237
100.251
100.266
100.286
100.308
100.324
100.327
100.356
100.228
100.027
99.9089
99.9106
99.9365
99.982
100.052
100.078
100.097
100.137
100.167
100.179
100.193
100.209
100.221
100.231
100.235
100.243
100.241
100.265
100.179
100.065
99.9661
99.9393
99.9762
99.9999
100.051
100.085
100.097
100.118
100.144
100.143
100.146
100.155
100.157
100.156
100.151
100.153
100.155
100.189
100.126
100.06
99.9922
99.9771
99.9931
99.992
100.028
100.068
100.078
100.077
100.086
100.085
100.081
100.072
100.063
100.053
100.041
100.048
100.082
100.143
100.104
100.053
99.9769
99.9594
99.9607
99.9374
99.9574
99.9942
100.006
99.999
99.9918
99.9873
99.9674
99.956
99.9573
99.9722
99.9994
100.036
100.068
100.098
100.086
100.063
100.009
99.9311
99.8686
99.8393
99.8434
99.8574
99.8707
99.8667
99.8651
99.8781
99.9003
99.9371
99.9631
99.9859
100.008
100.03
100.037
100.031
100.064
100.076
100.067
100.008
99.9007
99.8235
99.8022
99.8164
99.8171
99.8384
99.8636
99.8893
99.9138
99.9443
99.9659
99.9796
99.9879
99.9867
99.9663
99.9293
100.121
100.241
100.382
100.465
100.485
100.527
100.535
100.504
100.496
100.492
100.476
100.437
100.4
100.372
100.347
100.325
100.324
100.326
100.348
100.339
100.526
100.734
100.797
100.837
100.86
100.904
100.912
100.934
100.963
100.999
101.002
100.999
100.986
100.956
100.906
100.872
100.863
100.86
100.851
100.841
100.867
100.808
100.595
100.321
100.114
99.9998
99.9563
99.9451
99.9477
99.9641
99.9863
99.9978
99.9999
100
100
100
100
100
100
100
100.492
100.626
100.587
100.381
100.136
99.9959
99.9473
99.9383
99.9435
99.9636
99.986
99.9977
99.9999
100
100
100
100
100
100
100
99.9365
100.019
100.235
100.215
100.098
99.9784
99.9279
99.9229
99.9338
99.9613
99.9872
99.998
99.9999
100
100
100
100
100
100
100
100
100.039
100.036
99.9386
99.8689
99.8831
99.8846
99.8966
99.9263
99.9628
99.9882
99.9982
99.9999
100
100
100
100
100
100
100
100.06
100.078
100.075
100.004
99.8544
99.8203
99.8361
99.8711
99.9198
99.9628
99.989
99.9985
99.9999
100
100
100
100
100
100
100
100.12
100.112
100.108
100.044
99.8892
99.8298
99.8387
99.8684
99.9165
99.9623
99.9896
99.9987
99.9999
100
100
100
100
100
100
100
100.17
100.159
100.149
100.082
99.9321
99.8511
99.8507
99.8715
99.9164
99.9631
99.9905
99.9989
100
100
100
100
100
100
100
100
100.238
100.204
100.189
100.121
99.9551
99.864
99.8639
99.8813
99.9215
99.9658
99.9918
99.9992
100
100
100
100
100
100
100
100
100.307
100.253
100.229
100.151
99.9795
99.8785
99.8799
99.8976
99.9332
99.9716
99.9936
99.9994
100
100
100
100
100
100
100
100
100.381
100.323
100.283
100.195
100.024
99.8985
99.8931
99.909
99.9427
99.9769
99.9952
99.9996
100
100
100
100
100
100
100
100
100.487
100.398
100.319
100.216
100.07
99.9542
99.9402
99.9499
99.9707
99.9898
99.9983
99.9999
100
100
100
100
100
100
100
100
100.528
100.471
100.381
100.268
100.142
100.045
100.006
99.9977
99.9979
99.9987
99.9996
100
100
100
100
100
100
100
100
100
100.47
100.439
100.376
100.276
100.166
100.079
100.032
100.01
100.002
100
100
100
100
100
100
100
100
100
100
100
100.307
100.302
100.263
100.195
100.12
100.062
100.027
100.007
100.001
100
100
100
100
100
100
100
100
100
100
100
100.096
100.128
100.121
100.096
100.062
100.032
100.011
100.002
100
100
100
100
100
100
100
100
100
100
100
100
100.007
100.017
100.022
100.02
100.014
100.006
100.001
100
100
100
100
100
100
100
100
100
100
100
100
100
100
100
100.001
100.001
100.001
100
100
100
100
100
100
100
100
100
100
100
100
100
100
100
100
100
100
100
100
100
100
100
100
100
100
100
100
100
100
100
100
100
100
100
100
100
100
100
100
100
100
100
100
100
100
100
100
100
100
100
100
100
100
100
100
100
100
100
100
100
100
100
100
100
100
100
100
100
100
100
100
100
100
100
100
100
100
100
100
100
100
100
100
100
100
100
100
100
100
100
100
100
100
100
100
100
100
100
100
100
100
100
100
100
100
100
100
100
100
100
100
100
100
100
100
100
100
100
100
100
100
100
100
100
100
100
100
100
100
100
100
100
100
100
100
100
100
100
100
100
100
100
100
100
100
100
100
100
100
100
100
100
100
100
100
100
100
100
100
100
100
100
100
100
100
100
100
100
100
100
100
100
100
100
100.564
100.565
100.479
100.257
100.057
100.004
100
100
100
100
100
100
100
100
100
100.614
100.573
100.365
100.093
100.004
100
100
100
100
100
100
100
100
100
100
100.643
100.514
100.225
100.023
100
100
100
100
100
100
100
100
100
100
100
100.66
100.379
100.069
100.002
100
100
100
100
100
100
100
100
100
100
100
100.536
100.155
100.007
100
100
100
100
100
100
100
100
100
100
100
100
100.278
100.016
100
100
100
100
100
100
100
100
100
100
100
100
100
100.015
100
100
100
100
100
100
100
100
100
100
100
100
100
100
99.9998
100
100
100
100
100
100
100
100
100
100
100
100
100
100
100
100
100
100
100
100
100
100
100
100
100
100
100
100
100
100
100
100
100
100
100
100
100
100
100
100
100
100
100
100
100
100
100
100
100
100
100
100
100
100
100
100
100
100
100
100
100
100
100
100
100
100
100
100
100
100
100
100
100
100
100
100
100
100
100
100
100
100
100
100
100
100
100
100
100
100
100
100
100
100
100
100
100
100
100
100
100
100
100
100
100
100
100
100
100
100
100
100
100
100
100
100
100
100
100
100
100
100
100
100
100
100
100
100
100
100
100
100
100
100
100
100
100
100
100
100
100
100
100
100
100
100
100
100
100
100
100
100
100
100
100
100
100
100
100
100
100
100
100
100
100
100
100
100
100
100
100
100
100
100
100
100
100
100
100
100
100
100
100
100
100
100
100
100
100
100
100
100
100
100
100
100
100
100
100
100
100
100
100
100
100
100
100
100
100
100
100
100
100
100
100
100
100
100
100
100
100
100
100
100
100
100
100
100
100
100
100
100
100
100
100
100
100
100
100
100
100
100
100
100
100
100
100
100
100
100
100
100
100
100
100
100
100
100
100
100
100
100
100
100
100
100
100
100
100
100
100
100
100
100
100
100
100
100
100
100
100
100
100
100
100
100
100
100
100
100
100
100
100
100
100
100
100
100
100
100
100
100
100
100
100
100
100
100
100
100
100
100
100
100
100
100
100
100
100
100
100
100
100
100
100
100
100
100
100
100
100
100
100
100
100
100
100
100
100
100
100
100
100
100
100
100
100
100
100
100
100
100
100
100
100
100
100
100
100
100
100
100
100
100
100
100
100
100
100
100
100
100
100
100
100
100
100
100
100
100
100
100
100
100
100
100
100
100
100
100
100
100
100
100
100
100
100
100
100
100
100
100
100
100
100
100
100
100
100
100
100
100
100
100
100
100
100
100
100
100
100
100
100
100
100
100
100
100
100
100
100
100
100
100
100
100
100
100
100
100
100
100
100
100
100
100
100
100
100
100
100
100
100
100
100
100
100
100
100
100
100
100
100
100
100
100
100
100
100
100
100
100
100
100
100
100
100
100
100
100
100
100
100
100
100
100
100
100
100
100
100
100
100
100
100
100
100
100
100
100
100
100
100
100
100
100
100
100
100
100
100
100
100
100
100
100
100
100
100
100
100
100
100
100
100
100
100
100
100
100
100
100
100
100
100
100
100
100
100
100
100
100
100
100
100
100
100
100
100
100
100
100
100
100
100
100
100
100
100
100
100
100
100
100
100
100
100
100
100
100
100
100
100
100
100
100
100
100
100
100
100
100
100
100
100
100
100
100
100
100
100
100
100
100
100
100
100
100
100
100
100
100
100
100
100
100
100
100
100
100
100
100
100
100
100
100
100
100
100
100
100
100
100
100
100
100
100
100
100
100
100
100
100
100
100
100
100
100
100
100
100
100
100
100
100
100
100
100
100
100
100
100
100
100
100
100
100
100
100
100
100
100
100
100
100
100
100
100
100
100
100
100
100
100
100
100
100
100
100
100
100
100
100
100
100
100
100
100
100
100
100
100
100
100
100
100
100
100
100
100
100
100
100
100
100
100
100
100
100
100
100
100
100
100
100
100
100
100
100
100
100
100
100
100
100
100
100
100
100
100
100
100
100
100
100
100
100
100
100
100
100
100
100
100
100
100
100
100
100
100
100
100
100
100
100
100
100
100
100
100
100
100
100
100
100
100
100
100
100
100
100
100
100
100
100
100
100
100
100
100
100
100
100
100
100
100
100
100
100
100
100
100
100
100
100
100
100
100
100
100
100
100
100
100
100
100
100
100
100
100
100
100
100
100
100
100
100
100
100
100
100
100
100
100
100
100
100
100
100
100
100
100
100
100
100
100
100
100
100
100
100
100
100
100
100
100
100
100
100
100
100
100
100
100
100
100
100
100
100
100
100
100
100
100
100
100
100
100
100
100
100
100
100
100
99.9998
100
100
100
100
100
100
100
100
100
100
100
100
100
100
100.015
100
100
100
100
100
100
100
100
100
100
100
100
100
100
100.278
100.016
100
100
100
100
100
100
100
100
100
100
100
100
100
100.536
100.155
100.007
100
100
100
100
100
100
100
100
100
100
100
100
100.66
100.379
100.069
100.002
100
100
100
100
100
100
100
100
100
100
100
100.643
100.514
100.225
100.023
100
100
100
100
100
100
100
100
100
100
100
100.614
100.573
100.365
100.093
100.004
100
100
100
100
100
100
100
100
100
100
100.564
100.565
100.479
100.257
100.057
100.004
100
100
100
100
100
100
100
100
100
100.487
100.528
100.47
100.307
100.096
100.007
100
100
100
100
100
100
100
100
100
100.398
100.471
100.439
100.302
100.128
100.017
100
100
100
100
100
100
100
100
100
100.319
100.381
100.376
100.263
100.121
100.022
100.001
100
100
100
100
100
100
100
100
100.216
100.268
100.276
100.195
100.096
100.02
100.001
100
100
100
100
100
100
100
100
100.068
100.142
100.165
100.12
100.062
100.014
100.001
100
100
100
100
100
100
100
100
99.9525
100.045
100.079
100.062
100.032
100.006
100
100
100
100
100
100
100
100
100
99.9398
100.006
100.032
100.027
100.011
100.001
100
100
100
100
100
100
100
100
100
99.9497
99.9976
100.01
100.007
100.002
100
100
100
100
100
100
100
100
100
100
99.9707
99.9979
100.002
100.001
100
100
100
100
100
100
100
100
100
100
100
99.9898
99.9987
100
100
100
100
100
100
100
100
100
100
100
100
100
99.9983
99.9996
100
100
100
100
100
100
100
100
100
100
100
100
100
99.9999
100
100
100
100
100
100
100
100
100
100
100
100
100
100
100
100
100
100
100
100
100
100
100
100
100
100
100
100
100
100
100
100
100
100
100
100
100
100
100
100
100
100
100
100
100
100
100
100
100
100
100
100
100
100
100
100
100
100
100
100
100
100
100
100
100
100
100
100
100
100
100
100
100
100
100
100
100
100
100
100
100
100
100
100
100
100
100
100
100
100
100
100
100
100
100
100
100
100
100
100
100
100
100
100
100
100
100
100
100
100
100
100
100
100
100
100
100
100
100
100
100
100
100
100
100
100
100
100
100
100
100
100
100
100
100.381
100.323
100.283
100.197
100.028
99.9018
99.8947
99.9096
99.9427
99.9769
99.9952
99.9996
100
100
100
100
100
100
100
100
100.307
100.252
100.23
100.153
99.9839
99.8794
99.88
99.8974
99.9331
99.9715
99.9936
99.9994
100
100
100
100
100
100
100
100
100.238
100.204
100.19
100.121
99.9559
99.8644
99.8642
99.8815
99.9214
99.9657
99.9917
99.9992
100
100
100
100
100
100
100
100
100.17
100.159
100.149
100.082
99.9325
99.8512
99.8505
99.8709
99.9159
99.9629
99.9904
99.9989
100
100
100
100
100
100
100
100
100.12
100.112
100.108
100.044
99.8896
99.8289
99.8374
99.8666
99.9164
99.9623
99.9895
99.9987
99.9999
100
100
100
100
100
100
100
100.06
100.078
100.075
100.004
99.8542
99.8208
99.8377
99.875
99.9215
99.9629
99.9889
99.9985
99.9999
100
100
100
100
100
100
100
100
100.039
100.036
99.9382
99.8687
99.8837
99.8846
99.8952
99.9247
99.9621
99.9881
99.9982
99.9999
100
100
100
100
100
100
100
99.9365
100.019
100.236
100.216
100.098
99.9783
99.9279
99.9226
99.9351
99.9633
99.9874
99.998
99.9999
100
100
100
100
100
100
100
100.491
100.626
100.587
100.381
100.137
99.9956
99.9472
99.9387
99.9422
99.9616
99.9856
99.9977
99.9999
100
100
100
100
100
100
100
100.867
100.808
100.595
100.321
100.114
99.9997
99.9563
99.9452
99.9475
99.964
99.9862
99.9978
99.9999
100
100
100
100
100
100
100
)
;

boundaryField
{
    inlet
    {
        type            fixedValue;
        value           uniform 100;
    }
    outlet
    {
        type            inletOutlet;
        inletValue      uniform 100;
        value           nonuniform List<scalar> 
50
(
100
100
100
100
100
100
100
100
100
100
100
100
100
100
100
100
100
100
100
100
100
100
100
100
100
100
100
100
100
100
100
100
100
100
100
100
100
100
100
100
100
100
100
100
100
100
100
100
100
100
)
;
    }
    airfoil
    {
        type            zeroGradient;
    }
    top
    {
        type            symmetryPlane;
    }
    bottom
    {
        type            symmetryPlane;
    }
    defaultFaces
    {
        type            empty;
    }
}


// ************************************************************************* //
