/*--------------------------------*- C++ -*----------------------------------*\
  =========                 |
  \\      /  F ield         | OpenFOAM: The Open Source CFD Toolbox
   \\    /   O peration     | Website:  https://openfoam.org
    \\  /    A nd           | Version:  7
     \\/     M anipulation  |
\*---------------------------------------------------------------------------*/
FoamFile
{
    version     2.0;
    format      ascii;
    class       volScalarField;
    location    "0.4";
    object      T;
}
// * * * * * * * * * * * * * * * * * * * * * * * * * * * * * * * * * * * * * //

dimensions      [0 0 0 1 0 0 0];

internalField   nonuniform List<scalar> 
3700
(
99.4022
99.4702
99.5011
99.5713
99.6757
99.7978
99.8798
99.9308
99.9975
100.06
100.128
100.214
100.281
100.331
100.371
100.383
100.383
100.373
100.345
100.291
99.5442
99.6796
99.785
99.9139
100.038
100.131
100.193
100.25
100.307
100.312
100.316
100.369
100.44
100.449
100.441
100.415
100.342
100.215
100.115
100
99.935
99.9682
100.029
100.094
100.141
100.126
100.077
100.026
99.9838
99.9603
99.9433
99.9179
99.887
99.8576
99.8474
99.8507
99.8577
99.8492
99.83
99.7906
100.051
99.9988
99.9561
99.9279
99.8655
99.8196
99.7966
99.8306
99.8904
99.9535
99.9885
100.002
99.9986
99.9653
99.9115
99.8886
99.8903
99.8902
99.8915
99.8908
100.007
99.9314
99.8516
99.7724
99.7225
99.7167
99.7135
99.758
99.8163
99.92
99.9963
100.038
100.08
100.084
100.057
100.017
99.9756
99.9496
99.9357
99.9331
99.9254
99.8475
99.7695
99.6887
99.6575
99.6632
99.6771
99.7253
99.767
99.8484
99.946
100.025
100.09
100.14
100.141
100.125
100.088
100.05
100.004
100.007
99.8781
99.7944
99.7139
99.6645
99.6542
99.6594
99.6759
99.7294
99.7633
99.8336
99.9097
99.977
100.054
100.142
100.183
100.184
100.169
100.145
100.092
100.094
99.8194
99.7426
99.7129
99.7289
99.7533
99.7524
99.7885
99.8375
99.856
99.8815
99.9255
99.9868
100.05
100.137
100.208
100.22
100.217
100.207
100.167
100.178
99.7631
99.7256
99.7698
99.7958
99.8661
99.9142
99.9443
99.9698
99.9905
100.013
100.054
100.111
100.168
100.225
100.277
100.289
100.285
100.277
100.245
100.261
99.6794
99.6929
99.7876
99.8484
99.9353
100.039
100.063
100.075
100.087
100.103
100.135
100.182
100.238
100.296
100.352
100.376
100.375
100.367
100.345
100.346
99.5677
99.6249
99.7862
99.8818
99.984
100.121
100.147
100.169
100.173
100.169
100.182
100.215
100.269
100.331
100.394
100.439
100.442
100.436
100.427
100.392
99.4722
99.5604
99.7578
99.8922
100.024
100.162
100.203
100.285
100.288
100.29
100.289
100.298
100.322
100.368
100.426
100.49
100.511
100.511
100.505
100.477
99.4177
99.5404
99.7656
99.8898
100.03
100.17
100.287
100.366
100.401
100.414
100.428
100.447
100.473
100.506
100.544
100.583
100.606
100.606
100.589
100.536
99.422
99.6382
99.86
99.9028
100.145
100.281
100.375
100.43
100.47
100.493
100.518
100.547
100.583
100.62
100.66
100.678
100.682
100.663
100.62
100.523
99.6468
99.7147
99.8961
100.049
100.252
100.38
100.462
100.508
100.543
100.568
100.596
100.629
100.669
100.707
100.735
100.735
100.72
100.675
100.546
100.356
99.7609
99.6793
99.8972
100.187
100.369
100.462
100.56
100.627
100.656
100.677
100.7
100.732
100.761
100.782
100.778
100.758
100.679
100.511
100.294
100.095
99.75
99.7552
100.053
100.372
100.551
100.644
100.709
100.743
100.759
100.774
100.79
100.807
100.815
100.802
100.738
100.593
100.373
100.138
100.019
100
99.431
100.024
100.446
100.645
100.727
100.785
100.822
100.833
100.832
100.826
100.829
100.823
100.765
100.623
100.365
100.108
100.01
99.9994
99.9998
99.9999
100.092
100.491
100.709
100.811
100.854
100.879
100.892
100.879
100.855
100.828
100.758
100.6
100.295
100.057
99.9992
99.9992
99.9997
99.9999
100
100
100.673
100.81
100.89
100.922
100.927
100.921
100.913
100.759
100.664
100.482
100.183
100.018
99.9975
99.9989
99.9996
99.9999
100
100
100
100
100.975
100.971
100.966
100.958
100.941
100.882
100.667
99.7165
100
100
100
100
100
100
100
100
100
100
100
100
100.977
100.975
100.969
100.956
100.922
100.741
100.297
100
100
100
100
100
100
100
100
100
100
100
100
100
100.978
100.978
100.973
100.953
100.885
100.498
99.9908
100
100
100
100
100
100
100
100
100
100
100
100
100
100.977
100.982
100.977
100.938
100.74
100.172
100
100
100
100
100
100
100
100
100
100
100
100
100
100
100.974
100.984
100.979
100.917
100.535
99.9925
100
100
100
100
100
100
100
100
100
100
100
100
100
100
100.973
100.984
100.976
100.817
100.248
100
100
100
100
100
100
100
100
100
100
100
100
100
100
100
100.976
100.984
100.967
100.692
99.9927
100
100
100
100
100
100
100
100
100
100
100
100
100
100
100
100.984
100.975
100.914
100.468
100
100
100
100
100
100
100
100
100
100
100
100
100
100
100
100
101.003
100.973
100.82
100.128
100
100
100
100
100
100
100
100
100
100
100
100
100
100
100
100
101.015
100.942
100.683
99.9964
100
100
100
100
100
100
100
100
100
100
100
100
100
100
100
100
101.023
100.909
100.509
100
100
100
100
100
100
100
100
100
100
100
100
100
100
100
100
100
101.028
100.856
100.328
100
100
100
100
100
100
100
100
100
100
100
100
100
100
100
100
100
101.032
100.798
100.114
100
100
100
100
100
100
100
100
100
100
100
100
100
100
100
100
100
101.027
100.731
100.005
100
100
100
100
100
100
100
100
100
100
100
100
100
100
100
100
100
101.011
100.665
100
100
100
100
100
100
100
100
100
100
100
100
100
100
100
100
100
100
100.987
100.578
100
100
100
100
100
100
100
100
100
100
100
100
100
100
100
100
100
100
100.951
100.423
100
100
100
100
100
100
100
100
100
100
100
100
100
100
100
100
100
100
100.906
100.232
100
100
100
100
100
100
100
100
100
100
100
100
100
100
100
100
100
100
100.872
100.005
100
100
100
100
100
100
100
100
100
100
100
100
100
100
100
100
100
100
100.81
100
100
100
100
100
100
100
100
100
100
100
100
100
100
100
100
100
100
100
100.81
100
100
100
100
100
100
100
100
100
100
100
100
100
100
100
100
100
100
100
100.872
100.005
100
100
100
100
100
100
100
100
100
100
100
100
100
100
100
100
100
100
100.906
100.232
100
100
100
100
100
100
100
100
100
100
100
100
100
100
100
100
100
100
100.951
100.423
100
100
100
100
100
100
100
100
100
100
100
100
100
100
100
100
100
100
100.987
100.578
100
100
100
100
100
100
100
100
100
100
100
100
100
100
100
100
100
100
101.011
100.665
100
100
100
100
100
100
100
100
100
100
100
100
100
100
100
100
100
100
101.027
100.731
100.005
100
100
100
100
100
100
100
100
100
100
100
100
100
100
100
100
100
101.032
100.798
100.114
100
100
100
100
100
100
100
100
100
100
100
100
100
100
100
100
100
101.028
100.856
100.328
100
100
100
100
100
100
100
100
100
100
100
100
100
100
100
100
100
101.023
100.909
100.509
100
100
100
100
100
100
100
100
100
100
100
100
100
100
100
100
100
101.015
100.942
100.683
99.9964
100
100
100
100
100
100
100
100
100
100
100
100
100
100
100
100
101.003
100.973
100.82
100.128
100
100
100
100
100
100
100
100
100
100
100
100
100
100
100
100
100.984
100.975
100.914
100.468
100
100
100
100
100
100
100
100
100
100
100
100
100
100
100
100
100.976
100.984
100.967
100.692
99.9927
100
100
100
100
100
100
100
100
100
100
100
100
100
100
100
100.973
100.984
100.976
100.817
100.248
100
100
100
100
100
100
100
100
100
100
100
100
100
100
100
100.974
100.984
100.979
100.917
100.535
99.9925
100
100
100
100
100
100
100
100
100
100
100
100
100
100
100.977
100.982
100.977
100.938
100.74
100.172
100
100
100
100
100
100
100
100
100
100
100
100
100
100
100.978
100.978
100.973
100.953
100.885
100.498
99.9908
100
100
100
100
100
100
100
100
100
100
100
100
100
100.977
100.975
100.969
100.956
100.922
100.741
100.297
100
100
100
100
100
100
100
100
100
100
100
100
100
100.975
100.971
100.966
100.958
100.941
100.882
100.667
99.7165
100
100
100
100
100
100
100
100
100
100
100
100
100.673
100.81
100.89
100.922
100.927
100.921
100.913
100.759
100.664
100.482
100.183
100.018
99.9975
99.9989
99.9996
99.9999
100
100
100
100
100.092
100.491
100.709
100.811
100.854
100.879
100.892
100.879
100.855
100.828
100.758
100.6
100.295
100.057
99.9992
99.9992
99.9997
99.9999
100
100
99.431
100.024
100.446
100.645
100.727
100.785
100.822
100.833
100.832
100.826
100.829
100.823
100.765
100.623
100.365
100.108
100.01
99.9994
99.9998
99.9999
99.75
99.7552
100.053
100.372
100.551
100.644
100.709
100.743
100.759
100.774
100.79
100.807
100.815
100.802
100.738
100.593
100.373
100.138
100.019
100
99.7609
99.6793
99.8972
100.187
100.369
100.462
100.56
100.627
100.656
100.677
100.7
100.732
100.761
100.782
100.778
100.758
100.679
100.511
100.294
100.095
99.6468
99.7147
99.8961
100.049
100.252
100.38
100.462
100.508
100.543
100.568
100.596
100.629
100.669
100.707
100.735
100.735
100.72
100.675
100.546
100.356
99.422
99.6382
99.86
99.9028
100.145
100.281
100.375
100.43
100.47
100.493
100.518
100.547
100.583
100.62
100.66
100.678
100.682
100.663
100.62
100.523
99.4177
99.5404
99.7656
99.8898
100.03
100.17
100.287
100.366
100.401
100.414
100.428
100.447
100.473
100.506
100.544
100.583
100.606
100.606
100.589
100.536
99.4722
99.5604
99.7578
99.8922
100.024
100.162
100.203
100.285
100.288
100.29
100.289
100.298
100.322
100.368
100.426
100.49
100.511
100.511
100.505
100.477
99.5677
99.6249
99.7862
99.8818
99.984
100.121
100.147
100.169
100.173
100.169
100.182
100.215
100.269
100.331
100.394
100.439
100.442
100.436
100.427
100.392
99.6794
99.6929
99.7876
99.8484
99.9353
100.039
100.063
100.075
100.087
100.103
100.135
100.182
100.238
100.296
100.352
100.376
100.375
100.367
100.346
100.346
99.7631
99.7256
99.7698
99.7958
99.8661
99.9142
99.9443
99.9698
99.9905
100.013
100.054
100.111
100.168
100.225
100.277
100.289
100.285
100.277
100.245
100.261
99.8194
99.7426
99.7129
99.7289
99.7533
99.7524
99.7885
99.8375
99.856
99.8815
99.9255
99.9868
100.05
100.137
100.208
100.22
100.217
100.207
100.167
100.178
99.8781
99.7944
99.7139
99.6645
99.6542
99.6594
99.6759
99.7294
99.7633
99.8336
99.9097
99.977
100.054
100.142
100.183
100.184
100.169
100.145
100.092
100.094
99.9254
99.8475
99.7695
99.6887
99.6575
99.6632
99.6771
99.7253
99.767
99.8484
99.946
100.025
100.09
100.14
100.141
100.125
100.088
100.05
100.004
100.007
100.007
99.9314
99.8516
99.7724
99.7225
99.7167
99.7134
99.758
99.8163
99.92
99.9963
100.038
100.08
100.084
100.057
100.017
99.9755
99.9496
99.9358
99.9331
100.051
99.9988
99.9561
99.9279
99.8655
99.8197
99.7966
99.8306
99.8904
99.9535
99.9885
100.002
99.9986
99.9653
99.9116
99.8886
99.8903
99.8902
99.8915
99.8908
99.935
99.9682
100.029
100.094
100.141
100.125
100.077
100.025
99.9834
99.9601
99.9433
99.9179
99.887
99.8576
99.8474
99.8507
99.8577
99.8492
99.83
99.7907
99.5442
99.6796
99.7849
99.9138
100.038
100.13
100.193
100.25
100.307
100.312
100.316
100.368
100.44
100.449
100.441
100.415
100.342
100.215
100.115
100
99.402
99.4702
99.5012
99.5713
99.6757
99.7979
99.8802
99.9312
99.9977
100.06
100.128
100.214
100.281
100.331
100.371
100.383
100.383
100.373
100.345
100.291
100.152
99.9882
99.9258
99.9267
99.955
99.9863
99.9985
100
100
100
100
100
100
100
100
100
100
100
100
100
99.9166
99.8856
99.8885
99.9125
99.953
99.987
99.9986
100
100
100
100
100
100
100
100
100
100
100
100
100
99.6556
99.708
99.8071
99.8959
99.959
99.9899
99.999
100
100
100
100
100
100
100
100
100
100
100
100
100
99.7524
99.746
99.8021
99.8921
99.9593
99.9911
99.9992
100
100
100
100
100
100
100
100
100
100
100
100
100
99.8058
99.7897
99.8226
99.8982
99.9633
99.9931
99.9995
100
100
100
100
100
100
100
100
100
100
100
100
100
99.8604
99.8372
99.8584
99.9157
99.9709
99.9953
99.9998
100
100
100
100
100
100
100
100
100
100
100
100
100
99.9309
99.8786
99.8946
99.9373
99.9796
99.9972
99.9999
100
100
100
100
100
100
100
100
100
100
100
100
100
100.022
99.9186
99.928
99.9571
99.9865
99.9983
99.9999
100
100
100
100
100
100
100
100
100
100
100
100
100
100.119
99.9671
99.9587
99.9727
99.9909
99.9987
99.9999
100
100
100
100
100
100
100
100
100
100
100
100
100
100.189
100.033
99.9961
99.9949
99.997
99.999
99.9999
100
100
100
100
100
100
100
100
100
100
100
100
100
100.232
100.086
100.023
100.003
99.9997
99.9998
99.9999
100
100
100
100
100
100
100
100
100
100
100
100
100
100.144
100.058
100.015
100.001
100
100
100
100
100
100
100
100
100
100
100
100
100
100
100
100
100.039
100.014
100.002
100
100
100
100
100
100
100
100
100
100
100
100
100
100
100
100
100
100.002
100.001
100
100
100
100
100
100
100
100
100
100
100
100
100
100
100
100
100
100
100
100
100
100
100
100
100
100
100
100
100
100
100
100
100
100
100
100
100
100
100
100
100
100
100
100
100
100
100
100
100
100
100
100
100
100
100
100
100
100
100
100
100
100
100
100
100
100
100
100
100
100
100
100
100
100
100
100
100
100
100
100
100
100
100
100
100
100
100
100
100
100
100
100
100
100
100
100
100
100
100
100
100
100
100
100
100
100
100
100
100
100
100
100
100
100
100
100
100
100
100
100
100
100
100
100
100
100
100
100
100
100
100
100
100
100
100
100
100
100
100
100
100
100
100
100
100
100
100
100
100
100
100
100
100
100
100
100
100
100
100
100
100
100
100
100
100
100
100
100
100
100
100
100
100
100
100
100
100
100
100
100
100
100
100
100
100
100
100
100
100
100
100
100
100
100
100
100
100
100
100
100
100
100
100
100
100
100
100
100
100
100
100
100
100
100
100
100
100
100
100
100
100
100
100
100
100
100
100
100
100
100
100
100
100
100
100
100
100
100
100.364
100.21
100.059
100.005
100
100
100
100
100
100
100
100
100
100
100
100.369
100.138
100.013
100
100
100
100
100
100
100
100
100
100
100
100
100.33
100.076
100.003
100
100
100
100
100
100
100
100
100
100
100
100
100.234
100.02
100
100
100
100
100
100
100
100
100
100
100
100
100
100.093
100.002
100
100
100
100
100
100
100
100
100
100
100
100
100
100.006
100
100
100
100
100
100
100
100
100
100
100
100
100
100
100
100
100
100
100
100
100
100
100
100
100
100
100
100
100
100
100
100
100
100
100
100
100
100
100
100
100
100
100
100
100
100
100
100
100
100
100
100
100
100
100
100
100
100
100
100
100
100
100
100
100
100
100
100
100
100
100
100
100
100
100
100
100
100
100
100
100
100
100
100
100
100
100
100
100
100
100
100
100
100
100
100
100
100
100
100
100
100
100
100
100
100
100
100
100
100
100
100
100
100
100
100
100
100
100
100
100
100
100
100
100
100
100
100
100
100
100
100
100
100
100
100
100
100
100
100
100
100
100
100
100
100
100
100
100
100
100
100
100
100
100
100
100
100
100
100
100
100
100
100
100
100
100
100
100
100
100
100
100
100
100
100
100
100
100
100
100
100
100
100
100
100
100
100
100
100
100
100
100
100
100
100
100
100
100
100
100
100
100
100
100
100
100
100
100
100
100
100
100
100
100
100
100
100
100
100
100
100
100
100
100
100
100
100
100
100
100
100
100
100
100
100
100
100
100
100
100
100
100
100
100
100
100
100
100
100
100
100
100
100
100
100
100
100
100
100
100
100
100
100
100
100
100
100
100
100
100
100
100
100
100
100
100
100
100
100
100
100
100
100
100
100
100
100
100
100
100
100
100
100
100
100
100
100
100
100
100
100
100
100
100
100
100
100
100
100
100
100
100
100
100
100
100
100
100
100
100
100
100
100
100
100
100
100
100
100
100
100
100
100
100
100
100
100
100
100
100
100
100
100
100
100
100
100
100
100
100
100
100
100
100
100
100
100
100
100
100
100
100
100
100
100
100
100
100
100
100
100
100
100
100
100
100
100
100
100
100
100
100
100
100
100
100
100
100
100
100
100
100
100
100
100
100
100
100
100
100
100
100
100
100
100
100
100
100
100
100
100
100
100
100
100
100
100
100
100
100
100
100
100
100
100
100
100
100
100
100
100
100
100
100
100
100
100
100
100
100
100
100
100
100
100
100
100
100
100
100
100
100
100
100
100
100
100
100
100
100
100
100
100
100
100
100
100
100
100
100
100
100
100
100
100
100
100
100
100
100
100
100
100
100
100
100
100
100
100
100
100
100
100
100
100
100
100
100
100
100
100
100
100
100
100
100
100
100
100
100
100
100
100
100
100
100
100
100
100
100
100
100
100
100
100
100
100
100
100
100
100
100
100
100
100
100
100
100
100
100
100
100
100
100
100
100
100
100
100
100
100
100
100
100
100
100
100
100
100
100
100
100
100
100
100
100
100
100
100
100
100
100
100
100
100
100
100
100
100
100
100
100
100
100
100
100
100
100
100
100
100
100
100
100
100
100
100
100
100
100
100
100
100
100
100
100
100
100
100
100
100
100
100
100
100
100
100
100
100
100
100
100
100
100
100
100
100
100
100
100
100
100
100
100
100
100
100
100
100
100
100
100
100
100
100
100
100
100
100
100
100
100
100
100
100
100
100
100
100
100
100
100
100
100
100
100
100
100
100
100
100
100
100
100
100
100
100
100
100
100
100
100
100
100
100
100
100
100
100
100
100
100
100
100
100
100
100
100
100
100
100
100
100
100
100
100
100
100
100
100
100
100
100
100
100
100
100
100
100
100
100
100
100
100
100
100
100
100
100
100
100
100
100
100
100
100
100
100
100
100
100
100
100
100
100
100
100
100
100
100
100
100
100
100
100
100
100
100
100
100
100
100
100
100
100
100
100
100
100
100
100
100
100
100
100
100
100
100
100
100
100
100
100
100
100
100
100
100
100
100
100
100
100
100
100
100
100
100
100
100
100
100
100
100
100
100
100
100
100
100
100
100
100
100
100
100
100
100
100
100
100
100
100
100
100
100
100
100
100
100
100
100
100
100
100
100
100
100
100
100
100
100
100
100
100
100
100
100
100
100
100
100
100
100
100
100
100
100
100
100
100
100
100
100
100
100
100
100
100
100
100
100
100
100
100
100
100
100
100
100
100
100
100
100
100
100
100
100
100
100
100
100
100
100
100
100
100
100
100
100
100
100
100
100
100
100
100
100
100
100
100
100
100
100
100
100
100
100
100
100
100
100
100
100
100
100
100
100
100
100
100
100
100
100.006
100
100
100
100
100
100
100
100
100
100
100
100
100
100
100.093
100.002
100
100
100
100
100
100
100
100
100
100
100
100
100
100.234
100.02
100
100
100
100
100
100
100
100
100
100
100
100
100
100.33
100.076
100.003
100
100
100
100
100
100
100
100
100
100
100
100
100.369
100.138
100.013
100
100
100
100
100
100
100
100
100
100
100
100
100.364
100.21
100.059
100.005
100
100
100
100
100
100
100
100
100
100
100
100.232
100.144
100.039
100.002
100
100
100
100
100
100
100
100
100
100
100
100.086
100.058
100.014
100.001
100
100
100
100
100
100
100
100
100
100
100
100.023
100.015
100.002
100
100
100
100
100
100
100
100
100
100
100
100
100.003
100.001
100
100
100
100
100
100
100
100
100
100
100
100
100
99.9997
100
100
100
100
100
100
100
100
100
100
100
100
100
100
99.9998
100
100
100
100
100
100
100
100
100
100
100
100
100
100
99.9999
100
100
100
100
100
100
100
100
100
100
100
100
100
100
100
100
100
100
100
100
100
100
100
100
100
100
100
100
100
100
100
100
100
100
100
100
100
100
100
100
100
100
100
100
100
100
100
100
100
100
100
100
100
100
100
100
100
100
100
100
100
100
100
100
100
100
100
100
100
100
100
100
100
100
100
100
100
100
100
100
100
100
100
100
100
100
100
100
100
100
100
100
100
100
100
100
100
100
100
100
100
100
100
100
100
100
100
100
100
100
100
100
100
100
100
100
100
100
100
100
100
100
100
100
100
100
100
100
100
100
100
100
100
100
100
100
100
100
100
100
100
100
100
100
100
100
100
100
100
100
100
100
100
100
100
100
100
100
100
100
100
100
100
100
100
100
100
100
100
100
100
100
100
100
100
100
100
100
100
100
100
100
100
100
100
100
100
100
100
100
100
100
100
100
100
100
100
100
100
100
100
100
100
100
100
100
100
100
100
100.189
100.033
99.9961
99.9949
99.997
99.999
99.9999
100
100
100
100
100
100
100
100
100
100
100
100
100
100.119
99.9671
99.9587
99.9727
99.9909
99.9987
99.9999
100
100
100
100
100
100
100
100
100
100
100
100
100
100.022
99.9187
99.9281
99.9571
99.9865
99.9983
99.9999
100
100
100
100
100
100
100
100
100
100
100
100
100
99.9308
99.8785
99.8946
99.9373
99.9796
99.9972
99.9999
100
100
100
100
100
100
100
100
100
100
100
100
100
99.8603
99.8375
99.8588
99.9158
99.971
99.9953
99.9998
100
100
100
100
100
100
100
100
100
100
100
100
100
99.8058
99.7893
99.8221
99.8976
99.9631
99.9931
99.9995
100
100
100
100
100
100
100
100
100
100
100
100
100
99.7527
99.746
99.802
99.8923
99.9593
99.9911
99.9992
100
100
100
100
100
100
100
100
100
100
100
100
100
99.6557
99.7081
99.8072
99.8945
99.9579
99.9895
99.9989
100
100
100
100
100
100
100
100
100
100
100
100
100
99.9164
99.886
99.889
99.9136
99.9532
99.9868
99.9986
100
100
100
100
100
100
100
100
100
100
100
100
100
100.152
99.9882
99.9261
99.9273
99.9555
99.986
99.9982
99.9999
100
100
100
100
100
100
100
100
100
100
100
100
)
;

boundaryField
{
    inlet
    {
        type            fixedValue;
        value           uniform 100;
    }
    outlet
    {
        type            inletOutlet;
        inletValue      uniform 100;
        value           nonuniform List<scalar> 
50
(
100
100
100
100
100
100
100
100
100
100
100
100
100
100
100
100
100
100
100
100
100
100
100
100
100
100
100
100
100
100
100
100
100
100
100
100
100
100
100
100
100
100
100
100
100
100
100
100
100
100
)
;
    }
    airfoil
    {
        type            zeroGradient;
    }
    top
    {
        type            symmetryPlane;
    }
    bottom
    {
        type            symmetryPlane;
    }
    defaultFaces
    {
        type            empty;
    }
}


// ************************************************************************* //
