/*--------------------------------*- C++ -*----------------------------------*\
  =========                 |
  \\      /  F ield         | OpenFOAM: The Open Source CFD Toolbox
   \\    /   O peration     | Website:  https://openfoam.org
    \\  /    A nd           | Version:  7
     \\/     M anipulation  |
\*---------------------------------------------------------------------------*/
FoamFile
{
    version     2.0;
    format      ascii;
    class       volVectorField;
    location    "0.9";
    object      U;
}
// * * * * * * * * * * * * * * * * * * * * * * * * * * * * * * * * * * * * * //

dimensions      [0 1 -1 0 0 0 0];

internalField   nonuniform List<vector> 
3700
(
(1.49902 -0.43321 0)
(1.36302 -0.548599 0)
(1.42935 -0.423966 0)
(1.51977 -0.421545 0)
(1.52534 -0.338429 0)
(1.53942 -0.298256 0)
(1.52787 -0.272314 0)
(1.51377 -0.256923 0)
(1.51821 -0.256235 0)
(1.52393 -0.259351 0)
(1.54497 -0.268421 0)
(1.58207 -0.23274 0)
(1.6401 -0.191658 0)
(1.69599 -0.175673 0)
(1.74631 -0.202925 0)
(1.80461 -0.215513 0)
(1.84572 -0.233858 0)
(1.88858 -0.247491 0)
(1.9492 -0.234296 0)
(2.03391 -0.271696 0)
(1.71618 -1.30776 0)
(1.82891 -1.25521 0)
(2.01557 -1.43881 0)
(2.14537 -1.77561 0)
(2.03592 -1.92658 0)
(1.92144 -1.80447 0)
(1.90919 -1.68633 0)
(1.88586 -1.57264 0)
(1.8656 -1.5513 0)
(1.86896 -1.50631 0)
(1.93244 -1.5233 0)
(1.99406 -1.39069 0)
(2.04426 -1.2789 0)
(2.1112 -1.20498 0)
(2.19717 -1.22304 0)
(2.30275 -1.24793 0)
(2.35341 -1.26379 0)
(2.37606 -1.26783 0)
(2.3848 -1.2476 0)
(2.41814 -1.32287 0)
(1.76405 -1.32766 0)
(1.92166 -1.24748 0)
(2.17213 -1.50955 0)
(2.32943 -1.82772 0)
(2.17226 -2.14868 0)
(2.10205 -2.25767 0)
(2.18461 -2.20928 0)
(2.22041 -2.18459 0)
(2.18198 -2.20935 0)
(2.17823 -2.12219 0)
(2.20307 -2.12383 0)
(2.28738 -2.01274 0)
(2.32271 -1.96122 0)
(2.39776 -1.91289 0)
(2.47056 -1.84029 0)
(2.55917 -1.76019 0)
(2.63004 -1.67714 0)
(2.68914 -1.63454 0)
(2.7135 -1.59413 0)
(2.67868 -1.57043 0)
(1.84206 -1.38326 0)
(1.96608 -1.29481 0)
(2.11304 -1.58114 0)
(2.13062 -1.92549 0)
(2.00958 -2.17419 0)
(2.06952 -2.22153 0)
(2.20658 -2.15729 0)
(2.27003 -2.14614 0)
(2.26983 -2.1573 0)
(2.31751 -2.01239 0)
(2.35138 -2.00422 0)
(2.41886 -1.92425 0)
(2.42334 -1.89559 0)
(2.47919 -1.83376 0)
(2.51956 -1.69469 0)
(2.57849 -1.62018 0)
(2.6243 -1.48148 0)
(2.7386 -1.39652 0)
(2.80379 -1.24129 0)
(2.84717 -1.17927 0)
(1.79719 -1.36802 0)
(1.87966 -1.34918 0)
(1.87935 -1.6798 0)
(1.83588 -2.00719 0)
(1.87877 -2.15891 0)
(1.98296 -2.18835 0)
(2.07484 -2.02669 0)
(2.12527 -2.06481 0)
(2.28918 -2.05407 0)
(2.40736 -1.90308 0)
(2.44213 -1.84023 0)
(2.54787 -1.69146 0)
(2.60554 -1.65772 0)
(2.6201 -1.6826 0)
(2.64017 -1.55107 0)
(2.61812 -1.52556 0)
(2.62582 -1.40315 0)
(2.68175 -1.3438 0)
(2.74516 -1.24789 0)
(2.8326 -1.00046 0)
(1.60838 -1.30495 0)
(1.63754 -1.45231 0)
(1.62673 -1.79097 0)
(1.65007 -2.07893 0)
(1.77798 -2.06047 0)
(1.79907 -2.08517 0)
(1.93156 -1.97064 0)
(1.98588 -1.96131 0)
(2.16829 -1.85823 0)
(2.36661 -1.72701 0)
(2.5029 -1.55825 0)
(2.6103 -1.44007 0)
(2.67389 -1.37828 0)
(2.73005 -1.34964 0)
(2.7785 -1.19397 0)
(2.752 -1.20409 0)
(2.74245 -1.12387 0)
(2.7391 -1.07191 0)
(2.74214 -1.13666 0)
(2.77021 -0.952337 0)
(1.41538 -1.19519 0)
(1.42856 -1.46667 0)
(1.49877 -1.88142 0)
(1.61024 -2.10962 0)
(1.78952 -2.04478 0)
(1.81021 -2.06187 0)
(1.8617 -2.00491 0)
(1.96461 -1.91174 0)
(2.12132 -1.74831 0)
(2.24946 -1.65212 0)
(2.39616 -1.5043 0)
(2.52407 -1.35271 0)
(2.61822 -1.18491 0)
(2.7083 -1.10918 0)
(2.75048 -0.897729 0)
(2.77766 -0.852026 0)
(2.78735 -0.754863 0)
(2.80927 -0.632182 0)
(2.7806 -0.761217 0)
(2.77685 -0.676415 0)
(1.24337 -1.09835 0)
(1.26562 -1.47339 0)
(1.47368 -1.93381 0)
(1.6592 -2.12781 0)
(1.86827 -1.99992 0)
(1.93649 -2.01159 0)
(1.97421 -2.02504 0)
(2.09019 -1.87977 0)
(2.22138 -1.69426 0)
(2.27424 -1.58908 0)
(2.37896 -1.46774 0)
(2.46659 -1.34145 0)
(2.54782 -1.20108 0)
(2.63879 -1.09893 0)
(2.67974 -0.889028 0)
(2.74833 -0.79723 0)
(2.77192 -0.636588 0)
(2.79734 -0.427408 0)
(2.77482 -0.437083 0)
(2.75418 -0.370902 0)
(1.10843 -1.00517 0)
(1.15222 -1.50655 0)
(1.50661 -2.02875 0)
(1.90448 -2.20723 0)
(2.15408 -2.09733 0)
(2.35589 -1.92112 0)
(2.42783 -1.9646 0)
(2.3773 -1.60286 0)
(2.41189 -1.45019 0)
(2.4763 -1.4177 0)
(2.53106 -1.33184 0)
(2.57515 -1.17255 0)
(2.61761 -1.05854 0)
(2.66316 -0.905148 0)
(2.67921 -0.748168 0)
(2.70964 -0.650996 0)
(2.73638 -0.533932 0)
(2.74429 -0.353817 0)
(2.73903 -0.23717 0)
(2.70648 -0.140213 0)
(1.03573 -0.929575 0)
(1.18414 -1.59193 0)
(1.67504 -2.22299 0)
(2.15207 -2.32973 0)
(2.4921 -2.17784 0)
(2.74782 -1.90171 0)
(2.75962 -1.81885 0)
(2.73065 -1.33565 0)
(2.72934 -1.19453 0)
(2.7657 -0.979635 0)
(2.77251 -0.922255 0)
(2.75425 -0.735987 0)
(2.76503 -0.654617 0)
(2.75766 -0.491818 0)
(2.74064 -0.404994 0)
(2.72041 -0.339978 0)
(2.7077 -0.284767 0)
(2.71015 -0.235423 0)
(2.67486 -0.0778725 0)
(2.64674 0.0400555 0)
(1.029 -0.926579 0)
(1.32042 -1.71134 0)
(1.94388 -2.33952 0)
(2.262 -2.30485 0)
(2.40987 -2.03508 0)
(2.49553 -1.77068 0)
(2.51217 -1.65175 0)
(2.6374 -1.20664 0)
(2.72039 -1.11891 0)
(2.75416 -0.803013 0)
(2.76516 -0.696954 0)
(2.73038 -0.454982 0)
(2.74017 -0.339217 0)
(2.72695 -0.173107 0)
(2.70756 -0.0628549 0)
(2.6824 0.00134215 0)
(2.65107 0.056967 0)
(2.64601 0.00765325 0)
(2.58877 0.130802 0)
(2.61388 0.111666 0)
(1.07028 -1.06497 0)
(1.6488 -2.08341 0)
(2.1086 -2.27646 0)
(2.06288 -2.0881 0)
(2.14722 -1.79731 0)
(2.27318 -1.65612 0)
(2.36553 -1.35643 0)
(2.43042 -1.12625 0)
(2.47828 -1.00031 0)
(2.54562 -0.791922 0)
(2.599 -0.618761 0)
(2.61055 -0.393316 0)
(2.63465 -0.22687 0)
(2.63344 -0.0606702 0)
(2.60461 0.110599 0)
(2.58946 0.207345 0)
(2.54182 0.331976 0)
(2.52358 0.301659 0)
(2.47338 0.367952 0)
(2.50702 0.299914 0)
(1.20895 -1.43969 0)
(1.70604 -2.35451 0)
(1.9503 -2.07311 0)
(1.88299 -1.95231 0)
(2.11079 -1.57839 0)
(2.24434 -1.54851 0)
(2.3769 -1.07363 0)
(2.41496 -0.943875 0)
(2.46302 -0.739902 0)
(2.5321 -0.571459 0)
(2.55517 -0.310589 0)
(2.55651 -0.125348 0)
(2.55292 0.0227592 0)
(2.53098 0.154504 0)
(2.48707 0.285642 0)
(2.47784 0.343808 0)
(2.41233 0.471451 0)
(2.36845 0.538367 0)
(2.3252 0.597996 0)
(2.33086 0.553975 0)
(1.19961 -1.58378 0)
(1.56219 -2.27417 0)
(1.86899 -1.97953 0)
(1.97807 -1.78554 0)
(2.25252 -1.1272 0)
(2.40991 -1.23904 0)
(2.4406 -0.522578 0)
(2.51892 -0.390002 0)
(2.52397 -0.124736 0)
(2.56627 -0.0576034 0)
(2.53466 0.147452 0)
(2.48136 0.317754 0)
(2.44986 0.410725 0)
(2.39666 0.508173 0)
(2.34747 0.565095 0)
(2.31701 0.59074 0)
(2.26131 0.646577 0)
(2.22589 0.697544 0)
(2.18015 0.774185 0)
(2.14337 0.811312 0)
(1.16136 -1.62198 0)
(1.49357 -2.1279 0)
(1.91428 -1.67009 0)
(2.12854 -0.903772 0)
(2.31421 -0.695904 0)
(2.45476 -0.254823 0)
(2.54726 -0.241551 0)
(2.50555 0.0829435 0)
(2.49505 0.184294 0)
(2.45426 0.368652 0)
(2.42068 0.472518 0)
(2.33686 0.614831 0)
(2.2847 0.697651 0)
(2.21779 0.783835 0)
(2.17156 0.813201 0)
(2.12347 0.842063 0)
(2.07405 0.882267 0)
(2.06896 0.895821 0)
(2.04546 0.936176 0)
(2.07915 0.958495 0)
(1.10325 -1.50971 0)
(1.46557 -1.715 0)
(2.00494 -1.25829 0)
(2.4866 0.222529 0)
(2.48594 -0.473225 0)
(2.46144 0.0410434 0)
(2.44458 0.0805135 0)
(2.37455 0.288464 0)
(2.34967 0.363551 0)
(2.32864 0.541285 0)
(2.21538 0.725833 0)
(2.13596 0.843689 0)
(2.07788 0.912149 0)
(2.02592 0.96778 0)
(1.98857 0.976849 0)
(1.95753 0.995814 0)
(1.95669 1.01454 0)
(1.97486 1.00255 0)
(2.00297 1.00061 0)
(2.08965 0.978732 0)
(1.0987 -0.598596 0)
(1.50655 -0.848953 0)
(2.24543 0.0274753 0)
(2.39256 0.0263665 0)
(2.35798 0.171873 0)
(2.35458 0.240908 0)
(2.27437 0.501523 0)
(2.19953 0.658837 0)
(2.13025 0.776123 0)
(2.09777 0.896288 0)
(1.97967 0.993196 0)
(1.9176 1.05669 0)
(1.88615 1.08144 0)
(1.87219 1.09153 0)
(1.87489 1.05767 0)
(1.89967 1.04946 0)
(1.96459 1.02171 0)
(2.17227 0.899658 0)
(2.39697 0.782647 0)
(2.80077 0.425658 0)
(0.953504 0.0595134 0)
(1.9437 0.277859 0)
(2.25239 0.430724 0)
(2.24553 0.447697 0)
(2.20522 0.621238 0)
(2.13212 0.781634 0)
(2.03636 0.905327 0)
(1.96255 0.972109 0)
(1.9192 1.0355 0)
(1.85067 1.12746 0)
(1.78831 1.1589 0)
(1.79299 1.15522 0)
(1.81111 1.13494 0)
(1.85218 1.09076 0)
(2.04422 0.952296 0)
(2.26533 0.826277 0)
(2.67508 0.496879 0)
(3.03952 0.0894089 0)
(3.05247 -0.0224177 0)
(3.00345 -0.00435387 0)
(1.00706 0.0345814 0)
(1.92258 0.771331 0)
(2.14075 0.75962 0)
(1.98658 0.97201 0)
(1.97251 0.985712 0)
(1.8664 1.09002 0)
(1.78649 1.14169 0)
(1.7579 1.14947 0)
(1.7574 1.1654 0)
(1.73834 1.20369 0)
(1.72285 1.19593 0)
(1.86329 1.06956 0)
(2.0927 0.886658 0)
(2.50282 0.575154 0)
(2.98844 0.133407 0)
(3.07197 -0.0288381 0)
(3.00773 -0.00749694 0)
(3.00277 -0.00376234 0)
(3.00116 -0.002145 0)
(3.00009 -0.000487859 0)
(1.16751 0.776795 0)
(1.84367 1.14176 0)
(1.83645 1.16613 0)
(1.74053 1.19588 0)
(1.71252 1.20223 0)
(1.65927 1.24468 0)
(1.65246 1.21524 0)
(1.72042 1.16715 0)
(1.75446 1.22903 0)
(1.79107 1.14002 0)
(2.27222 0.736938 0)
(2.86322 0.203763 0)
(3.09904 -0.0301405 0)
(3.02063 -0.0124677 0)
(3.00455 -0.0054355 0)
(3.00182 -0.00299131 0)
(3.00007 -0.000597458 0)
(2.99998 -2.28955e-05 0)
(2.99999 1.38317e-05 0)
(3 5.68913e-06 0)
(1.5832 1.25992 0)
(1.588 1.26488 0)
(1.59293 1.26979 0)
(1.59685 1.26026 0)
(1.60677 1.24537 0)
(1.58358 1.26736 0)
(1.89465 1.15276 0)
(2.92438 0.397082 0)
(3.36533 -0.604405 0)
(3 -1.5776e-10 0)
(3 1.35681e-10 0)
(3 -9.46877e-13 0)
(3 -1.72542e-13 0)
(3 -7.84084e-13 0)
(3 1.26248e-13 0)
(3 -8.25658e-14 0)
(3 -5.65246e-13 0)
(3 1.97025e-14 0)
(3 2.52907e-13 0)
(3 4.03525e-14 0)
(1.5838 1.25207 0)
(1.59416 1.25799 0)
(1.603 1.26242 0)
(1.60445 1.26323 0)
(1.65497 1.24019 0)
(1.67389 1.25004 0)
(2.26243 0.738695 0)
(2.99495 0.0174439 0)
(3 3.32225e-08 0)
(3 7.77226e-11 0)
(3 -6.45039e-13 0)
(3 1.92412e-15 0)
(3 1.27554e-15 0)
(3 2.59226e-16 0)
(3 -1.36775e-15 0)
(3 -8.65274e-16 0)
(3 -2.18183e-15 0)
(3 -2.94695e-15 0)
(3 -2.8953e-15 0)
(3 -2.95422e-15 0)
(1.58478 1.24853 0)
(1.60435 1.25358 0)
(1.60996 1.25624 0)
(1.60331 1.28199 0)
(1.74599 1.20452 0)
(2.30711 0.782598 0)
(3.00485 -0.00700085 0)
(3.0001 -0.000441507 0)
(3 7.86772e-07 0)
(3 -9.73849e-12 0)
(3 1.9549e-14 0)
(3 1.74061e-15 0)
(3 4.54886e-16 0)
(3 -5.01411e-16 0)
(3 -1.7119e-15 0)
(3 -2.33737e-15 0)
(3 -2.39319e-15 0)
(3 -1.59776e-15 0)
(3 -2.15629e-15 0)
(3 -2.67503e-15 0)
(1.58385 1.25754 0)
(1.60205 1.25776 0)
(1.62083 1.2563 0)
(1.62961 1.27495 0)
(1.82397 1.12223 0)
(2.73327 0.235462 0)
(3.00475 -0.000935778 0)
(2.99991 7.47072e-05 0)
(3 -8.93747e-07 0)
(3 9.29278e-12 0)
(3 -8.33476e-15 0)
(3 2.02434e-15 0)
(3 3.03159e-16 0)
(3 -1.51909e-15 0)
(3 -2.15868e-15 0)
(3 -2.2355e-15 0)
(3 -2.31408e-15 0)
(3 -1.16422e-15 0)
(3 -1.67822e-15 0)
(3 -2.67534e-15 0)
(1.58521 1.26937 0)
(1.59386 1.26427 0)
(1.62519 1.2606 0)
(1.73387 1.2124 0)
(2.38628 0.642747 0)
(3.01953 -0.0195276 0)
(2.99975 0.000144304 0)
(3 -4.37602e-06 0)
(3 8.51096e-08 0)
(3 -1.22958e-11 0)
(3 5.82779e-16 0)
(3 2.23025e-15 0)
(3 -5.12155e-17 0)
(3 -2.20476e-15 0)
(3 -1.91652e-15 0)
(3 -2.22341e-15 0)
(3 -1.3324e-15 0)
(3 -1.61947e-15 0)
(3 -1.70725e-15 0)
(3 -2.52661e-15 0)
(1.58461 1.28038 0)
(1.58092 1.27695 0)
(1.63687 1.26174 0)
(1.74187 1.17305 0)
(2.67065 0.274935 0)
(3 -5.57706e-10 0)
(3 1.49395e-08 0)
(3 -1.31111e-08 0)
(3 5.52701e-10 0)
(3 5.8489e-12 0)
(3 -1.41595e-14 0)
(3 1.69977e-15 0)
(3 3.26669e-16 0)
(3 -2.25276e-15 0)
(3 -1.90495e-15 0)
(3 -2.40501e-15 0)
(3 -8.82304e-16 0)
(3 -1.03702e-15 0)
(3 -2.52702e-15 0)
(3 -3.56379e-15 0)
(1.58272 1.29398 0)
(1.56467 1.29471 0)
(1.68513 1.23505 0)
(2.18681 0.823854 0)
(3.02181 -0.0219312 0)
(3 8.37356e-11 0)
(3 -1.34059e-10 0)
(3 7.57566e-11 0)
(3 -4.34681e-12 0)
(3 -2.16674e-14 0)
(3 2.35943e-15 0)
(3 1.13188e-15 0)
(3 4.39207e-16 0)
(3 -1.68376e-15 0)
(3 -1.45852e-15 0)
(3 -1.09331e-15 0)
(3 9.40237e-17 0)
(3 -1.12102e-15 0)
(3 -2.16339e-15 0)
(3 -1.50864e-15 0)
(1.58812 1.32095 0)
(1.49477 1.32902 0)
(1.77868 1.17656 0)
(2.4552 0.526726 0)
(3.0004 -0.000292476 0)
(3 -3.0362e-10 0)
(3 7.03976e-13 0)
(3 -4.76721e-13 0)
(3 3.55773e-14 0)
(3 8.67151e-16 0)
(3 6.51716e-16 0)
(3 1.25209e-15 0)
(3 1.21098e-15 0)
(3 -7.55962e-17 0)
(3 -4.46044e-16 0)
(3 -7.57558e-17 0)
(3 8.61254e-16 0)
(3 2.33125e-16 0)
(3 3.51668e-16 0)
(3 2.71588e-16 0)
(1.58764 1.30919 0)
(1.46792 1.36613 0)
(1.90834 1.05727 0)
(2.83628 0.141196 0)
(3 -8.61785e-09 0)
(3 1.03678e-10 0)
(3 -1.99861e-15 0)
(3 1.646e-15 0)
(3 1.11261e-15 0)
(3 1.1041e-15 0)
(3 1.00532e-15 0)
(3 1.2395e-15 0)
(3 1.04925e-15 0)
(3 1.14425e-16 0)
(3 -3.96439e-16 0)
(3 -1.77766e-16 0)
(3 6.1037e-16 0)
(3 1.07952e-15 0)
(3 1.43871e-15 0)
(3 1.22963e-15 0)
(1.60272 1.29308 0)
(1.47639 1.37216 0)
(2.19052 0.807996 0)
(3.01072 -0.00942512 0)
(3 2.28138e-08 0)
(3 -2.37601e-11 0)
(3 8.60635e-15 0)
(3 1.32429e-15 0)
(3 1.33638e-15 0)
(3 9.03271e-16 0)
(3 6.01272e-16 0)
(3 8.2216e-16 0)
(3 4.19199e-16 0)
(3 -2.74101e-16 0)
(3 -5.27938e-16 0)
(3 -4.26673e-16 0)
(3 -1.2156e-16 0)
(3 5.83298e-16 0)
(3 1.10757e-15 0)
(3 1.74805e-15 0)
(1.62105 1.28086 0)
(1.55707 1.32148 0)
(2.39959 0.549025 0)
(3 -2.58396e-12 0)
(3 -2.1343e-11 0)
(3 2.27158e-13 0)
(3 2.36528e-16 0)
(3 1.75192e-15 0)
(3 8.84577e-16 0)
(3 4.14711e-16 0)
(3 2.11489e-16 0)
(3 9.61502e-17 0)
(3 3.50812e-17 0)
(3 -7.34759e-16 0)
(3 -5.81292e-16 0)
(3 -7.19444e-16 0)
(3 -6.52157e-16 0)
(3 -1.65335e-16 0)
(3 2.23658e-16 0)
(3 1.20935e-15 0)
(1.6421 1.26666 0)
(1.6442 1.23724 0)
(2.66201 0.275253 0)
(3 9.16106e-13 0)
(3 -1.14757e-13 0)
(3 -2.58209e-15 0)
(3 1.11805e-15 0)
(3 5.90493e-16 0)
(3 -1.51535e-16 0)
(3 -5.50069e-16 0)
(3 -7.68825e-16 0)
(3 -4.8976e-16 0)
(3 -4.68439e-16 0)
(3 -6.75559e-16 0)
(3 -5.78108e-16 0)
(3 -5.28197e-16 0)
(3 -6.37335e-16 0)
(3 -5.50606e-16 0)
(3 8.80712e-17 0)
(3 -2.85862e-17 0)
(1.66195 1.24001 0)
(1.84228 1.09894 0)
(2.88327 0.0899568 0)
(3 -4.07117e-15 0)
(3 6.71732e-16 0)
(3 -2.18645e-16 0)
(3 -7.68551e-16 0)
(3 -2.08324e-16 0)
(3 3.42842e-17 0)
(3 -4.1281e-16 0)
(3 -1.00682e-15 0)
(3 -1.30198e-15 0)
(3 -1.0817e-15 0)
(3 -6.10132e-16 0)
(3 -5.94299e-16 0)
(3 -1.04427e-15 0)
(3 -1.06184e-15 0)
(3 -5.4505e-16 0)
(3 -8.11721e-17 0)
(3 -3.97879e-17 0)
(1.67095 1.19974 0)
(1.88423 0.989089 0)
(2.98799 0.00994112 0)
(3 -9.95477e-17 0)
(3 1.07232e-16 0)
(3 -5.11095e-16 0)
(3 -6.49985e-16 0)
(3 -4.87896e-16 0)
(3 -4.79603e-17 0)
(3 7.3871e-17 0)
(3 -1.67607e-16 0)
(3 -4.05748e-16 0)
(3 -6.66577e-16 0)
(3 3.60694e-16 0)
(3 5.46219e-16 0)
(3 2.07173e-16 0)
(3 -4.17076e-16 0)
(3 -6.0027e-16 0)
(3 -2.03977e-16 0)
(3 -2.14491e-16 0)
(1.69382 1.1701 0)
(2.05623 0.82121 0)
(3 -5.31329e-16 0)
(3 1.36228e-16 0)
(3 4.5535e-16 0)
(3 -3.41451e-17 0)
(3 -1.11984e-15 0)
(3 -1.62939e-15 0)
(3 -1.33607e-15 0)
(3 -1.27274e-15 0)
(3 -1.26874e-15 0)
(3 -1.2577e-15 0)
(3 -1.28548e-15 0)
(3 -1.38015e-15 0)
(3 -6.69161e-16 0)
(3 -7.75048e-16 0)
(3 -1.06676e-15 0)
(3 -8.07163e-16 0)
(3 -2.8058e-16 0)
(3 -6.06528e-17 0)
(1.76647 1.10133 0)
(2.2182 0.660713 0)
(3 -7.1389e-16 0)
(3 -1.12277e-16 0)
(3 5.16692e-17 0)
(3 -8.14604e-16 0)
(3 -1.4919e-15 0)
(3 -1.55049e-15 0)
(3 -1.74382e-15 0)
(3 -1.67328e-15 0)
(3 -1.8777e-15 0)
(3 -2.46543e-15 0)
(3 -2.51744e-15 0)
(3 -2.16027e-15 0)
(3 -1.68674e-15 0)
(3 -1.49996e-15 0)
(3 -1.80855e-15 0)
(3 -1.85964e-15 0)
(3 -1.66649e-15 0)
(3 -1.55384e-15 0)
(1.81617 1.00634 0)
(2.44032 0.446176 0)
(3 -6.27451e-16 0)
(3 -3.51688e-16 0)
(3 -3.60625e-16 0)
(3 -1.36922e-16 0)
(3 -8.67387e-16 0)
(3 -2.12323e-15 0)
(3 -2.71058e-15 0)
(3 -2.44591e-15 0)
(3 -1.96699e-15 0)
(3 -1.72344e-15 0)
(3 -2.80161e-15 0)
(3 -3.37984e-15 0)
(3 -2.86369e-15 0)
(3 -1.46686e-15 0)
(3 -4.15254e-16 0)
(3 -1.13454e-16 0)
(3 5.25592e-16 0)
(3 3.80121e-16 0)
(1.94159 0.87853 0)
(2.70828 0.210689 0)
(3 2.03314e-16 0)
(3 -3.08903e-16 0)
(3 -5.49316e-16 0)
(3 -1.79078e-16 0)
(3 -5.43398e-16 0)
(3 -1.93479e-15 0)
(3 -2.32098e-15 0)
(3 -2.14576e-15 0)
(3 -1.25682e-15 0)
(3 -1.09366e-15 0)
(3 -1.22106e-15 0)
(3 -8.61014e-16 0)
(3 -1.75427e-16 0)
(3 7.54389e-16 0)
(3 1.42301e-15 0)
(3 1.54504e-15 0)
(3 1.42464e-15 0)
(3 1.5617e-15 0)
(2.12607 0.663517 0)
(2.99094 0.000127814 0)
(3 -1.53192e-15 0)
(3 -8.45608e-16 0)
(3 -9.99074e-16 0)
(3 -1.32928e-16 0)
(3 1.84953e-15 0)
(3 4.3958e-16 0)
(3 -5.11452e-16 0)
(3 -5.03809e-16 0)
(3 -3.08817e-16 0)
(3 -1.96959e-16 0)
(3 -4.35601e-16 0)
(3 -9.86163e-16 0)
(3 -1.49742e-15 0)
(3 -3.0185e-15 0)
(3 -3.29105e-15 0)
(3 -2.79489e-15 0)
(3 -2.03186e-15 0)
(3 -1.58571e-15 0)
(1.99848 0.370731 0)
(2.99993 -1.28392e-05 0)
(3 -2.42804e-16 0)
(3 5.72394e-16 0)
(3 1.0454e-15 0)
(3 2.45473e-15 0)
(3 3.10844e-15 0)
(3 2.03514e-15 0)
(3 1.29655e-15 0)
(3 3.97072e-16 0)
(3 6.25397e-16 0)
(3 9.15976e-16 0)
(3 1.15987e-15 0)
(3 1.1216e-15 0)
(3 -5.97217e-16 0)
(3 -2.83074e-15 0)
(3 -4.2701e-15 0)
(3 -3.93292e-15 0)
(3 -2.53767e-15 0)
(3 -1.7361e-15 0)
(1.99848 -0.370731 0)
(2.99993 1.28393e-05 0)
(3 -2.53554e-16 0)
(3 3.29252e-16 0)
(3 5.03389e-16 0)
(3 2.51223e-16 0)
(3 1.28339e-15 0)
(3 1.31964e-15 0)
(3 1.10144e-15 0)
(3 5.74816e-16 0)
(3 1.13841e-16 0)
(3 1.56058e-16 0)
(3 -1.67154e-16 0)
(3 -6.62919e-16 0)
(3 -9.88576e-16 0)
(3 -1.7025e-15 0)
(3 -1.46847e-15 0)
(3 -1.35382e-15 0)
(3 -1.60746e-15 0)
(3 -1.69984e-15 0)
(2.12607 -0.663517 0)
(2.99094 -0.000127813 0)
(3 2.45201e-17 0)
(3 8.41832e-16 0)
(3 1.01268e-15 0)
(3 9.90268e-16 0)
(3 6.44742e-16 0)
(3 2.70291e-16 0)
(3 2.95625e-16 0)
(3 -1.13498e-16 0)
(3 -4.34494e-16 0)
(3 -5.82399e-16 0)
(3 -1.00615e-15 0)
(3 -1.55877e-15 0)
(3 -1.82095e-15 0)
(3 -1.32055e-15 0)
(3 -5.2855e-16 0)
(3 -1.93961e-16 0)
(3 9.92603e-17 0)
(3 3.67712e-16 0)
(1.94159 -0.87853 0)
(2.70828 -0.210689 0)
(3 1.22039e-15 0)
(3 1.07104e-15 0)
(3 7.25938e-16 0)
(3 2.88654e-16 0)
(3 -1.82837e-16 0)
(3 -3.01111e-16 0)
(3 4.90676e-17 0)
(3 6.47887e-16 0)
(3 1.56569e-15 0)
(3 1.64654e-15 0)
(3 2.13505e-15 0)
(3 1.91435e-15 0)
(3 1.75897e-15 0)
(3 2.24149e-15 0)
(3 2.85154e-15 0)
(3 3.12941e-15 0)
(3 2.5752e-15 0)
(3 1.7147e-15 0)
(1.81617 -1.00634 0)
(2.44032 -0.446176 0)
(3 -1.74666e-15 0)
(3 -1.76141e-15 0)
(3 -1.25683e-15 0)
(3 8.89477e-16 0)
(3 1.49591e-15 0)
(3 1.0011e-15 0)
(3 4.68689e-16 0)
(3 8.50398e-16 0)
(3 1.47368e-15 0)
(3 2.30665e-15 0)
(3 2.44328e-15 0)
(3 2.55862e-15 0)
(3 2.63805e-15 0)
(3 2.98168e-15 0)
(3 2.8297e-15 0)
(3 2.19659e-15 0)
(3 1.49256e-15 0)
(3 1.24481e-15 0)
(1.76647 -1.10133 0)
(2.2182 -0.660713 0)
(3 -2.92202e-15 0)
(3 -3.33088e-15 0)
(3 -3.13264e-15 0)
(3 -1.83677e-15 0)
(3 -7.15528e-16 0)
(3 1.22949e-15 0)
(3 1.05406e-15 0)
(3 1.05975e-15 0)
(3 1.4954e-15 0)
(3 1.62178e-15 0)
(3 2.24485e-15 0)
(3 2.03641e-15 0)
(3 1.42414e-15 0)
(3 1.38883e-15 0)
(3 1.37829e-15 0)
(3 1.29139e-15 0)
(3 9.04004e-16 0)
(3 9.47012e-16 0)
(1.69382 -1.1701 0)
(2.05623 -0.82121 0)
(3 -1.94791e-15 0)
(3 -2.43947e-15 0)
(3 -2.4033e-15 0)
(3 -1.54445e-15 0)
(3 -3.53236e-16 0)
(3 6.72445e-16 0)
(3 1.27718e-15 0)
(3 1.32822e-15 0)
(3 1.61061e-15 0)
(3 1.34402e-15 0)
(3 1.15369e-15 0)
(3 5.26616e-16 0)
(3 -7.22519e-16 0)
(3 -7.7137e-16 0)
(3 -2.66645e-16 0)
(3 -9.54718e-16 0)
(3 -1.4457e-15 0)
(3 -1.65761e-15 0)
(1.67095 -1.19974 0)
(1.88423 -0.989089 0)
(2.98799 -0.0099411 0)
(3 -6.7554e-16 0)
(3 -1.723e-15 0)
(3 -5.3162e-16 0)
(3 1.32519e-15 0)
(3 1.66998e-15 0)
(3 1.5463e-15 0)
(3 9.48605e-16 0)
(3 6.30144e-16 0)
(3 5.97781e-16 0)
(3 4.04835e-16 0)
(3 -5.07864e-16 0)
(3 -9.51868e-16 0)
(3 -9.23359e-16 0)
(3 -1.00162e-15 0)
(3 -1.70947e-15 0)
(3 -1.43402e-15 0)
(3 -1.45721e-15 0)
(1.66195 -1.24001 0)
(1.84228 -1.09894 0)
(2.88327 -0.0899568 0)
(3 4.86868e-15 0)
(3 -1.07573e-16 0)
(3 3.26484e-16 0)
(3 1.78124e-15 0)
(3 1.65568e-15 0)
(3 2.00872e-15 0)
(3 1.49022e-15 0)
(3 9.15893e-16 0)
(3 3.65436e-16 0)
(3 4.18577e-16 0)
(3 1.61645e-16 0)
(3 -2.83888e-16 0)
(3 1.4489e-16 0)
(3 3.34774e-16 0)
(3 3.79951e-16 0)
(3 -2.70034e-16 0)
(3 5.44626e-18 0)
(1.6421 -1.26666 0)
(1.6442 -1.23724 0)
(2.66201 -0.275253 0)
(3 -9.14556e-13 0)
(3 1.14908e-13 0)
(3 2.33045e-15 0)
(3 8.3192e-16 0)
(3 2.60109e-15 0)
(3 2.36669e-15 0)
(3 2.10835e-15 0)
(3 1.78506e-15 0)
(3 1.76609e-15 0)
(3 1.69944e-15 0)
(3 1.15935e-15 0)
(3 6.56212e-16 0)
(3 3.01205e-16 0)
(3 -5.88824e-16 0)
(3 7.35999e-17 0)
(3 -3.28175e-16 0)
(3 1.08386e-16 0)
(1.62105 -1.28086 0)
(1.55707 -1.32148 0)
(2.39959 -0.549025 0)
(3 2.58681e-12 0)
(3 2.13412e-11 0)
(3 -2.2548e-13 0)
(3 2.09367e-15 0)
(3 1.8184e-15 0)
(3 2.625e-15 0)
(3 2.66669e-15 0)
(3 2.54989e-15 0)
(3 2.3801e-15 0)
(3 1.47815e-15 0)
(3 9.98378e-16 0)
(3 8.61514e-16 0)
(3 -5.04685e-16 0)
(3 -1.68127e-15 0)
(3 -1.13222e-15 0)
(3 -4.37919e-16 0)
(3 -8.83754e-16 0)
(1.60272 -1.29308 0)
(1.47639 -1.37216 0)
(2.19052 -0.807996 0)
(3.01072 0.00942512 0)
(3 -2.28136e-08 0)
(3 2.37691e-11 0)
(3 -4.9053e-15 0)
(3 2.52636e-15 0)
(3 2.36842e-15 0)
(3 2.70024e-15 0)
(3 1.93842e-15 0)
(3 1.35871e-15 0)
(3 1.00416e-15 0)
(3 7.92e-16 0)
(3 2.45133e-16 0)
(3 -9.57494e-16 0)
(3 -1.583e-15 0)
(3 -5.3003e-16 0)
(3 -1.09947e-15 0)
(3 -1.78379e-15 0)
(1.58764 -1.30919 0)
(1.46792 -1.36613 0)
(1.90834 -1.05727 0)
(2.83628 -0.141196 0)
(3 8.61774e-09 0)
(3 -1.03679e-10 0)
(3 6.25663e-15 0)
(3 2.37341e-15 0)
(3 2.53232e-15 0)
(3 2.32264e-15 0)
(3 1.30246e-15 0)
(3 8.08498e-16 0)
(3 8.71381e-17 0)
(3 -4.67524e-16 0)
(3 -2.60886e-16 0)
(3 4.09083e-16 0)
(3 -5.78281e-16 0)
(3 -1.05354e-15 0)
(3 -1.21527e-15 0)
(3 -1.62628e-15 0)
(1.58812 -1.32095 0)
(1.49477 -1.32902 0)
(1.77868 -1.17656 0)
(2.4552 -0.526726 0)
(3.0004 0.00029248 0)
(3 3.03632e-10 0)
(3 -6.99855e-13 0)
(3 4.79994e-13 0)
(3 -3.25524e-14 0)
(3 1.88374e-15 0)
(3 5.30125e-16 0)
(3 -1.74244e-17 0)
(3 -1.02134e-15 0)
(3 -1.55373e-15 0)
(3 -7.77074e-16 0)
(3 2.07529e-15 0)
(3 3.46505e-16 0)
(3 -1.55877e-15 0)
(3 -1.0215e-15 0)
(3 -1.29627e-15 0)
(1.58272 -1.29398 0)
(1.56467 -1.29471 0)
(1.68513 -1.23505 0)
(2.18681 -0.823854 0)
(3.02181 0.0219312 0)
(3 -8.37347e-11 0)
(3 1.34062e-10 0)
(3 -7.57539e-11 0)
(3 4.35018e-12 0)
(3 2.42482e-14 0)
(3 -9.38346e-16 0)
(3 -4.88001e-16 0)
(3 -1.62821e-15 0)
(3 -1.37655e-15 0)
(3 -2.81239e-16 0)
(3 6.61382e-16 0)
(3 -1.41798e-16 0)
(3 -1.76372e-15 0)
(3 -8.27017e-16 0)
(3 -9.89621e-16 0)
(1.58461 -1.28038 0)
(1.58092 -1.27695 0)
(1.63687 -1.26174 0)
(1.74187 -1.17305 0)
(2.67065 -0.274935 0)
(3 5.577e-10 0)
(3 -1.49395e-08 0)
(3 1.31111e-08 0)
(3 -5.52697e-10 0)
(3 -5.8476e-12 0)
(3 1.52232e-14 0)
(3 -9.58858e-16 0)
(3 -1.6116e-15 0)
(3 -1.10142e-15 0)
(3 -7.81285e-16 0)
(3 -9.53592e-16 0)
(3 -1.12839e-15 0)
(3 -4.06381e-17 0)
(3 3.14495e-16 0)
(3 -1.91172e-15 0)
(1.58521 -1.26937 0)
(1.59386 -1.26427 0)
(1.62519 -1.2606 0)
(1.73387 -1.2124 0)
(2.38628 -0.642748 0)
(3.01953 0.0195276 0)
(2.99975 -0.000144304 0)
(3 4.37602e-06 0)
(3 -8.51096e-08 0)
(3 1.23037e-11 0)
(3 1.23005e-15 0)
(3 -9.00524e-16 0)
(3 -1.53168e-15 0)
(3 -1.49643e-15 0)
(3 -1.27947e-15 0)
(3 -1.41634e-15 0)
(3 -6.88213e-16 0)
(3 1.67772e-15 0)
(3 1.757e-15 0)
(3 1.19452e-15 0)
(1.58385 -1.25754 0)
(1.60205 -1.25776 0)
(1.62083 -1.2563 0)
(1.62961 -1.27495 0)
(1.82397 -1.12223 0)
(2.73327 -0.235462 0)
(3.00475 0.000935783 0)
(2.99991 -7.47072e-05 0)
(3 8.93746e-07 0)
(3 -9.29674e-12 0)
(3 9.40226e-15 0)
(3 -6.96378e-16 0)
(3 -1.41136e-15 0)
(3 -2.11842e-15 0)
(3 -1.74991e-15 0)
(3 -1.22478e-15 0)
(3 -6.71771e-16 0)
(3 3.32172e-15 0)
(3 1.29977e-15 0)
(3 1.77041e-15 0)
(1.58478 -1.24853 0)
(1.60435 -1.25358 0)
(1.60996 -1.25624 0)
(1.60331 -1.28199 0)
(1.74599 -1.20452 0)
(2.30711 -0.782599 0)
(3.00485 0.00700076 0)
(3.0001 0.000441509 0)
(3 -7.86771e-07 0)
(3 9.73969e-12 0)
(3 -1.88733e-14 0)
(3 -1.40926e-15 0)
(3 -8.89762e-16 0)
(3 -1.94929e-15 0)
(3 -2.43089e-15 0)
(3 -1.59241e-15 0)
(3 -1.62353e-15 0)
(3 7.01971e-16 0)
(3 1.02327e-15 0)
(3 2.61719e-15 0)
(1.5838 -1.25207 0)
(1.59416 -1.25799 0)
(1.603 -1.26242 0)
(1.60445 -1.26323 0)
(1.65497 -1.24019 0)
(1.67389 -1.25004 0)
(2.26243 -0.738695 0)
(2.99495 -0.0174441 0)
(3 -3.32223e-08 0)
(3 -7.77209e-11 0)
(3 6.44877e-13 0)
(3 -1.19154e-15 0)
(3 -6.34681e-16 0)
(3 -2.65967e-15 0)
(3 -8.33171e-16 0)
(3 -1.1317e-15 0)
(3 -1.5412e-15 0)
(3 -3.53868e-16 0)
(3 3.48338e-16 0)
(3 2.68429e-15 0)
(1.5832 -1.25992 0)
(1.588 -1.26488 0)
(1.59293 -1.26979 0)
(1.59685 -1.26026 0)
(1.60677 -1.24537 0)
(1.58358 -1.26736 0)
(1.89465 -1.15276 0)
(2.92438 -0.397082 0)
(3.36533 0.604403 0)
(3 1.57762e-10 0)
(3 -1.35678e-10 0)
(3 9.48201e-13 0)
(3 1.741e-13 0)
(3 7.82539e-13 0)
(3 -1.26792e-13 0)
(3 8.29687e-14 0)
(3 5.62516e-13 0)
(3 -2.22616e-14 0)
(3 -2.55844e-13 0)
(3 -4.41508e-14 0)
(1.16749 -0.77681 0)
(1.84366 -1.14177 0)
(1.83646 -1.16612 0)
(1.74053 -1.19589 0)
(1.71252 -1.20223 0)
(1.65927 -1.24468 0)
(1.65247 -1.21524 0)
(1.72042 -1.16715 0)
(1.75446 -1.22903 0)
(1.79107 -1.14001 0)
(2.27222 -0.736936 0)
(2.86322 -0.203765 0)
(3.09904 0.03014 0)
(3.02063 0.0124679 0)
(3.00455 0.0054356 0)
(3.00182 0.00299134 0)
(3.00007 0.000597484 0)
(2.99998 2.28953e-05 0)
(2.99999 -1.38318e-05 0)
(3 -5.68922e-06 0)
(1.00706 -0.0345954 0)
(1.9226 -0.771261 0)
(2.14073 -0.759657 0)
(1.98661 -0.971964 0)
(1.9725 -0.985723 0)
(1.86641 -1.09002 0)
(1.78648 -1.14169 0)
(1.75791 -1.14947 0)
(1.7574 -1.1654 0)
(1.73835 -1.20369 0)
(1.72284 -1.19593 0)
(1.8633 -1.06956 0)
(2.09271 -0.886656 0)
(2.50282 -0.575159 0)
(2.98844 -0.133412 0)
(3.07197 0.0288359 0)
(3.00773 0.0074966 0)
(3.00277 0.00376224 0)
(3.00116 0.00214498 0)
(3.00009 0.000487855 0)
(0.953132 -0.0596217 0)
(1.94359 -0.278737 0)
(2.25242 -0.43053 0)
(2.2455 -0.447803 0)
(2.20525 -0.621202 0)
(2.13211 -0.781628 0)
(2.03639 -0.905307 0)
(1.96253 -0.972146 0)
(1.91916 -1.03549 0)
(1.85071 -1.12744 0)
(1.78833 -1.15891 0)
(1.79298 -1.15522 0)
(1.8111 -1.13494 0)
(1.85217 -1.09076 0)
(2.04421 -0.952308 0)
(2.26533 -0.826282 0)
(2.67509 -0.496869 0)
(3.03953 -0.0893987 0)
(3.05247 0.02242 0)
(3.00345 0.00435407 0)
(1.09901 0.598072 0)
(1.50652 0.849004 0)
(2.24532 -0.0281909 0)
(2.3925 -0.0266633 0)
(2.35801 -0.171525 0)
(2.35456 -0.241026 0)
(2.27439 -0.501444 0)
(2.1996 -0.658728 0)
(2.13021 -0.776138 0)
(2.0977 -0.896351 0)
(1.97977 -0.993198 0)
(1.91761 -1.05667 0)
(1.88613 -1.08144 0)
(1.87217 -1.09154 0)
(1.87489 -1.05766 0)
(1.89968 -1.04945 0)
(1.96459 -1.02171 0)
(2.17227 -0.899651 0)
(2.39697 -0.782646 0)
(2.80077 -0.425668 0)
(1.10374 1.51018 0)
(1.46549 1.71577 0)
(2.00434 1.25763 0)
(2.48572 -0.221293 0)
(2.48576 0.471591 0)
(2.46159 -0.0403988 0)
(2.44458 -0.0809356 0)
(2.37469 -0.28837 0)
(2.3495 -0.363763 0)
(2.32882 -0.541076 0)
(2.21545 -0.725771 0)
(2.13591 -0.843758 0)
(2.07786 -0.912165 0)
(2.02592 -0.967761 0)
(1.98859 -0.976814 0)
(1.95754 -0.995795 0)
(1.95669 -1.01453 0)
(1.97486 -1.00255 0)
(2.00296 -1.00062 0)
(2.08965 -0.978739 0)
(1.1614 1.62192 0)
(1.49355 2.12807 0)
(1.91414 1.67066 0)
(2.12827 0.904404 0)
(2.31396 0.69613 0)
(2.45462 0.254819 0)
(2.54724 0.24123 0)
(2.50577 -0.0823157 0)
(2.4951 -0.184142 0)
(2.45425 -0.368957 0)
(2.42067 -0.472674 0)
(2.33693 -0.614781 0)
(2.28471 -0.697665 0)
(2.21777 -0.783893 0)
(2.17155 -0.813237 0)
(2.12347 -0.842064 0)
(2.07405 -0.882269 0)
(2.06895 -0.895833 0)
(2.04546 -0.936182 0)
(2.07915 -0.958498 0)
(1.1996 1.58364 0)
(1.56209 2.27407 0)
(1.8686 1.97965 0)
(1.97758 1.78563 0)
(2.25159 1.12779 0)
(2.40922 1.23856 0)
(2.44073 0.523959 0)
(2.5189 0.388501 0)
(2.52414 0.125292 0)
(2.56626 0.0574999 0)
(2.53481 -0.147289 0)
(2.48139 -0.317809 0)
(2.44981 -0.410915 0)
(2.39664 -0.508286 0)
(2.34748 -0.565077 0)
(2.31701 -0.590715 0)
(2.2613 -0.646569 0)
(2.22589 -0.697546 0)
(2.18013 -0.774216 0)
(2.1434 -0.811259 0)
(1.20864 1.43924 0)
(1.70601 2.35434 0)
(1.95003 2.07324 0)
(1.88275 1.95197 0)
(2.10997 1.57842 0)
(2.24378 1.54809 0)
(2.37659 1.07455 0)
(2.41526 0.943343 0)
(2.4629 0.74005 0)
(2.53211 0.571759 0)
(2.55522 0.310948 0)
(2.55646 0.125343 0)
(2.5529 -0.0226856 0)
(2.53099 -0.154401 0)
(2.48709 -0.285532 0)
(2.47784 -0.34376 0)
(2.41231 -0.471431 0)
(2.36845 -0.538361 0)
(2.32515 -0.598012 0)
(2.33074 -0.554164 0)
(1.06996 1.06456 0)
(1.64837 2.08304 0)
(2.10813 2.27677 0)
(2.06263 2.08821 0)
(2.14703 1.79718 0)
(2.27268 1.65609 0)
(2.36547 1.35607 0)
(2.43012 1.12706 0)
(2.47827 0.999955 0)
(2.54587 0.792253 0)
(2.59905 0.618523 0)
(2.61057 0.393408 0)
(2.63463 0.227012 0)
(2.63348 0.0608714 0)
(2.60463 -0.110526 0)
(2.58949 -0.207303 0)
(2.54183 -0.331989 0)
(2.52359 -0.301664 0)
(2.47334 -0.367944 0)
(2.50714 -0.299643 0)
(1.02883 0.926509 0)
(1.31988 1.71107 0)
(1.94305 2.33954 0)
(2.26131 2.30488 0)
(2.40977 2.03484 0)
(2.49538 1.7703 0)
(2.51151 1.65176 0)
(2.63667 1.20896 0)
(2.72097 1.11716 0)
(2.75476 0.803016 0)
(2.76543 0.696008 0)
(2.73066 0.454925 0)
(2.74033 0.339056 0)
(2.7271 0.173032 0)
(2.70767 0.0627848 0)
(2.68248 -0.00139427 0)
(2.65111 -0.0570678 0)
(2.64603 -0.00772806 0)
(2.58877 -0.130804 0)
(2.61375 -0.111985 0)
(1.03575 0.929492 0)
(1.18369 1.59127 0)
(1.67396 2.22204 0)
(2.15093 2.32929 0)
(2.49107 2.17738 0)
(2.74674 1.9017 0)
(2.75854 1.82118 0)
(2.72979 1.3357 0)
(2.72924 1.19417 0)
(2.76609 0.978985 0)
(2.77299 0.922764 0)
(2.75464 0.735514 0)
(2.76528 0.654444 0)
(2.75786 0.491748 0)
(2.74078 0.404948 0)
(2.72049 0.33986 0)
(2.70775 0.284673 0)
(2.7102 0.235402 0)
(2.67487 0.0778018 0)
(2.64683 -0.0399001 0)
(1.10845 1.00513 0)
(1.1519 1.50604 0)
(1.50541 2.02753 0)
(1.90294 2.20641 0)
(2.15298 2.09669 0)
(2.35468 1.92043 0)
(2.42456 1.96502 0)
(2.37705 1.60322 0)
(2.41212 1.4526 0)
(2.47747 1.41663 0)
(2.53128 1.33245 0)
(2.57539 1.17228 0)
(2.61775 1.05851 0)
(2.66325 0.905161 0)
(2.67924 0.748221 0)
(2.70966 0.651098 0)
(2.73638 0.534027 0)
(2.74427 0.353903 0)
(2.73903 0.237096 0)
(2.70655 0.14036 0)
(1.24337 1.09835 0)
(1.26544 1.4732 0)
(1.47296 1.93363 0)
(1.65793 2.12742 0)
(1.86717 1.99976 0)
(1.93622 2.01055 0)
(1.97287 2.02437 0)
(2.08934 1.87971 0)
(2.22054 1.69577 0)
(2.27471 1.58892 0)
(2.37903 1.46765 0)
(2.46649 1.34144 0)
(2.54769 1.20127 0)
(2.63869 1.09912 0)
(2.67969 0.889242 0)
(2.74833 0.797478 0)
(2.77189 0.636704 0)
(2.79734 0.427421 0)
(2.77485 0.437105 0)
(2.75422 0.370725 0)
(1.41542 1.19534 0)
(1.42841 1.46678 0)
(1.49813 1.88134 0)
(1.60963 2.1096 0)
(1.78921 2.04436 0)
(1.81031 2.06128 0)
(1.86165 2.00401 0)
(1.96369 1.91124 0)
(2.12085 1.74849 0)
(2.24979 1.65342 0)
(2.39552 1.50312 0)
(2.52386 1.35315 0)
(2.61812 1.18523 0)
(2.70843 1.10955 0)
(2.75063 0.897887 0)
(2.77781 0.851895 0)
(2.78742 0.75469 0)
(2.80936 0.632001 0)
(2.78069 0.761274 0)
(2.77717 0.676156 0)
(1.60844 1.30522 0)
(1.6375 1.45266 0)
(1.62634 1.79118 0)
(1.6495 2.07888 0)
(1.77755 2.06035 0)
(1.79934 2.08429 0)
(1.93167 1.96971 0)
(1.98548 1.96062 0)
(2.16693 1.85765 0)
(2.36768 1.73078 0)
(2.502 1.55569 0)
(2.61039 1.44041 0)
(2.6742 1.37834 0)
(2.73029 1.34956 0)
(2.77865 1.19382 0)
(2.75216 1.2038 0)
(2.74261 1.12373 0)
(2.73924 1.07182 0)
(2.74227 1.13677 0)
(2.77037 0.952316 0)
(1.79728 1.36827 0)
(1.8797 1.34954 0)
(1.87919 1.68021 0)
(1.83548 2.00734 0)
(1.87806 2.1588 0)
(1.98281 2.18807 0)
(2.07439 2.02679 0)
(2.12538 2.06393 0)
(2.28738 2.05336 0)
(2.40784 1.90436 0)
(2.44278 1.83964 0)
(2.54826 1.69179 0)
(2.60564 1.65809 0)
(2.62004 1.68268 0)
(2.64007 1.55105 0)
(2.61812 1.52538 0)
(2.62591 1.40316 0)
(2.68182 1.3438 0)
(2.74525 1.24792 0)
(2.83265 1.00052 0)
(1.84214 1.38336 0)
(1.96619 1.2948 0)
(2.11303 1.58126 0)
(2.13029 1.9255 0)
(2.00898 2.1743 0)
(2.06921 2.22147 0)
(2.20631 2.15725 0)
(2.26926 2.14608 0)
(2.2686 2.15676 0)
(2.31819 2.01082 0)
(2.35151 2.00491 0)
(2.41889 1.92485 0)
(2.42314 1.89599 0)
(2.47883 1.8339 0)
(2.51924 1.69463 0)
(2.57829 1.62005 0)
(2.62433 1.48132 0)
(2.73853 1.39614 0)
(2.80374 1.24113 0)
(2.84716 1.17929 0)
(1.76416 1.32775 0)
(1.92174 1.24765 0)
(2.17216 1.50972 0)
(2.32889 1.82818 0)
(2.17142 2.14915 0)
(2.10157 2.2579 0)
(2.18405 2.20923 0)
(2.21973 2.18455 0)
(2.18257 2.2078 0)
(2.17909 2.12061 0)
(2.20316 2.12462 0)
(2.28741 2.01306 0)
(2.32248 1.96175 0)
(2.39722 1.91319 0)
(2.47011 1.84022 0)
(2.55863 1.75972 0)
(2.62968 1.67682 0)
(2.6889 1.6342 0)
(2.71337 1.59389 0)
(2.67865 1.57028 0)
(1.71627 1.30784 0)
(1.82894 1.2553 0)
(2.01553 1.43918 0)
(2.14428 1.77435 0)
(2.0354 1.92597 0)
(1.92152 1.80597 0)
(1.90912 1.68869 0)
(1.88524 1.57439 0)
(1.86462 1.5494 0)
(1.86854 1.50289 0)
(1.93278 1.52342 0)
(1.99389 1.39124 0)
(2.0439 1.2787 0)
(2.11028 1.20275 0)
(2.19707 1.22153 0)
(2.30368 1.24901 0)
(2.35438 1.2657 0)
(2.37636 1.26929 0)
(2.38463 1.24815 0)
(2.41779 1.3226 0)
(1.49919 0.43323 0)
(1.36313 0.54862 0)
(1.42926 0.424128 0)
(1.51887 0.420615 0)
(1.52511 0.338706 0)
(1.53956 0.298734 0)
(1.52799 0.273764 0)
(1.51359 0.258084 0)
(1.5175 0.255595 0)
(1.52363 0.258179 0)
(1.54535 0.268627 0)
(1.58213 0.233263 0)
(1.63976 0.19146 0)
(1.69585 0.17411 0)
(1.74651 0.201631 0)
(1.80521 0.215999 0)
(1.84625 0.235453 0)
(1.88871 0.248568 0)
(1.94904 0.234562 0)
(2.03377 0.271367 0)
(2.13288 -0.221135 0)
(2.20893 -0.182836 0)
(2.11382 -0.0715836 0)
(1.96685 -0.00292444 0)
(1.91317 0.00429476 0)
(1.96729 -0.0282637 0)
(2.14924 -0.0492261 0)
(2.34339 -0.0389121 0)
(2.45309 -0.0277293 0)
(2.57155 -0.0244997 0)
(2.66775 -0.0191837 0)
(2.79009 -0.0132028 0)
(2.89685 -0.00607348 0)
(2.96459 -0.00159473 0)
(2.99423 -0.000198788 0)
(2.99971 -6.50306e-06 0)
(3 -3.4959e-08 0)
(3 8.28262e-11 0)
(3 8.77863e-13 0)
(3 -1.12093e-14 0)
(2.44226 -1.00203 0)
(2.50336 -0.67926 0)
(2.41589 -0.288861 0)
(2.17832 0.0725326 0)
(2.06764 0.043363 0)
(2.0925 -0.0519397 0)
(2.22592 -0.12256 0)
(2.38409 -0.101227 0)
(2.4575 -0.0819001 0)
(2.56397 -0.0672997 0)
(2.65924 -0.0564101 0)
(2.78582 -0.0428867 0)
(2.89375 -0.0203376 0)
(2.96343 -0.00531214 0)
(2.99407 -0.000620007 0)
(2.9997 -2.48828e-05 0)
(3 -2.90381e-07 0)
(3 -1.28239e-09 0)
(3 -3.71323e-12 0)
(3 -4.79232e-14 0)
(2.69744 -1.52647 0)
(2.82513 -1.44967 0)
(2.79935 -1.12228 0)
(2.73193 -0.59253 0)
(2.6073 -0.21897 0)
(2.52017 -0.122276 0)
(2.44199 -0.177174 0)
(2.46638 -0.164646 0)
(2.50965 -0.139436 0)
(2.59892 -0.117658 0)
(2.67703 -0.0963181 0)
(2.78605 -0.0701719 0)
(2.88817 -0.0334243 0)
(2.96112 -0.00920888 0)
(2.99383 -0.00121159 0)
(2.9997 -5.37146e-05 0)
(3 -6.67227e-07 0)
(3 -3.31405e-09 0)
(3 -1.12916e-11 0)
(3 -8.41123e-14 0)
(2.7512 -1.28172 0)
(2.84261 -1.23622 0)
(2.95601 -1.22153 0)
(2.9452 -1.16489 0)
(2.92866 -0.85748 0)
(2.85982 -0.62687 0)
(2.69316 -0.457619 0)
(2.55647 -0.301886 0)
(2.55382 -0.215491 0)
(2.62627 -0.166686 0)
(2.70739 -0.135218 0)
(2.80111 -0.0932506 0)
(2.89059 -0.046436 0)
(2.96197 -0.0142084 0)
(2.99418 -0.00192801 0)
(2.99973 -7.94037e-05 0)
(3 -8.5975e-07 0)
(3 -3.65445e-09 0)
(3 -1.07831e-11 0)
(3 -9.78605e-14 0)
(2.81007 -1.00344 0)
(2.84368 -1.05915 0)
(2.9336 -1.02322 0)
(2.94842 -0.996867 0)
(2.93212 -0.986118 0)
(2.87985 -1.01048 0)
(2.80089 -0.971243 0)
(2.69042 -0.708359 0)
(2.61295 -0.409133 0)
(2.64412 -0.250153 0)
(2.72048 -0.172385 0)
(2.80503 -0.112931 0)
(2.8961 -0.0569936 0)
(2.96558 -0.0169308 0)
(2.99499 -0.00223115 0)
(2.99978 -9.0251e-05 0)
(3 -9.83939e-07 0)
(3 -4.35643e-09 0)
(3 -1.3626e-11 0)
(3 -1.0695e-13 0)
(2.80439 -0.884167 0)
(2.83397 -0.898921 0)
(2.95288 -0.871584 0)
(2.95529 -0.860543 0)
(2.93864 -0.869075 0)
(2.90525 -0.876661 0)
(2.86922 -0.894635 0)
(2.78074 -0.875229 0)
(2.71873 -0.624128 0)
(2.69137 -0.371917 0)
(2.73569 -0.22318 0)
(2.81873 -0.131218 0)
(2.90697 -0.0618958 0)
(2.9704 -0.0180548 0)
(2.99587 -0.00229011 0)
(2.99983 -8.7289e-05 0)
(3 -9.06979e-07 0)
(3 -3.9764e-09 0)
(3 -1.25634e-11 0)
(3 -8.61601e-14 0)
(2.78532 -0.711936 0)
(2.82547 -0.722828 0)
(2.94633 -0.675684 0)
(2.95341 -0.72923 0)
(2.93162 -0.747436 0)
(2.89901 -0.811186 0)
(2.89304 -0.839288 0)
(2.88602 -0.804443 0)
(2.80121 -0.681777 0)
(2.75358 -0.444503 0)
(2.77474 -0.261495 0)
(2.8426 -0.143833 0)
(2.91875 -0.064407 0)
(2.97476 -0.0180046 0)
(2.99667 -0.00217443 0)
(2.99987 -7.8226e-05 0)
(3 -7.83932e-07 0)
(3 -3.47735e-09 0)
(3 -1.13254e-11 0)
(3 -7.13388e-14 0)
(2.75938 -0.515216 0)
(2.80147 -0.579753 0)
(2.9073 -0.519479 0)
(2.94143 -0.651772 0)
(2.91585 -0.696053 0)
(2.90656 -0.737428 0)
(2.92863 -0.784665 0)
(2.93988 -0.799468 0)
(2.90399 -0.668102 0)
(2.83895 -0.46702 0)
(2.82714 -0.283655 0)
(2.86817 -0.153928 0)
(2.93016 -0.0663252 0)
(2.9789 -0.0175801 0)
(2.99742 -0.00197217 0)
(2.99991 -6.50294e-05 0)
(3 -6.13239e-07 0)
(3 -2.70422e-09 0)
(3 -9.03601e-12 0)
(3 -4.80551e-14 0)
(2.72705 -0.295103 0)
(2.76905 -0.387317 0)
(2.84642 -0.37501 0)
(2.91885 -0.531087 0)
(2.91426 -0.581089 0)
(2.9321 -0.647353 0)
(2.9815 -0.684783 0)
(3.01256 -0.706971 0)
(2.97125 -0.639667 0)
(2.89668 -0.459262 0)
(2.86896 -0.283403 0)
(2.89322 -0.150738 0)
(2.94255 -0.0620928 0)
(2.98329 -0.0154412 0)
(2.99813 -0.0015806 0)
(2.99994 -4.67356e-05 0)
(3 -4.07637e-07 0)
(3 -1.76597e-09 0)
(3 -5.73891e-12 0)
(3 5.0798e-14 0)
(2.68357 -0.120371 0)
(2.71904 -0.23059 0)
(2.79092 -0.220159 0)
(2.87732 -0.353063 0)
(2.92193 -0.478564 0)
(2.97753 -0.53959 0)
(3.03004 -0.574452 0)
(3.06801 -0.614366 0)
(3.0274 -0.610164 0)
(2.94745 -0.466714 0)
(2.91005 -0.301605 0)
(2.92034 -0.165068 0)
(2.95672 -0.0677222 0)
(2.988 -0.0160646 0)
(2.9988 -0.00150171 0)
(2.99997 -3.96076e-05 0)
(3 -3.21518e-07 0)
(3 -1.3919e-09 0)
(3 -4.56027e-12 0)
(3 1.12652e-13 0)
(2.51153 0.284422 0)
(2.62943 -0.0458266 0)
(2.723 -0.193216 0)
(2.79574 -0.162469 0)
(2.8816 -0.254597 0)
(2.94753 -0.314768 0)
(2.95813 -0.337061 0)
(2.97788 -0.37751 0)
(2.98896 -0.391498 0)
(2.97141 -0.331536 0)
(2.94809 -0.21669 0)
(2.95129 -0.112643 0)
(2.97405 -0.0409075 0)
(2.99357 -0.00776204 0)
(2.99947 -0.000523799 0)
(2.99999 -9.62847e-06 0)
(3 -5.86718e-08 0)
(3 -2.07534e-10 0)
(3 3.53818e-14 0)
(3 3.2056e-13 0)
(2.39578 0.62844 0)
(2.53242 0.403735 0)
(2.66688 0.163197 0)
(2.74385 0.129232 0)
(2.86955 -0.0889632 0)
(2.94831 -0.245274 0)
(3.00788 -0.324871 0)
(3.06168 -0.370115 0)
(3.07074 -0.32979 0)
(3.03533 -0.223329 0)
(3.00132 -0.123523 0)
(2.98895 -0.0547125 0)
(2.99287 -0.0161853 0)
(2.99839 -0.00223296 0)
(2.99989 -9.53796e-05 0)
(3 -1.1323e-06 0)
(3 -4.10459e-09 0)
(3 9.29228e-12 0)
(3 7.37869e-13 0)
(3 2.98513e-13 0)
(2.47105 0.6949 0)
(2.51643 0.637143 0)
(2.6149 0.524717 0)
(2.73379 0.390873 0)
(2.80584 0.275071 0)
(2.98825 0.0412343 0)
(3.04239 -0.0203179 0)
(3.10183 -0.0611961 0)
(3.1023 -0.0616274 0)
(3.06132 -0.0353676 0)
(3.02782 -0.0175785 0)
(3.00798 -0.00854333 0)
(3.00016 -0.0017387 0)
(2.99988 -0.000626227 0)
(2.99994 -7.94322e-05 0)
(2.99999 -2.65527e-06 0)
(3 -1.61341e-08 0)
(3 1.45439e-10 0)
(3 2.00199e-12 0)
(3 1.20756e-13 0)
(2.58966 0.646008 0)
(2.61762 0.630992 0)
(2.67331 0.597216 0)
(2.75216 0.549635 0)
(2.85097 0.467333 0)
(2.97094 0.336446 0)
(3.07229 0.210482 0)
(3.11095 0.133798 0)
(3.1068 0.0874494 0)
(3.07375 0.0472257 0)
(3.02884 0.0148683 0)
(3.00419 0.00166663 0)
(3.00016 -2.3184e-05 0)
(3 -5.72919e-05 0)
(2.99999 -3.0663e-05 0)
(2.99999 -4.76346e-06 0)
(3 -1.91428e-07 0)
(3 -1.9187e-09 0)
(3 -6.51857e-12 0)
(3 -5.48574e-15 0)
(2.87306 0.303524 0)
(2.74394 0.517322 0)
(2.79179 0.51479 0)
(2.83813 0.484601 0)
(2.91259 0.430019 0)
(2.99344 0.355221 0)
(3.06044 0.264968 0)
(3.09145 0.179812 0)
(3.08481 0.108395 0)
(3.05029 0.0512559 0)
(3.01473 0.013402 0)
(3.00153 0.00126793 0)
(3.00004 2.09565e-05 0)
(3 -5.83118e-06 0)
(3 -5.20159e-06 0)
(3 -2.03033e-06 0)
(3 -1.903e-07 0)
(3 -3.5579e-09 0)
(3 -1.71197e-11 0)
(3 -3.80613e-14 0)
(2.98765 0.0440664 0)
(2.94326 0.153257 0)
(2.91357 0.282635 0)
(2.93546 0.342678 0)
(2.95922 0.32923 0)
(2.99966 0.288932 0)
(3.03794 0.225211 0)
(3.05484 0.151288 0)
(3.04303 0.079855 0)
(3.01748 0.0260745 0)
(3.00287 0.00379292 0)
(3.00015 0.000181155 0)
(3 2.59884e-06 0)
(3 -3.14973e-07 0)
(3 -3.21882e-07 0)
(3 -1.94913e-07 0)
(3 -3.63183e-08 0)
(3 -1.37046e-09 0)
(3 -9.97358e-12 0)
(3 -2.59383e-14 0)
(2.99962 0.00155551 0)
(2.99733 0.00918485 0)
(2.99042 0.0353622 0)
(2.98582 0.0849244 0)
(2.9928 0.117384 0)
(2.99789 0.115007 0)
(3.00716 0.0948757 0)
(3.01266 0.0572208 0)
(3.00853 0.0213191 0)
(3.00219 0.00377574 0)
(3.00017 0.000242851 0)
(3 4.95635e-06 0)
(3 3.17844e-08 0)
(3 -8.64697e-09 0)
(3 -7.83914e-09 0)
(3 -4.48198e-09 0)
(3 -1.00284e-09 0)
(3 -5.47019e-11 0)
(3 -5.77431e-13 0)
(3 -3.05432e-15 0)
(2.99999 2.63828e-05 0)
(2.99996 0.000128519 0)
(2.99979 0.000751361 0)
(2.99933 0.00310408 0)
(2.99928 0.00726811 0)
(2.99972 0.00883694 0)
(3.00009 0.0078099 0)
(3.00062 0.00446844 0)
(3.00044 0.00124356 0)
(3.00008 0.000129369 0)
(3 4.17651e-06 0)
(3 4.2532e-08 0)
(3 -1.67343e-09 0)
(3 -1.25225e-09 0)
(3 -3.58442e-10 0)
(3 -4.77033e-11 0)
(3 -5.36493e-12 0)
(3 -2.56557e-13 0)
(3 -2.0765e-15 0)
(3 1.18882e-15 0)
(3 3.14791e-07 0)
(3 1.05014e-06 0)
(3 5.50236e-06 0)
(2.99999 2.64026e-05 0)
(2.99999 7.92387e-05 0)
(3 0.000113961 0)
(3 0.000105963 0)
(3.00001 6.31081e-05 0)
(3.00001 1.66169e-05 0)
(3 1.45279e-06 0)
(3 3.41363e-08 0)
(3 -1.12042e-09 0)
(3 -1.08193e-09 0)
(3 -3.90293e-10 0)
(3 -3.45382e-11 0)
(3 -7.12078e-13 0)
(3 -2.55807e-14 0)
(3 -4.85698e-15 0)
(3 -1.11369e-15 0)
(3 -2.92565e-16 0)
(3 2.69517e-09 0)
(3 7.86448e-09 0)
(3 3.11899e-08 0)
(3 1.32904e-07 0)
(3 3.9659e-07 0)
(3 5.87058e-07 0)
(3 5.54401e-07 0)
(3 3.49437e-07 0)
(3 9.9741e-08 0)
(3 8.79496e-09 0)
(3 -3.71297e-10 0)
(3 -5.56269e-10 0)
(3 -2.83888e-10 0)
(3 -4.13558e-11 0)
(3 -1.20714e-12 0)
(3 -7.35109e-15 0)
(3 -3.84973e-16 0)
(3 -2.50061e-15 0)
(3 -2.03227e-15 0)
(3 -2.51589e-15 0)
(3 1.65728e-11 0)
(3 5.44317e-11 0)
(3 1.73525e-10 0)
(3 6.01729e-10 0)
(3 1.63329e-09 0)
(3 2.33741e-09 0)
(3 2.20371e-09 0)
(3 1.4068e-09 0)
(3 3.65515e-10 0)
(3 -8.0769e-11 0)
(3 -1.52682e-10 0)
(3 -8.48033e-11 0)
(3 -1.55985e-11 0)
(3 -7.10277e-13 0)
(3 -1.11767e-14 0)
(3 2.70488e-15 0)
(3 2.73043e-15 0)
(3 -1.84655e-16 0)
(3 -1.85796e-15 0)
(3 -2.02702e-16 0)
(3 8.37734e-14 0)
(3 3.33296e-13 0)
(3 9.62728e-13 0)
(3 2.70894e-12 0)
(3 6.19901e-12 0)
(3 7.43208e-12 0)
(3 5.0019e-12 0)
(3 -3.1654e-12 0)
(3 -1.58051e-11 0)
(3 -2.6056e-11 0)
(3 -1.41078e-11 0)
(3 -2.44845e-12 0)
(3 -1.2887e-13 0)
(3 -1.98778e-15 0)
(3 3.44019e-17 0)
(3 1.0487e-15 0)
(3 1.39738e-15 0)
(3 7.28406e-16 0)
(3 4.70156e-16 0)
(3 7.29427e-16 0)
(3 -1.32104e-16 0)
(3 2.70424e-15 0)
(3 5.92194e-15 0)
(3 8.93411e-15 0)
(3 -2.15268e-15 0)
(3 -1.35571e-13 0)
(3 -7.19528e-13 0)
(3 -2.10946e-12 0)
(3 -2.92695e-12 0)
(3 -1.42365e-12 0)
(3 -2.16504e-13 0)
(3 -1.20774e-14 0)
(3 -1.67649e-15 0)
(3 8.43526e-18 0)
(3 2.78021e-16 0)
(3 4.62744e-17 0)
(3 5.54102e-16 0)
(3 8.48945e-16 0)
(3 1.20833e-15 0)
(3 6.1386e-16 0)
(3 -2.9685e-15 0)
(3 -1.48821e-15 0)
(3 -5.4692e-16 0)
(3 -3.36599e-16 0)
(3 -3.85089e-15 0)
(3 -3.7545e-14 0)
(3 -1.07985e-13 0)
(3 -1.09632e-13 0)
(3 -5.28814e-14 0)
(3 -8.51032e-15 0)
(3 -7.53778e-16 0)
(3 -4.02475e-16 0)
(3 -3.99354e-16 0)
(3 -6.27524e-16 0)
(3 3.35672e-16 0)
(3 -1.42354e-16 0)
(3 1.30185e-16 0)
(3 -3.3499e-16 0)
(3 6.40915e-17 0)
(3 -2.9853e-17 0)
(3 -2.00336e-16 0)
(3 -1.40271e-16 0)
(3 4.10169e-16 0)
(3 -5.3005e-17 0)
(3 -2.13996e-16 0)
(3 -7.21468e-16 0)
(3 -7.16533e-16 0)
(3 2.41289e-16 0)
(3 4.78916e-16 0)
(3 4.56992e-16 0)
(3 3.01117e-16 0)
(3 1.7277e-16 0)
(3 -2.34662e-17 0)
(3 6.21672e-18 0)
(3 9.57979e-16 0)
(3 1.1171e-15 0)
(3 6.73228e-16 0)
(3 1.21632e-16 0)
(3 1.22616e-16 0)
(3 7.82484e-17 0)
(2.45758 0.416604 0)
(2.32059 0.737055 0)
(2.44466 0.735211 0)
(2.6403 0.566275 0)
(2.89751 0.208401 0)
(2.99269 0.0221773 0)
(2.99981 0.000865745 0)
(3 1.65975e-05 0)
(3 1.95773e-07 0)
(3 1.44273e-09 0)
(3 6.07155e-12 0)
(3 1.72692e-14 0)
(3 -8.46478e-16 0)
(3 -4.01889e-15 0)
(3 -6.47113e-17 0)
(2.32025 0.678255 0)
(2.32072 0.801821 0)
(2.45702 0.747471 0)
(2.83075 0.335125 0)
(2.99577 0.0237401 0)
(3.00006 0.000248815 0)
(3 -7.3512e-07 0)
(3 -3.55154e-08 0)
(3 -6.22503e-09 0)
(3 -2.72355e-10 0)
(3 -3.68708e-12 0)
(3 -2.07914e-14 0)
(3 -5.56195e-16 0)
(3 -2.5907e-15 0)
(3 1.51615e-16 0)
(2.25074 0.815678 0)
(2.30511 0.814852 0)
(2.67278 0.499316 0)
(2.96683 0.0914789 0)
(2.99943 0.00359891 0)
(2.99999 4.55726e-05 0)
(3 4.70154e-07 0)
(3 3.61437e-09 0)
(3 -3.62053e-11 0)
(3 -2.70201e-12 0)
(3 -1.70954e-14 0)
(3 3.29563e-15 0)
(3 4.26239e-16 0)
(3 -1.92029e-15 0)
(3 5.10685e-16 0)
(2.20951 0.890022 0)
(2.46363 0.722154 0)
(2.86174 0.264418 0)
(2.9962 0.0137219 0)
(3.00001 5.42163e-05 0)
(3 -6.6661e-07 0)
(3 -6.07534e-09 0)
(3 -1.71222e-09 0)
(3 -7.37461e-11 0)
(3 -5.04627e-13 0)
(3 4.93857e-16 0)
(3 3.99252e-15 0)
(3 -1.45856e-16 0)
(3 -1.61328e-15 0)
(3 6.23673e-16 0)
(2.20875 0.899852 0)
(2.70281 0.431268 0)
(2.98967 0.0280174 0)
(2.99999 0.000332709 0)
(3 4.81539e-06 0)
(3 7.86728e-09 0)
(3 -1.72597e-09 0)
(3 -5.40835e-11 0)
(3 -8.6523e-13 0)
(3 -1.04898e-15 0)
(3 3.05769e-15 0)
(3 3.92866e-15 0)
(3 -1.86029e-16 0)
(3 -2.0959e-15 0)
(3 8.58328e-17 0)
(2.59968 0.55642 0)
(2.99193 0.0366742 0)
(3.00019 0.000285478 0)
(3 -2.11634e-06 0)
(3 -4.68882e-07 0)
(3 -5.95166e-08 0)
(3 -1.6612e-09 0)
(3 -7.99253e-12 0)
(3 -7.04617e-15 0)
(3 3.07209e-15 0)
(3 3.25625e-15 0)
(3 2.9327e-15 0)
(3 -4.41025e-16 0)
(3 -2.1694e-15 0)
(3 -4.34774e-16 0)
(2.99508 0.0488195 0)
(2.99996 0.000916327 0)
(3 3.05562e-06 0)
(3 1.93551e-07 0)
(3 2.01034e-08 0)
(3 5.45535e-10 0)
(3 1.53287e-11 0)
(3 1.92886e-13 0)
(3 2.15674e-15 0)
(3 2.33247e-15 0)
(3 3.90749e-15 0)
(3 2.21944e-15 0)
(3 -4.98773e-16 0)
(3 -1.9787e-15 0)
(3 -3.85668e-16 0)
(3.00061 -0.00141935 0)
(3.00002 -8.91029e-05 0)
(3 -2.38727e-06 0)
(3 -3.33386e-08 0)
(3 -3.11739e-10 0)
(3 -2.55516e-12 0)
(3 -3.17434e-14 0)
(3 -1.40881e-16 0)
(3 5.04117e-16 0)
(3 2.53807e-15 0)
(3 3.70311e-15 0)
(3 9.80737e-16 0)
(3 -2.76439e-16 0)
(3 -1.28194e-15 0)
(3 -6.49055e-16 0)
(3.00001 -2.17731e-05 0)
(3 1.04e-07 0)
(3 1.90164e-08 0)
(3 7.71586e-10 0)
(3 9.94606e-12 0)
(3 7.13545e-14 0)
(3 -4.17024e-16 0)
(3 6.70323e-16 0)
(3 7.73328e-16 0)
(3 2.47016e-15 0)
(3 3.49541e-15 0)
(3 -6.32787e-16 0)
(3 6.64004e-17 0)
(3 -1.39587e-16 0)
(3 -7.09347e-16 0)
(3 1.16166e-06 0)
(3 1.24407e-08 0)
(3 -6.8436e-11 0)
(3 -1.07656e-11 0)
(3 -2.96638e-13 0)
(3 -6.08199e-15 0)
(3 -8.92788e-16 0)
(3 1.6477e-16 0)
(3 6.70134e-16 0)
(3 2.39995e-15 0)
(3 3.09081e-15 0)
(3 -1.65602e-15 0)
(3 -5.98332e-17 0)
(3 1.77906e-16 0)
(3 -5.779e-16 0)
(3 -3.62036e-15 0)
(3 1.89558e-15 0)
(3 2.80834e-15 0)
(3 -6.99128e-16 0)
(3 7.29365e-16 0)
(3 -7.97649e-16 0)
(3 -7.69059e-17 0)
(3 -7.19323e-16 0)
(3 4.70353e-16 0)
(3 2.26167e-15 0)
(3 3.03804e-15 0)
(3 -2.18835e-15 0)
(3 -3.9515e-16 0)
(3 5.11936e-16 0)
(3 -2.07623e-16 0)
(3 -1.13047e-15 0)
(3 1.01636e-15 0)
(3 1.05084e-15 0)
(3 -1.20907e-15 0)
(3 -2.50373e-16 0)
(3 1.07591e-15 0)
(3 9.76134e-16 0)
(3 -1.97556e-15 0)
(3 8.75871e-18 0)
(3 2.39427e-15 0)
(3 2.48937e-15 0)
(3 -2.57767e-15 0)
(3 -7.64215e-16 0)
(3 7.80671e-16 0)
(3 -1.71162e-16 0)
(3 -1.61795e-15 0)
(3 7.50928e-16 0)
(3 8.29712e-16 0)
(3 -9.6739e-16 0)
(3 4.97679e-16 0)
(3 2.04495e-15 0)
(3 1.40694e-15 0)
(3 -2.3151e-15 0)
(3 -6.19831e-17 0)
(3 2.42113e-15 0)
(3 2.1171e-15 0)
(3 -2.41453e-15 0)
(3 -8.15009e-16 0)
(3 4.13798e-16 0)
(3 -2.85982e-16 0)
(3 -2.25194e-15 0)
(3 -3.90699e-16 0)
(3 -1.49961e-15 0)
(3 1.37029e-15 0)
(3 1.27243e-15 0)
(3 2.04349e-15 0)
(3 8.25565e-16 0)
(3 -2.73158e-15 0)
(3 -1.50778e-16 0)
(3 2.36619e-15 0)
(3 1.22877e-15 0)
(3 -1.36319e-15 0)
(3 -1.29606e-16 0)
(3 -4.99882e-17 0)
(3 -3.56839e-16 0)
(3 -2.60516e-15 0)
(3 -2.20542e-15 0)
(3 -1.53231e-15 0)
(3 2.49649e-15 0)
(3 1.39963e-15 0)
(3 1.63275e-15 0)
(3 1.03166e-15 0)
(3 -2.96086e-15 0)
(3 -4.3195e-16 0)
(3 1.81793e-15 0)
(3 5.60258e-16 0)
(3 -1.04271e-15 0)
(3 -1.12516e-17 0)
(3 -9.82176e-17 0)
(3 -2.00206e-16 0)
(3 -2.05298e-15 0)
(3 -2.89762e-15 0)
(3 -9.2489e-16 0)
(3 2.3011e-15 0)
(3 1.76807e-15 0)
(3 1.65032e-15 0)
(3 1.82255e-15 0)
(3 -2.94726e-15 0)
(3 -1.18369e-15 0)
(3 1.40471e-15 0)
(3 4.66763e-16 0)
(3 -7.9676e-16 0)
(3 1.31003e-16 0)
(3 1.28726e-16 0)
(3 2.29123e-16 0)
(3 -1.40023e-15 0)
(3 -3.07722e-15 0)
(3 -1.58549e-15 0)
(3 1.36463e-15 0)
(3 1.76639e-15 0)
(3 2.14875e-15 0)
(3 3.30535e-15 0)
(3 -2.77846e-15 0)
(3 -1.77125e-15 0)
(3 1.34554e-15 0)
(3 2.25863e-16 0)
(3 -4.35334e-16 0)
(3 -9.31964e-17 0)
(3 2.35057e-16 0)
(3 3.38629e-16 0)
(3 -9.00794e-16 0)
(3 -2.9091e-15 0)
(3 -1.87579e-15 0)
(3 7.00952e-16 0)
(3 1.35344e-15 0)
(3 2.35345e-15 0)
(3 3.75422e-15 0)
(3 -1.72763e-15 0)
(3 -2.26322e-15 0)
(3 4.85142e-16 0)
(3 2.45032e-16 0)
(3 -3.1031e-16 0)
(3 -4.7469e-16 0)
(3 2.62033e-16 0)
(3 3.74317e-16 0)
(3 3.69651e-17 0)
(3 -2.38113e-15 0)
(3 -2.37712e-15 0)
(3 2.56239e-16 0)
(3 1.18092e-15 0)
(3 1.97421e-15 0)
(3 4.20428e-15 0)
(3 -1.95774e-15 0)
(3 -2.27373e-15 0)
(3 -4.8734e-17 0)
(3 1.77355e-16 0)
(3 2.79441e-17 0)
(3 -7.9875e-16 0)
(3 5.11779e-16 0)
(3 5.99742e-16 0)
(3 1.82539e-15 0)
(3 -1.76615e-15 0)
(3 -2.84313e-15 0)
(3 -3.14166e-16 0)
(3 8.68109e-16 0)
(3 1.92791e-15 0)
(3 4.11287e-15 0)
(3 -5.67026e-16 0)
(3 -2.56255e-15 0)
(3 -8.42132e-17 0)
(3 2.55517e-16 0)
(3 4.29473e-16 0)
(3 -1.1318e-15 0)
(3 4.08524e-16 0)
(3 6.27471e-16 0)
(3 2.80451e-15 0)
(3 -4.21241e-16 0)
(3 -3.05232e-15 0)
(3 -7.02108e-16 0)
(3 4.48241e-17 0)
(3 8.58396e-16 0)
(3 4.23278e-15 0)
(3 5.19503e-16 0)
(3 -3.1157e-15 0)
(3 -2.97166e-16 0)
(3 5.53275e-16 0)
(3 6.12943e-16 0)
(3 -8.97538e-16 0)
(3 -1.38059e-16 0)
(3 4.14211e-16 0)
(3 2.82785e-15 0)
(3 -5.10966e-16 0)
(3 -2.36434e-15 0)
(3 -3.88026e-16 0)
(3 -7.01368e-17 0)
(3 9.35846e-16 0)
(3 3.2011e-15 0)
(3 -2.77987e-16 0)
(3 -2.83494e-15 0)
(3 -2.13521e-16 0)
(3 1.15839e-15 0)
(3 6.41025e-16 0)
(3 -7.16166e-16 0)
(3 -5.40704e-16 0)
(3 -5.82129e-16 0)
(3 1.46844e-15 0)
(3 2.71824e-17 0)
(3 -2.39739e-15 0)
(3 -4.22619e-16 0)
(3 1.54532e-16 0)
(3 3.93883e-16 0)
(3 1.12114e-15 0)
(3 -9.45693e-16 0)
(3 -9.73271e-16 0)
(3 4.83561e-16 0)
(3 1.63759e-15 0)
(3 9.79905e-16 0)
(3 -6.84111e-16 0)
(3 -8.73093e-16 0)
(3 -6.8584e-16 0)
(3 6.25497e-16 0)
(3 6.63077e-16 0)
(3 -1.34622e-15 0)
(3 -5.45604e-16 0)
(3 2.9373e-16 0)
(3 -3.35549e-16 0)
(3 -1.08883e-15 0)
(3 -1.0241e-15 0)
(3 1.56197e-16 0)
(3 2.09321e-15 0)
(3 1.68843e-15 0)
(3 4.35431e-16 0)
(3 -9.54242e-16 0)
(3 -6.35434e-16 0)
(3 2.75376e-17 0)
(3 -1.19261e-15 0)
(3 -1.93351e-15 0)
(3 -1.46113e-16 0)
(3 -4.37522e-16 0)
(3 7.26024e-16 0)
(3 6.06885e-16 0)
(3 -1.27272e-15 0)
(3 -2.94409e-16 0)
(3 -2.42016e-16 0)
(3 8.99609e-16 0)
(3 1.85489e-15 0)
(3 5.2622e-16 0)
(3 -8.64029e-16 0)
(3 -4.54689e-16 0)
(3 -3.53164e-17 0)
(3 -1.66991e-15 0)
(3 -2.14186e-15 0)
(3 2.62821e-16 0)
(3 -1.41963e-16 0)
(3 1.05622e-15 0)
(3 1.27875e-15 0)
(3 -7.44829e-16 0)
(3 6.75408e-17 0)
(3 4.40056e-16 0)
(3 -1.85258e-16 0)
(3 5.13834e-16 0)
(3 2.46199e-15 0)
(3 1.15645e-16 0)
(3 -1.00153e-16 0)
(3 4.93832e-17 0)
(3 -4.33379e-16 0)
(3 -1.17434e-15 0)
(3 1.31023e-15 0)
(3 7.7824e-16 0)
(3 4.98682e-16 0)
(3 4.52907e-17 0)
(3 -5.79585e-16 0)
(3 9.82472e-17 0)
(3 1.47761e-16 0)
(3 -1.04814e-16 0)
(3 1.71702e-16 0)
(3 2.47806e-15 0)
(3 2.46946e-16 0)
(3 -2.80317e-16 0)
(3 -3.00822e-16 0)
(3 2.6726e-15 0)
(3 -2.11084e-18 0)
(3 -1.73663e-15 0)
(3 -3.57205e-16 0)
(3 1.58483e-15 0)
(3 -4.06797e-16 0)
(3 -8.93027e-16 0)
(3 3.36441e-16 0)
(3 4.28676e-16 0)
(3 3.60612e-16 0)
(3 2.26719e-16 0)
(3 -1.62636e-15 0)
(3 -9.5324e-16 0)
(3 -2.55589e-16 0)
(3 -4.63622e-17 0)
(3 2.52578e-15 0)
(3 2.15411e-15 0)
(3 -3.02283e-15 0)
(3 -6.34833e-16 0)
(3 1.34918e-15 0)
(3 -4.37314e-16 0)
(3 7.78386e-16 0)
(3 2.13549e-16 0)
(3 6.67893e-16 0)
(3 1.43817e-15 0)
(3 -9.78594e-17 0)
(3 -2.76143e-15 0)
(3 -1.0276e-15 0)
(3 6.84728e-16 0)
(3 -4.08462e-16 0)
(3 -3.08596e-16 0)
(3 -4.68875e-16 0)
(3 8.80175e-16 0)
(3 8.00703e-16 0)
(3 6.45317e-16 0)
(3 -4.05263e-17 0)
(3 1.20611e-15 0)
(3 6.35586e-16 0)
(3 -1.37992e-15 0)
(3 -3.17602e-17 0)
(3 -1.33664e-16 0)
(3 9.66535e-16 0)
(3 -2.61396e-16 0)
(3 -7.20866e-16 0)
(3 -3.3282e-16 0)
(3 2.66231e-15 0)
(3 2.92235e-15 0)
(3 2.86521e-15 0)
(3 2.28129e-15 0)
(3 1.67034e-15 0)
(3 1.51193e-15 0)
(3 2.57283e-15 0)
(3 1.2606e-15 0)
(3 -1.92878e-15 0)
(3 -1.86025e-15 0)
(3 6.30973e-16 0)
(3 1.7218e-15 0)
(3 3.55956e-15 0)
(3 3.74379e-15 0)
(3 1.20697e-15 0)
(3 -3.37096e-16 0)
(3 -2.97756e-16 0)
(3 -2.35788e-15 0)
(3 -5.62788e-15 0)
(3 -4.34886e-15 0)
(3 3.00584e-17 0)
(3 -3.51276e-16 0)
(3 2.25951e-15 0)
(3 2.68038e-15 0)
(3 2.42172e-16 0)
(3 -9.052e-16 0)
(3 -2.45223e-15 0)
(3 -1.04957e-15 0)
(3 -1.032e-15 0)
(3 -1.50984e-15 0)
(3 -3.00619e-16 0)
(3 -1.10939e-15 0)
(3 1.00498e-15 0)
(3 1.72665e-15 0)
(3 3.21365e-15 0)
(3 4.4142e-15 0)
(3 1.49099e-16 0)
(3 1.4014e-15 0)
(3 1.5682e-15 0)
(3 -1.5215e-15 0)
(3 -1.46128e-16 0)
(3 -7.47113e-16 0)
(3 -1.26974e-15 0)
(3 4.40797e-16 0)
(3 2.49864e-15 0)
(3 2.60346e-15 0)
(3 1.61182e-15 0)
(3 4.06519e-16 0)
(3 7.88329e-16 0)
(3 -3.71643e-16 0)
(3 -1.06249e-15 0)
(3 -1.30414e-15 0)
(3 -3.27793e-15 0)
(3 -2.60511e-15 0)
(3 -8.19727e-16 0)
(3 -1.33424e-15 0)
(3 -9.00507e-16 0)
(3 -2.05066e-15 0)
(3 -1.96115e-15 0)
(3 3.31211e-15 0)
(3 1.88278e-17 0)
(3 5.96424e-16 0)
(3 -7.80579e-16 0)
(3 -2.32655e-16 0)
(3 -1.27597e-15 0)
(3 6.61002e-16 0)
(3 -9.12451e-16 0)
(3 -2.428e-15 0)
(3 -3.28482e-15 0)
(3 -6.49708e-16 0)
(3 1.2221e-15 0)
(3 7.25661e-16 0)
(3 -9.17672e-16 0)
(3 -1.63936e-15 0)
(3 -1.44746e-15 0)
(3 -2.43498e-16 0)
(3 -2.82485e-17 0)
(3 3.44936e-16 0)
(3 7.95295e-16 0)
(3 1.97154e-16 0)
(3 -9.62616e-16 0)
(3 -9.75096e-16 0)
(3 -1.01328e-15 0)
(3 -9.57403e-16 0)
(3 -8.69018e-16 0)
(3 -1.84251e-15 0)
(3 2.47685e-15 0)
(3 2.90719e-15 0)
(3 4.8823e-15 0)
(3 4.21948e-15 0)
(3 -1.93544e-16 0)
(3 2.93928e-16 0)
(3 8.14997e-16 0)
(3 5.91065e-16 0)
(3 1.22752e-15 0)
(3 8.15573e-16 0)
(3 9.1563e-16 0)
(3 2.17022e-15 0)
(3 4.1785e-15 0)
(3 8.60702e-15 0)
(3 -1.51928e-15 0)
(3 -1.33119e-15 0)
(3 1.69002e-16 0)
(3 -4.2696e-16 0)
(3 -2.73435e-17 0)
(3 2.45522e-16 0)
(3 -2.01061e-15 0)
(3 -1.78974e-15 0)
(3 -2.16835e-15 0)
(3 -8.85529e-16 0)
(3 2.87215e-16 0)
(3 2.47508e-17 0)
(3 -6.24573e-16 0)
(3 -1.05119e-16 0)
(3 -6.92878e-16 0)
(3 -2.77492e-16 0)
(3 -2.68382e-15 0)
(3 -3.51526e-15 0)
(3 -6.40902e-15 0)
(3 -6.26067e-15 0)
(3 1.05855e-15 0)
(3 1.70631e-16 0)
(3 -6.58275e-16 0)
(3 -8.38878e-16 0)
(3 -1.2478e-15 0)
(3 8.42858e-16 0)
(3 -4.59913e-17 0)
(3 -6.25106e-16 0)
(3 -6.79861e-16 0)
(3 -4.06439e-15 0)
(3 6.3197e-16 0)
(3 -7.66655e-16 0)
(3 -8.08724e-16 0)
(3 -2.35807e-17 0)
(3 1.27104e-15 0)
(3 -7.74514e-17 0)
(3 2.5443e-15 0)
(3 2.75125e-15 0)
(3 3.98242e-15 0)
(3 -6.62948e-16 0)
(3 2.74481e-16 0)
(3 -5.48543e-16 0)
(3 2.15363e-16 0)
(3 3.16683e-16 0)
(3 3.45252e-16 0)
(3 8.34951e-16 0)
(3 1.56935e-15 0)
(3 3.37249e-15 0)
(3 1.25186e-15 0)
(3 2.13166e-15 0)
(3 -2.25846e-15 0)
(3 -1.83849e-15 0)
(3 2.07267e-15 0)
(3 8.10157e-16 0)
(3 -1.51186e-15 0)
(3 -1.32665e-15 0)
(3 -7.22831e-16 0)
(3 -2.73254e-16 0)
(3 9.27222e-16 0)
(3 3.20534e-15 0)
(3 -9.42604e-16 0)
(3 3.97621e-16 0)
(3 1.44118e-15 0)
(3 4.88175e-16 0)
(3 -1.20782e-16 0)
(3 -2.40659e-15 0)
(3 -1.12001e-15 0)
(3 -1.81634e-15 0)
(3 -1.39537e-15 0)
(3 1.85374e-15 0)
(3 3.21488e-16 0)
(3 1.32531e-15 0)
(3 -8.79034e-16 0)
(3 -1.42097e-15 0)
(3 -9.21313e-16 0)
(3 -1.8994e-15 0)
(3 4.67258e-16 0)
(3 3.62166e-16 0)
(3 -7.53593e-16 0)
(3 1.85312e-15 0)
(3 -2.55592e-16 0)
(3 2.30935e-16 0)
(3 -2.37874e-15 0)
(3 -3.04764e-15 0)
(3 -2.15402e-15 0)
(3 2.8044e-16 0)
(3 2.14355e-17 0)
(3 2.84194e-15 0)
(3 4.46972e-15 0)
(3 2.28955e-15 0)
(3 -2.17869e-15 0)
(3 -1.29472e-15 0)
(3 -3.08942e-15 0)
(3 -1.02409e-15 0)
(3 -6.4583e-16 0)
(3 -2.70743e-16 0)
(3 -1.35568e-15 0)
(3 1.47631e-15 0)
(3 2.60369e-15 0)
(3 2.53792e-16 0)
(3 -1.26356e-15 0)
(3 -8.56629e-16 0)
(3 -1.18268e-15 0)
(3 -6.12314e-16 0)
(3 -5.22115e-16 0)
(3 7.67782e-16 0)
(3 -1.16361e-15 0)
(3 -2.48684e-15 0)
(3 -1.56154e-15 0)
(3 -3.13037e-16 0)
(3 -1.56835e-15 0)
(3 -6.98841e-16 0)
(3 -1.39226e-15 0)
(3 -5.58652e-16 0)
(3 8.76981e-16 0)
(3 1.63066e-15 0)
(3 -3.513e-16 0)
(3 -2.93531e-15 0)
(3 -4.19414e-15 0)
(3 -1.06503e-15 0)
(3 2.21636e-15 0)
(3 1.4073e-15 0)
(3 1.26997e-15 0)
(3 1.06758e-15 0)
(3 7.93981e-16 0)
(3 -6.12775e-16 0)
(3 -1.49539e-15 0)
(3 -1.28283e-15 0)
(3 9.8184e-18 0)
(3 -9.67821e-16 0)
(3 2.4088e-15 0)
(3 1.67936e-15 0)
(3 2.06198e-15 0)
(3 1.6437e-15 0)
(3 8.2137e-16 0)
(3 1.8519e-16 0)
(3 -1.64266e-15 0)
(3 -7.34029e-16 0)
(3 1.28299e-15 0)
(3 -1.11538e-15 0)
(3 6.94176e-16 0)
(3 1.23986e-15 0)
(3 1.67228e-15 0)
(3 1.10762e-15 0)
(3 6.22748e-16 0)
(3 -1.93044e-16 0)
(3 5.49978e-16 0)
(3 6.47571e-16 0)
(3 2.95769e-16 0)
(3 -6.9037e-16 0)
(3 -1.05235e-15 0)
(3 -1.95118e-16 0)
(3 -4.59248e-17 0)
(3 6.61247e-16 0)
(3 -2.05211e-16 0)
(3 -4.3039e-16 0)
(3 1.21868e-15 0)
(3 1.96226e-15 0)
(3 7.33724e-16 0)
(3 5.79516e-16 0)
(3 -3.2054e-15 0)
(3 -3.11666e-15 0)
(3 -2.13165e-15 0)
(3 -3.65327e-16 0)
(3 -2.70136e-16 0)
(3 8.35112e-16 0)
(3 1.09732e-15 0)
(3 1.4586e-15 0)
(3 1.29353e-15 0)
(3 1.0751e-15 0)
(3 -5.55937e-16 0)
(3 -1.53458e-15 0)
(3 -1.17826e-15 0)
(3 -1.48022e-15 0)
(3 -1.04599e-15 0)
(3 -8.49608e-16 0)
(3 -8.93527e-16 0)
(3 7.39847e-16 0)
(3 1.02183e-15 0)
(3 -1.55966e-16 0)
(3 2.10295e-16 0)
(3 1.34214e-15 0)
(3 6.56066e-16 0)
(3 -4.60561e-16 0)
(3 -7.44994e-16 0)
(3 -8.64777e-16 0)
(3 -1.03352e-15 0)
(3 -6.54574e-16 0)
(3 -4.2745e-17 0)
(3 -1.19598e-15 0)
(3 5.89605e-17 0)
(3 1.11947e-16 0)
(3 -3.93311e-16 0)
(3 1.88111e-16 0)
(3 1.04407e-15 0)
(3 2.16431e-15 0)
(3 1.31992e-15 0)
(3 4.2956e-16 0)
(3 -8.06218e-16 0)
(3 6.69985e-17 0)
(3 3.01427e-16 0)
(3 -4.25191e-16 0)
(3 -1.55859e-15 0)
(3 1.49723e-16 0)
(3 1.78686e-16 0)
(3 1.63969e-15 0)
(3 1.54138e-15 0)
(3 2.55545e-16 0)
(3 -9.37049e-16 0)
(3 6.18291e-17 0)
(3 1.741e-15 0)
(3 1.18654e-16 0)
(3 1.97619e-16 0)
(3 1.05753e-16 0)
(3 -3.38802e-16 0)
(3 -5.49437e-16 0)
(3 -4.47388e-16 0)
(3 1.72079e-16 0)
(3 4.65015e-16 0)
(3 2.86805e-16 0)
(3 -2.50073e-16 0)
(3 2.7436e-16 0)
(3 1.75002e-15 0)
(3 1.30985e-15 0)
(3 1.02377e-15 0)
(3 -1.22686e-15 0)
(3 -1.14266e-15 0)
(3 2.0367e-16 0)
(3 1.64746e-15 0)
(3 1.47197e-15 0)
(3 -1.18189e-15 0)
(3 -3.53726e-16 0)
(3 -2.31808e-16 0)
(3 -8.53467e-17 0)
(3 -1.11386e-17 0)
(3 -5.71315e-16 0)
(3 -6.04331e-16 0)
(3 -6.02637e-16 0)
(3 8.08617e-16 0)
(3 5.62934e-16 0)
(3 -2.90267e-16 0)
(3 -2.8728e-16 0)
(3 -2.83374e-16 0)
(3 -3.3151e-16 0)
(3 -2.81744e-16 0)
(3 -4.44263e-17 0)
(3 3.65655e-16 0)
(3 9.10043e-17 0)
(3 2.83883e-16 0)
(3 -3.21341e-16 0)
(3 -7.05635e-16 0)
(3 2.7195e-16 0)
(3 2.35214e-15 0)
(3 2.50819e-15 0)
(3 1.72718e-16 0)
(3 -1.36811e-15 0)
(3 -1.74133e-15 0)
(3 -6.16127e-16 0)
(3 4.10191e-16 0)
(3 -3.38297e-16 0)
(3 9.63616e-16 0)
(3 1.87123e-15 0)
(3 -5.822e-16 0)
(3 -1.2851e-15 0)
(3 -1.76105e-16 0)
(3 -3.3479e-16 0)
(3 4.50737e-16 0)
(3 2.73125e-15 0)
(3 2.04158e-15 0)
(3 -6.16901e-16 0)
(3 -1.253e-15 0)
(3 -1.00489e-15 0)
(3 -6.89951e-16 0)
(3 3.26919e-16 0)
(3 -6.95336e-16 0)
(3 1.36729e-15 0)
(3 1.85993e-15 0)
(3 -1.16375e-15 0)
(3 -1.00357e-15 0)
(3 6.37067e-17 0)
(3 -4.46668e-16 0)
(3 1.43967e-15 0)
(3 3.02044e-15 0)
(3 1.5619e-15 0)
(3 -1.54731e-15 0)
(3 -8.13958e-16 0)
(3 -6.91962e-16 0)
(3 -1.12141e-15 0)
(3 2.74686e-16 0)
(3 -1.12283e-15 0)
(3 2.09104e-15 0)
(3 1.57655e-15 0)
(3 -2.48773e-15 0)
(3 -7.89307e-16 0)
(3 3.2554e-16 0)
(3 -4.39575e-16 0)
(3 1.5334e-15 0)
(3 2.44299e-15 0)
(3 1.63083e-15 0)
(3 -1.87827e-15 0)
(3 -8.47159e-16 0)
(3 -4.00881e-16 0)
(3 -1.39233e-15 0)
(3 3.34254e-17 0)
(3 -1.60401e-15 0)
(3 2.7534e-15 0)
(3 1.45651e-15 0)
(3 -2.61179e-15 0)
(3 -6.86212e-16 0)
(3 3.69124e-16 0)
(3 1.0535e-16 0)
(3 1.39398e-15 0)
(3 2.63405e-15 0)
(3 1.82907e-15 0)
(3 -2.43501e-15 0)
(3 -1.06452e-15 0)
(3 4.70414e-16 0)
(3 -1.37553e-15 0)
(3 -2.74841e-16 0)
(3 -1.70237e-15 0)
(3 3.06733e-15 0)
(3 1.35005e-15 0)
(3 -2.26052e-15 0)
(3 -8.59801e-16 0)
(3 2.20729e-16 0)
(3 1.87168e-16 0)
(3 1.38395e-15 0)
(3 2.81914e-15 0)
(3 1.85011e-15 0)
(3 -2.24328e-15 0)
(3 -1.68338e-15 0)
(3 1.02658e-15 0)
(3 -1.58819e-15 0)
(3 -3.15836e-16 0)
(3 -1.91336e-15 0)
(3 3.27967e-15 0)
(3 1.44179e-15 0)
(3 -2.08898e-15 0)
(3 -1.30904e-15 0)
(3 1.42788e-16 0)
(3 1.9821e-16 0)
(3 1.46877e-15 0)
(3 3.08855e-15 0)
(3 2.51713e-15 0)
(3 -1.32561e-15 0)
(3 -2.45077e-15 0)
(3 8.83337e-16 0)
(3 -1.92504e-15 0)
(3 2.65746e-17 0)
(3 -1.68089e-15 0)
(3 3.33208e-15 0)
(3 1.61246e-15 0)
(3 -2.76299e-15 0)
(3 -1.56502e-15 0)
(3 2.11386e-16 0)
(3 1.4463e-16 0)
(3 1.6351e-15 0)
(3 3.91251e-15 0)
(3 2.99168e-15 0)
(3 -1.20555e-15 0)
(3 -2.94737e-15 0)
(3 8.13615e-16 0)
(3 -2.31451e-15 0)
(3 1.49537e-16 0)
(3 -1.0763e-15 0)
(3 3.07783e-15 0)
(3 1.72146e-15 0)
(3 -3.07653e-15 0)
(3 -1.77143e-15 0)
(3 3.29081e-16 0)
(3 2.22816e-16 0)
(3 1.76407e-15 0)
(3 3.93371e-15 0)
(3 2.85156e-15 0)
(3 -1.14831e-15 0)
(3 -1.59763e-15 0)
(3 9.45547e-16 0)
(3 -3.25097e-15 0)
(3 -8.78233e-17 0)
(3 -5.30208e-16 0)
(3 2.13428e-15 0)
(3 1.84022e-15 0)
(3 -2.88835e-15 0)
(3 -1.82204e-15 0)
(3 5.08644e-16 0)
(3 2.50207e-15 0)
(3 3.84208e-16 0)
(3 3.00885e-15 0)
(3 1.22593e-15 0)
(3 -2.43323e-15 0)
(3 9.21516e-16 0)
(3 7.15781e-16 0)
(3 -4.11166e-15 0)
(3 -3.61013e-16 0)
(3 -2.18297e-16 0)
(3 1.63864e-15 0)
(3 2.05188e-15 0)
(3 -2.88174e-15 0)
(3 -2.0373e-15 0)
(3 1.04765e-15 0)
(3 -1.16168e-06 0)
(3 -1.24408e-08 0)
(3 6.84392e-11 0)
(3 1.07668e-11 0)
(3 2.96808e-13 0)
(3 4.39827e-15 0)
(3 7.12614e-16 0)
(3 -3.53696e-15 0)
(3 -5.70202e-16 0)
(3 -8.97249e-17 0)
(3 1.14359e-15 0)
(3 2.0486e-15 0)
(3 -2.60457e-15 0)
(3 -2.52985e-15 0)
(3 6.71329e-16 0)
(3.00001 2.17734e-05 0)
(3 -1.04001e-07 0)
(3 -1.90167e-08 0)
(3 -7.71587e-10 0)
(3 -9.94485e-12 0)
(3 -7.47689e-14 0)
(3 -1.77638e-15 0)
(3 -2.86325e-15 0)
(3 -8.14776e-16 0)
(3 -1.63865e-16 0)
(3 4.43031e-16 0)
(3 1.76678e-15 0)
(3 -1.76395e-15 0)
(3 -2.87967e-15 0)
(3 -7.15249e-16 0)
(3.00061 0.00141937 0)
(3.00002 8.91028e-05 0)
(3 2.38725e-06 0)
(3 3.33385e-08 0)
(3 3.11743e-10 0)
(3 2.54992e-12 0)
(3 3.13615e-14 0)
(3 -1.06265e-15 0)
(3 4.54564e-16 0)
(3 -3.57928e-16 0)
(3 3.82023e-17 0)
(3 7.71961e-16 0)
(3 -6.46275e-16 0)
(3 -2.7037e-15 0)
(3 -1.42442e-15 0)
(2.99507 -0.048823 0)
(2.99996 -0.000916131 0)
(3 -3.04664e-06 0)
(3 -1.93444e-07 0)
(3 -2.01611e-08 0)
(3 -5.45825e-10 0)
(3 -1.52969e-11 0)
(3 -1.92595e-13 0)
(3 -2.03483e-15 0)
(3 -4.45163e-16 0)
(3 -2.33636e-17 0)
(3 1.6055e-16 0)
(3 -5.03592e-16 0)
(3 -2.39345e-15 0)
(3 -2.09236e-15 0)
(2.59968 -0.556423 0)
(2.99192 -0.0366835 0)
(3.00019 -0.000286111 0)
(3 2.11086e-06 0)
(3 4.68392e-07 0)
(3 5.95141e-08 0)
(3 1.66154e-09 0)
(3 8.00327e-12 0)
(3 7.50629e-15 0)
(3 -9.48113e-16 0)
(3 -3.92253e-18 0)
(3 -1.05552e-16 0)
(3 -4.08101e-16 0)
(3 -8.83525e-16 0)
(3 -1.84401e-15 0)
(2.20875 -0.899852 0)
(2.70285 -0.431216 0)
(2.98968 -0.0280003 0)
(2.99999 -0.000332152 0)
(3 -4.80876e-06 0)
(3 -7.89422e-09 0)
(3 1.72798e-09 0)
(3 5.39342e-11 0)
(3 8.62773e-13 0)
(3 1.89183e-15 0)
(3 -1.25413e-15 0)
(3 -3.19935e-16 0)
(3 -4.71624e-17 0)
(3 3.97236e-16 0)
(3 3.28495e-16 0)
(2.2095 -0.890033 0)
(2.46356 -0.722209 0)
(2.86169 -0.26448 0)
(2.99619 -0.0137295 0)
(3.00001 -5.43276e-05 0)
(3 6.665e-07 0)
(3 6.07046e-09 0)
(3 1.71198e-09 0)
(3 7.37901e-11 0)
(3 5.04924e-13 0)
(3 -7.52447e-16 0)
(3 -1.28278e-16 0)
(3 4.13384e-16 0)
(3 1.20179e-15 0)
(3 2.05153e-15 0)
(2.25083 -0.815532 0)
(2.30515 -0.814809 0)
(2.67281 -0.49928 0)
(2.96684 -0.0914558 0)
(2.99943 -0.0035978 0)
(2.99999 -4.55576e-05 0)
(3 -4.70042e-07 0)
(3 -3.61295e-09 0)
(3 3.62509e-11 0)
(3 2.70594e-12 0)
(3 1.7496e-14 0)
(3 5.60746e-16 0)
(3 5.43877e-16 0)
(3 1.59433e-15 0)
(3 2.35158e-15 0)
(2.31995 -0.678802 0)
(2.32071 -0.801846 0)
(2.45707 -0.747429 0)
(2.83077 -0.33513 0)
(2.99578 -0.0237406 0)
(3.00006 -0.000248818 0)
(3 7.35164e-07 0)
(3 3.55169e-08 0)
(3 6.22506e-09 0)
(3 2.72324e-10 0)
(3 3.68696e-12 0)
(3 2.52515e-14 0)
(3 4.73222e-16 0)
(3 1.01074e-15 0)
(3 2.29084e-15 0)
(2.45788 -0.415658 0)
(2.32057 -0.736965 0)
(2.44465 -0.735247 0)
(2.6403 -0.566298 0)
(2.89751 -0.208411 0)
(2.99269 -0.0221781 0)
(2.99981 -0.000865766 0)
(3 -1.65978e-05 0)
(3 -1.95776e-07 0)
(3 -1.44281e-09 0)
(3 -6.07299e-12 0)
(3 -1.18917e-14 0)
(3 8.5545e-17 0)
(3 4.15061e-16 0)
(3 1.90241e-15 0)
(2.51014 -0.287572 0)
(2.39588 -0.628032 0)
(2.47105 -0.694908 0)
(2.58966 -0.646012 0)
(2.87305 -0.303528 0)
(2.98765 -0.0440668 0)
(2.99962 -0.00155553 0)
(2.99999 -2.63832e-05 0)
(3 -3.14796e-07 0)
(3 -2.69524e-09 0)
(3 -1.65737e-11 0)
(3 -7.90446e-14 0)
(3 -8.08894e-16 0)
(3 1.47295e-15 0)
(3 1.56469e-15 0)
(2.62936 0.0461119 0)
(2.53218 -0.403865 0)
(2.51646 -0.637092 0)
(2.61762 -0.630993 0)
(2.74394 -0.517324 0)
(2.94326 -0.153258 0)
(2.99733 -0.00918477 0)
(2.99996 -0.000128518 0)
(3 -1.05014e-06 0)
(3 -7.86449e-09 0)
(3 -5.44285e-11 0)
(3 -3.31794e-13 0)
(3 -2.26949e-15 0)
(3 5.50885e-16 0)
(3 8.10742e-16 0)
(2.72297 0.19658 0)
(2.6663 -0.163757 0)
(2.6149 -0.524903 0)
(2.6733 -0.597227 0)
(2.79179 -0.51479 0)
(2.91357 -0.282633 0)
(2.99042 -0.0353622 0)
(2.99979 -0.00075137 0)
(3 -5.50244e-06 0)
(3 -3.11902e-08 0)
(3 -1.73522e-10 0)
(3 -9.64907e-13 0)
(3 -5.78041e-15 0)
(3 -2.06942e-16 0)
(3 -8.00076e-16 0)
(2.80522 0.181551 0)
(2.74171 -0.137749 0)
(2.73407 -0.389853 0)
(2.75218 -0.549599 0)
(2.83816 -0.484585 0)
(2.93543 -0.342683 0)
(2.98582 -0.0849267 0)
(2.99933 -0.00310411 0)
(2.99999 -2.6402e-05 0)
(3 -1.32899e-07 0)
(3 -6.01708e-10 0)
(3 -2.71346e-12 0)
(3 -1.09454e-14 0)
(3 -1.1694e-15 0)
(3 -9.77491e-16 0)
(2.87345 0.23905 0)
(2.87373 0.101866 0)
(2.8056 -0.275739 0)
(2.85095 -0.467323 0)
(2.91261 -0.430023 0)
(2.95922 -0.329237 0)
(2.9928 -0.117384 0)
(2.99928 -0.00726789 0)
(2.99999 -7.92343e-05 0)
(3 -3.9657e-07 0)
(3 -1.63323e-09 0)
(3 -6.20327e-12 0)
(3 1.88662e-15 0)
(3 7.29225e-15 0)
(3 4.90145e-17 0)
(2.94495 0.297791 0)
(2.94314 0.253484 0)
(2.98702 -0.0438198 0)
(2.97105 -0.33641 0)
(2.99346 -0.355227 0)
(2.99966 -0.288935 0)
(2.99789 -0.115006 0)
(2.99972 -0.00883693 0)
(3 -0.000113962 0)
(3 -5.87067e-07 0)
(3 -2.33745e-09 0)
(3 -7.43405e-12 0)
(3 1.39362e-13 0)
(3 4.10275e-14 0)
(3 9.27013e-16 0)
(2.95729 0.321421 0)
(3.00552 0.33828 0)
(3.04078 0.0165206 0)
(3.07243 -0.210132 0)
(3.06046 -0.264945 0)
(3.03794 -0.225202 0)
(3.00716 -0.0948762 0)
(3.00009 -0.00781019 0)
(3 -0.000105968 0)
(3 -5.54429e-07 0)
(3 -2.2038e-09 0)
(3 -5.00378e-12 0)
(3 7.19362e-13 0)
(3 1.09378e-13 0)
(3 1.19868e-15 0)
(2.97346 0.358589 0)
(3.05923 0.388133 0)
(3.09981 0.0566433 0)
(3.11111 -0.133347 0)
(3.09146 -0.179776 0)
(3.05484 -0.151274 0)
(3.01266 -0.0572227 0)
(3.00062 -0.00446902 0)
(3.00001 -6.3118e-05 0)
(3 -3.49482e-07 0)
(3 -1.40695e-09 0)
(3 3.16679e-12 0)
(3 2.10809e-12 0)
(3 1.11286e-13 0)
(3 1.00317e-15 0)
(2.97413 0.365201 0)
(3.06722 0.345254 0)
(3.10114 0.0597028 0)
(3.10685 -0.0872385 0)
(3.0848 -0.108363 0)
(3.04303 -0.0798463 0)
(3.00853 -0.0213214 0)
(3.00044 -0.00124388 0)
(3.00001 -1.66215e-05 0)
(3 -9.97637e-08 0)
(3 -3.6559e-10 0)
(3 1.58055e-11 0)
(3 2.92384e-12 0)
(3 5.56088e-14 0)
(3 6.28158e-16 0)
(2.96037 0.313034 0)
(3.0339 0.231999 0)
(3.06105 0.0351438 0)
(3.07375 -0.0471882 0)
(3.05028 -0.0512422 0)
(3.01748 -0.0260723 0)
(3.00219 -0.00377643 0)
(3.00008 -0.000129416 0)
(3 -1.45336e-06 0)
(3 -8.79795e-09 0)
(3 8.07564e-11 0)
(3 2.6066e-11 0)
(3 1.41807e-12 0)
(3 1.05256e-14 0)
(3 1.71157e-15 0)
(2.94517 0.212093 0)
(3.00118 0.126001 0)
(3.02761 0.0174812 0)
(3.02884 -0.0148771 0)
(3.01472 -0.0134002 0)
(3.00287 -0.00379198 0)
(3.00017 -0.000242864 0)
(3 -4.1781e-06 0)
(3 -3.41527e-08 0)
(3 3.7117e-10 0)
(3 1.52683e-10 0)
(3 1.41031e-11 0)
(3 2.16946e-13 0)
(3 1.86481e-15 0)
(3 1.29407e-15 0)
(2.951 0.111682 0)
(2.98907 0.0549236 0)
(3.00804 0.00849753 0)
(3.00419 -0.00167005 0)
(3.00153 -0.00126816 0)
(3.00015 -0.000181044 0)
(3 -4.95399e-06 0)
(3 -4.25366e-08 0)
(3 1.12007e-09 0)
(3 5.56173e-10 0)
(3 8.48021e-11 0)
(3 2.44883e-12 0)
(3 1.22914e-14 0)
(3 8.33696e-16 0)
(3 1.02989e-15 0)
(2.9741 0.040802 0)
(2.99295 0.0161354 0)
(3.00016 0.00172948 0)
(3.00016 2.26611e-05 0)
(3.00004 -2.09744e-05 0)
(3 -2.58659e-06 0)
(3 -3.16413e-08 0)
(3 1.67408e-09 0)
(3 1.08155e-09 0)
(3 2.83798e-10 0)
(3 1.55939e-11 0)
(3 1.3009e-13 0)
(3 1.8693e-15 0)
(3 1.36801e-15 0)
(3 8.99477e-16 0)
(2.99357 0.00777396 0)
(2.9984 0.00222546 0)
(2.99989 0.000621929 0)
(3 5.70656e-05 0)
(3 5.84986e-06 0)
(3 3.1672e-07 0)
(3 8.68286e-09 0)
(3 1.25247e-09 0)
(3 3.90062e-10 0)
(3 4.13341e-11 0)
(3 7.0462e-13 0)
(3 -2.03573e-16 0)
(3 2.83856e-16 0)
(3 1.40132e-15 0)
(3 1.05681e-15 0)
(2.99947 0.000526131 0)
(2.99989 9.52567e-05 0)
(2.99994 7.94375e-05 0)
(2.99999 3.06514e-05 0)
(3 5.21656e-06 0)
(3 3.23174e-07 0)
(3 7.86565e-09 0)
(3 3.58539e-10 0)
(3 3.45072e-11 0)
(3 1.20971e-12 0)
(3 7.99782e-15 0)
(3 -1.53501e-15 0)
(3 9.49e-17 0)
(3 8.16802e-16 0)
(3 4.22742e-16 0)
(2.99999 9.68745e-06 0)
(3 1.13266e-06 0)
(2.99999 2.67578e-06 0)
(2.99999 4.78009e-06 0)
(3 2.0361e-06 0)
(3 1.95313e-07 0)
(3 4.48719e-09 0)
(3 4.77064e-11 0)
(3 7.08112e-13 0)
(3 4.10402e-15 0)
(3 -2.71791e-15 0)
(3 -5.47676e-16 0)
(3 -1.13245e-16 0)
(3 1.78613e-16 0)
(3 -2.33451e-16 0)
(3 5.9054e-08 0)
(3 4.08787e-09 0)
(3 1.64552e-08 0)
(3 1.92565e-07 0)
(3 1.9082e-07 0)
(3 3.63009e-08 0)
(3 1.00027e-09 0)
(3 5.34738e-12 0)
(3 2.12988e-14 0)
(3 -6.58647e-16 0)
(3 -1.95733e-15 0)
(3 -6.60502e-16 0)
(3 -6.05419e-16 0)
(3 -3.2362e-16 0)
(3 -1.92018e-18 0)
(3 2.088e-10 0)
(3 -9.61768e-12 0)
(3 -1.45213e-10 0)
(3 1.93291e-09 0)
(3 3.56372e-09 0)
(3 1.36682e-09 0)
(3 5.43441e-11 0)
(3 2.53257e-13 0)
(3 4.17831e-15 0)
(3 1.85356e-15 0)
(3 -1.01327e-15 0)
(3 -6.3741e-16 0)
(3 -1.10809e-15 0)
(3 7.64436e-16 0)
(3 2.98546e-16 0)
(3 -5.21815e-14 0)
(3 -7.52785e-13 0)
(3 -2.00805e-12 0)
(3 6.57224e-12 0)
(3 1.7124e-11 0)
(3 9.92925e-12 0)
(3 5.73284e-13 0)
(3 7.28719e-15 0)
(3 1.47288e-15 0)
(3 -1.8887e-15 0)
(3 -2.12735e-16 0)
(3 -5.81608e-16 0)
(3 -1.38965e-15 0)
(3 9.32051e-16 0)
(3 5.21929e-16 0)
(3 -3.29932e-13 0)
(3 -3.05303e-13 0)
(3 -1.23311e-13 0)
(3 5.7578e-15 0)
(3 3.79592e-14 0)
(3 2.46212e-14 0)
(3 6.45704e-16 0)
(3 1.43302e-15 0)
(3 4.19166e-15 0)
(3 1.83642e-16 0)
(3 -1.97201e-15 0)
(3 -8.77552e-16 0)
(3 -1.0417e-15 0)
(3 5.19716e-16 0)
(3 3.65762e-16 0)
(2.68382 0.11948 0)
(2.71906 0.232078 0)
(2.79065 0.219971 0)
(2.8715 0.350329 0)
(2.93991 0.478216 0)
(2.99566 0.533686 0)
(3.04792 0.552807 0)
(3.05755 0.591885 0)
(3.02889 0.595848 0)
(2.9512 0.468977 0)
(2.90999 0.302021 0)
(2.92025 0.166406 0)
(2.9566 0.0684467 0)
(2.98794 0.0162253 0)
(2.99879 0.00151516 0)
(2.99997 3.99488e-05 0)
(3 3.24387e-07 0)
(3 1.40486e-09 0)
(3 4.5908e-12 0)
(3 -1.15893e-13 0)
(2.72703 0.295067 0)
(2.76924 0.38799 0)
(2.84403 0.370301 0)
(2.91655 0.534016 0)
(2.92378 0.580318 0)
(2.94824 0.639887 0)
(2.99754 0.668139 0)
(3.02297 0.69248 0)
(2.98525 0.635434 0)
(2.90387 0.456772 0)
(2.87147 0.282615 0)
(2.89356 0.151169 0)
(2.94228 0.062442 0)
(2.98317 0.015534 0)
(2.99812 0.0015894 0)
(2.99994 4.70189e-05 0)
(3 4.11031e-07 0)
(3 1.78588e-09 0)
(3 5.82506e-12 0)
(3 -5.17433e-14 0)
(2.75888 0.515874 0)
(2.8023 0.578394 0)
(2.90522 0.516789 0)
(2.94003 0.654764 0)
(2.91627 0.698906 0)
(2.91245 0.734233 0)
(2.93435 0.785512 0)
(2.96366 0.793842 0)
(2.92871 0.671185 0)
(2.84822 0.469055 0)
(2.82841 0.284274 0)
(2.86759 0.154591 0)
(2.92984 0.0668079 0)
(2.97884 0.0176992 0)
(2.99741 0.00198516 0)
(2.99991 6.56363e-05 0)
(3 6.21985e-07 0)
(3 2.75364e-09 0)
(3 9.21926e-12 0)
(3 4.9243e-14 0)
(2.78479 0.712666 0)
(2.82666 0.720898 0)
(2.94523 0.673603 0)
(2.95114 0.734001 0)
(2.92951 0.751781 0)
(2.89723 0.817688 0)
(2.89209 0.846117 0)
(2.89264 0.817909 0)
(2.8109 0.689085 0)
(2.7559 0.44334 0)
(2.77129 0.260102 0)
(2.83983 0.143792 0)
(2.91835 0.0645046 0)
(2.97477 0.0180464 0)
(2.99666 0.00219321 0)
(2.99987 7.96112e-05 0)
(3 8.02441e-07 0)
(3 3.55914e-09 0)
(3 1.15648e-11 0)
(3 7.47126e-14 0)
(2.80424 0.88456 0)
(2.83517 0.897792 0)
(2.95181 0.870227 0)
(2.95348 0.863217 0)
(2.93632 0.87312 0)
(2.90035 0.88632 0)
(2.87784 0.902346 0)
(2.79022 0.884496 0)
(2.70557 0.629024 0)
(2.68288 0.37365 0)
(2.73372 0.220434 0)
(2.81873 0.128577 0)
(2.90669 0.0603321 0)
(2.97011 0.0178336 0)
(2.99581 0.00231515 0)
(2.99982 8.96015e-05 0)
(3 9.33112e-07 0)
(3 4.07289e-09 0)
(3 1.28141e-11 0)
(3 9.01807e-14 0)
(2.81136 1.00387 0)
(2.84258 1.05801 0)
(2.93441 1.02259 0)
(2.94715 0.998863 0)
(2.93078 0.988034 0)
(2.87759 1.01497 0)
(2.79516 0.981139 0)
(2.69009 0.711959 0)
(2.61901 0.413696 0)
(2.64996 0.256101 0)
(2.72718 0.17329 0)
(2.80909 0.110252 0)
(2.89554 0.0563478 0)
(2.96492 0.0171778 0)
(2.99489 0.00226843 0)
(2.99978 9.02056e-05 0)
(3 9.64079e-07 0)
(3 4.23602e-09 0)
(3 1.32941e-11 0)
(3 1.11781e-13 0)
(2.75185 1.2821 0)
(2.84205 1.23523 0)
(2.95622 1.22158 0)
(2.94545 1.16525 0)
(2.92779 0.857031 0)
(2.85917 0.631963 0)
(2.69284 0.463834 0)
(2.55918 0.307044 0)
(2.55819 0.215477 0)
(2.62689 0.163072 0)
(2.70302 0.132908 0)
(2.79544 0.0927451 0)
(2.88936 0.0444343 0)
(2.96215 0.0128171 0)
(2.99426 0.0017302 0)
(2.99974 7.16737e-05 0)
(3 8.13933e-07 0)
(3 3.68062e-09 0)
(3 1.14803e-11 0)
(3 1.0496e-13 0)
(2.69771 1.52686 0)
(2.82501 1.44878 0)
(2.79935 1.12332 0)
(2.73056 0.591277 0)
(2.60684 0.218626 0)
(2.52028 0.123593 0)
(2.44246 0.177726 0)
(2.46892 0.163383 0)
(2.50896 0.138862 0)
(2.60013 0.115393 0)
(2.68098 0.0974659 0)
(2.79226 0.0698868 0)
(2.89201 0.033624 0)
(2.9626 0.00947662 0)
(2.99403 0.0012439 0)
(2.99971 5.63962e-05 0)
(3 6.97861e-07 0)
(3 3.35295e-09 0)
(3 1.0973e-11 0)
(3 9.0257e-14 0)
(2.44219 1.00168 0)
(2.50352 0.678881 0)
(2.41637 0.290006 0)
(2.1772 -0.0727069 0)
(2.06696 -0.0426116 0)
(2.0925 0.0521 0)
(2.22496 0.122471 0)
(2.38496 0.100912 0)
(2.45669 0.0821961 0)
(2.56417 0.0669606 0)
(2.66009 0.0546361 0)
(2.78034 0.0430827 0)
(2.89114 0.0213441 0)
(2.96243 0.00572211 0)
(2.9939 0.000686767 0)
(2.9997 2.77303e-05 0)
(3 3.09254e-07 0)
(3 1.30081e-09 0)
(3 3.59097e-12 0)
(3 4.18969e-14 0)
(2.13286 0.220817 0)
(2.20901 0.182796 0)
(2.11394 0.0723613 0)
(1.96669 0.00263457 0)
(1.91305 -0.00404696 0)
(1.96718 0.0281986 0)
(2.14758 0.0487736 0)
(2.34224 0.0398939 0)
(2.45213 0.0284612 0)
(2.57219 0.0255748 0)
(2.66753 0.0243073 0)
(2.78829 0.0183862 0)
(2.89581 0.00866395 0)
(2.96421 0.00215633 0)
(2.99416 0.000209806 0)
(2.99971 5.02123e-06 0)
(3 1.56389e-08 0)
(3 -1.39921e-10 0)
(3 -9.28372e-13 0)
(3 1.30573e-14 0)
)
;

boundaryField
{
    inlet
    {
        type            fixedValue;
        value           uniform (3 0 0);
    }
    outlet
    {
        type            inletOutlet;
        inletValue      uniform (3 0 0);
        value           nonuniform List<vector> 
50
(
(3 3.2056e-13 0)
(3 2.98513e-13 0)
(3 1.20756e-13 0)
(3 -5.48574e-15 0)
(3 -3.80613e-14 0)
(3 -2.59383e-14 0)
(3 -3.05432e-15 0)
(3 1.18882e-15 0)
(3 -2.92565e-16 0)
(3 -2.51589e-15 0)
(3 -2.02702e-16 0)
(3 7.29427e-16 0)
(3 6.1386e-16 0)
(3 -2.9853e-17 0)
(3 7.82484e-17 0)
(3 -1.12093e-14 0)
(3 -4.79232e-14 0)
(3 -8.41123e-14 0)
(3 -9.78605e-14 0)
(3 -1.0695e-13 0)
(3 -8.61601e-14 0)
(3 -7.13388e-14 0)
(3 -4.80551e-14 0)
(3 5.0798e-14 0)
(3 1.12652e-13 0)
(3 -1.15893e-13 0)
(3 -5.17433e-14 0)
(3 4.9243e-14 0)
(3 7.47126e-14 0)
(3 9.01807e-14 0)
(3 1.11781e-13 0)
(3 1.0496e-13 0)
(3 9.0257e-14 0)
(3 4.18969e-14 0)
(3 1.30573e-14 0)
(3 -3.29932e-13 0)
(3 -3.05303e-13 0)
(3 -1.23311e-13 0)
(3 5.7578e-15 0)
(3 3.79592e-14 0)
(3 2.46212e-14 0)
(3 6.45704e-16 0)
(3 1.43302e-15 0)
(3 4.19166e-15 0)
(3 1.83642e-16 0)
(3 -1.97201e-15 0)
(3 -8.77552e-16 0)
(3 -1.0417e-15 0)
(3 5.19716e-16 0)
(3 3.65762e-16 0)
)
;
    }
    airfoil
    {
        type            slip;
    }
    top
    {
        type            symmetryPlane;
    }
    bottom
    {
        type            symmetryPlane;
    }
    defaultFaces
    {
        type            empty;
    }
}


// ************************************************************************* //
