/*--------------------------------*- C++ -*----------------------------------*\
  =========                 |
  \\      /  F ield         | OpenFOAM: The Open Source CFD Toolbox
   \\    /   O peration     | Website:  https://openfoam.org
    \\  /    A nd           | Version:  7
     \\/     M anipulation  |
\*---------------------------------------------------------------------------*/
FoamFile
{
    version     2.0;
    format      ascii;
    class       volVectorField;
    location    "4.2";
    object      U;
}
// * * * * * * * * * * * * * * * * * * * * * * * * * * * * * * * * * * * * * //

dimensions      [0 1 -1 0 0 0 0];

internalField   nonuniform List<vector> 
3700
(
(1.38821 -0.452904 0)
(1.26333 -0.59004 0)
(1.2453 -0.313992 0)
(1.30249 -0.346125 0)
(1.363 -0.342236 0)
(1.3931 -0.219235 0)
(1.4547 -0.100379 0)
(1.47253 -0.0769184 0)
(1.48133 -0.0829646 0)
(1.50445 -0.111548 0)
(1.55594 -0.200391 0)
(1.60161 -0.222165 0)
(1.63842 -0.176569 0)
(1.7147 -0.163518 0)
(1.75145 -0.19275 0)
(1.7949 -0.267121 0)
(1.81326 -0.290401 0)
(1.7752 -0.264931 0)
(1.76396 -0.166569 0)
(1.82367 -0.149818 0)
(1.78213 -1.26133 0)
(1.59317 -1.32252 0)
(1.59241 -1.08634 0)
(1.6935 -1.015 0)
(1.79269 -1.18922 0)
(1.79041 -1.12025 0)
(1.72686 -0.961875 0)
(1.72153 -0.898762 0)
(1.74995 -0.961441 0)
(1.8268 -1.11543 0)
(1.88277 -1.34507 0)
(1.93097 -1.3777 0)
(1.9808 -1.34117 0)
(2.06683 -1.32125 0)
(2.19363 -1.34672 0)
(2.28376 -1.35595 0)
(2.29754 -1.29792 0)
(2.29883 -1.21842 0)
(2.29532 -1.04697 0)
(2.33355 -1.0552 0)
(1.58139 -1.28729 0)
(1.58471 -1.43339 0)
(1.66702 -1.47779 0)
(1.73141 -1.65352 0)
(1.79461 -1.90831 0)
(1.82601 -2.11838 0)
(1.95551 -2.22697 0)
(2.00584 -2.19027 0)
(2.01155 -2.18957 0)
(2.09652 -2.12513 0)
(2.1294 -2.13892 0)
(2.18977 -2.04743 0)
(2.24459 -1.96506 0)
(2.27493 -1.92879 0)
(2.33744 -1.85248 0)
(2.42264 -1.79347 0)
(2.51156 -1.7144 0)
(2.62285 -1.65158 0)
(2.71411 -1.55967 0)
(2.77684 -1.52628 0)
(1.41029 -1.33351 0)
(1.52372 -1.58183 0)
(1.60131 -1.78898 0)
(1.65097 -2.03412 0)
(1.7046 -2.17928 0)
(1.74633 -2.22907 0)
(1.81468 -2.17255 0)
(1.9621 -1.98773 0)
(2.05055 -1.98774 0)
(2.26199 -1.97594 0)
(2.41516 -1.80948 0)
(2.47328 -1.80294 0)
(2.50825 -1.77062 0)
(2.45059 -1.8142 0)
(2.45183 -1.74967 0)
(2.47553 -1.70368 0)
(2.51759 -1.58414 0)
(2.58875 -1.47318 0)
(2.67772 -1.37394 0)
(2.80154 -1.19129 0)
(1.30056 -1.32571 0)
(1.47076 -1.67162 0)
(1.623 -1.94492 0)
(1.66709 -2.15542 0)
(1.72211 -2.26585 0)
(1.79767 -2.30331 0)
(1.91914 -2.16704 0)
(2.00489 -1.96606 0)
(2.03264 -1.9253 0)
(2.20827 -1.87088 0)
(2.37008 -1.70079 0)
(2.53452 -1.63588 0)
(2.64169 -1.45233 0)
(2.66113 -1.43941 0)
(2.66625 -1.39622 0)
(2.63399 -1.45548 0)
(2.61083 -1.4252 0)
(2.61252 -1.30989 0)
(2.63335 -1.33815 0)
(2.70981 -1.1386 0)
(1.28774 -1.45263 0)
(1.48117 -1.83484 0)
(1.7046 -2.08468 0)
(1.79646 -2.19722 0)
(2.03501 -2.28265 0)
(2.13826 -2.29042 0)
(2.13451 -2.11914 0)
(2.08661 -1.98774 0)
(2.07968 -1.94193 0)
(2.19651 -1.83856 0)
(2.31659 -1.67405 0)
(2.49479 -1.58056 0)
(2.56821 -1.43469 0)
(2.71365 -1.33706 0)
(2.75343 -1.11439 0)
(2.77801 -1.0099 0)
(2.74898 -1.00651 0)
(2.75503 -0.935071 0)
(2.69103 -1.06575 0)
(2.68435 -0.978547 0)
(1.39504 -1.64922 0)
(1.61458 -1.99205 0)
(1.90452 -2.26662 0)
(2.0595 -2.29032 0)
(2.28613 -2.19212 0)
(2.36636 -2.18466 0)
(2.39916 -1.88865 0)
(2.3272 -1.87842 0)
(2.30619 -1.8868 0)
(2.34692 -1.77749 0)
(2.4028 -1.64735 0)
(2.49001 -1.54237 0)
(2.53903 -1.36118 0)
(2.63946 -1.28278 0)
(2.68159 -1.10805 0)
(2.7597 -0.933879 0)
(2.81154 -0.770822 0)
(2.83152 -0.575006 0)
(2.77099 -0.580868 0)
(2.72004 -0.612718 0)
(1.53419 -1.76815 0)
(1.82388 -2.15433 0)
(1.92575 -2.30786 0)
(2.09054 -2.32415 0)
(2.28822 -2.16582 0)
(2.39636 -2.07484 0)
(2.50401 -1.72001 0)
(2.51773 -1.65657 0)
(2.54977 -1.63391 0)
(2.63303 -1.48717 0)
(2.60745 -1.52078 0)
(2.65118 -1.33767 0)
(2.62583 -1.23019 0)
(2.64494 -1.1396 0)
(2.66417 -0.994863 0)
(2.69445 -0.87759 0)
(2.7559 -0.769248 0)
(2.79025 -0.563727 0)
(2.79309 -0.384628 0)
(2.74469 -0.301387 0)
(1.70853 -1.89776 0)
(1.77802 -2.18526 0)
(1.83771 -2.31132 0)
(1.87782 -2.3094 0)
(2.06068 -2.04585 0)
(2.18377 -1.83695 0)
(2.3714 -1.60241 0)
(2.48699 -1.54288 0)
(2.6469 -1.41497 0)
(2.72513 -1.14443 0)
(2.76951 -1.14234 0)
(2.79396 -0.912932 0)
(2.76167 -0.899568 0)
(2.7516 -0.800102 0)
(2.73478 -0.71693 0)
(2.71092 -0.632253 0)
(2.70874 -0.579257 0)
(2.74068 -0.510611 0)
(2.71405 -0.309545 0)
(2.68304 -0.130782 0)
(1.76928 -1.92841 0)
(1.68511 -2.17805 0)
(1.70109 -2.27957 0)
(1.74396 -2.17028 0)
(1.93653 -1.95638 0)
(2.05106 -1.70195 0)
(2.15225 -1.61121 0)
(2.25642 -1.50927 0)
(2.40501 -1.38028 0)
(2.53534 -1.13253 0)
(2.65306 -0.901825 0)
(2.71269 -0.653448 0)
(2.73861 -0.504447 0)
(2.75236 -0.370363 0)
(2.74439 -0.266315 0)
(2.7228 -0.247235 0)
(2.69752 -0.21102 0)
(2.68922 -0.277669 0)
(2.64966 -0.185334 0)
(2.61898 -0.0233232 0)
(1.68239 -1.83978 0)
(1.60701 -2.06419 0)
(1.55217 -2.09387 0)
(1.74786 -1.93818 0)
(1.96651 -1.81699 0)
(2.12903 -1.52186 0)
(2.1263 -1.54815 0)
(2.25132 -1.40332 0)
(2.34028 -1.24852 0)
(2.41802 -1.11392 0)
(2.52493 -0.91638 0)
(2.60073 -0.703692 0)
(2.65073 -0.478738 0)
(2.70685 -0.305304 0)
(2.66824 -0.0552667 0)
(2.65709 0.0454249 0)
(2.62396 0.171187 0)
(2.60145 0.0939198 0)
(2.55349 0.123969 0)
(2.58921 0.0438413 0)
(1.52411 -1.68148 0)
(1.5332 -1.83058 0)
(1.60538 -1.7078 0)
(1.81107 -1.6049 0)
(1.98921 -1.60454 0)
(2.18425 -1.2828 0)
(2.30215 -1.35267 0)
(2.43143 -1.16778 0)
(2.51641 -0.909449 0)
(2.52939 -0.844955 0)
(2.57053 -0.635948 0)
(2.59429 -0.469085 0)
(2.59999 -0.307456 0)
(2.62564 -0.192372 0)
(2.58341 0.00765875 0)
(2.59046 0.103433 0)
(2.53338 0.289454 0)
(2.48723 0.36249 0)
(2.43054 0.402397 0)
(2.46048 0.321078 0)
(1.33432 -1.45101 0)
(1.52481 -1.52529 0)
(1.82643 -1.39082 0)
(1.87997 -1.4999 0)
(1.98971 -1.46072 0)
(2.27128 -1.20407 0)
(2.51535 -0.961635 0)
(2.68715 -0.530369 0)
(2.67549 -0.299391 0)
(2.64128 -0.201772 0)
(2.63117 -0.071505 0)
(2.60579 0.053296 0)
(2.57912 0.137737 0)
(2.54806 0.212793 0)
(2.49726 0.286624 0)
(2.47482 0.302742 0)
(2.43127 0.369483 0)
(2.37718 0.475661 0)
(2.30313 0.59249 0)
(2.29773 0.569995 0)
(1.12677 -1.25206 0)
(1.41803 -1.29528 0)
(1.82968 -1.1345 0)
(1.9117 -1.52138 0)
(2.39251 -1.00571 0)
(2.57834 -0.953801 0)
(2.67267 -0.706251 0)
(2.6385 -0.318656 0)
(2.60954 -0.239077 0)
(2.5814 -0.00555076 0)
(2.56454 0.171192 0)
(2.49421 0.368798 0)
(2.45452 0.479445 0)
(2.38619 0.594548 0)
(2.33736 0.638969 0)
(2.29768 0.646038 0)
(2.25757 0.662533 0)
(2.24683 0.662782 0)
(2.18087 0.739256 0)
(2.13563 0.783397 0)
(0.943192 -1.0809 0)
(1.36714 -1.21967 0)
(1.89978 -0.876855 0)
(2.40257 -1.21251 0)
(2.5758 -0.605622 0)
(2.47183 -0.777588 0)
(2.49208 -0.500575 0)
(2.48466 -0.208208 0)
(2.45859 -0.0237695 0)
(2.45641 0.13999 0)
(2.41467 0.33352 0)
(2.34741 0.509752 0)
(2.30152 0.629061 0)
(2.22293 0.753004 0)
(2.1634 0.820704 0)
(2.11246 0.854058 0)
(2.06142 0.909387 0)
(2.05667 0.90834 0)
(2.0424 0.927432 0)
(2.06334 0.949868 0)
(0.898522 -0.79352 0)
(1.33413 -1.24259 0)
(2.4081 -0.18057 0)
(2.29928 -0.735547 0)
(2.35496 -0.594463 0)
(2.45875 -0.296386 0)
(2.43172 0.101617 0)
(2.39394 0.287719 0)
(2.32688 0.448433 0)
(2.30342 0.583419 0)
(2.20529 0.735925 0)
(2.13369 0.835083 0)
(2.08437 0.888753 0)
(2.03068 0.944061 0)
(1.99359 0.958009 0)
(1.95529 0.986366 0)
(1.95338 1.0179 0)
(1.96879 0.999366 0)
(1.99385 0.998658 0)
(2.0714 0.979957 0)
(0.989024 -0.464545 0)
(1.78872 -0.189328 0)
(2.23638 -0.603381 0)
(2.30439 -0.114146 0)
(2.34962 0.0169973 0)
(2.34289 0.333107 0)
(2.29293 0.550022 0)
(2.18927 0.729741 0)
(2.13217 0.801766 0)
(2.07427 0.923123 0)
(1.96445 1.02168 0)
(1.90629 1.0716 0)
(1.87841 1.08517 0)
(1.8676 1.08852 0)
(1.87352 1.05479 0)
(1.89813 1.047 0)
(1.96215 1.02042 0)
(2.16237 0.903649 0)
(2.3786 0.794178 0)
(2.77693 0.443663 0)
(1.09383 -0.0737492 0)
(1.89803 0.0326815 0)
(2.24293 0.152073 0)
(2.23177 0.466177 0)
(2.18585 0.669698 0)
(2.14206 0.780371 0)
(2.04652 0.900767 0)
(1.97003 0.961423 0)
(1.9078 1.03286 0)
(1.84937 1.12307 0)
(1.78555 1.15554 0)
(1.78815 1.15033 0)
(1.80941 1.12991 0)
(1.85221 1.0861 0)
(2.04009 0.94997 0)
(2.25578 0.828812 0)
(2.66193 0.503998 0)
(3.03678 0.091091 0)
(3.05582 -0.0242256 0)
(3.00404 -0.00469646 0)
(0.98849 0.0604623 0)
(1.92914 0.726526 0)
(2.09634 0.83881 0)
(1.9857 0.969482 0)
(1.95734 0.977872 0)
(1.88688 1.06773 0)
(1.7928 1.13674 0)
(1.75722 1.1475 0)
(1.75336 1.16378 0)
(1.72941 1.20531 0)
(1.70986 1.19802 0)
(1.8621 1.0714 0)
(2.10052 0.885941 0)
(2.5058 0.577099 0)
(2.98909 0.134475 0)
(3.07397 -0.0298551 0)
(3.00815 -0.00769847 0)
(3.00293 -0.00384856 0)
(3.00122 -0.00220029 0)
(3.00008 -0.000484608 0)
(1.16579 0.753679 0)
(1.81863 1.15935 0)
(1.83552 1.15201 0)
(1.73126 1.19793 0)
(1.7148 1.19658 0)
(1.66993 1.24088 0)
(1.65947 1.21623 0)
(1.72664 1.16635 0)
(1.75533 1.23358 0)
(1.78184 1.1469 0)
(2.26082 0.750112 0)
(2.84869 0.218264 0)
(3.09562 -0.0254528 0)
(3.02095 -0.0123917 0)
(3.00444 -0.00532939 0)
(3.00184 -0.00297042 0)
(3.00006 -0.000588615 0)
(2.99998 -2.40063e-05 0)
(2.99999 1.43528e-05 0)
(3 5.90266e-06 0)
(1.57271 1.25675 0)
(1.57904 1.26584 0)
(1.58273 1.27563 0)
(1.59461 1.2672 0)
(1.61848 1.25029 0)
(1.61424 1.26293 0)
(1.90445 1.16961 0)
(3.00046 0.356967 0)
(3.33096 -0.59216 0)
(3 -2.66122e-11 0)
(3 7.06258e-11 0)
(3 -1.01558e-11 0)
(3 4.43812e-10 0)
(3 -4.05533e-10 0)
(3 6.06198e-13 0)
(3 6.02419e-13 0)
(3 1.91117e-13 0)
(3 5.36082e-14 0)
(3 2.68183e-14 0)
(3 -2.1741e-14 0)
(1.57929 1.2546 0)
(1.58911 1.26483 0)
(1.59203 1.28364 0)
(1.59336 1.28643 0)
(1.67374 1.25905 0)
(1.78899 1.20696 0)
(2.31646 0.72376 0)
(3.00267 0.00771615 0)
(3 8.11926e-08 0)
(3 1.1849e-10 0)
(3 -1.76864e-13 0)
(3 4.07543e-14 0)
(3 -3.61122e-13 0)
(3 3.09114e-13 0)
(3 -2.53094e-15 0)
(3 -1.64432e-15 0)
(3 -3.05964e-16 0)
(3 -1.57937e-17 0)
(3 -1.94001e-17 0)
(3 1.00705e-15 0)
(1.58918 1.25552 0)
(1.60636 1.25881 0)
(1.60974 1.26829 0)
(1.5814 1.3002 0)
(1.69374 1.21922 0)
(2.12933 0.83961 0)
(2.97967 0.0112405 0)
(3.00039 -0.000735568 0)
(3 7.18859e-08 0)
(3 6.68351e-11 0)
(3 1.11952e-13 0)
(3 -5.93857e-15 0)
(3 -1.37247e-15 0)
(3 -2.25752e-15 0)
(3 -2.37802e-15 0)
(3 -1.97739e-15 0)
(3 -3.50296e-16 0)
(3 -5.39871e-16 0)
(3 -2.58881e-16 0)
(3 1.11943e-15 0)
(1.59055 1.25778 0)
(1.61237 1.25915 0)
(1.62988 1.26213 0)
(1.61349 1.28769 0)
(1.85088 1.08409 0)
(2.74699 0.217337 0)
(3.00523 -0.00255041 0)
(2.99992 7.63455e-05 0)
(3 -4.05117e-07 0)
(3 7.0555e-10 0)
(3 -9.52345e-13 0)
(3 2.67654e-15 0)
(3 -3.35203e-15 0)
(3 -1.33969e-15 0)
(3 -1.63212e-15 0)
(3 -1.42514e-15 0)
(3 1.76461e-16 0)
(3 -3.77717e-16 0)
(3 -3.54755e-16 0)
(3 -5.44207e-17 0)
(1.58987 1.26779 0)
(1.60864 1.26422 0)
(1.63584 1.25 0)
(1.73645 1.20057 0)
(2.35474 0.629634 0)
(3.02037 -0.0178134 0)
(2.99974 0.000170885 0)
(3 -3.9406e-06 0)
(3 7.66734e-08 0)
(3 -7.56828e-10 0)
(3 1.08634e-12 0)
(3 -4.52886e-15 0)
(3 -3.47949e-15 0)
(3 -3.40747e-15 0)
(3 -1.00658e-15 0)
(3 -9.4379e-16 0)
(3 -4.14997e-16 0)
(3 -1.79602e-16 0)
(3 -4.54667e-16 0)
(3 -8.18059e-17 0)
(1.58485 1.27839 0)
(1.58361 1.27322 0)
(1.63708 1.25153 0)
(1.78917 1.13608 0)
(2.72179 0.232476 0)
(3 -5.55548e-10 0)
(3 1.29251e-08 0)
(3 -1.16259e-08 0)
(3 4.94242e-10 0)
(3 2.58051e-12 0)
(3 -1.002e-13 0)
(3 -1.35918e-15 0)
(3 -2.75749e-15 0)
(3 -2.41757e-15 0)
(3 -1.12789e-15 0)
(3 -2.11831e-15 0)
(3 -9.81985e-16 0)
(3 -1.08162e-15 0)
(3 -7.63769e-16 0)
(3 -1.00418e-15 0)
(1.58197 1.29022 0)
(1.55258 1.28482 0)
(1.66688 1.23727 0)
(2.15307 0.841769 0)
(3.02055 -0.0174265 0)
(3 -2.10093e-11 0)
(3 1.60063e-11 0)
(3 -2.22988e-12 0)
(3 -9.51261e-13 0)
(3 1.60542e-14 0)
(3 -3.01026e-15 0)
(3 -2.63226e-15 0)
(3 -2.36975e-15 0)
(3 -2.37606e-15 0)
(3 -2.12718e-15 0)
(3 -3.40216e-15 0)
(3 -1.84073e-15 0)
(3 -1.2474e-15 0)
(3 -5.87959e-16 0)
(3 -5.38979e-16 0)
(1.58319 1.32323 0)
(1.5066 1.32473 0)
(1.76281 1.18777 0)
(2.41098 0.557605 0)
(3 -1.276e-08 0)
(3 5.39479e-11 0)
(3 -1.1812e-12 0)
(3 -1.85629e-14 0)
(3 -3.42271e-16 0)
(3 -5.05234e-15 0)
(3 -3.98511e-15 0)
(3 -3.63992e-15 0)
(3 -2.99558e-15 0)
(3 -2.20497e-15 0)
(3 -2.70788e-15 0)
(3 -4.22122e-15 0)
(3 -2.32526e-15 0)
(3 -1.86593e-15 0)
(3 -8.36366e-16 0)
(3 -7.76746e-16 0)
(1.5907 1.30693 0)
(1.47287 1.34558 0)
(1.95982 1.03887 0)
(2.87239 0.12245 0)
(3 -1.09727e-11 0)
(3 -1.96219e-14 0)
(3 8.73766e-16 0)
(3 -4.37129e-15 0)
(3 -4.17245e-15 0)
(3 -3.37234e-15 0)
(3 -2.1869e-15 0)
(3 -1.62652e-15 0)
(3 -2.21742e-15 0)
(3 -2.67291e-15 0)
(3 -3.53168e-15 0)
(3 -4.2722e-15 0)
(3 -4.30858e-15 0)
(3 -4.40941e-15 0)
(3 -2.85576e-15 0)
(3 -1.57347e-15 0)
(1.60388 1.29651 0)
(1.48419 1.39042 0)
(2.13177 0.845066 0)
(3.01121 -0.00922874 0)
(3 9.34107e-11 0)
(3 -1.04965e-13 0)
(3 -2.51134e-15 0)
(3 -3.30754e-15 0)
(3 -3.60072e-15 0)
(3 -2.8206e-15 0)
(3 -1.23683e-15 0)
(3 -4.79786e-16 0)
(3 -2.21239e-15 0)
(3 -3.55668e-15 0)
(3 -3.72897e-15 0)
(3 -4.06867e-15 0)
(3 -4.36421e-15 0)
(3 -4.80093e-15 0)
(3 -4.29769e-15 0)
(3 -3.15585e-15 0)
(1.61951 1.28075 0)
(1.57805 1.30733 0)
(2.42767 0.52991 0)
(3 3.11358e-15 0)
(3 -1.20148e-13 0)
(3 -6.54224e-16 0)
(3 -2.12438e-15 0)
(3 -2.37197e-15 0)
(3 -2.36652e-15 0)
(3 -2.54017e-15 0)
(3 -9.64693e-16 0)
(3 -1.42595e-15 0)
(3 -2.34225e-15 0)
(3 -3.74204e-15 0)
(3 -3.8273e-15 0)
(3 -3.86309e-15 0)
(3 -3.52677e-15 0)
(3 -4.35085e-15 0)
(3 -4.78499e-15 0)
(3 -4.93727e-15 0)
(1.63735 1.2613 0)
(1.61533 1.25219 0)
(2.64046 0.297552 0)
(3 -1.05964e-16 0)
(3 -1.11496e-15 0)
(3 -1.58287e-15 0)
(3 -1.45466e-15 0)
(3 -1.83102e-15 0)
(3 -1.88334e-15 0)
(3 -1.80371e-15 0)
(3 -1.22948e-16 0)
(3 -8.59008e-17 0)
(3 -1.15096e-15 0)
(3 -1.91709e-15 0)
(3 -1.80353e-15 0)
(3 -1.49002e-15 0)
(3 -1.40655e-15 0)
(3 -1.09854e-15 0)
(3 -2.31443e-15 0)
(3 -3.6033e-15 0)
(1.6572 1.24072 0)
(1.82259 1.09664 0)
(2.87907 0.0849444 0)
(3 -2.5493e-15 0)
(3 -6.80899e-16 0)
(3 -1.23755e-15 0)
(3 -1.32477e-15 0)
(3 -1.32272e-15 0)
(3 -1.21818e-15 0)
(3 -1.32854e-15 0)
(3 1.25273e-16 0)
(3 3.81563e-16 0)
(3 -4.41166e-16 0)
(3 -1.24729e-15 0)
(3 -2.72285e-15 0)
(3 -3.23384e-15 0)
(3 -3.00286e-15 0)
(3 -1.3227e-15 0)
(3 3.11008e-17 0)
(3 -8.09868e-16 0)
(1.68448 1.19236 0)
(1.91621 0.970952 0)
(2.99995 1.14226e-05 0)
(3 -9.95477e-17 0)
(3 6.97124e-16 0)
(3 -3.57807e-16 0)
(3 -9.32136e-16 0)
(3 -1.03865e-15 0)
(3 -5.84007e-16 0)
(3 -8.08238e-16 0)
(3 -1.10279e-15 0)
(3 -3.47627e-16 0)
(3 -2.04764e-16 0)
(3 -5.01245e-16 0)
(3 -1.08051e-15 0)
(3 -1.9399e-15 0)
(3 -2.37261e-15 0)
(3 -1.90889e-15 0)
(3 -1.09356e-15 0)
(3 -1.06161e-15 0)
(1.68644 1.1769 0)
(2.02983 0.836912 0)
(3 2.16587e-16 0)
(3 2.07832e-16 0)
(3 -4.36917e-16 0)
(3 -9.3921e-16 0)
(3 -1.66546e-15 0)
(3 -1.69645e-15 0)
(3 -1.25466e-15 0)
(3 -9.7988e-16 0)
(3 -1.11199e-15 0)
(3 -1.1114e-15 0)
(3 -8.91708e-16 0)
(3 -6.11688e-16 0)
(3 -5.93776e-16 0)
(3 -7.29152e-16 0)
(3 -9.84628e-16 0)
(3 -1.21349e-15 0)
(3 -1.3875e-15 0)
(3 -1.80733e-15 0)
(1.76505 1.10478 0)
(2.23037 0.647191 0)
(3 1.38922e-17 0)
(3 -1.1425e-15 0)
(3 -1.49357e-15 0)
(3 -1.64206e-15 0)
(3 -1.88797e-15 0)
(3 -1.92783e-15 0)
(3 -1.42822e-15 0)
(3 -1.08876e-15 0)
(3 -1.02638e-15 0)
(3 -1.29016e-15 0)
(3 -9.23017e-16 0)
(3 -7.21335e-16 0)
(3 -7.37591e-16 0)
(3 -9.79032e-16 0)
(3 -1.04091e-15 0)
(3 -1.22364e-15 0)
(3 -1.51395e-15 0)
(3 -1.94501e-15 0)
(1.85098 1.00924 0)
(2.46736 0.435811 0)
(3 -6.32078e-16 0)
(3 -4.31832e-16 0)
(3 -3.95268e-16 0)
(3 -9.82454e-17 0)
(3 -5.68429e-16 0)
(3 -1.25253e-15 0)
(3 -1.73003e-15 0)
(3 -2.27062e-15 0)
(3 -2.82966e-15 0)
(3 -3.01798e-15 0)
(3 -2.77489e-15 0)
(3 -2.55231e-15 0)
(3 -2.40756e-15 0)
(3 -2.29115e-15 0)
(3 -2.41257e-15 0)
(3 -2.66326e-15 0)
(3 -2.77395e-15 0)
(3 -2.40226e-15 0)
(1.93365 0.86288 0)
(2.7241 0.197454 0)
(3 -1.73363e-15 0)
(3 -2.39002e-15 0)
(3 -2.6351e-15 0)
(3 -2.46869e-15 0)
(3 -2.23478e-15 0)
(3 -2.06308e-15 0)
(3 -1.36683e-15 0)
(3 -9.81421e-16 0)
(3 -9.34462e-16 0)
(3 -1.53083e-15 0)
(3 -2.22232e-15 0)
(3 -2.69506e-15 0)
(3 -2.51486e-15 0)
(3 -2.16318e-15 0)
(3 -1.9727e-15 0)
(3 -1.87345e-15 0)
(3 -1.97571e-15 0)
(3 -1.82838e-15 0)
(2.08672 0.659852 0)
(2.99195 1.42342e-05 0)
(3 -3.0609e-15 0)
(3 -4.10396e-15 0)
(3 -3.70468e-15 0)
(3 -2.7789e-15 0)
(3 -1.10625e-15 0)
(3 -6.41569e-16 0)
(3 -2.75611e-16 0)
(3 -4.81499e-16 0)
(3 -6.98545e-17 0)
(3 -6.2411e-17 0)
(3 -2.40657e-16 0)
(3 -1.10508e-16 0)
(3 2.30086e-18 0)
(3 -9.9589e-17 0)
(3 -2.0533e-16 0)
(3 -3.99839e-17 0)
(3 4.30531e-17 0)
(3 -1.11568e-16 0)
(1.99132 0.37462 0)
(2.99985 -1.90285e-05 0)
(3 -3.1091e-15 0)
(3 -3.39622e-15 0)
(3 -3.21524e-15 0)
(3 -2.85753e-15 0)
(3 -1.83834e-15 0)
(3 -1.00325e-15 0)
(3 -4.08706e-16 0)
(3 -1.63247e-16 0)
(3 2.31672e-16 0)
(3 7.59416e-16 0)
(3 1.19832e-15 0)
(3 1.99735e-15 0)
(3 1.8781e-15 0)
(3 1.98293e-15 0)
(3 1.70858e-15 0)
(3 1.32361e-15 0)
(3 1.16871e-15 0)
(3 9.52242e-16 0)
(1.99169 -0.37408 0)
(2.99986 1.61748e-05 0)
(3 -4.68271e-15 0)
(3 -3.21146e-15 0)
(3 -2.60301e-15 0)
(3 -1.5767e-15 0)
(3 -1.69037e-15 0)
(3 -1.88041e-15 0)
(3 -1.55783e-15 0)
(3 -1.03083e-15 0)
(3 -2.30668e-16 0)
(3 5.61126e-16 0)
(3 1.37749e-15 0)
(3 1.87365e-15 0)
(3 2.1784e-15 0)
(3 3.20212e-15 0)
(3 3.80444e-15 0)
(3 3.92137e-15 0)
(3 3.7748e-15 0)
(3 3.8259e-15 0)
(2.08856 -0.662246 0)
(2.99165 -2.31224e-06 0)
(3 -2.80077e-15 0)
(3 -2.01673e-15 0)
(3 -1.03347e-15 0)
(3 -7.6417e-16 0)
(3 -4.41887e-16 0)
(3 -1.60821e-16 0)
(3 7.71472e-18 0)
(3 2.23946e-16 0)
(3 4.95935e-16 0)
(3 6.33168e-16 0)
(3 1.46564e-16 0)
(3 -4.25451e-16 0)
(3 3.3822e-16 0)
(3 1.89707e-15 0)
(3 2.13761e-15 0)
(3 2.1475e-15 0)
(3 2.54483e-15 0)
(3 2.66805e-15 0)
(1.92989 -0.863673 0)
(2.72006 -0.199979 0)
(3 -1.48431e-15 0)
(3 4.83592e-16 0)
(3 1.21842e-15 0)
(3 2.08118e-15 0)
(3 2.0609e-15 0)
(3 2.03002e-15 0)
(3 1.95737e-15 0)
(3 2.00802e-15 0)
(3 1.77104e-15 0)
(3 1.5132e-15 0)
(3 1.41214e-15 0)
(3 1.26078e-15 0)
(3 1.26548e-15 0)
(3 1.24887e-15 0)
(3 7.76621e-16 0)
(3 9.67895e-16 0)
(3 1.48056e-15 0)
(3 1.51317e-15 0)
(1.84866 -1.00725 0)
(2.46789 -0.435033 0)
(3 -6.6951e-17 0)
(3 1.28407e-15 0)
(3 2.40761e-15 0)
(3 2.70725e-15 0)
(3 2.69174e-15 0)
(3 1.9218e-15 0)
(3 9.07786e-16 0)
(3 6.18327e-16 0)
(3 6.56298e-16 0)
(3 8.81194e-16 0)
(3 1.22208e-15 0)
(3 1.65746e-15 0)
(3 1.98689e-15 0)
(3 2.04324e-15 0)
(3 1.29624e-15 0)
(3 6.94339e-16 0)
(3 2.53497e-16 0)
(3 -5.45086e-16 0)
(1.76795 -1.10501 0)
(2.23277 -0.646474 0)
(3 -2.67077e-15 0)
(3 -1.15156e-15 0)
(3 1.02925e-16 0)
(3 3.39877e-16 0)
(3 4.36055e-19 0)
(3 -5.73337e-16 0)
(3 -8.47277e-16 0)
(3 -8.61158e-16 0)
(3 -6.16656e-16 0)
(3 -7.70587e-16 0)
(3 -2.16425e-16 0)
(3 -4.39966e-16 0)
(3 -9.21545e-16 0)
(3 -1.50633e-15 0)
(3 -1.99036e-15 0)
(3 -2.26683e-15 0)
(3 -3.12366e-15 0)
(3 -3.34855e-15 0)
(1.68721 -1.17753 0)
(2.03095 -0.835845 0)
(3 3.2837e-17 0)
(3 -6.87056e-16 0)
(3 7.98358e-17 0)
(3 -6.77654e-17 0)
(3 -8.75513e-16 0)
(3 -8.5644e-16 0)
(3 -6.15044e-16 0)
(3 -2.24609e-16 0)
(3 -2.03553e-16 0)
(3 -8.62758e-17 0)
(3 -1.55348e-16 0)
(3 -7.43801e-16 0)
(3 -1.23665e-15 0)
(3 -1.55438e-15 0)
(3 -1.67963e-15 0)
(3 -2.10498e-15 0)
(3 -2.11948e-15 0)
(3 -9.93892e-16 0)
(1.68309 -1.19274 0)
(1.91284 -0.972654 0)
(2.99996 -8.5159e-06 0)
(3 -3.74681e-16 0)
(3 2.33306e-16 0)
(3 6.0577e-16 0)
(3 3.15086e-16 0)
(3 -1.95324e-16 0)
(3 6.87185e-16 0)
(3 9.97121e-16 0)
(3 6.93166e-16 0)
(3 3.01551e-16 0)
(3 1.99009e-16 0)
(3 -6.51521e-16 0)
(3 -8.04519e-16 0)
(3 -3.57337e-16 0)
(3 2.40073e-16 0)
(3 5.90776e-16 0)
(3 5.21144e-16 0)
(3 1.32022e-15 0)
(1.65724 -1.24061 0)
(1.82656 -1.09634 0)
(2.88017 -0.0848837 0)
(3 1.28947e-15 0)
(3 -8.14704e-16 0)
(3 8.14688e-17 0)
(3 2.69545e-16 0)
(3 6.22519e-16 0)
(3 1.65053e-15 0)
(3 1.28504e-15 0)
(3 1.45603e-15 0)
(3 1.13269e-15 0)
(3 7.82169e-16 0)
(3 -9.41455e-18 0)
(3 -1.43242e-16 0)
(3 3.98151e-16 0)
(3 9.75174e-16 0)
(3 9.56034e-16 0)
(3 1.03593e-15 0)
(3 1.67885e-15 0)
(1.63777 -1.26114 0)
(1.61534 -1.25248 0)
(2.64154 -0.296613 0)
(3 -1.03561e-15 0)
(3 -9.21886e-16 0)
(3 5.34796e-16 0)
(3 6.15043e-16 0)
(3 1.54562e-16 0)
(3 -5.78392e-17 0)
(3 7.95016e-16 0)
(3 1.023e-15 0)
(3 4.4172e-16 0)
(3 -2.87608e-16 0)
(3 -6.32244e-16 0)
(3 -6.00813e-16 0)
(3 1.09963e-15 0)
(3 1.64632e-15 0)
(3 1.47071e-15 0)
(3 1.35589e-15 0)
(3 9.06661e-16 0)
(1.62003 -1.28052 0)
(1.57681 -1.30786 0)
(2.42684 -0.530188 0)
(3 -4.41079e-15 0)
(3 1.12875e-13 0)
(3 -3.83064e-16 0)
(3 8.90333e-16 0)
(3 1.82763e-16 0)
(3 -4.99819e-16 0)
(3 1.48788e-16 0)
(3 7.56213e-16 0)
(3 4.32174e-16 0)
(3 -4.30079e-16 0)
(3 -8.0351e-16 0)
(3 -7.39274e-16 0)
(3 1.38866e-15 0)
(3 1.71355e-15 0)
(3 1.14222e-15 0)
(3 1.1146e-15 0)
(3 6.07161e-16 0)
(1.60399 -1.29649 0)
(1.4829 -1.38946 0)
(2.13515 -0.84246 0)
(3.01117 0.00918242 0)
(3 -9.03054e-11 0)
(3 9.53417e-14 0)
(3 1.0595e-15 0)
(3 6.13428e-16 0)
(3 6.98582e-16 0)
(3 1.30883e-15 0)
(3 1.42194e-15 0)
(3 4.61697e-16 0)
(3 -5.03927e-16 0)
(3 -1.44196e-15 0)
(3 -2.60823e-16 0)
(3 1.02712e-15 0)
(3 8.49817e-16 0)
(3 1.15909e-15 0)
(3 1.33195e-15 0)
(3 1.07568e-15 0)
(1.5909 -1.30699 0)
(1.4714 -1.34678 0)
(1.95566 -1.03858 0)
(2.87093 -0.122354 0)
(3 1.04546e-11 0)
(3 1.76125e-14 0)
(3 -2.90271e-15 0)
(3 1.49805e-15 0)
(3 1.56487e-15 0)
(3 1.43377e-15 0)
(3 8.67337e-16 0)
(3 2.29625e-16 0)
(3 -2.35976e-16 0)
(3 -2.54678e-16 0)
(3 4.90704e-16 0)
(3 1.03363e-15 0)
(3 1.23175e-15 0)
(3 1.58009e-15 0)
(3 1.44883e-15 0)
(3 1.17288e-15 0)
(1.58455 -1.32391 0)
(1.50793 -1.32606 0)
(1.76638 -1.18592 0)
(2.41303 -0.554985 0)
(3 9.57043e-09 0)
(3 -5.15538e-11 0)
(3 1.12234e-12 0)
(3 1.9693e-14 0)
(3 -3.81042e-15 0)
(3 1.64648e-15 0)
(3 1.0539e-15 0)
(3 4.06679e-16 0)
(3 3.07769e-16 0)
(3 3.08685e-16 0)
(3 8.1266e-16 0)
(3 1.34278e-15 0)
(3 8.56248e-16 0)
(3 9.93572e-16 0)
(3 6.91677e-16 0)
(3 8.04385e-16 0)
(1.58144 -1.29072 0)
(1.55263 -1.28524 0)
(1.66519 -1.23893 0)
(2.15075 -0.843834 0)
(3.01887 0.0159375 0)
(3 1.9238e-11 0)
(3 -1.57759e-11 0)
(3 2.679e-12 0)
(3 9.82559e-13 0)
(3 -1.87324e-14 0)
(3 1.0851e-15 0)
(3 8.9963e-16 0)
(3 3.13565e-16 0)
(3 2.31296e-16 0)
(3 -1.92532e-16 0)
(3 -4.82699e-16 0)
(3 1.31313e-16 0)
(3 2.74377e-17 0)
(3 7.02499e-16 0)
(3 9.86144e-16 0)
(1.58447 -1.27748 0)
(1.58272 -1.27283 0)
(1.63613 -1.25347 0)
(1.78821 -1.139 0)
(2.71906 -0.236273 0)
(3 5.67999e-10 0)
(3 -1.32266e-08 0)
(3 1.19073e-08 0)
(3 -5.09225e-10 0)
(3 -2.77504e-12 0)
(3 9.62845e-14 0)
(3 -3.47066e-16 0)
(3 1.98418e-16 0)
(3 -7.88266e-16 0)
(3 -1.14544e-15 0)
(3 -1.00431e-15 0)
(3 7.82063e-17 0)
(3 7.7721e-16 0)
(3 1.253e-15 0)
(3 1.73985e-15 0)
(1.58914 -1.26688 0)
(1.60768 -1.26374 0)
(1.63553 -1.24908 0)
(1.73895 -1.20057 0)
(2.35655 -0.630528 0)
(3.02024 0.0176441 0)
(2.99974 -0.000172648 0)
(3 4.0165e-06 0)
(3 -7.78812e-08 0)
(3 7.86829e-10 0)
(3 -2.52426e-12 0)
(3 5.60428e-15 0)
(3 1.19171e-16 0)
(3 -1.32957e-15 0)
(3 -1.79664e-15 0)
(3 -6.21822e-16 0)
(3 1.45004e-16 0)
(3 7.90078e-16 0)
(3 1.33662e-15 0)
(3 1.24735e-15 0)
(1.59001 -1.25663 0)
(1.61292 -1.25835 0)
(1.62977 -1.26111 0)
(1.61559 -1.28566 0)
(1.85192 -1.08328 0)
(2.74987 -0.214483 0)
(3.00518 0.0025177 0)
(2.99992 -7.83782e-05 0)
(3 4.69954e-07 0)
(3 -7.38374e-10 0)
(3 2.87392e-12 0)
(3 -5.66607e-15 0)
(3 -3.64041e-16 0)
(3 -8.88838e-16 0)
(3 -1.23507e-15 0)
(3 -1.76242e-16 0)
(3 6.61685e-17 0)
(3 1.64222e-15 0)
(3 1.37614e-15 0)
(3 2.29155e-15 0)
(1.58942 -1.25444 0)
(1.60691 -1.25769 0)
(1.61078 -1.26714 0)
(1.58195 -1.29866 0)
(1.6931 -1.21863 0)
(2.13172 -0.836878 0)
(2.98015 -0.0106619 0)
(3.00041 0.000762708 0)
(3 -1.55243e-07 0)
(3 -6.54475e-11 0)
(3 2.67532e-15 0)
(3 1.08919e-15 0)
(3 9.6212e-17 0)
(3 -5.37765e-16 0)
(3 -8.35318e-17 0)
(3 4.08311e-16 0)
(3 2.10265e-16 0)
(3 1.44765e-15 0)
(3 1.62046e-15 0)
(3 1.9004e-15 0)
(1.57999 -1.25424 0)
(1.58979 -1.26381 0)
(1.59254 -1.28321 0)
(1.5934 -1.28619 0)
(1.67271 -1.25872 0)
(1.78241 -1.2091 0)
(2.31301 -0.724103 0)
(3.00226 -0.0082382 0)
(3 -7.66664e-08 0)
(3 -1.28559e-10 0)
(3 2.84234e-13 0)
(3 2.55513e-15 0)
(3 1.27695e-15 0)
(3 9.24623e-17 0)
(3 1.23495e-15 0)
(3 8.87911e-16 0)
(3 4.07445e-16 0)
(3 6.65435e-16 0)
(3 1.04326e-15 0)
(3 1.32753e-15 0)
(1.57329 -1.25746 0)
(1.57958 -1.2668 0)
(1.58304 -1.27625 0)
(1.59444 -1.26727 0)
(1.61776 -1.25006 0)
(1.6135 -1.26353 0)
(1.90467 -1.17086 0)
(2.99923 -0.359208 0)
(3.32918 0.590488 0)
(3 3.21232e-11 0)
(3 -9.29738e-11 0)
(3 8.07258e-14 0)
(3 3.95359e-14 0)
(3 5.38917e-14 0)
(3 -7.24778e-15 0)
(3 4.59955e-15 0)
(3 8.58086e-16 0)
(3 1.79009e-15 0)
(3 1.17591e-15 0)
(3 1.33292e-15 0)
(1.16521 -0.75426 0)
(1.82022 -1.15583 0)
(1.83312 -1.15051 0)
(1.73358 -1.19176 0)
(1.7167 -1.19285 0)
(1.67082 -1.24037 0)
(1.66052 -1.21508 0)
(1.7273 -1.16589 0)
(1.75627 -1.2326 0)
(1.78292 -1.14586 0)
(2.26107 -0.749447 0)
(2.84859 -0.218155 0)
(3.0956 0.0254737 0)
(3.02099 0.0124194 0)
(3.00443 0.00532787 0)
(3.00184 0.00297011 0)
(3.00006 0.000586032 0)
(2.99998 2.39765e-05 0)
(2.99999 -1.44124e-05 0)
(3 -5.92152e-06 0)
(1.01581 -0.0320419 0)
(1.93183 -0.777041 0)
(2.09949 -0.869127 0)
(1.98373 -0.990065 0)
(1.952 -0.985145 0)
(1.88851 -1.06738 0)
(1.79444 -1.13485 0)
(1.75778 -1.14706 0)
(1.75386 -1.1634 0)
(1.72981 -1.20489 0)
(1.70972 -1.19769 0)
(1.86183 -1.07125 0)
(2.10046 -0.885786 0)
(2.50534 -0.57738 0)
(2.98869 -0.134823 0)
(3.07411 0.029909 0)
(3.0082 0.00773286 0)
(3.00295 0.0038631 0)
(3.00123 0.00220784 0)
(3.00008 0.000485219 0)
(1.06041 0.0695672 0)
(1.81621 0.148024 0)
(2.22701 -0.138968 0)
(2.22793 -0.486626 0)
(2.18261 -0.679948 0)
(2.14045 -0.785904 0)
(2.04611 -0.90309 0)
(1.97201 -0.960199 0)
(1.907 -1.03265 0)
(1.85089 -1.12287 0)
(1.78569 -1.15527 0)
(1.78798 -1.15013 0)
(1.80918 -1.12974 0)
(1.85197 -1.08594 0)
(2.03973 -0.94976 0)
(2.255 -0.828865 0)
(2.66033 -0.505247 0)
(3.03617 -0.0920309 0)
(3.05605 0.0242169 0)
(3.00408 0.00472076 0)
(1.45326 0.588636 0)
(1.78371 1.09276 0)
(2.21958 0.664928 0)
(2.30749 0.102529 0)
(2.35405 -0.0412823 0)
(2.34221 -0.344932 0)
(2.29704 -0.548552 0)
(2.19187 -0.73039 0)
(2.13205 -0.803319 0)
(2.07593 -0.92381 0)
(1.96502 -1.0214 0)
(1.90625 -1.07142 0)
(1.87813 -1.08524 0)
(1.86718 -1.08852 0)
(1.87319 -1.05479 0)
(1.89783 -1.04695 0)
(1.96152 -1.02064 0)
(2.16172 -0.904098 0)
(2.37812 -0.79497 0)
(2.77644 -0.444922 0)
(1.53084 1.12504 0)
(1.61023 1.50499 0)
(2.4895 0.272978 0)
(2.28063 0.783108 0)
(2.33858 0.62131 0)
(2.4533 0.288294 0)
(2.43002 -0.119723 0)
(2.39463 -0.302103 0)
(2.327 -0.457929 0)
(2.30404 -0.590786 0)
(2.20445 -0.741372 0)
(2.13164 -0.839461 0)
(2.08264 -0.89146 0)
(2.03013 -0.944637 0)
(1.99392 -0.957324 0)
(1.95579 -0.985342 0)
(1.9531 -1.01761 0)
(1.96857 -0.999646 0)
(1.99357 -0.999094 0)
(2.07121 -0.980453 0)
(1.40233 1.45901 0)
(1.75641 1.64877 0)
(2.10345 0.978634 0)
(2.41804 1.11157 0)
(2.51453 0.700059 0)
(2.45054 0.779794 0)
(2.48181 0.505984 0)
(2.48027 0.222638 0)
(2.45596 0.02665 0)
(2.45624 -0.136299 0)
(2.41336 -0.330646 0)
(2.34632 -0.505783 0)
(2.30228 -0.623209 0)
(2.22492 -0.746552 0)
(2.16561 -0.815871 0)
(2.11349 -0.85217 0)
(2.06116 -0.909567 0)
(2.05505 -0.910509 0)
(2.0418 -0.92887 0)
(2.06359 -0.950143 0)
(1.31173 1.4926 0)
(1.70899 1.60412 0)
(1.95015 1.15849 0)
(1.91852 1.37178 0)
(2.43051 0.84981 0)
(2.55181 0.970928 0)
(2.65822 0.755262 0)
(2.63269 0.357836 0)
(2.60239 0.266691 0)
(2.57881 0.0301105 0)
(2.56415 -0.155081 0)
(2.49453 -0.359447 0)
(2.45695 -0.473812 0)
(2.38658 -0.594872 0)
(2.33669 -0.643233 0)
(2.29636 -0.651358 0)
(2.25486 -0.669754 0)
(2.24659 -0.664809 0)
(2.18229 -0.737957 0)
(2.13643 -0.782042 0)
(1.29801 1.48983 0)
(1.62873 1.60049 0)
(1.87682 1.36776 0)
(1.89599 1.34721 0)
(1.952 1.35335 0)
(2.31069 1.17708 0)
(2.57038 0.945805 0)
(2.70538 0.503783 0)
(2.68869 0.299098 0)
(2.64662 0.181952 0)
(2.63349 0.0533553 0)
(2.60697 -0.0697626 0)
(2.58074 -0.151515 0)
(2.54819 -0.226766 0)
(2.49825 -0.295186 0)
(2.47369 -0.307994 0)
(2.43266 -0.365896 0)
(2.37882 -0.469563 0)
(2.30375 -0.589971 0)
(2.29762 -0.569461 0)
(1.38786 1.57562 0)
(1.55088 1.75294 0)
(1.72299 1.69422 0)
(1.90005 1.43527 0)
(1.92302 1.55607 0)
(2.13261 1.30502 0)
(2.29369 1.33445 0)
(2.44263 1.14902 0)
(2.5304 0.882108 0)
(2.54282 0.827032 0)
(2.57952 0.621246 0)
(2.60022 0.460154 0)
(2.60171 0.302664 0)
(2.62526 0.193616 0)
(2.58316 0.000163188 0)
(2.59012 -0.092256 0)
(2.53489 -0.275582 0)
(2.4875 -0.360193 0)
(2.42928 -0.405272 0)
(2.45811 -0.32509 0)
(1.55866 1.71129 0)
(1.58585 1.94222 0)
(1.62814 2.03237 0)
(1.82771 1.78718 0)
(1.95287 1.81084 0)
(2.11089 1.47314 0)
(2.10048 1.56847 0)
(2.24464 1.41079 0)
(2.33972 1.25144 0)
(2.41177 1.1238 0)
(2.51634 0.928101 0)
(2.59256 0.720501 0)
(2.64165 0.495236 0)
(2.70387 0.327071 0)
(2.66568 0.0713846 0)
(2.65732 -0.0370557 0)
(2.62277 -0.175899 0)
(2.59739 -0.106846 0)
(2.55161 -0.130139 0)
(2.58822 -0.0477643 0)
(1.68455 1.78781 0)
(1.6942 2.02725 0)
(1.72908 2.22899 0)
(1.76168 2.14238 0)
(1.92905 1.97081 0)
(2.0572 1.62057 0)
(2.08946 1.6446 0)
(2.23267 1.50757 0)
(2.37421 1.39468 0)
(2.50782 1.16176 0)
(2.63429 0.925278 0)
(2.70077 0.674688 0)
(2.72896 0.504995 0)
(2.74718 0.367744 0)
(2.73884 0.251423 0)
(2.71979 0.233175 0)
(2.69749 0.193103 0)
(2.68769 0.267951 0)
(2.64946 0.186217 0)
(2.62046 0.0287025 0)
(1.61208 1.7331 0)
(1.84037 2.05289 0)
(1.84583 2.29568 0)
(1.81986 2.26406 0)
(2.01375 2.04733 0)
(2.15638 1.7137 0)
(2.28399 1.66916 0)
(2.44685 1.53755 0)
(2.62217 1.42632 0)
(2.70807 1.13663 0)
(2.75996 1.1207 0)
(2.78933 0.892919 0)
(2.76273 0.879917 0)
(2.75366 0.783352 0)
(2.73785 0.704604 0)
(2.71229 0.623729 0)
(2.70797 0.574175 0)
(2.74013 0.517325 0)
(2.71263 0.317222 0)
(2.6866 0.146608 0)
(1.47905 1.63866 0)
(1.89692 2.03096 0)
(1.98065 2.30754 0)
(2.08915 2.36153 0)
(2.20902 2.2266 0)
(2.34225 2.06706 0)
(2.4666 1.79973 0)
(2.53029 1.68422 0)
(2.59114 1.63169 0)
(2.67011 1.4665 0)
(2.62751 1.51059 0)
(2.66504 1.32588 0)
(2.63261 1.22852 0)
(2.64653 1.13541 0)
(2.66404 0.997007 0)
(2.68981 0.879917 0)
(2.75161 0.780682 0)
(2.78836 0.584266 0)
(2.79313 0.389095 0)
(2.75301 0.30582 0)
(1.36016 1.56382 0)
(1.73596 1.9586 0)
(2.01749 2.29514 0)
(2.1722 2.34267 0)
(2.27393 2.31672 0)
(2.37006 2.16895 0)
(2.45306 1.87874 0)
(2.40879 1.84364 0)
(2.37063 1.87831 0)
(2.39095 1.77825 0)
(2.42355 1.65423 0)
(2.49801 1.53995 0)
(2.54086 1.36511 0)
(2.63148 1.28786 0)
(2.67751 1.12318 0)
(2.7522 0.952166 0)
(2.81437 0.789475 0)
(2.8366 0.581051 0)
(2.78249 0.565414 0)
(2.72519 0.597883 0)
(1.26204 1.43229 0)
(1.54175 1.83715 0)
(1.85957 2.21966 0)
(2.0559 2.33457 0)
(2.18655 2.3861 0)
(2.22346 2.31354 0)
(2.23272 2.06201 0)
(2.13498 2.01385 0)
(2.12182 1.95386 0)
(2.20769 1.85889 0)
(2.31683 1.69567 0)
(2.48624 1.59488 0)
(2.55798 1.44867 0)
(2.70831 1.35938 0)
(2.75352 1.13754 0)
(2.79333 1.00459 0)
(2.76296 0.986045 0)
(2.76342 0.916566 0)
(2.69922 1.04908 0)
(2.68558 0.975607 0)
(1.27268 1.34501 0)
(1.48268 1.71486 0)
(1.71042 2.05709 0)
(1.76224 2.29709 0)
(1.83627 2.35082 0)
(1.97228 2.33275 0)
(2.01909 2.12124 0)
(1.99846 2.02795 0)
(2.03341 1.9692 0)
(2.20539 1.88439 0)
(2.36533 1.71034 0)
(2.53569 1.64135 0)
(2.64658 1.45564 0)
(2.68088 1.42444 0)
(2.68525 1.37352 0)
(2.64754 1.43514 0)
(2.62162 1.41815 0)
(2.61964 1.30697 0)
(2.63133 1.34171 0)
(2.70052 1.14852 0)
(1.37778 1.3644 0)
(1.51884 1.6217 0)
(1.651 1.90116 0)
(1.68733 2.14263 0)
(1.74939 2.26595 0)
(1.81794 2.26403 0)
(1.8782 2.14511 0)
(1.98379 2.02474 0)
(2.07518 1.98089 0)
(2.28229 1.95551 0)
(2.44235 1.79057 0)
(2.49883 1.79819 0)
(2.53358 1.76437 0)
(2.46923 1.8096 0)
(2.45957 1.74665 0)
(2.4749 1.70931 0)
(2.51547 1.59017 0)
(2.58247 1.47762 0)
(2.66857 1.38528 0)
(2.79188 1.19975 0)
(1.52163 1.35045 0)
(1.57407 1.50554 0)
(1.67073 1.62771 0)
(1.71708 1.84037 0)
(1.78014 2.06606 0)
(1.86285 2.15702 0)
(1.93799 2.21349 0)
(1.9934 2.20698 0)
(1.99141 2.24137 0)
(2.10838 2.14493 0)
(2.14994 2.15089 0)
(2.20448 2.06044 0)
(2.25014 1.9739 0)
(2.26996 1.9353 0)
(2.32784 1.8508 0)
(2.41508 1.79338 0)
(2.50736 1.71529 0)
(2.62109 1.65683 0)
(2.70286 1.56134 0)
(2.76349 1.51593 0)
(1.68378 1.2889 0)
(1.53309 1.29631 0)
(1.57611 1.16164 0)
(1.66887 0.997284 0)
(1.86083 1.15593 0)
(1.96998 1.37833 0)
(2.00249 1.60848 0)
(1.9117 1.60971 0)
(1.85651 1.68865 0)
(1.84183 1.59658 0)
(1.81905 1.60893 0)
(1.88894 1.55557 0)
(1.93478 1.5243 0)
(1.95138 1.43166 0)
(1.98148 1.25079 0)
(2.06396 1.04104 0)
(2.17408 0.881308 0)
(2.27762 0.87542 0)
(2.44249 1.00202 0)
(2.51224 1.24832 0)
(1.38104 0.284981 0)
(1.26686 0.45785 0)
(1.26723 0.2268 0)
(1.29734 0.141854 0)
(1.41403 0.124347 0)
(1.58826 0.223458 0)
(1.67846 0.264655 0)
(1.62238 0.245561 0)
(1.57257 0.281358 0)
(1.53744 0.28611 0)
(1.50712 0.283109 0)
(1.55357 0.294514 0)
(1.60353 0.330007 0)
(1.60765 0.301736 0)
(1.60548 0.216704 0)
(1.65214 0.0825185 0)
(1.75401 0.0400299 0)
(1.81304 0.0663608 0)
(1.84718 0.159874 0)
(1.90303 0.278915 0)
(1.93889 -0.159441 0)
(2.04787 -0.146203 0)
(2.08668 -0.075342 0)
(2.11581 -0.0758474 0)
(2.11472 -0.00720275 0)
(2.13052 -0.00541747 0)
(2.17477 -0.0227421 0)
(2.19131 -0.0309516 0)
(2.20356 -0.0184578 0)
(2.19913 -0.0089697 0)
(2.20158 -0.00386267 0)
(2.22337 -0.00864254 0)
(2.23863 -0.0160786 0)
(2.24306 -0.0184656 0)
(2.24896 -0.0107893 0)
(2.2533 0.000307439 0)
(2.26064 0.00373241 0)
(2.27846 0.00333452 0)
(2.28988 0.00159422 0)
(2.32117 -0.000451373 0)
(2.27119 -0.788034 0)
(2.31305 -0.545373 0)
(2.32463 -0.319882 0)
(2.31251 -0.169332 0)
(2.25161 -0.0171706 0)
(2.25754 -0.00612008 0)
(2.25914 -0.0208069 0)
(2.30181 -0.033001 0)
(2.29654 -0.0355306 0)
(2.27604 -0.0193723 0)
(2.27261 -0.00560441 0)
(2.28938 0.00299089 0)
(2.30791 -0.0111093 0)
(2.3059 -0.0239737 0)
(2.29235 -0.0249615 0)
(2.28832 -0.00652327 0)
(2.29274 0.00551215 0)
(2.31097 0.0049809 0)
(2.32402 -0.00289221 0)
(2.35106 -0.00773517 0)
(2.67456 -1.48755 0)
(2.64626 -1.42191 0)
(2.59419 -1.07862 0)
(2.62346 -0.841457 0)
(2.56053 -0.433658 0)
(2.61539 -0.274917 0)
(2.53291 -0.0676967 0)
(2.48102 -0.0831939 0)
(2.41035 -0.0349739 0)
(2.41868 -0.0232138 0)
(2.41076 -0.0137492 0)
(2.40847 -0.0077412 0)
(2.4166 -0.0109549 0)
(2.41311 -0.0229678 0)
(2.39305 -0.0264628 0)
(2.38064 -0.0184045 0)
(2.3771 -0.00667242 0)
(2.38417 -0.00169164 0)
(2.39386 0.000137436 0)
(2.41423 -0.00485984 0)
(2.76036 -1.21864 0)
(2.68983 -1.21917 0)
(2.75622 -1.25023 0)
(2.74946 -1.18299 0)
(2.74171 -1.06041 0)
(2.76679 -0.814851 0)
(2.73036 -0.466986 0)
(2.73068 -0.333631 0)
(2.59614 -0.112846 0)
(2.55109 -0.0488234 0)
(2.53524 -0.0247771 0)
(2.51693 -0.00510315 0)
(2.51005 -0.00597127 0)
(2.50789 -0.0216959 0)
(2.50775 -0.026318 0)
(2.49393 -0.0206309 0)
(2.48597 -0.0173991 0)
(2.47661 -0.0110192 0)
(2.47385 -0.00901936 0)
(2.49168 -0.00824571 0)
(2.77666 -1.00883 0)
(2.7145 -1.08188 0)
(2.70512 -1.01233 0)
(2.74955 -1.00051 0)
(2.78928 -0.960954 0)
(2.78569 -0.954115 0)
(2.76933 -0.948773 0)
(2.75772 -0.763876 0)
(2.73194 -0.472866 0)
(2.73391 -0.209335 0)
(2.64352 -0.0706676 0)
(2.598 -0.00918334 0)
(2.57648 0.00604861 0)
(2.56096 -0.0107668 0)
(2.5648 -0.0198313 0)
(2.56375 -0.0156562 0)
(2.55902 -0.015685 0)
(2.54855 -0.0139279 0)
(2.5406 -0.00343503 0)
(2.55704 -0.0102238 0)
(2.74611 -0.902814 0)
(2.73018 -0.893288 0)
(2.71738 -0.938545 0)
(2.75005 -0.932093 0)
(2.80654 -0.892728 0)
(2.82288 -0.854711 0)
(2.81794 -0.845365 0)
(2.77061 -0.902834 0)
(2.7314 -0.872263 0)
(2.72721 -0.530981 0)
(2.73561 -0.292142 0)
(2.64945 -0.0812527 0)
(2.6115 0.0094799 0)
(2.58649 0.0031467 0)
(2.58618 -0.0141436 0)
(2.58862 -0.0212834 0)
(2.58543 -0.0206128 0)
(2.57835 -0.0134224 0)
(2.57667 -0.0100165 0)
(2.58901 -0.0121276 0)
(2.72319 -0.706831 0)
(2.73546 -0.73639 0)
(2.72694 -0.773693 0)
(2.75305 -0.778643 0)
(2.8124 -0.781691 0)
(2.83281 -0.790676 0)
(2.82014 -0.786578 0)
(2.77648 -0.784255 0)
(2.71059 -0.812286 0)
(2.69748 -0.819357 0)
(2.70338 -0.622947 0)
(2.68776 -0.342888 0)
(2.60825 -0.0812756 0)
(2.58614 -0.00964505 0)
(2.5984 -0.0143974 0)
(2.59354 -0.0250419 0)
(2.59084 -0.0219078 0)
(2.58509 -0.00863866 0)
(2.58686 -0.00878679 0)
(2.59724 -0.0123326 0)
(2.6961 -0.477267 0)
(2.73476 -0.600817 0)
(2.7427 -0.662543 0)
(2.75003 -0.682466 0)
(2.79267 -0.687063 0)
(2.82733 -0.700444 0)
(2.81085 -0.690926 0)
(2.75305 -0.681921 0)
(2.72091 -0.707739 0)
(2.70056 -0.754114 0)
(2.71233 -0.764338 0)
(2.71717 -0.649762 0)
(2.66085 -0.376113 0)
(2.60658 -0.130102 0)
(2.59521 0.00842422 0)
(2.58941 -0.0182279 0)
(2.59026 -0.00443891 0)
(2.58527 0.00448337 0)
(2.58536 -0.00753814 0)
(2.59679 -0.015674 0)
(2.67703 -0.260227 0)
(2.7286 -0.396539 0)
(2.76401 -0.498684 0)
(2.7435 -0.558123 0)
(2.75156 -0.610291 0)
(2.77961 -0.652288 0)
(2.77277 -0.625213 0)
(2.7303 -0.622524 0)
(2.71148 -0.647502 0)
(2.6991 -0.676746 0)
(2.70877 -0.701239 0)
(2.73715 -0.718388 0)
(2.72829 -0.647546 0)
(2.66591 -0.385958 0)
(2.62684 -0.160491 0)
(2.60935 -0.0578962 0)
(2.59653 -0.00574698 0)
(2.57993 -0.00250241 0)
(2.57552 -0.0162869 0)
(2.59183 -0.0203236 0)
(2.6283 -0.0886723 0)
(2.71968 -0.247859 0)
(2.7531 -0.343068 0)
(2.71941 -0.426582 0)
(2.71012 -0.477145 0)
(2.72509 -0.527632 0)
(2.72211 -0.539497 0)
(2.69613 -0.538058 0)
(2.67529 -0.553191 0)
(2.69014 -0.60441 0)
(2.70687 -0.629511 0)
(2.74348 -0.674998 0)
(2.74268 -0.685132 0)
(2.7202 -0.643673 0)
(2.67284 -0.404003 0)
(2.64353 -0.149809 0)
(2.61555 0.0390048 0)
(2.56385 -0.00543378 0)
(2.56802 -0.0232073 0)
(2.59551 -0.0212781 0)
(2.50902 0.134702 0)
(2.54747 0.136859 0)
(2.55393 0.0167812 0)
(2.63732 -0.220858 0)
(2.66671 -0.359615 0)
(2.66672 -0.418802 0)
(2.68029 -0.432188 0)
(2.66771 -0.424497 0)
(2.66349 -0.450787 0)
(2.68873 -0.495327 0)
(2.70894 -0.555231 0)
(2.72808 -0.577749 0)
(2.74317 -0.61149 0)
(2.74439 -0.645593 0)
(2.73527 -0.61574 0)
(2.71639 -0.450958 0)
(2.69321 -0.215465 0)
(2.67987 -0.122004 0)
(2.64112 -0.0291268 0)
(2.64485 -0.0228124 0)
(2.33785 0.579153 0)
(2.46781 0.26113 0)
(2.50755 0.187053 0)
(2.52965 0.0727318 0)
(2.63576 -0.144583 0)
(2.64912 -0.299367 0)
(2.65853 -0.349477 0)
(2.69524 -0.385518 0)
(2.69769 -0.434117 0)
(2.69807 -0.43165 0)
(2.70437 -0.439431 0)
(2.72305 -0.481026 0)
(2.735 -0.52739 0)
(2.75296 -0.559631 0)
(2.78546 -0.558402 0)
(2.78811 -0.55792 0)
(2.76904 -0.495102 0)
(2.76323 -0.314204 0)
(2.74178 -0.168855 0)
(2.7344 -0.0697037 0)
(2.34618 0.709588 0)
(2.37598 0.620597 0)
(2.47132 0.391264 0)
(2.53353 0.209504 0)
(2.52152 0.209955 0)
(2.5923 0.00898987 0)
(2.63348 -0.13037 0)
(2.67639 -0.133359 0)
(2.66994 -0.179855 0)
(2.68022 -0.26023 0)
(2.71146 -0.32955 0)
(2.72763 -0.400236 0)
(2.75854 -0.436681 0)
(2.7874 -0.438657 0)
(2.80747 -0.481111 0)
(2.81982 -0.522521 0)
(2.82609 -0.530425 0)
(2.82431 -0.512111 0)
(2.8294 -0.444585 0)
(2.81388 -0.224287 0)
(2.43341 0.685949 0)
(2.43208 0.679092 0)
(2.43015 0.647071 0)
(2.47787 0.520329 0)
(2.52645 0.368694 0)
(2.56098 0.262819 0)
(2.64271 0.0028625 0)
(2.65514 -0.0203788 0)
(2.69636 -0.159416 0)
(2.7179 -0.25405 0)
(2.7364 -0.281481 0)
(2.75921 -0.342005 0)
(2.7942 -0.357495 0)
(2.81161 -0.353254 0)
(2.82004 -0.376657 0)
(2.81925 -0.409108 0)
(2.83478 -0.454715 0)
(2.84679 -0.49538 0)
(2.88064 -0.492262 0)
(2.89021 -0.428739 0)
(2.71963 0.445685 0)
(2.59826 0.601332 0)
(2.5223 0.630069 0)
(2.52107 0.618296 0)
(2.52777 0.569111 0)
(2.55967 0.4714 0)
(2.61489 0.306023 0)
(2.65155 0.179154 0)
(2.69934 0.0305474 0)
(2.72389 -0.00441661 0)
(2.70797 0.00300711 0)
(2.7456 -0.116454 0)
(2.76984 -0.146113 0)
(2.78388 -0.197478 0)
(2.82491 -0.284103 0)
(2.84551 -0.337787 0)
(2.86549 -0.365942 0)
(2.89128 -0.403636 0)
(2.91383 -0.442339 0)
(2.93259 -0.431651 0)
(2.96848 0.0705781 0)
(2.84917 0.312254 0)
(2.73686 0.473964 0)
(2.61277 0.57961 0)
(2.6102 0.580889 0)
(2.60901 0.566271 0)
(2.62317 0.505966 0)
(2.64487 0.425157 0)
(2.69809 0.277764 0)
(2.74934 0.115355 0)
(2.7447 0.0929186 0)
(2.79993 -0.0733198 0)
(2.81331 -0.141707 0)
(2.82934 -0.209316 0)
(2.8503 -0.275976 0)
(2.88209 -0.291044 0)
(2.90245 -0.275254 0)
(2.92445 -0.333155 0)
(2.91872 -0.315778 0)
(2.93758 -0.387162 0)
(2.99897 0.00343376 0)
(2.9855 0.0367133 0)
(2.94929 0.135572 0)
(2.82531 0.365808 0)
(2.74537 0.489778 0)
(2.66747 0.552905 0)
(2.66715 0.549312 0)
(2.66964 0.532016 0)
(2.68753 0.479737 0)
(2.71826 0.392368 0)
(2.76089 0.258995 0)
(2.79751 0.150232 0)
(2.80998 0.0970676 0)
(2.82774 0.0285874 0)
(2.8494 -0.0509438 0)
(2.85705 -0.054579 0)
(2.87259 -0.0910098 0)
(2.89037 -0.16597 0)
(2.91518 -0.244568 0)
(2.93639 -0.297249 0)
(2.99998 7.33079e-05 0)
(2.99964 0.000894959 0)
(2.99738 0.00782086 0)
(2.97613 0.0610438 0)
(2.92791 0.181597 0)
(2.82671 0.379525 0)
(2.77606 0.464861 0)
(2.71313 0.522408 0)
(2.71324 0.520872 0)
(2.71852 0.504439 0)
(2.73708 0.454249 0)
(2.7688 0.372832 0)
(2.80735 0.256812 0)
(2.8408 0.154738 0)
(2.86865 0.0701417 0)
(2.8883 -0.0448696 0)
(2.896 -0.0965302 0)
(2.91415 -0.166154 0)
(2.93574 -0.236456 0)
(2.96619 -0.26587 0)
(3 1.10558e-06 0)
(3 9.66576e-06 0)
(2.99995 0.00011141 0)
(2.9992 0.00197873 0)
(2.99481 0.0136709 0)
(2.96784 0.0812884 0)
(2.92704 0.189925 0)
(2.83964 0.36829 0)
(2.79206 0.453551 0)
(2.75258 0.49129 0)
(2.75316 0.489006 0)
(2.75809 0.476119 0)
(2.77538 0.433899 0)
(2.80715 0.354525 0)
(2.83286 0.280743 0)
(2.87066 0.159241 0)
(2.8939 0.0790824 0)
(2.90732 0.0444686 0)
(2.91238 0.00616814 0)
(2.9294 -0.0596811 0)
(3 1.24362e-08 0)
(3 8.24659e-08 0)
(3 9.12064e-07 0)
(2.99999 2.05013e-05 0)
(2.99989 0.00025356 0)
(2.99872 0.00307112 0)
(2.99305 0.0181165 0)
(2.96693 0.0819035 0)
(2.91974 0.200021 0)
(2.8555 0.342621 0)
(2.81552 0.421641 0)
(2.78288 0.465418 0)
(2.78357 0.464125 0)
(2.7887 0.452302 0)
(2.80363 0.4175 0)
(2.8304 0.354419 0)
(2.86458 0.258694 0)
(2.88959 0.181405 0)
(2.9172 0.0858378 0)
(2.94491 -0.0354568 0)
(3 1.07318e-10 0)
(3 6.33025e-10 0)
(3 6.37096e-09 0)
(3 1.42083e-07 0)
(3 2.1403e-06 0)
(2.99998 3.57759e-05 0)
(2.99984 0.000368797 0)
(2.99842 0.00369047 0)
(2.99176 0.0198749 0)
(2.9671 0.0814421 0)
(2.92723 0.181577 0)
(2.86871 0.316031 0)
(2.83069 0.397211 0)
(2.8079 0.436896 0)
(2.8088 0.435813 0)
(2.81307 0.427778 0)
(2.82592 0.400238 0)
(2.84624 0.35096 0)
(2.87625 0.271009 0)
(2.91203 0.163182 0)
(3 7.09195e-13 0)
(3 4.46075e-12 0)
(3 3.97261e-11 0)
(3 8.67191e-10 0)
(3 1.36499e-08 0)
(3 2.59666e-07 0)
(3 3.26281e-06 0)
(2.99998 4.71634e-05 0)
(2.9998 0.000453655 0)
(2.9984 0.00370422 0)
(2.99208 0.0189462 0)
(2.97033 0.071018 0)
(2.93104 0.16726 0)
(2.88273 0.285028 0)
(2.84958 0.361876 0)
(2.82763 0.409468 0)
(2.82783 0.410443 0)
(2.83059 0.405123 0)
(2.83943 0.388161 0)
(2.87196 0.313935 0)
(3 9.01474e-15 0)
(3 2.97375e-14 0)
(3 2.32879e-13 0)
(3 4.59882e-12 0)
(3 7.95057e-11 0)
(3 1.51745e-09 0)
(3 2.23792e-08 0)
(3 3.47218e-07 0)
(3 4.25184e-06 0)
(2.99998 4.86988e-05 0)
(2.9998 0.000436144 0)
(2.99853 0.00331732 0)
(2.99276 0.0167887 0)
(2.97488 0.0596823 0)
(2.93935 0.146628 0)
(2.90192 0.23914 0)
(2.85867 0.34671 0)
(2.84554 0.370645 0)
(2.84373 0.384849 0)
(2.85114 0.375372 0)
(3 1.43178e-15 0)
(3 2.25597e-15 0)
(3 1.91266e-15 0)
(3 2.23114e-14 0)
(3 4.02752e-13 0)
(3 8.14668e-12 0)
(3 1.30434e-10 0)
(3 2.12837e-09 0)
(3 2.90294e-08 0)
(3 3.62609e-07 0)
(3 4.29163e-06 0)
(2.99998 4.28661e-05 0)
(2.99982 0.000404009 0)
(2.99888 0.00252074 0)
(2.99398 0.0140435 0)
(2.98076 0.0451914 0)
(2.94768 0.12639 0)
(2.91591 0.208954 0)
(2.88297 0.303671 0)
(2.8749 0.344948 0)
(3 -5.17315e-16 0)
(3 -9.99794e-16 0)
(3 -1.95307e-15 0)
(3 -2.84121e-15 0)
(3 -1.41065e-15 0)
(3 3.13823e-14 0)
(3 5.94443e-13 0)
(3 1.02712e-11 0)
(3 1.47043e-10 0)
(3 1.98546e-09 0)
(3 2.53028e-08 0)
(3 2.87864e-07 0)
(3 3.26066e-06 0)
(2.99998 2.80506e-05 0)
(2.99984 0.00026179 0)
(2.99903 0.00148531 0)
(2.99424 0.00914286 0)
(2.98112 0.0274773 0)
(2.94796 0.0800563 0)
(2.88107 0.153948 0)
(2.41035 0.409653 0)
(2.26992 0.708443 0)
(2.34062 0.736259 0)
(2.5486 0.601235 0)
(2.859 0.239773 0)
(2.98703 0.0321631 0)
(2.99955 0.00158327 0)
(2.99999 3.90664e-05 0)
(3 5.90069e-07 0)
(3 5.96629e-09 0)
(3 4.28266e-11 0)
(3 2.35356e-13 0)
(3 5.30007e-15 0)
(3 5.7694e-16 0)
(3 -1.03958e-15 0)
(2.2918 0.635066 0)
(2.25878 0.785876 0)
(2.40261 0.736694 0)
(2.78082 0.371609 0)
(2.99 0.0351637 0)
(3.00004 0.000460098 0)
(3 -1.2314e-06 0)
(3 -8.51929e-08 0)
(3 -1.56236e-08 0)
(3 -6.46669e-10 0)
(3 -8.43739e-12 0)
(3 -5.38568e-14 0)
(3 2.13191e-15 0)
(3 -5.31069e-16 0)
(3 -1.2671e-15 0)
(2.20071 0.815675 0)
(2.25166 0.804791 0)
(2.58178 0.561171 0)
(2.94191 0.120941 0)
(2.99886 0.00507994 0)
(2.99999 7.15917e-05 0)
(3 8.68588e-07 0)
(3 1.08582e-08 0)
(3 3.43455e-11 0)
(3 1.95358e-13 0)
(3 1.58e-14 0)
(3 9.8446e-15 0)
(3 3.97386e-15 0)
(3 -8.19559e-16 0)
(3 -1.64597e-15 0)
(2.17447 0.882115 0)
(2.41153 0.745326 0)
(2.84727 0.270098 0)
(2.99574 0.015169 0)
(3.00001 8.47721e-05 0)
(3 -1.00443e-06 0)
(3 -6.62156e-09 0)
(3 -1.34278e-09 0)
(3 -7.4824e-11 0)
(3 -1.23189e-12 0)
(3 -1.48175e-15 0)
(3 8.20326e-15 0)
(3 3.94241e-15 0)
(3 -8.30808e-16 0)
(3 -1.75676e-15 0)
(2.17857 0.897513 0)
(2.66682 0.452986 0)
(2.98505 0.0341437 0)
(3 0.000382301 0)
(3 2.35255e-06 0)
(3 4.89579e-09 0)
(3 -3.02957e-10 0)
(3 -6.92187e-12 0)
(3 7.21793e-14 0)
(3 1.02796e-14 0)
(3 8.93859e-15 0)
(3 8.13786e-15 0)
(3 3.75803e-15 0)
(3 -4.64514e-16 0)
(3 -1.54806e-15 0)
(2.5733 0.573601 0)
(2.9911 0.0376574 0)
(3.00021 0.000387083 0)
(3 -7.62269e-07 0)
(3 -1.58699e-07 0)
(3 -7.55571e-09 0)
(3 -1.76252e-10 0)
(3 -8.3141e-13 0)
(3 -9.3567e-15 0)
(3 7.58479e-16 0)
(3 8.70981e-15 0)
(3 7.33708e-15 0)
(3 3.26939e-15 0)
(3 -3.48062e-16 0)
(3 -1.4437e-15 0)
(2.99314 0.0505544 0)
(2.99998 0.00107116 0)
(3 -2.19121e-06 0)
(3 -8.20145e-07 0)
(3 -1.57718e-08 0)
(3 -2.11197e-11 0)
(3 7.01937e-13 0)
(3 1.32918e-13 0)
(3 -3.39169e-15 0)
(3 1.29064e-15 0)
(3 9.92372e-15 0)
(3 7.20795e-15 0)
(3 2.52006e-15 0)
(3 -3.04462e-16 0)
(3 -1.27722e-15 0)
(3.00074 -0.00153279 0)
(3.00003 -0.000106332 0)
(3 -3.46723e-06 0)
(3 2.98933e-08 0)
(3 1.17071e-10 0)
(3 1.51262e-11 0)
(3 1.2754e-13 0)
(3 -3.52808e-15 0)
(3 -5.98114e-15 0)
(3 6.58779e-16 0)
(3 1.04245e-14 0)
(3 7.19283e-15 0)
(3 2.27096e-15 0)
(3 -1.25856e-16 0)
(3 -1.25818e-15 0)
(3.00001 -2.18195e-05 0)
(3 1.1898e-07 0)
(3 2.35448e-08 0)
(3 1.14995e-09 0)
(3 -6.52577e-12 0)
(3 -6.89488e-14 0)
(3 -2.98567e-15 0)
(3 -3.33823e-15 0)
(3 -6.33485e-15 0)
(3 1.44563e-16 0)
(3 1.08872e-14 0)
(3 7.22719e-15 0)
(3 1.9357e-15 0)
(3 -5.40786e-17 0)
(3 -1.24046e-15 0)
(3 1.2301e-06 0)
(3 1.41587e-08 0)
(3 -7.55249e-11 0)
(3 -1.25731e-11 0)
(3 -4.02907e-13 0)
(3 3.4101e-15 0)
(3 1.15137e-15 0)
(3 -3.7586e-15 0)
(3 -7.13617e-15 0)
(3 -3.84291e-16 0)
(3 1.08231e-14 0)
(3 7.21315e-15 0)
(3 2.03853e-15 0)
(3 -3.69954e-16 0)
(3 -1.26593e-15 0)
(3 1.08755e-14 0)
(3 -1.52642e-15 0)
(3 -8.22834e-17 0)
(3 -9.62345e-16 0)
(3 -2.33368e-15 0)
(3 -1.24924e-16 0)
(3 9.91341e-16 0)
(3 -3.85939e-15 0)
(3 -6.72997e-15 0)
(3 2.31167e-16 0)
(3 1.05599e-14 0)
(3 6.98071e-15 0)
(3 2.1492e-15 0)
(3 -5.9253e-16 0)
(3 -1.27266e-15 0)
(3 5.48841e-16 0)
(3 6.5992e-16 0)
(3 -2.39284e-16 0)
(3 -3.56676e-16 0)
(3 -2.04047e-15 0)
(3 1.86176e-16 0)
(3 9.69864e-16 0)
(3 -4.40932e-15 0)
(3 -6.679e-15 0)
(3 1.77096e-16 0)
(3 1.03021e-14 0)
(3 6.67139e-15 0)
(3 2.10905e-15 0)
(3 -6.03696e-16 0)
(3 -1.23169e-15 0)
(3 6.34655e-16 0)
(3 3.45377e-16 0)
(3 3.01176e-16 0)
(3 -3.7263e-16 0)
(3 -1.3976e-15 0)
(3 4.83603e-16 0)
(3 9.56651e-16 0)
(3 -4.37759e-15 0)
(3 -5.82205e-15 0)
(3 1.31099e-16 0)
(3 1.02211e-14 0)
(3 6.2606e-15 0)
(3 2.13516e-15 0)
(3 -6.35461e-16 0)
(3 -1.18253e-15 0)
(3 -1.2546e-17 0)
(3 9.91382e-17 0)
(3 2.61503e-16 0)
(3 4.69703e-16 0)
(3 -3.22829e-16 0)
(3 7.83109e-16 0)
(3 6.42374e-16 0)
(3 -4.66998e-15 0)
(3 -5.75304e-15 0)
(3 -3.23122e-17 0)
(3 1.01464e-14 0)
(3 5.36206e-15 0)
(3 2.33884e-15 0)
(3 -4.82557e-16 0)
(3 -1.04406e-15 0)
(3 -1.67824e-16 0)
(3 5.87988e-17 0)
(3 2.80289e-16 0)
(3 8.15146e-16 0)
(3 -6.29476e-17 0)
(3 1.03859e-15 0)
(3 8.45098e-18 0)
(3 -4.99218e-15 0)
(3 -5.12233e-15 0)
(3 -6.76586e-17 0)
(3 9.22411e-15 0)
(3 4.68638e-15 0)
(3 2.57216e-15 0)
(3 -2.96968e-16 0)
(3 -8.89307e-16 0)
(3 1.07328e-16 0)
(3 8.52501e-17 0)
(3 5.99419e-16 0)
(3 9.68513e-16 0)
(3 3.25573e-16 0)
(3 9.42701e-16 0)
(3 9.54751e-17 0)
(3 -5.04642e-15 0)
(3 -3.99796e-15 0)
(3 8.47156e-17 0)
(3 8.43566e-15 0)
(3 4.02888e-15 0)
(3 2.58401e-15 0)
(3 -8.25258e-17 0)
(3 -9.0013e-16 0)
(3 -2.49947e-16 0)
(3 -6.33558e-17 0)
(3 1.02172e-15 0)
(3 1.43958e-15 0)
(3 5.4499e-16 0)
(3 5.05156e-16 0)
(3 6.49986e-16 0)
(3 -4.12554e-15 0)
(3 -4.13194e-15 0)
(3 4.62667e-16 0)
(3 7.74153e-15 0)
(3 3.52507e-15 0)
(3 2.55049e-15 0)
(3 7.36123e-17 0)
(3 -7.20596e-16 0)
(3 -7.35035e-16 0)
(3 -2.31973e-16 0)
(3 1.14592e-15 0)
(3 1.77152e-15 0)
(3 8.93858e-16 0)
(3 2.86976e-16 0)
(3 9.04019e-16 0)
(3 -3.25869e-15 0)
(3 -4.14836e-15 0)
(3 6.60136e-16 0)
(3 6.57448e-15 0)
(3 3.15921e-15 0)
(3 2.07908e-15 0)
(3 4.00026e-16 0)
(3 -5.75694e-16 0)
(3 -5.40911e-16 0)
(3 -1.62489e-17 0)
(3 7.63659e-16 0)
(3 2.32365e-15 0)
(3 1.47281e-15 0)
(3 4.05322e-17 0)
(3 7.57689e-16 0)
(3 -2.58144e-15 0)
(3 -4.15301e-15 0)
(3 7.78197e-16 0)
(3 5.67914e-15 0)
(3 3.00491e-15 0)
(3 2.07902e-15 0)
(3 7.92536e-16 0)
(3 -3.67216e-16 0)
(3 -1.00682e-15 0)
(3 -2.40718e-16 0)
(3 4.41554e-17 0)
(3 2.9002e-15 0)
(3 1.98979e-15 0)
(3 -1.86087e-16 0)
(3 8.5214e-16 0)
(3 -1.3094e-15 0)
(3 -4.65235e-15 0)
(3 7.82114e-16 0)
(3 3.94873e-15 0)
(3 3.20022e-15 0)
(3 2.02768e-15 0)
(3 9.05183e-16 0)
(3 -2.52232e-16 0)
(3 -2.64985e-15 0)
(3 -9.962e-16 0)
(3 -9.87125e-17 0)
(3 2.86687e-15 0)
(3 2.95615e-15 0)
(3 -6.34955e-16 0)
(3 5.1422e-16 0)
(3 8.29454e-16 0)
(3 -4.03806e-15 0)
(3 1.20986e-15 0)
(3 1.94196e-15 0)
(3 3.21462e-15 0)
(3 1.96478e-15 0)
(3 8.97365e-16 0)
(3 -2.44461e-16 0)
(3 -1.60591e-15 0)
(3 -2.05956e-15 0)
(3 6.43649e-16 0)
(3 3.1173e-15 0)
(3 3.38333e-15 0)
(3 1.45277e-16 0)
(3 1.50302e-16 0)
(3 8.08289e-16 0)
(3 -2.10337e-15 0)
(3 1.5085e-15 0)
(3 1.42613e-15 0)
(3 3.71992e-16 0)
(3 1.46521e-15 0)
(3 4.79224e-16 0)
(3 -2.71206e-16 0)
(3 -8.91876e-16 0)
(3 -3.8603e-15 0)
(3 -4.97612e-16 0)
(3 3.27556e-15 0)
(3 3.82559e-15 0)
(3 -3.38506e-17 0)
(3 -1.87286e-16 0)
(3 1.78422e-15 0)
(3 -1.10971e-15 0)
(3 1.73138e-15 0)
(3 -6.91859e-16 0)
(3 -1.5237e-15 0)
(3 8.54324e-16 0)
(3 4.93877e-16 0)
(3 -2.1611e-16 0)
(3 -5.4654e-16 0)
(3 -5.84095e-15 0)
(3 -2.47535e-16 0)
(3 3.22757e-15 0)
(3 4.50477e-15 0)
(3 4.32107e-17 0)
(3 2.73921e-16 0)
(3 2.22337e-15 0)
(3 -3.10761e-16 0)
(3 2.28189e-15 0)
(3 -3.13598e-15 0)
(3 -4.08221e-15 0)
(3 3.86668e-16 0)
(3 5.99062e-16 0)
(3 -1.32978e-17 0)
(3 -2.09551e-15 0)
(3 -6.20639e-15 0)
(3 -4.84933e-16 0)
(3 3.98992e-15 0)
(3 6.22968e-15 0)
(3 5.2608e-17 0)
(3 -1.44964e-15 0)
(3 9.52181e-16 0)
(3 3.30133e-15 0)
(3 2.59045e-15 0)
(3 -5.18085e-15 0)
(3 -5.78205e-15 0)
(3 -2.33484e-16 0)
(3 1.76498e-16 0)
(3 -4.15284e-16 0)
(3 -1.91286e-15 0)
(3 -3.20612e-15 0)
(3 -6.94251e-16 0)
(3 2.76903e-15 0)
(3 5.84836e-15 0)
(3 2.34742e-16 0)
(3 -2.81285e-15 0)
(3 7.38005e-16 0)
(3 5.71879e-15 0)
(3 3.65165e-15 0)
(3 -7.55315e-15 0)
(3 -8.8919e-15 0)
(3 -1.50053e-15 0)
(3 1.05924e-15 0)
(3 3.93344e-16 0)
(3 -9.16696e-16 0)
(3 3.57332e-15 0)
(3 8.84796e-16 0)
(3 7.60554e-16 0)
(3 2.48051e-15 0)
(3 7.79478e-17 0)
(3 -1.75883e-15 0)
(3 1.12452e-15 0)
(3 6.00408e-15 0)
(3 3.84033e-15 0)
(3 -9.47307e-15 0)
(3 -9.63233e-15 0)
(3 -2.09189e-15 0)
(3 1.72635e-16 0)
(3 1.62178e-16 0)
(3 -2.30804e-15 0)
(3 3.88642e-15 0)
(3 4.21047e-15 0)
(3 2.19011e-16 0)
(3 -1.06252e-15 0)
(3 -1.80634e-15 0)
(3 -9.72982e-16 0)
(3 1.2975e-15 0)
(3 3.34407e-15 0)
(3 3.08147e-15 0)
(3 -7.95564e-15 0)
(3 -8.23416e-15 0)
(3 -2.13997e-15 0)
(3 -4.2734e-16 0)
(3 -2.77659e-16 0)
(3 -3.62013e-15 0)
(3 4.84774e-15 0)
(3 4.00996e-15 0)
(3 -6.36242e-16 0)
(3 -2.34415e-15 0)
(3 -1.73842e-15 0)
(3 3.81021e-15 0)
(3 1.88116e-15 0)
(3 1.96365e-15 0)
(3 -3.88985e-16 0)
(3 -4.81699e-15 0)
(3 -4.78135e-15 0)
(3 -4.47099e-16 0)
(3 -1.6327e-15 0)
(3 -1.52488e-15 0)
(3 -4.60831e-15 0)
(3 -3.91104e-15 0)
(3 -3.76956e-16 0)
(3 2.05092e-15 0)
(3 4.78538e-15 0)
(3 2.9854e-15 0)
(3 -4.94916e-16 0)
(3 -9.29116e-16 0)
(3 7.91664e-16 0)
(3 -3.6689e-16 0)
(3 -3.27254e-15 0)
(3 2.0923e-15 0)
(3 1.65096e-15 0)
(3 -9.84649e-16 0)
(3 -5.39176e-16 0)
(3 -4.09301e-15 0)
(3 -4.13525e-15 0)
(3 1.15147e-17 0)
(3 2.43268e-15 0)
(3 4.78772e-15 0)
(3 2.90429e-15 0)
(3 -7.78701e-16 0)
(3 -2.07595e-15 0)
(3 -7.04857e-15 0)
(3 -7.72309e-15 0)
(3 -4.59252e-15 0)
(3 -2.8311e-15 0)
(3 -1.64683e-15 0)
(3 1.87278e-15 0)
(3 5.47171e-15 0)
(3 5.42766e-15 0)
(3 -2.15684e-15 0)
(3 -3.71684e-15 0)
(3 -3.90859e-15 0)
(3 -5.2989e-15 0)
(3 -2.5034e-15 0)
(3 -1.21893e-15 0)
(3 -9.50432e-16 0)
(3 -1.39811e-15 0)
(3 1.01482e-15 0)
(3 3.92853e-16 0)
(3 -5.0722e-16 0)
(3 -7.6257e-16 0)
(3 -5.88205e-16 0)
(3 -2.55654e-15 0)
(3 -6.24708e-16 0)
(3 1.10793e-15 0)
(3 3.74274e-16 0)
(3 1.36107e-16 0)
(3 -1.24387e-15 0)
(3 -2.1415e-15 0)
(3 -6.86808e-16 0)
(3 -5.32021e-16 0)
(3 -3.76646e-16 0)
(3 -8.24671e-16 0)
(3 -2.069e-15 0)
(3 -1.41505e-15 0)
(3 -2.22869e-15 0)
(3 -1.25594e-15 0)
(3 -1.20356e-15 0)
(3 -2.08444e-15 0)
(3 -1.64916e-15 0)
(3 -1.97863e-15 0)
(3 -2.02665e-15 0)
(3 -3.17259e-15 0)
(3 -2.14269e-15 0)
(3 -2.85375e-15 0)
(3 -3.62191e-15 0)
(3 -2.96968e-15 0)
(3 -2.03293e-15 0)
(3 -1.07366e-15 0)
(3 -2.8116e-15 0)
(3 -3.46254e-15 0)
(3 -1.80529e-15 0)
(3 -1.98605e-15 0)
(3 -2.37131e-15 0)
(3 -3.13168e-15 0)
(3 -2.80817e-15 0)
(3 -2.39448e-15 0)
(3 -6.51371e-16 0)
(3 5.73749e-16 0)
(3 -1.68766e-15 0)
(3 -3.06362e-15 0)
(3 -2.53356e-16 0)
(3 1.91708e-15 0)
(3 -1.80752e-15 0)
(3 -1.32959e-15 0)
(3 -4.80914e-16 0)
(3 -2.76869e-16 0)
(3 2.20559e-15 0)
(3 2.55498e-15 0)
(3 2.76354e-15 0)
(3 1.77364e-15 0)
(3 5.99819e-16 0)
(3 1.38573e-15 0)
(3 -1.85436e-16 0)
(3 2.71589e-16 0)
(3 1.45618e-15 0)
(3 2.487e-15 0)
(3 3.42326e-15 0)
(3 4.05397e-15 0)
(3 6.20387e-15 0)
(3 5.13856e-15 0)
(3 1.85005e-15 0)
(3 -1.34672e-16 0)
(3 8.90537e-16 0)
(3 5.36033e-16 0)
(3 9.74821e-16 0)
(3 5.94432e-16 0)
(3 1.18914e-15 0)
(3 2.86647e-15 0)
(3 4.89271e-15 0)
(3 4.15842e-15 0)
(3 1.66507e-15 0)
(3 -2.33069e-15 0)
(3 4.28649e-15 0)
(3 4.7072e-15 0)
(3 3.31953e-15 0)
(3 1.47398e-15 0)
(3 6.69107e-16 0)
(3 -2.87038e-16 0)
(3 2.92456e-15 0)
(3 5.46106e-15 0)
(3 3.57894e-15 0)
(3 -2.7802e-16 0)
(3 2.66991e-15 0)
(3 2.88831e-15 0)
(3 2.31909e-15 0)
(3 1.55539e-16 0)
(3 2.58106e-16 0)
(3 7.00025e-16 0)
(3 1.64018e-15 0)
(3 4.73993e-15 0)
(3 3.31817e-15 0)
(3 1.746e-15 0)
(3 1.1722e-15 0)
(3 5.95939e-16 0)
(3 1.32237e-15 0)
(3 1.00741e-15 0)
(3 1.26296e-15 0)
(3 1.84822e-15 0)
(3 1.46914e-15 0)
(3 2.16784e-15 0)
(3 3.42067e-15 0)
(3 5.01228e-15 0)
(3 -1.07673e-15 0)
(3 -1.03102e-15 0)
(3 1.24547e-16 0)
(3 1.83114e-15 0)
(3 1.33817e-15 0)
(3 -8.72828e-17 0)
(3 3.92794e-16 0)
(3 1.53254e-15 0)
(3 4.32188e-15 0)
(3 3.58608e-15 0)
(3 -2.91504e-15 0)
(3 -8.98495e-16 0)
(3 -9.06342e-17 0)
(3 1.83688e-15 0)
(3 1.3268e-15 0)
(3 6.27978e-16 0)
(3 1.36819e-15 0)
(3 1.37366e-15 0)
(3 -4.78973e-16 0)
(3 8.4843e-16 0)
(3 2.36627e-16 0)
(3 3.33938e-16 0)
(3 -4.35352e-16 0)
(3 -4.72827e-16 0)
(3 8.8797e-16 0)
(3 9.94438e-16 0)
(3 8.76854e-16 0)
(3 4.16343e-16 0)
(3 2.32771e-16 0)
(3 -5.9977e-16 0)
(3 1.35021e-15 0)
(3 2.20021e-16 0)
(3 2.20165e-16 0)
(3 -1.9725e-15 0)
(3 -1.28388e-15 0)
(3 -1.72457e-16 0)
(3 5.82044e-16 0)
(3 -1.07851e-15 0)
(3 1.82368e-15 0)
(3 6.22572e-17 0)
(3 1.42681e-15 0)
(3 7.33283e-16 0)
(3 9.14137e-16 0)
(3 -1.03661e-15 0)
(3 -9.47068e-16 0)
(3 -2.02068e-15 0)
(3 -9.46894e-16 0)
(3 -2.01742e-15 0)
(3 -7.93938e-16 0)
(3 2.23014e-16 0)
(3 -8.8972e-18 0)
(3 8.20797e-16 0)
(3 1.85201e-16 0)
(3 -2.43951e-15 0)
(3 -2.99961e-15 0)
(3 -2.96266e-15 0)
(3 9.83652e-16 0)
(3 7.20641e-16 0)
(3 -1.06577e-16 0)
(3 2.23367e-15 0)
(3 1.19133e-15 0)
(3 1.58129e-15 0)
(3 -3.26609e-16 0)
(3 -3.3909e-15 0)
(3 -3.46474e-15 0)
(3 -8.23133e-16 0)
(3 -1.1984e-15 0)
(3 1.32482e-15 0)
(3 2.55103e-15 0)
(3 2.69183e-15 0)
(3 1.00977e-15 0)
(3 -2.91215e-16 0)
(3 -2.16769e-15 0)
(3 -3.00563e-16 0)
(3 -1.11844e-15 0)
(3 -1.05176e-15 0)
(3 -2.75257e-15 0)
(3 1.49233e-16 0)
(3 1.49235e-15 0)
(3 5.2936e-15 0)
(3 4.12111e-16 0)
(3 4.10699e-16 0)
(3 2.01664e-16 0)
(3 4.95346e-16 0)
(3 4.4794e-16 0)
(3 -1.24081e-15 0)
(3 -1.94984e-15 0)
(3 -1.67624e-15 0)
(3 -1.10734e-15 0)
(3 3.89992e-15 0)
(3 2.7841e-16 0)
(3 2.45177e-16 0)
(3 1.34566e-15 0)
(3 1.39265e-15 0)
(3 2.24339e-15 0)
(3 9.22806e-16 0)
(3 2.79545e-16 0)
(3 -1.31875e-15 0)
(3 -3.25099e-16 0)
(3 -1.04799e-15 0)
(3 -3.24004e-16 0)
(3 -6.66278e-16 0)
(3 -1.66154e-15 0)
(3 1.56875e-16 0)
(3 -1.05272e-15 0)
(3 -2.1429e-15 0)
(3 -5.23642e-15 0)
(3 -7.9289e-15 0)
(3 5.35477e-16 0)
(3 -1.62238e-15 0)
(3 9.13037e-16 0)
(3 2.68496e-16 0)
(3 -2.98348e-15 0)
(3 -3.71286e-15 0)
(3 -4.74278e-15 0)
(3 -5.7683e-15 0)
(3 -6.16773e-15 0)
(3 -5.67829e-15 0)
(3 -2.50576e-15 0)
(3 -4.99034e-15 0)
(3 2.78644e-15 0)
(3 2.13257e-15 0)
(3 1.43096e-15 0)
(3 -4.39796e-16 0)
(3 -3.59489e-15 0)
(3 -3.84023e-15 0)
(3 -1.08533e-15 0)
(3 2.56323e-15 0)
(3 1.52874e-16 0)
(3 -3.11705e-16 0)
(3 2.13457e-15 0)
(3 2.20337e-15 0)
(3 2.64937e-15 0)
(3 1.5775e-15 0)
(3 1.62383e-15 0)
(3 3.23062e-15 0)
(3 4.34124e-15 0)
(3 5.22504e-15 0)
(3 4.63608e-15 0)
(3 3.29081e-15 0)
(3 -3.98994e-16 0)
(3 -2.88438e-16 0)
(3 -6.62578e-16 0)
(3 2.15692e-16 0)
(3 1.82927e-15 0)
(3 5.1279e-15 0)
(3 5.29913e-15 0)
(3 2.09865e-15 0)
(3 6.03491e-16 0)
(3 -2.3828e-16 0)
(3 4.34839e-16 0)
(3 6.34211e-16 0)
(3 1.92178e-15 0)
(3 4.40472e-15 0)
(3 3.89492e-15 0)
(3 1.85302e-15 0)
(3 1.43444e-15 0)
(3 2.25742e-15 0)
(3 9.34352e-16 0)
(3 -1.91161e-15 0)
(3 -2.57855e-15 0)
(3 -1.45705e-15 0)
(3 -8.77248e-16 0)
(3 -5.80669e-16 0)
(3 -4.85816e-16 0)
(3 -1.03428e-15 0)
(3 -1.24351e-16 0)
(3 3.39096e-15 0)
(3 3.67032e-15 0)
(3 2.60546e-15 0)
(3 -4.00018e-15 0)
(3 -3.9598e-15 0)
(3 -4.75233e-15 0)
(3 -5.11506e-15 0)
(3 -3.97704e-15 0)
(3 -1.07773e-15 0)
(3 7.86664e-16 0)
(3 4.17451e-15 0)
(3 3.87646e-15 0)
(3 3.90882e-15 0)
(3 3.30774e-15 0)
(3 3.45625e-15 0)
(3 4.17682e-15 0)
(3 4.50619e-15 0)
(3 3.86188e-15 0)
(3 3.93046e-15 0)
(3 8.28145e-16 0)
(3 -1.45847e-15 0)
(3 5.74952e-17 0)
(3 -4.98696e-16 0)
(3 5.7434e-15 0)
(3 5.51508e-15 0)
(3 5.68343e-15 0)
(3 4.79098e-15 0)
(3 3.22499e-15 0)
(3 1.55411e-15 0)
(3 7.2889e-17 0)
(3 -1.39065e-15 0)
(3 -4.43732e-15 0)
(3 -4.04549e-17 0)
(3 9.23815e-16 0)
(3 1.09707e-15 0)
(3 1.12529e-15 0)
(3 1.20544e-15 0)
(3 1.43985e-15 0)
(3 1.15749e-15 0)
(3 1.66988e-15 0)
(3 2.35591e-16 0)
(3 -4.07417e-15 0)
(3 -2.59981e-16 0)
(3 4.18692e-16 0)
(3 5.13232e-16 0)
(3 6.0434e-16 0)
(3 8.14015e-16 0)
(3 7.81452e-16 0)
(3 8.13091e-17 0)
(3 -5.54643e-16 0)
(3 -2.71079e-15 0)
(3 -1.66829e-15 0)
(3 6.90429e-16 0)
(3 1.05298e-15 0)
(3 4.25323e-16 0)
(3 6.0683e-19 0)
(3 2.08887e-16 0)
(3 1.14732e-15 0)
(3 2.69293e-15 0)
(3 1.41243e-15 0)
(3 -3.82784e-16 0)
(3 2.86843e-16 0)
(3 -2.90789e-15 0)
(3 -3.98912e-15 0)
(3 3.54022e-15 0)
(3 4.952e-15 0)
(3 7.91218e-16 0)
(3 4.26627e-16 0)
(3 8.68444e-16 0)
(3 6.9852e-16 0)
(3 1.0275e-16 0)
(3 6.89039e-16 0)
(3 1.47811e-15 0)
(3 2.48708e-15 0)
(3 1.12366e-15 0)
(3 -4.69727e-16 0)
(3 8.28454e-17 0)
(3 -3.14047e-15 0)
(3 -3.98141e-15 0)
(3 3.7167e-15 0)
(3 4.50802e-15 0)
(3 7.18509e-16 0)
(3 5.92334e-16 0)
(3 9.73216e-16 0)
(3 1.11931e-15 0)
(3 3.97697e-16 0)
(3 6.45168e-16 0)
(3 1.93951e-15 0)
(3 2.1703e-15 0)
(3 1.1795e-15 0)
(3 -6.01872e-17 0)
(3 -2.2704e-16 0)
(3 -3.11701e-15 0)
(3 -3.80766e-15 0)
(3 3.49631e-15 0)
(3 4.82573e-15 0)
(3 8.51489e-16 0)
(3 7.68998e-16 0)
(3 1.21257e-15 0)
(3 1.03062e-15 0)
(3 2.7462e-16 0)
(3 1.66788e-15 0)
(3 1.84006e-15 0)
(3 2.16705e-15 0)
(3 5.95978e-16 0)
(3 -1.01585e-15 0)
(3 -4.36652e-16 0)
(3 -3.32783e-15 0)
(3 -3.56946e-15 0)
(3 3.36077e-15 0)
(3 4.0593e-15 0)
(3 1.22779e-15 0)
(3 9.34559e-16 0)
(3 1.38249e-15 0)
(3 1.04459e-15 0)
(3 9.13299e-16 0)
(3 1.83818e-15 0)
(3 1.2131e-15 0)
(3 2.22332e-15 0)
(3 5.03544e-16 0)
(3 -1.46248e-15 0)
(3 -7.47301e-16 0)
(3 -3.36299e-15 0)
(3 -3.33762e-15 0)
(3 3.22137e-15 0)
(3 3.91036e-15 0)
(3 1.30008e-15 0)
(3 1.01728e-15 0)
(3 1.62663e-15 0)
(3 1.50519e-15 0)
(3 1.12869e-15 0)
(3 2.15405e-15 0)
(3 9.06312e-16 0)
(3 2.08699e-15 0)
(3 2.76423e-16 0)
(3 -1.6348e-15 0)
(3 -1.13403e-15 0)
(3 -3.53354e-15 0)
(3 -3.11512e-15 0)
(3 3.14639e-15 0)
(3 3.59879e-15 0)
(3 1.92832e-15 0)
(3 1.00756e-15 0)
(3 1.38896e-15 0)
(3 1.82962e-15 0)
(3 1.71408e-15 0)
(3 2.73938e-15 0)
(3 8.67814e-16 0)
(3 1.66739e-15 0)
(3 -3.30313e-16 0)
(3 -1.82708e-15 0)
(3 -1.42107e-15 0)
(3 -3.69124e-15 0)
(3 -3.02443e-15 0)
(3 3.00282e-15 0)
(3 3.4557e-15 0)
(3 2.32868e-15 0)
(3 1.23762e-15 0)
(3 1.43243e-15 0)
(3 2.90778e-15 0)
(3 2.29897e-15 0)
(3 2.87363e-15 0)
(3 1.26781e-15 0)
(3 9.63263e-16 0)
(3 -1.2503e-15 0)
(3 -1.92914e-15 0)
(3 -1.62719e-15 0)
(3 -3.82953e-15 0)
(3 -2.98677e-15 0)
(3 2.86681e-15 0)
(3 3.15148e-15 0)
(3 3.16502e-15 0)
(3 1.55412e-15 0)
(3 1.96004e-15 0)
(3 3.17063e-15 0)
(3 3.33704e-15 0)
(3 2.96261e-15 0)
(3 1.46492e-15 0)
(3 7.61058e-16 0)
(3 -1.98624e-15 0)
(3 -1.9757e-15 0)
(3 -1.8113e-15 0)
(3 -4.13398e-15 0)
(3 -2.91495e-15 0)
(3 2.4253e-15 0)
(3 2.97563e-15 0)
(3 4.19187e-15 0)
(3 1.898e-15 0)
(3 1.01921e-15 0)
(3 4.66633e-15 0)
(3 3.10405e-15 0)
(3 2.75098e-15 0)
(3 1.0366e-15 0)
(3 5.22305e-16 0)
(3 -2.30698e-15 0)
(3 -2.21595e-15 0)
(3 -1.95986e-15 0)
(3 -4.29455e-15 0)
(3 -2.94921e-15 0)
(3 2.13027e-15 0)
(3 2.76117e-15 0)
(3 5.30312e-15 0)
(3 2.33093e-15 0)
(3 -1.23304e-06 0)
(3 -1.41541e-08 0)
(3 7.54973e-11 0)
(3 1.25565e-11 0)
(3 4.02398e-13 0)
(3 -3.1304e-15 0)
(3 -1.88607e-15 0)
(3 -3.40524e-15 0)
(3 -2.10706e-15 0)
(3 -4.26944e-15 0)
(3 -3.61499e-15 0)
(3 1.24098e-15 0)
(3 2.69763e-15 0)
(3 6.12636e-15 0)
(3 2.9674e-15 0)
(3.00001 2.18729e-05 0)
(3 -1.19412e-07 0)
(3 -2.3601e-08 0)
(3 -1.15011e-09 0)
(3 6.45445e-12 0)
(3 7.26597e-14 0)
(3 2.07679e-15 0)
(3 -4.11593e-15 0)
(3 -2.71762e-15 0)
(3 -4.17681e-15 0)
(3 -4.31547e-15 0)
(3 2.90551e-16 0)
(3 2.66491e-15 0)
(3 6.64005e-15 0)
(3 3.05359e-15 0)
(3.00074 0.00153558 0)
(3.00003 0.000106467 0)
(3 3.4663e-06 0)
(3 -2.89194e-08 0)
(3 -1.14678e-10 0)
(3 -1.4495e-11 0)
(3 -1.13398e-13 0)
(3 -3.33352e-15 0)
(3 -2.53627e-15 0)
(3 -4.36748e-15 0)
(3 -4.2017e-15 0)
(3 -6.87894e-17 0)
(3 2.20278e-15 0)
(3 6.88628e-15 0)
(3 2.88063e-15 0)
(2.99304 -0.0508692 0)
(2.99998 -0.00108367 0)
(3 2.03594e-06 0)
(3 7.73335e-07 0)
(3 1.45139e-08 0)
(3 1.68918e-11 0)
(3 -7.63995e-13 0)
(3 -1.42753e-13 0)
(3 -6.27463e-15 0)
(3 -4.52934e-15 0)
(3 -4.01347e-15 0)
(3 -5.19728e-16 0)
(3 1.90749e-15 0)
(3 7.18102e-15 0)
(3 2.57218e-15 0)
(2.57333 -0.573976 0)
(2.99124 -0.0375195 0)
(3.00022 -0.000378498 0)
(3 8.35954e-07 0)
(3 1.66891e-07 0)
(3 8.05788e-09 0)
(3 1.79265e-10 0)
(3 8.27878e-13 0)
(3 -6.54696e-16 0)
(3 -4.36265e-15 0)
(3 -3.85777e-15 0)
(3 -6.07001e-16 0)
(3 1.95473e-15 0)
(3 7.17255e-15 0)
(3 2.26722e-15 0)
(2.17899 -0.897306 0)
(2.66668 -0.453076 0)
(2.98496 -0.0342372 0)
(2.99999 -0.000386414 0)
(3 -2.42248e-06 0)
(3 -4.9051e-09 0)
(3 3.24189e-10 0)
(3 7.23854e-12 0)
(3 -8.14349e-14 0)
(3 -1.42856e-14 0)
(3 -4.09773e-15 0)
(3 -8.04064e-16 0)
(3 2.00048e-15 0)
(3 6.08012e-15 0)
(3 2.24647e-15 0)
(2.17489 -0.881494 0)
(2.41213 -0.744487 0)
(2.84767 -0.269547 0)
(2.99577 -0.0151264 0)
(3.00001 -8.35439e-05 0)
(3 1.01149e-06 0)
(3 6.71671e-09 0)
(3 1.36471e-09 0)
(3 7.53283e-11 0)
(3 1.22559e-12 0)
(3 5.98896e-15 0)
(3 -7.61707e-16 0)
(3 1.59709e-15 0)
(3 6.05458e-15 0)
(3 2.13425e-15 0)
(2.19958 -0.816814 0)
(2.2511 -0.80521 0)
(2.58119 -0.561897 0)
(2.94179 -0.121166 0)
(2.99885 -0.00509667 0)
(2.99999 -7.19237e-05 0)
(3 -8.7207e-07 0)
(3 -1.08981e-08 0)
(3 -3.49093e-11 0)
(3 -2.08226e-13 0)
(3 -1.23917e-14 0)
(3 -1.19639e-15 0)
(3 1.43382e-15 0)
(3 5.56365e-15 0)
(3 2.03539e-15 0)
(2.29258 -0.633021 0)
(2.25864 -0.785774 0)
(2.40289 -0.736128 0)
(2.78089 -0.371576 0)
(2.99002 -0.0351552 0)
(3.00004 -0.000459668 0)
(3 1.23547e-06 0)
(3 8.51854e-08 0)
(3 1.56225e-08 0)
(3 6.46747e-10 0)
(3 8.44328e-12 0)
(3 6.06428e-14 0)
(3 1.79797e-15 0)
(3 5.21903e-15 0)
(3 1.59691e-15 0)
(2.41009 -0.410409 0)
(2.27012 -0.70808 0)
(2.34065 -0.736074 0)
(2.54862 -0.601114 0)
(2.85894 -0.239865 0)
(2.98702 -0.0321715 0)
(2.99955 -0.00158331 0)
(2.99999 -3.90672e-05 0)
(3 -5.90204e-07 0)
(3 -5.96902e-09 0)
(3 -4.28491e-11 0)
(3 -2.29124e-13 0)
(3 2.32027e-16 0)
(3 4.38127e-15 0)
(3 1.33155e-15 0)
(2.50934 -0.133432 0)
(2.33682 -0.579517 0)
(2.3456 -0.71044 0)
(2.43328 -0.68621 0)
(2.71975 -0.445605 0)
(2.96851 -0.0705781 0)
(2.99897 -0.00342912 0)
(2.99998 -7.32713e-05 0)
(3 -1.10578e-06 0)
(3 -1.24443e-08 0)
(3 -1.07339e-10 0)
(3 -7.05131e-13 0)
(3 -3.10418e-15 0)
(3 2.12129e-15 0)
(3 6.28159e-16 0)
(2.56523 -0.0942199 0)
(2.46791 -0.276488 0)
(2.37895 -0.617804 0)
(2.43231 -0.679228 0)
(2.59874 -0.600877 0)
(2.84921 -0.31204 0)
(2.98551 -0.0366594 0)
(2.99964 -0.00089362 0)
(3 -9.65796e-06 0)
(3 -8.24522e-08 0)
(3 -6.33299e-10 0)
(3 -4.45785e-12 0)
(3 -2.46223e-14 0)
(3 1.12626e-15 0)
(3 4.27638e-17 0)
(2.54258 -0.0284157 0)
(2.50813 -0.179497 0)
(2.47351 -0.392545 0)
(2.43074 -0.647774 0)
(2.52176 -0.630226 0)
(2.73703 -0.473721 0)
(2.94937 -0.135374 0)
(2.99739 -0.00780635 0)
(2.99995 -0.000111327 0)
(3 -9.12193e-07 0)
(3 -6.37346e-09 0)
(3 -3.97547e-11 0)
(3 -2.29329e-13 0)
(3 -6.12277e-16 0)
(3 7.22728e-17 0)
(2.61622 0.185144 0)
(2.5455 -0.0356182 0)
(2.52935 -0.236493 0)
(2.48062 -0.516392 0)
(2.52102 -0.618395 0)
(2.61279 -0.579545 0)
(2.82514 -0.365894 0)
(2.97607 -0.0611154 0)
(2.9992 -0.00198074 0)
(2.99999 -2.05289e-05 0)
(3 -1.42279e-07 0)
(3 -8.67778e-10 0)
(3 -4.59804e-12 0)
(3 -2.28743e-14 0)
(3 2.73228e-16 0)
(2.65758 0.339812 0)
(2.63795 0.174676 0)
(2.53101 -0.194762 0)
(2.52807 -0.374467 0)
(2.5277 -0.569411 0)
(2.61016 -0.580923 0)
(2.74515 -0.489901 0)
(2.92787 -0.181574 0)
(2.9948 -0.0136851 0)
(2.99989 -0.000253707 0)
(3 -2.14028e-06 0)
(3 -1.36461e-08 0)
(3 -7.94494e-11 0)
(3 -4.04222e-13 0)
(3 -2.44838e-15 0)
(2.65924 0.397823 0)
(2.64259 0.301734 0)
(2.60418 0.0202577 0)
(2.55365 -0.279296 0)
(2.56026 -0.468323 0)
(2.60889 -0.566387 0)
(2.66736 -0.553043 0)
(2.82663 -0.379728 0)
(2.96785 -0.0812893 0)
(2.99872 -0.00307112 0)
(2.99998 -3.57574e-05 0)
(3 -2.59479e-07 0)
(3 -1.51679e-09 0)
(3 -8.14762e-12 0)
(3 -3.41163e-14 0)
(2.67111 0.423843 0)
(2.65641 0.359343 0)
(2.63856 0.131215 0)
(2.64584 0.000732324 0)
(2.61241 -0.308742 0)
(2.62258 -0.506614 0)
(2.66707 -0.5495 0)
(2.77606 -0.4651 0)
(2.92703 -0.190069 0)
(2.99305 -0.0181137 0)
(2.99984 -0.000368668 0)
(3 -3.26151e-06 0)
(3 -2.23753e-08 0)
(3 -1.30448e-10 0)
(3 -5.95782e-13 0)
(2.67269 0.444189 0)
(2.7005 0.384919 0)
(2.67347 0.125701 0)
(2.65984 0.0386761 0)
(2.64615 -0.192012 0)
(2.64534 -0.424314 0)
(2.6697 -0.532211 0)
(2.7132 -0.522499 0)
(2.83971 -0.368233 0)
(2.96694 -0.0818859 0)
(2.99843 -0.00368711 0)
(2.99998 -4.71384e-05 0)
(3 -3.47158e-07 0)
(3 -2.12865e-09 0)
(3 -1.02735e-11 0)
(2.68498 0.468839 0)
(2.71128 0.413537 0)
(2.66939 0.169114 0)
(2.69227 0.171506 0)
(2.69631 -0.0362704 0)
(2.69846 -0.277997 0)
(2.68782 -0.479635 0)
(2.71332 -0.520892 0)
(2.79212 -0.45353 0)
(2.91977 -0.199929 0)
(2.99176 -0.0198721 0)
(2.9998 -0.000453555 0)
(3 -4.25317e-06 0)
(3 -2.90453e-08 0)
(3 -1.47136e-10 0)
(2.70525 0.514879 0)
(2.70458 0.41627 0)
(2.6639 0.248586 0)
(2.70882 0.26248 0)
(2.72149 0.00551623 0)
(2.74958 -0.115095 0)
(2.71852 -0.392119 0)
(2.71854 -0.504455 0)
(2.75258 -0.491308 0)
(2.85548 -0.342629 0)
(2.9671 -0.0814159 0)
(2.9984 -0.00370576 0)
(2.99998 -4.87282e-05 0)
(3 -3.6288e-07 0)
(3 -1.98688e-09 0)
(2.71956 0.56088 0)
(2.70979 0.435412 0)
(2.69972 0.313322 0)
(2.72721 0.289392 0)
(2.70641 0.0017543 0)
(2.74448 -0.0930623 0)
(2.76099 -0.258337 0)
(2.73715 -0.454031 0)
(2.75317 -0.488994 0)
(2.81554 -0.421626 0)
(2.92721 -0.181632 0)
(2.99208 -0.0189533 0)
(2.9998 -0.000436481 0)
(3 -4.29462e-06 0)
(3 -2.53167e-08 0)
(2.73817 0.581947 0)
(2.72683 0.485123 0)
(2.72366 0.389929 0)
(2.75234 0.346685 0)
(2.74592 0.121139 0)
(2.79996 0.0716708 0)
(2.79735 -0.151043 0)
(2.76871 -0.373012 0)
(2.75811 -0.476048 0)
(2.7829 -0.465354 0)
(2.86873 -0.316037 0)
(2.97033 -0.0710361 0)
(2.99853 -0.00331841 0)
(2.99998 -4.28776e-05 0)
(3 -2.87908e-07 0)
(2.74744 0.620993 0)
(2.73479 0.535237 0)
(2.75451 0.428656 0)
(2.79074 0.355832 0)
(2.7719 0.149932 0)
(2.81418 0.13946 0)
(2.81022 -0.0971634 0)
(2.80736 -0.256879 0)
(2.77539 -0.433829 0)
(2.78359 -0.464057 0)
(2.83074 -0.397118 0)
(2.93106 -0.167251 0)
(2.99276 -0.0167879 0)
(2.99982 -0.000404002 0)
(3 -3.26049e-06 0)
(2.74192 0.651923 0)
(2.75188 0.567651 0)
(2.78469 0.433598 0)
(2.80961 0.342805 0)
(2.78803 0.199622 0)
(2.83069 0.207564 0)
(2.8284 -0.0274401 0)
(2.8413 -0.152983 0)
(2.80714 -0.354392 0)
(2.78871 -0.452228 0)
(2.8079 -0.436856 0)
(2.88274 -0.285016 0)
(2.97488 -0.0596907 0)
(2.99888 -0.00252098 0)
(2.99998 -2.80547e-05 0)
(2.73383 0.61651 0)
(2.78662 0.564647 0)
(2.80809 0.479179 0)
(2.81934 0.369871 0)
(2.82582 0.286492 0)
(2.851 0.275538 0)
(2.84995 0.0527073 0)
(2.86793 -0.0719464 0)
(2.833 -0.280156 0)
(2.80361 -0.417472 0)
(2.80879 -0.435802 0)
(2.84957 -0.361882 0)
(2.93935 -0.146615 0)
(2.99398 -0.0140449 0)
(2.99984 -0.000261812 0)
(2.71617 0.451583 0)
(2.78956 0.559099 0)
(2.82114 0.523935 0)
(2.81971 0.407107 0)
(2.84582 0.339399 0)
(2.88206 0.291318 0)
(2.8573 0.0557271 0)
(2.88831 0.0440926 0)
(2.87067 -0.159329 0)
(2.83038 -0.354463 0)
(2.81306 -0.427791 0)
(2.82763 -0.40947 0)
(2.9019 -0.239186 0)
(2.98076 -0.0451958 0)
(2.99903 -0.00148554 0)
(2.69255 0.21244 0)
(2.76972 0.495929 0)
(2.82729 0.532991 0)
(2.83442 0.454108 0)
(2.86537 0.366765 0)
(2.90259 0.275527 0)
(2.87297 0.092066 0)
(2.89617 0.0971423 0)
(2.89392 -0.0788059 0)
(2.86454 -0.258889 0)
(2.82592 -0.400245 0)
(2.82783 -0.410438 0)
(2.85868 -0.346697 0)
(2.94769 -0.126388 0)
(2.99424 -0.00914246 0)
(2.6782 0.121939 0)
(2.76212 0.316237 0)
(2.82445 0.51338 0)
(2.84638 0.493073 0)
(2.89114 0.404692 0)
(2.92458 0.330997 0)
(2.89116 0.166161 0)
(2.91429 0.165903 0)
(2.90725 -0.0444141 0)
(2.88955 -0.181328 0)
(2.84623 -0.350945 0)
(2.83059 -0.405114 0)
(2.84556 -0.370606 0)
(2.91592 -0.20895 0)
(2.98112 -0.0274749 0)
(2.64091 0.0294904 0)
(2.74077 0.169679 0)
(2.82896 0.446263 0)
(2.87935 0.492078 0)
(2.91348 0.444691 0)
(2.91687 0.311929 0)
(2.91566 0.246233 0)
(2.93614 0.235832 0)
(2.9123 -0.00678708 0)
(2.91716 -0.0855853 0)
(2.87618 -0.271073 0)
(2.83942 -0.388171 0)
(2.84372 -0.384872 0)
(2.88296 -0.303677 0)
(2.94795 -0.0800564 0)
(2.64504 0.0233029 0)
(2.73422 0.0698968 0)
(2.81368 0.224312 0)
(2.89033 0.428531 0)
(2.93301 0.432651 0)
(2.93742 0.386136 0)
(2.93672 0.298357 0)
(2.9665 0.265655 0)
(2.92931 0.0593126 0)
(2.94486 0.035658 0)
(2.91199 -0.16329 0)
(2.87195 -0.313964 0)
(2.85113 -0.375399 0)
(2.87489 -0.34496 0)
(2.88106 -0.153953 0)
(2.62422 0.0891901 0)
(2.70634 0.248788 0)
(2.75843 0.338203 0)
(2.72893 0.429009 0)
(2.71334 0.48465 0)
(2.72642 0.549812 0)
(2.7199 0.54884 0)
(2.67857 0.532256 0)
(2.67151 0.555986 0)
(2.6941 0.623856 0)
(2.71597 0.644721 0)
(2.75402 0.680883 0)
(2.74849 0.687927 0)
(2.72294 0.645315 0)
(2.67021 0.41507 0)
(2.63975 0.164662 0)
(2.6134 -0.0365417 0)
(2.56226 0.00428435 0)
(2.56721 0.0232056 0)
(2.59559 0.0216495 0)
(2.65814 0.232086 0)
(2.72931 0.419116 0)
(2.76419 0.507328 0)
(2.75723 0.538234 0)
(2.76236 0.565401 0)
(2.78731 0.621211 0)
(2.77065 0.594568 0)
(2.71347 0.604112 0)
(2.69282 0.631909 0)
(2.69346 0.679288 0)
(2.71162 0.712155 0)
(2.75034 0.720678 0)
(2.73485 0.652616 0)
(2.67061 0.406223 0)
(2.61184 0.142198 0)
(2.59706 0.0419928 0)
(2.59251 -0.00144357 0)
(2.57758 -0.000471964 0)
(2.57566 0.015854 0)
(2.59197 0.0205784 0)
(2.69648 0.492619 0)
(2.7321 0.582934 0)
(2.73653 0.656516 0)
(2.75309 0.686484 0)
(2.79704 0.695803 0)
(2.83151 0.708573 0)
(2.80911 0.693233 0)
(2.74987 0.693302 0)
(2.70725 0.723541 0)
(2.69702 0.771005 0)
(2.71692 0.767505 0)
(2.72682 0.647742 0)
(2.67057 0.387007 0)
(2.60681 0.133675 0)
(2.59205 0.00287465 0)
(2.59242 0.0151785 0)
(2.59149 0.00272233 0)
(2.58549 -0.00685933 0)
(2.5855 0.00679476 0)
(2.59697 0.015713 0)
(2.72466 0.703928 0)
(2.73371 0.731109 0)
(2.72269 0.787603 0)
(2.75181 0.780491 0)
(2.80951 0.770464 0)
(2.83365 0.779371 0)
(2.81934 0.777592 0)
(2.7693 0.782132 0)
(2.72226 0.821667 0)
(2.71234 0.823798 0)
(2.7119 0.619458 0)
(2.70509 0.350957 0)
(2.61608 0.0867705 0)
(2.5848 -0.00728266 0)
(2.59389 0.0170992 0)
(2.59658 0.0284966 0)
(2.59286 0.0231543 0)
(2.58564 0.00829397 0)
(2.58702 0.00833358 0)
(2.59744 0.0120012 0)
(2.74533 0.903634 0)
(2.72478 0.90628 0)
(2.7201 0.924959 0)
(2.75122 0.911039 0)
(2.80581 0.877224 0)
(2.8231 0.84224 0)
(2.81883 0.835595 0)
(2.76627 0.903671 0)
(2.73361 0.856861 0)
(2.73666 0.52432 0)
(2.73464 0.25926 0)
(2.65567 0.0480329 0)
(2.61971 -0.0206072 0)
(2.59072 -0.00510886 0)
(2.58856 0.0178243 0)
(2.59108 0.0254415 0)
(2.58771 0.0235581 0)
(2.57905 0.0149224 0)
(2.57661 0.00940344 0)
(2.59035 0.0118417 0)
(2.77373 1.01449 0)
(2.71509 1.05158 0)
(2.70888 1.06778 0)
(2.74547 1.03614 0)
(2.77932 0.973772 0)
(2.77858 0.946518 0)
(2.76565 0.925518 0)
(2.77151 0.734838 0)
(2.74618 0.456443 0)
(2.73908 0.207081 0)
(2.63201 0.063368 0)
(2.5994 0.00477889 0)
(2.58427 0.00158082 0)
(2.57066 0.0172959 0)
(2.57187 0.0240122 0)
(2.56755 0.0193296 0)
(2.56235 0.0194705 0)
(2.55164 0.0159827 0)
(2.54237 0.00330496 0)
(2.55984 0.00988435 0)
(2.76042 1.21604 0)
(2.69424 1.21417 0)
(2.71096 1.22183 0)
(2.72508 1.18392 0)
(2.73057 1.07457 0)
(2.75115 0.818638 0)
(2.70519 0.436585 0)
(2.74082 0.315712 0)
(2.60336 0.103659 0)
(2.55867 0.0511834 0)
(2.51729 0.0245562 0)
(2.50627 0.0101337 0)
(2.50858 0.0142433 0)
(2.5187 0.0291462 0)
(2.51784 0.029536 0)
(2.49946 0.0211348 0)
(2.49146 0.0163056 0)
(2.48424 0.0100202 0)
(2.48217 0.008389 0)
(2.49778 0.00648533 0)
(2.67684 1.48083 0)
(2.65363 1.44575 0)
(2.62438 1.09456 0)
(2.62375 0.82418 0)
(2.59694 0.476033 0)
(2.61299 0.288932 0)
(2.4867 0.0416392 0)
(2.44284 0.0719682 0)
(2.40862 0.0432256 0)
(2.41652 0.0251412 0)
(2.40388 0.013536 0)
(2.39231 0.000996232 0)
(2.40301 0.00311335 0)
(2.41643 0.0233526 0)
(2.40415 0.0300935 0)
(2.39173 0.0221781 0)
(2.38719 0.00934962 0)
(2.39022 0.00279012 0)
(2.40301 0.00112845 0)
(2.42325 0.0054026 0)
(2.31064 0.859492 0)
(2.33181 0.590695 0)
(2.28663 0.30917 0)
(2.30262 0.168976 0)
(2.28551 0.0379068 0)
(2.27732 0.0394013 0)
(2.24171 0.014618 0)
(2.27435 0.0283245 0)
(2.28338 0.0377323 0)
(2.26983 0.0287638 0)
(2.26257 0.01262 0)
(2.27467 0.00513048 0)
(2.29223 0.0189413 0)
(2.29458 0.027371 0)
(2.29554 0.0253934 0)
(2.29736 0.00536218 0)
(2.30175 -0.00645586 0)
(2.31665 -0.00831349 0)
(2.33113 -0.00205233 0)
(2.35949 0.00366992 0)
(1.95648 0.184914 0)
(2.05741 0.153456 0)
(2.07953 0.0760502 0)
(2.11022 0.0533254 0)
(2.11864 0.0332402 0)
(2.14319 0.0253847 0)
(2.17447 0.00306465 0)
(2.18427 0.00677842 0)
(2.19578 0.0103061 0)
(2.19385 0.010004 0)
(2.19637 0.00234145 0)
(2.21941 -0.00327956 0)
(2.23461 0.000778252 0)
(2.23652 0.00537821 0)
(2.24699 0.00401992 0)
(2.25554 -0.00280726 0)
(2.26423 -0.00556981 0)
(2.2829 -0.000430631 0)
(2.29286 0.00459053 0)
(2.32463 0.00575935 0)
)
;

boundaryField
{
    inlet
    {
        type            fixedValue;
        value           uniform (3 0 0);
    }
    outlet
    {
        type            inletOutlet;
        inletValue      uniform (3 0 0);
        value           nonuniform List<vector> 
50
(
(2.64485 -0.0228124 0)
(2.7344 -0.0697037 0)
(2.81388 -0.224287 0)
(2.89021 -0.428739 0)
(2.93259 -0.431651 0)
(2.93758 -0.387162 0)
(2.93639 -0.297249 0)
(2.96619 -0.26587 0)
(2.9294 -0.0596811 0)
(2.94491 -0.0354568 0)
(2.91203 0.163182 0)
(2.87196 0.313935 0)
(2.85114 0.375372 0)
(2.8749 0.344948 0)
(2.88107 0.153948 0)
(2.32117 -0.000451373 0)
(2.35106 -0.00773517 0)
(2.41423 -0.00485984 0)
(2.49168 -0.00824571 0)
(2.55704 -0.0102238 0)
(2.58901 -0.0121276 0)
(2.59724 -0.0123326 0)
(2.59679 -0.015674 0)
(2.59183 -0.0203236 0)
(2.59551 -0.0212781 0)
(2.59559 0.0216495 0)
(2.59197 0.0205784 0)
(2.59697 0.015713 0)
(2.59744 0.0120012 0)
(2.59035 0.0118417 0)
(2.55984 0.00988435 0)
(2.49778 0.00648533 0)
(2.42325 0.0054026 0)
(2.35949 0.00366992 0)
(2.32463 0.00575935 0)
(2.64504 0.0233029 0)
(2.73422 0.0698968 0)
(2.81368 0.224312 0)
(2.89033 0.428531 0)
(2.93301 0.432651 0)
(2.93742 0.386136 0)
(2.93672 0.298357 0)
(2.9665 0.265655 0)
(2.92931 0.0593126 0)
(2.94486 0.035658 0)
(2.91199 -0.16329 0)
(2.87195 -0.313964 0)
(2.85113 -0.375399 0)
(2.87489 -0.34496 0)
(2.88106 -0.153953 0)
)
;
    }
    airfoil
    {
        type            slip;
    }
    top
    {
        type            symmetryPlane;
    }
    bottom
    {
        type            symmetryPlane;
    }
    defaultFaces
    {
        type            empty;
    }
}


// ************************************************************************* //
