/*--------------------------------*- C++ -*----------------------------------*\
  =========                 |
  \\      /  F ield         | OpenFOAM: The Open Source CFD Toolbox
   \\    /   O peration     | Website:  https://openfoam.org
    \\  /    A nd           | Version:  7
     \\/     M anipulation  |
\*---------------------------------------------------------------------------*/
FoamFile
{
    version     2.0;
    format      ascii;
    class       volVectorField;
    location    "1";
    object      U;
}
// * * * * * * * * * * * * * * * * * * * * * * * * * * * * * * * * * * * * * //

dimensions      [0 1 -1 0 0 0 0];

internalField   nonuniform List<vector> 
3700
(
(1.42747 -0.497966 0)
(1.29897 -0.573839 0)
(1.31523 -0.485539 0)
(1.3421 -0.469504 0)
(1.39829 -0.441694 0)
(1.47212 -0.414004 0)
(1.53394 -0.367488 0)
(1.57248 -0.338631 0)
(1.58763 -0.313417 0)
(1.59137 -0.265583 0)
(1.59151 -0.206378 0)
(1.59612 -0.176165 0)
(1.62778 -0.155981 0)
(1.6421 -0.158545 0)
(1.67272 -0.181575 0)
(1.72735 -0.196161 0)
(1.78758 -0.220394 0)
(1.85503 -0.242739 0)
(1.95921 -0.247655 0)
(2.0206 -0.272915 0)
(1.6246 -1.38968 0)
(1.80194 -1.41921 0)
(1.99225 -1.73236 0)
(2.01799 -2.08111 0)
(1.97319 -2.20574 0)
(1.96544 -2.16738 0)
(1.96259 -1.99167 0)
(1.91351 -1.8126 0)
(1.87216 -1.67211 0)
(1.87066 -1.48963 0)
(1.88334 -1.29382 0)
(1.92504 -1.17972 0)
(1.99994 -1.13552 0)
(2.04584 -1.11155 0)
(2.11613 -1.14849 0)
(2.1843 -1.16634 0)
(2.22219 -1.22218 0)
(2.27245 -1.26836 0)
(2.3314 -1.28249 0)
(2.39885 -1.33368 0)
(1.66375 -1.36456 0)
(1.95063 -1.30634 0)
(2.24149 -1.82644 0)
(2.23317 -2.20733 0)
(2.09291 -2.36218 0)
(2.11806 -2.41907 0)
(2.18842 -2.30069 0)
(2.14513 -2.25855 0)
(2.09917 -2.18538 0)
(2.11713 -2.05331 0)
(2.17031 -1.99783 0)
(2.21034 -1.94559 0)
(2.30432 -1.9232 0)
(2.39085 -1.86197 0)
(2.48324 -1.82038 0)
(2.57834 -1.73463 0)
(2.61125 -1.70942 0)
(2.63092 -1.6844 0)
(2.62038 -1.6524 0)
(2.59597 -1.60927 0)
(1.73103 -1.39924 0)
(2.04783 -1.30189 0)
(2.26736 -1.83969 0)
(2.16672 -2.21134 0)
(2.13875 -2.31138 0)
(2.174 -2.39166 0)
(2.29432 -2.20019 0)
(2.26693 -2.17384 0)
(2.19348 -2.15059 0)
(2.24443 -1.96753 0)
(2.23268 -1.95716 0)
(2.30151 -1.85038 0)
(2.34405 -1.81832 0)
(2.41018 -1.73322 0)
(2.51903 -1.65629 0)
(2.62724 -1.52448 0)
(2.69261 -1.35698 0)
(2.7947 -1.29375 0)
(2.83347 -1.24659 0)
(2.78632 -1.27112 0)
(1.84889 -1.47217 0)
(2.08246 -1.35996 0)
(2.08465 -1.9636 0)
(1.9229 -2.2635 0)
(2.05455 -2.2775 0)
(2.14809 -2.37797 0)
(2.28476 -2.17098 0)
(2.27892 -2.14142 0)
(2.26558 -2.13136 0)
(2.36413 -1.8504 0)
(2.38191 -1.81962 0)
(2.45839 -1.74729 0)
(2.45591 -1.73807 0)
(2.49177 -1.66867 0)
(2.53458 -1.5688 0)
(2.5783 -1.49163 0)
(2.61759 -1.34158 0)
(2.74102 -1.25702 0)
(2.78352 -1.08513 0)
(2.8507 -0.893346 0)
(1.83895 -1.49096 0)
(1.92842 -1.56781 0)
(1.79053 -2.06125 0)
(1.75257 -2.25351 0)
(1.96309 -2.18141 0)
(1.98774 -2.20752 0)
(2.14212 -1.91003 0)
(2.20379 -1.94884 0)
(2.36884 -1.93164 0)
(2.4653 -1.79646 0)
(2.47647 -1.73103 0)
(2.58161 -1.54364 0)
(2.63811 -1.50611 0)
(2.66842 -1.47908 0)
(2.68794 -1.35048 0)
(2.67471 -1.30377 0)
(2.67228 -1.18871 0)
(2.69392 -1.15426 0)
(2.73314 -1.09358 0)
(2.78839 -0.862937 0)
(1.67274 -1.39322 0)
(1.62042 -1.65582 0)
(1.55083 -2.01265 0)
(1.66473 -2.22585 0)
(1.83505 -2.06646 0)
(1.86869 -2.07529 0)
(2.03239 -1.85368 0)
(2.09294 -1.84823 0)
(2.28335 -1.66686 0)
(2.43923 -1.6413 0)
(2.57125 -1.4755 0)
(2.68078 -1.32525 0)
(2.7244 -1.18871 0)
(2.76105 -1.13659 0)
(2.79126 -0.971319 0)
(2.78515 -0.978681 0)
(2.77853 -0.864701 0)
(2.76416 -0.808395 0)
(2.75555 -0.873328 0)
(2.75452 -0.710116 0)
(1.48594 -1.26743 0)
(1.41574 -1.53578 0)
(1.42806 -1.9601 0)
(1.63157 -2.18391 0)
(1.82926 -2.0341 0)
(1.84713 -2.03457 0)
(1.96651 -1.88232 0)
(2.05082 -1.80693 0)
(2.18718 -1.58302 0)
(2.29451 -1.55546 0)
(2.43769 -1.38351 0)
(2.57147 -1.28485 0)
(2.63704 -1.00307 0)
(2.72027 -0.940561 0)
(2.74113 -0.702213 0)
(2.77357 -0.645351 0)
(2.78315 -0.525716 0)
(2.78358 -0.411611 0)
(2.76018 -0.510136 0)
(2.74006 -0.425121 0)
(1.34069 -1.10887 0)
(1.24933 -1.41655 0)
(1.35212 -1.90221 0)
(1.65917 -2.15037 0)
(1.86092 -2.00222 0)
(2.00369 -1.94106 0)
(2.07481 -1.8965 0)
(2.18059 -1.73216 0)
(2.2423 -1.53257 0)
(2.31592 -1.47126 0)
(2.42119 -1.31664 0)
(2.50587 -1.20659 0)
(2.56405 -1.00734 0)
(2.64772 -0.92792 0)
(2.66687 -0.694433 0)
(2.71528 -0.583679 0)
(2.73219 -0.428995 0)
(2.7342 -0.258577 0)
(2.71987 -0.232323 0)
(2.68857 -0.159882 0)
(1.23554 -0.951454 0)
(1.18171 -1.26022 0)
(1.4019 -1.86817 0)
(1.77296 -2.13442 0)
(2.06965 -2.03374 0)
(2.29759 -1.77903 0)
(2.5258 -1.81411 0)
(2.44332 -1.37133 0)
(2.45201 -1.31574 0)
(2.52821 -1.21163 0)
(2.58718 -1.07794 0)
(2.63206 -0.909874 0)
(2.64352 -0.802078 0)
(2.67518 -0.674962 0)
(2.67001 -0.520959 0)
(2.67415 -0.430854 0)
(2.67909 -0.326192 0)
(2.67127 -0.190715 0)
(2.65001 -0.0554832 0)
(2.6254 0.0209212 0)
(1.15384 -0.852108 0)
(1.15709 -1.15362 0)
(1.5107 -1.92414 0)
(2.05667 -2.20124 0)
(2.45937 -2.17247 0)
(2.81302 -1.65741 0)
(2.81608 -1.63615 0)
(2.78118 -1.06213 0)
(2.7476 -0.965693 0)
(2.73154 -0.677346 0)
(2.73696 -0.582053 0)
(2.72691 -0.401058 0)
(2.73771 -0.333863 0)
(2.72378 -0.211442 0)
(2.69684 -0.126029 0)
(2.66247 -0.0751258 0)
(2.63414 -0.0441217 0)
(2.62108 -0.0168335 0)
(2.56185 0.135158 0)
(2.58096 0.117826 0)
(1.02999 -0.833755 0)
(1.21186 -1.17305 0)
(1.70603 -2.02375 0)
(2.27383 -2.15866 0)
(2.42317 -1.94795 0)
(2.55815 -1.57073 0)
(2.53344 -1.4516 0)
(2.61294 -0.992122 0)
(2.63764 -0.913511 0)
(2.65098 -0.596484 0)
(2.67422 -0.460518 0)
(2.66262 -0.237304 0)
(2.68112 -0.099422 0)
(2.65235 0.0661531 0)
(2.61565 0.190291 0)
(2.58211 0.244215 0)
(2.53931 0.294184 0)
(2.5296 0.24777 0)
(2.45963 0.342321 0)
(2.4825 0.296456 0)
(0.939955 -0.848133 0)
(1.50262 -1.60143 0)
(2.17785 -2.1088 0)
(2.16462 -1.97405 0)
(2.22836 -1.65863 0)
(2.34467 -1.51309 0)
(2.4171 -1.11623 0)
(2.44671 -0.934342 0)
(2.47273 -0.74644 0)
(2.52289 -0.55908 0)
(2.55481 -0.337679 0)
(2.55538 -0.130088 0)
(2.56921 0.0149056 0)
(2.53662 0.181913 0)
(2.49037 0.334072 0)
(2.46823 0.401599 0)
(2.40209 0.517071 0)
(2.37243 0.525629 0)
(2.3227 0.576881 0)
(2.32654 0.53907 0)
(0.892327 -1.05134 0)
(1.68557 -2.15905 0)
(2.03762 -1.9925 0)
(1.96944 -1.82551 0)
(2.20264 -1.39795 0)
(2.35915 -1.33945 0)
(2.46591 -0.63865 0)
(2.5032 -0.588249 0)
(2.4985 -0.286787 0)
(2.5324 -0.18711 0)
(2.50752 0.0462311 0)
(2.47936 0.211425 0)
(2.45163 0.332285 0)
(2.4026 0.443401 0)
(2.3463 0.536573 0)
(2.31662 0.57867 0)
(2.25455 0.65689 0)
(2.21381 0.715107 0)
(2.17146 0.779265 0)
(2.14265 0.798978 0)
(0.866934 -1.16948 0)
(1.48447 -2.03442 0)
(1.85952 -1.85366 0)
(2.05726 -1.50651 0)
(2.27108 -0.760636 0)
(2.51873 -0.572411 0)
(2.55396 -0.186266 0)
(2.51434 0.104745 0)
(2.47854 0.226953 0)
(2.44649 0.37086 0)
(2.40475 0.489916 0)
(2.32774 0.624819 0)
(2.27922 0.696203 0)
(2.21355 0.773691 0)
(2.16479 0.802582 0)
(2.12104 0.828053 0)
(2.07613 0.870684 0)
(2.06705 0.888384 0)
(2.03761 0.933367 0)
(2.06384 0.957675 0)
(0.836339 -1.0489 0)
(1.60398 -1.68406 0)
(2.02277 -1.57973 0)
(2.30677 -0.316671 0)
(2.44382 -0.324904 0)
(2.45312 0.16689 0)
(2.4804 0.0738933 0)
(2.39219 0.339582 0)
(2.35067 0.438405 0)
(2.31385 0.599462 0)
(2.20847 0.759401 0)
(2.12774 0.866558 0)
(2.07404 0.921245 0)
(2.01808 0.973823 0)
(1.9802 0.97942 0)
(1.95431 0.993534 0)
(1.9513 1.01668 0)
(1.97131 0.997307 0)
(1.9979 0.996669 0)
(2.07541 0.979197 0)
(1.19732 -0.408131 0)
(2.00065 -0.631988 0)
(2.43436 -0.620372 0)
(2.37686 0.292122 0)
(2.33256 0.187364 0)
(2.37962 0.231887 0)
(2.27587 0.531263 0)
(2.19944 0.660354 0)
(2.13542 0.758189 0)
(2.09518 0.881265 0)
(1.97995 0.986932 0)
(1.91903 1.05091 0)
(1.88636 1.0757 0)
(1.86975 1.08667 0)
(1.87154 1.05568 0)
(1.89612 1.04817 0)
(1.96052 1.02132 0)
(2.16212 0.904003 0)
(2.38189 0.790795 0)
(2.78206 0.439475 0)
(1.19365 -0.0460857 0)
(1.95244 -0.420097 0)
(2.19507 0.490997 0)
(2.2465 0.437237 0)
(2.17862 0.663979 0)
(2.15231 0.748537 0)
(2.04408 0.879947 0)
(1.95475 0.96791 0)
(1.90666 1.03686 0)
(1.84419 1.12837 0)
(1.78709 1.15821 0)
(1.79076 1.15011 0)
(1.81128 1.12897 0)
(1.85224 1.08525 0)
(2.04376 0.946352 0)
(2.26005 0.824002 0)
(2.66165 0.501492 0)
(3.03353 0.0931962 0)
(3.05461 -0.0229172 0)
(3.00394 -0.00461167 0)
(1.00366 0.0225359 0)
(1.89212 0.873885 0)
(2.13044 0.785675 0)
(1.97798 0.981962 0)
(1.97007 0.969018 0)
(1.87217 1.07413 0)
(1.78356 1.13794 0)
(1.75436 1.14666 0)
(1.75212 1.16371 0)
(1.73069 1.20639 0)
(1.71788 1.19684 0)
(1.86704 1.06839 0)
(2.09973 0.883783 0)
(2.50532 0.574564 0)
(2.98838 0.133723 0)
(3.07359 -0.02992 0)
(3.00817 -0.00770579 0)
(3.00294 -0.00386032 0)
(3.00122 -0.00219944 0)
(3.00008 -0.000487819 0)
(1.16592 0.76318 0)
(1.83231 1.14274 0)
(1.83401 1.15645 0)
(1.74021 1.19519 0)
(1.71017 1.20041 0)
(1.66693 1.23995 0)
(1.65595 1.21574 0)
(1.72414 1.16598 0)
(1.75407 1.23558 0)
(1.78506 1.14861 0)
(2.26965 0.746386 0)
(2.85677 0.212102 0)
(3.09675 -0.027157 0)
(3.02068 -0.012319 0)
(3.00451 -0.00538307 0)
(3.00184 -0.00299015 0)
(3.00006 -0.000582059 0)
(2.99998 -2.29753e-05 0)
(2.99999 1.42682e-05 0)
(3 5.85573e-06 0)
(1.57589 1.25684 0)
(1.58196 1.2644 0)
(1.58791 1.27206 0)
(1.59916 1.26823 0)
(1.61505 1.25348 0)
(1.61059 1.26193 0)
(1.89322 1.1736 0)
(2.9974 0.364698 0)
(3.33634 -0.603525 0)
(3 2.60787e-11 0)
(3 1.99479e-11 0)
(3 -1.76422e-13 0)
(3 -4.95748e-14 0)
(3 -5.89804e-14 0)
(3 9.85591e-15 0)
(3 -1.70311e-14 0)
(3 -8.12511e-14 0)
(3 -1.4131e-15 0)
(3 3.37917e-14 0)
(3 1.05997e-15 0)
(1.5778 1.24609 0)
(1.58952 1.25998 0)
(1.59824 1.27454 0)
(1.60265 1.28332 0)
(1.6697 1.2642 0)
(1.78427 1.19984 0)
(2.30731 0.720585 0)
(3.00223 0.00787781 0)
(3 6.81905e-08 0)
(3 -7.35039e-10 0)
(3 -4.93239e-12 0)
(3 -1.43391e-15 0)
(3 -3.6386e-15 0)
(3 -3.85009e-15 0)
(3 -4.76555e-15 0)
(3 -5.31232e-15 0)
(3 -4.69805e-15 0)
(3 -1.71935e-15 0)
(3 -2.00857e-15 0)
(3 -2.6272e-15 0)
(1.58213 1.2525 0)
(1.60126 1.25731 0)
(1.61246 1.26477 0)
(1.59402 1.29258 0)
(1.69393 1.21995 0)
(2.15165 0.816831 0)
(2.98775 0.00324944 0)
(3.00031 -0.000614706 0)
(3 4.51286e-07 0)
(3 -2.03396e-09 0)
(3 3.83672e-13 0)
(3 -7.32607e-15 0)
(3 -3.5349e-15 0)
(3 -3.04261e-15 0)
(3 -4.34078e-15 0)
(3 -5.07155e-15 0)
(3 -2.41777e-15 0)
(3 -3.54519e-16 0)
(3 -1.14935e-15 0)
(3 -1.92689e-15 0)
(1.58738 1.25913 0)
(1.60749 1.26309 0)
(1.62749 1.25959 0)
(1.62045 1.28002 0)
(1.88297 1.06496 0)
(2.76367 0.206089 0)
(3.00468 -0.00179175 0)
(2.99992 7.11796e-05 0)
(3 -6.93762e-07 0)
(3 3.62528e-09 0)
(3 -3.23941e-12 0)
(3 7.50015e-15 0)
(3 -2.40621e-15 0)
(3 -3.33502e-15 0)
(3 -2.64e-15 0)
(3 -1.29617e-15 0)
(3 2.63196e-16 0)
(3 -6.40175e-18 0)
(3 -1.30756e-15 0)
(3 -1.65911e-15 0)
(1.58972 1.27213 0)
(1.60303 1.27289 0)
(1.63692 1.25485 0)
(1.68867 1.22268 0)
(2.34216 0.63722 0)
(3.02062 -0.0179094 0)
(2.99974 0.000158733 0)
(3 -4.06522e-06 0)
(3 8.08033e-08 0)
(3 -1.22169e-09 0)
(3 2.6185e-12 0)
(3 -5.68717e-15 0)
(3 -2.61646e-15 0)
(3 -3.23723e-15 0)
(3 -1.37118e-15 0)
(3 -4.16037e-16 0)
(3 4.60983e-16 0)
(3 -4.55608e-17 0)
(3 -5.99744e-16 0)
(3 -1.32005e-15 0)
(1.58812 1.28553 0)
(1.58826 1.27984 0)
(1.64228 1.25163 0)
(1.76237 1.15563 0)
(2.67614 0.270153 0)
(3 -6.08866e-10 0)
(3 1.38817e-08 0)
(3 -1.24716e-08 0)
(3 5.3153e-10 0)
(3 -1.76619e-12 0)
(3 -1.19447e-13 0)
(3 -1.77412e-15 0)
(3 -2.2234e-15 0)
(3 -1.70557e-15 0)
(3 -2.98264e-16 0)
(3 9.43867e-16 0)
(3 1.45922e-15 0)
(3 7.85507e-16 0)
(3 4.5634e-16 0)
(3 -7.21386e-16 0)
(1.58829 1.29902 0)
(1.55736 1.30081 0)
(1.67575 1.23235 0)
(2.19223 0.827736 0)
(3.02351 -0.0226138 0)
(3 -1.99562e-11 0)
(3 1.80701e-11 0)
(3 -4.476e-12 0)
(3 -1.10354e-12 0)
(3 1.83112e-14 0)
(3 -1.02862e-15 0)
(3 -2.10718e-15 0)
(3 -1.96448e-15 0)
(3 -1.40168e-15 0)
(3 -1.25681e-16 0)
(3 8.80384e-16 0)
(3 1.38301e-15 0)
(3 1.78098e-15 0)
(3 1.41823e-15 0)
(3 4.83317e-16 0)
(1.58864 1.3243 0)
(1.50541 1.32299 0)
(1.72944 1.19435 0)
(2.38259 0.564261 0)
(3 -1.00889e-08 0)
(3 5.73223e-11 0)
(3 -1.08734e-12 0)
(3 -2.58986e-14 0)
(3 1.09991e-14 0)
(3 -1.63127e-16 0)
(3 -3.46754e-16 0)
(3 -1.04159e-15 0)
(3 -2.15632e-15 0)
(3 -1.8374e-15 0)
(3 -4.95883e-16 0)
(3 6.97449e-16 0)
(3 2.12431e-15 0)
(3 2.2206e-15 0)
(3 2.14771e-15 0)
(3 1.3837e-15 0)
(1.59218 1.30466 0)
(1.48299 1.33426 0)
(2.00874 1.02496 0)
(2.89999 0.103881 0)
(3 -2.21909e-10 0)
(3 -3.17653e-13 0)
(3 1.07448e-14 0)
(3 5.94073e-16 0)
(3 2.31963e-16 0)
(3 5.40402e-16 0)
(3 1.68697e-16 0)
(3 -7.96162e-16 0)
(3 -1.74882e-15 0)
(3 -1.82309e-15 0)
(3 -6.87516e-16 0)
(3 5.15138e-16 0)
(3 1.48747e-15 0)
(3 2.03168e-15 0)
(3 2.36397e-15 0)
(3 2.58095e-15 0)
(1.6049 1.2948 0)
(1.48793 1.39274 0)
(2.12404 0.852172 0)
(3.01094 -0.00876883 0)
(3 1.83001e-09 0)
(3 -2.3952e-12 0)
(3 2.5069e-15 0)
(3 1.43623e-15 0)
(3 1.22835e-15 0)
(3 1.53206e-15 0)
(3 7.74085e-16 0)
(3 3.77283e-16 0)
(3 -1.25682e-15 0)
(3 -1.85869e-15 0)
(3 -1.16757e-15 0)
(3 5.31048e-16 0)
(3 6.75014e-16 0)
(3 6.50544e-16 0)
(3 2.0299e-15 0)
(3 2.93249e-15 0)
(1.61789 1.27737 0)
(1.57548 1.3101 0)
(2.43649 0.530246 0)
(3 1.7168e-13 0)
(3 -2.01271e-12 0)
(3 2.39971e-14 0)
(3 1.16797e-15 0)
(3 2.04524e-15 0)
(3 1.50678e-15 0)
(3 1.44775e-15 0)
(3 9.89729e-16 0)
(3 8.78946e-16 0)
(3 -1.94443e-16 0)
(3 -7.90536e-16 0)
(3 -4.99604e-16 0)
(3 7.20454e-16 0)
(3 6.18907e-16 0)
(3 3.12718e-16 0)
(3 8.73258e-16 0)
(3 2.78007e-15 0)
(1.63321 1.26248 0)
(1.6055 1.2611 0)
(2.62828 0.312328 0)
(3 5.565e-14 0)
(3 1.8299e-15 0)
(3 -1.05975e-15 0)
(3 1.43252e-15 0)
(3 2.24653e-15 0)
(3 1.60798e-15 0)
(3 5.37269e-16 0)
(3 3.29954e-16 0)
(3 3.23461e-17 0)
(3 -1.25497e-16 0)
(3 -3.98972e-16 0)
(3 7.26716e-17 0)
(3 9.43768e-16 0)
(3 8.38426e-16 0)
(3 6.11186e-16 0)
(3 5.33018e-16 0)
(3 6.00299e-16 0)
(1.65524 1.24185 0)
(1.82567 1.09889 0)
(2.87503 0.088541 0)
(3 -2.56134e-13 0)
(3 -3.89543e-15 0)
(3 -2.69868e-15 0)
(3 -9.28257e-16 0)
(3 -1.09323e-16 0)
(3 -4.06296e-17 0)
(3 -2.07635e-16 0)
(3 -4.02904e-16 0)
(3 -4.02249e-16 0)
(3 -4.0196e-17 0)
(3 1.46296e-16 0)
(3 -3.46128e-17 0)
(3 4.83331e-16 0)
(3 5.89325e-16 0)
(3 4.49065e-16 0)
(3 2.387e-16 0)
(3 8.7579e-17 0)
(1.68349 1.19413 0)
(1.90923 0.97266 0)
(2.99995 1.14839e-05 0)
(3 -4.10133e-15 0)
(3 -4.84519e-15 0)
(3 -3.55844e-15 0)
(3 -1.79834e-15 0)
(3 -1.48549e-15 0)
(3 -1.62499e-15 0)
(3 -7.17822e-16 0)
(3 -3.79039e-16 0)
(3 9.10921e-17 0)
(3 -1.47686e-16 0)
(3 2.42577e-16 0)
(3 9.9858e-16 0)
(3 1.2916e-15 0)
(3 7.61775e-16 0)
(3 7.64084e-16 0)
(3 3.93731e-16 0)
(3 4.93653e-17 0)
(1.69166 1.17752 0)
(2.03347 0.833742 0)
(3 -4.98184e-15 0)
(3 -5.91998e-15 0)
(3 -5.98419e-15 0)
(3 -5.61697e-15 0)
(3 -3.61744e-15 0)
(3 -2.76398e-15 0)
(3 -3.10741e-15 0)
(3 -1.78581e-15 0)
(3 -1.20604e-15 0)
(3 -1.51758e-15 0)
(3 -1.89034e-15 0)
(3 -2.2925e-15 0)
(3 2.85216e-16 0)
(3 1.18318e-15 0)
(3 9.35283e-16 0)
(3 3.43096e-16 0)
(3 2.89636e-17 0)
(3 2.62619e-16 0)
(1.77841 1.10806 0)
(2.24403 0.641545 0)
(3 -4.96362e-15 0)
(3 -6.03608e-15 0)
(3 -8.03362e-15 0)
(3 -8.73362e-15 0)
(3 -7.7802e-15 0)
(3 -5.58379e-15 0)
(3 -3.99413e-15 0)
(3 -1.90426e-15 0)
(3 -1.48562e-15 0)
(3 -3.83813e-16 0)
(3 -7.26922e-16 0)
(3 -1.40959e-15 0)
(3 -6.38171e-16 0)
(3 -1.14635e-16 0)
(3 -4.32863e-16 0)
(3 -9.43939e-16 0)
(3 -1.25935e-15 0)
(3 -1.31273e-15 0)
(1.85196 1.00495 0)
(2.47808 0.428578 0)
(3 -7.0918e-15 0)
(3 -7.94431e-15 0)
(3 -7.67026e-15 0)
(3 -7.57328e-15 0)
(3 -7.22587e-15 0)
(3 -5.74428e-15 0)
(3 -4.34306e-15 0)
(3 -2.95449e-15 0)
(3 -1.56396e-15 0)
(3 1.8402e-15 0)
(3 1.36002e-15 0)
(3 -6.61687e-18 0)
(3 -4.60516e-16 0)
(3 6.67968e-16 0)
(3 1.16868e-15 0)
(3 1.01323e-15 0)
(3 4.53863e-16 0)
(3 8.80239e-17 0)
(1.93061 0.86437 0)
(2.72128 0.200064 0)
(3 -1.67341e-15 0)
(3 -2.07125e-15 0)
(3 -2.67649e-15 0)
(3 -3.42897e-15 0)
(3 -4.4099e-15 0)
(3 -4.20022e-15 0)
(3 -2.73235e-15 0)
(3 -1.65757e-15 0)
(3 -1.33084e-15 0)
(3 -1.46526e-15 0)
(3 -1.22907e-15 0)
(3 -1.03542e-15 0)
(3 -1.03271e-15 0)
(3 4.31625e-17 0)
(3 6.97286e-16 0)
(3 1.2631e-15 0)
(3 1.6923e-15 0)
(3 1.84495e-15 0)
(2.08118 0.660083 0)
(2.99163 1.201e-05 0)
(3 -8.94845e-16 0)
(3 -1.40033e-15 0)
(3 -2.35865e-15 0)
(3 -4.32886e-15 0)
(3 -8.10815e-15 0)
(3 -1.01328e-14 0)
(3 -9.00788e-15 0)
(3 -7.52601e-15 0)
(3 -6.47354e-15 0)
(3 -6.31423e-15 0)
(3 -6.27544e-15 0)
(3 -5.75577e-15 0)
(3 -4.66526e-15 0)
(3 -4.16951e-15 0)
(3 -3.36247e-15 0)
(3 -2.08945e-15 0)
(3 -1.6324e-15 0)
(3 -9.71104e-16 0)
(1.992 0.373585 0)
(2.9998 1.24949e-06 0)
(3 9.32469e-16 0)
(3 -9.60342e-17 0)
(3 -1.40359e-15 0)
(3 -6.66231e-15 0)
(3 -1.01698e-14 0)
(3 -1.07908e-14 0)
(3 -9.67626e-15 0)
(3 -8.56503e-15 0)
(3 -7.42409e-15 0)
(3 -6.08948e-15 0)
(3 -4.80386e-15 0)
(3 -4.34923e-15 0)
(3 -4.03484e-15 0)
(3 -3.37131e-15 0)
(3 -2.46175e-15 0)
(3 -1.26879e-15 0)
(3 -6.25377e-16 0)
(3 3.77362e-16 0)
(1.992 -0.373585 0)
(2.9998 -1.24922e-06 0)
(3 2.87217e-15 0)
(3 2.57786e-15 0)
(3 1.57231e-15 0)
(3 -2.31709e-16 0)
(3 -2.28024e-15 0)
(3 -3.9158e-15 0)
(3 -4.14397e-15 0)
(3 -3.3173e-15 0)
(3 -2.41529e-15 0)
(3 -2.32406e-15 0)
(3 -2.41062e-15 0)
(3 -2.34847e-15 0)
(3 -1.90578e-15 0)
(3 -1.03837e-15 0)
(3 -6.0429e-16 0)
(3 -1.83149e-16 0)
(3 -5.50378e-17 0)
(3 -2.90764e-16 0)
(2.08118 -0.660083 0)
(2.99163 -1.20107e-05 0)
(3 5.33716e-15 0)
(3 5.42452e-15 0)
(3 3.61892e-15 0)
(3 2.16398e-15 0)
(3 1.46435e-15 0)
(3 1.49963e-15 0)
(3 1.42889e-15 0)
(3 1.1805e-15 0)
(3 9.63691e-16 0)
(3 1.14816e-15 0)
(3 6.82659e-16 0)
(3 1.47987e-16 0)
(3 1.87539e-16 0)
(3 5.31773e-16 0)
(3 5.2631e-16 0)
(3 -9.84468e-17 0)
(3 -9.87658e-16 0)
(3 -1.03572e-15 0)
(1.93061 -0.86437 0)
(2.72128 -0.200064 0)
(3 5.82689e-15 0)
(3 4.85075e-15 0)
(3 4.23949e-15 0)
(3 4.53272e-15 0)
(3 4.33552e-15 0)
(3 3.97941e-15 0)
(3 3.7714e-15 0)
(3 3.74147e-15 0)
(3 4.19946e-15 0)
(3 4.23896e-15 0)
(3 3.16434e-15 0)
(3 1.48843e-15 0)
(3 1.16443e-15 0)
(3 6.61332e-16 0)
(3 -1.15268e-16 0)
(3 -3.16485e-16 0)
(3 -3.28231e-16 0)
(3 -4.13212e-16 0)
(1.85196 -1.00495 0)
(2.47808 -0.428578 0)
(3 4.13927e-15 0)
(3 3.94149e-15 0)
(3 3.71634e-15 0)
(3 4.02927e-15 0)
(3 3.58862e-15 0)
(3 2.98665e-15 0)
(3 3.12751e-15 0)
(3 3.32171e-15 0)
(3 3.26468e-15 0)
(3 2.84899e-15 0)
(3 2.38222e-15 0)
(3 2.14135e-15 0)
(3 1.72255e-15 0)
(3 1.53029e-15 0)
(3 6.19556e-16 0)
(3 6.21488e-16 0)
(3 6.94284e-16 0)
(3 2.64043e-16 0)
(1.77841 -1.10806 0)
(2.24403 -0.641546 0)
(3 1.6786e-15 0)
(3 2.39084e-15 0)
(3 2.2104e-15 0)
(3 2.21412e-15 0)
(3 2.64798e-15 0)
(3 3.62208e-15 0)
(3 3.63793e-15 0)
(3 3.49918e-15 0)
(3 4.10785e-15 0)
(3 3.9504e-15 0)
(3 3.53139e-15 0)
(3 3.43486e-15 0)
(3 3.53991e-15 0)
(3 3.62138e-15 0)
(3 3.16418e-15 0)
(3 2.775e-15 0)
(3 8.8718e-16 0)
(3 2.53679e-16 0)
(1.69166 -1.17752 0)
(2.03347 -0.833742 0)
(3 1.83688e-15 0)
(3 1.27264e-15 0)
(3 1.08277e-15 0)
(3 1.20885e-15 0)
(3 2.04224e-15 0)
(3 2.63585e-15 0)
(3 3.10032e-15 0)
(3 3.73691e-15 0)
(3 3.56481e-15 0)
(3 2.98799e-15 0)
(3 2.75717e-15 0)
(3 2.78459e-15 0)
(3 2.02452e-15 0)
(3 1.32315e-15 0)
(3 8.52447e-16 0)
(3 -2.79488e-16 0)
(3 -1.07162e-15 0)
(3 -1.30504e-15 0)
(1.68349 -1.19413 0)
(1.90923 -0.97266 0)
(2.99995 -1.14841e-05 0)
(3 5.13395e-16 0)
(3 4.66596e-16 0)
(3 9.21542e-16 0)
(3 1.77381e-15 0)
(3 1.50891e-15 0)
(3 1.52237e-15 0)
(3 1.81528e-15 0)
(3 2.82172e-15 0)
(3 2.37891e-15 0)
(3 2.61012e-15 0)
(3 1.83853e-15 0)
(3 1.07123e-15 0)
(3 5.95071e-18 0)
(3 -7.46493e-16 0)
(3 -1.52484e-15 0)
(3 -1.55742e-15 0)
(3 -3.68058e-16 0)
(1.65524 -1.24185 0)
(1.82567 -1.09889 0)
(2.87503 -0.0885409 0)
(3 2.52086e-13 0)
(3 8.38066e-17 0)
(3 3.6234e-16 0)
(3 3.10849e-16 0)
(3 -3.90333e-16 0)
(3 -1.56763e-16 0)
(3 -3.88788e-17 0)
(3 -1.78332e-16 0)
(3 -5.59091e-17 0)
(3 1.63678e-15 0)
(3 1.42027e-15 0)
(3 1.801e-16 0)
(3 -4.86252e-16 0)
(3 -3.42786e-16 0)
(3 -3.77087e-16 0)
(3 2.51082e-16 0)
(3 3.81669e-16 0)
(1.63321 -1.26248 0)
(1.6055 -1.2611 0)
(2.62828 -0.312328 0)
(3 -5.86759e-14 0)
(3 -4.52966e-15 0)
(3 1.8213e-16 0)
(3 -5.66939e-16 0)
(3 -3.03224e-16 0)
(3 -1.01712e-16 0)
(3 2.25762e-16 0)
(3 1.999e-16 0)
(3 1.23929e-17 0)
(3 5.69747e-16 0)
(3 9.57353e-16 0)
(3 -9.67145e-16 0)
(3 -1.60385e-15 0)
(3 -1.52024e-15 0)
(3 -1.25075e-15 0)
(3 -6.74245e-16 0)
(3 -2.59378e-18 0)
(1.61789 -1.27737 0)
(1.57548 -1.3101 0)
(2.43649 -0.530246 0)
(3 -1.73179e-13 0)
(3 2.00528e-12 0)
(3 -2.39174e-14 0)
(3 -2.22822e-16 0)
(3 1.10676e-16 0)
(3 3.06066e-16 0)
(3 5.66672e-16 0)
(3 3.75914e-16 0)
(3 3.71522e-17 0)
(3 8.7335e-16 0)
(3 1.30205e-15 0)
(3 -1.34262e-15 0)
(3 -2.94297e-15 0)
(3 -2.39164e-15 0)
(3 -1.18786e-15 0)
(3 -9.50871e-16 0)
(3 -1.90949e-15 0)
(1.6049 -1.2948 0)
(1.48793 -1.39274 0)
(2.12404 -0.852172 0)
(3.01094 0.00876883 0)
(3 -1.82999e-09 0)
(3 2.39861e-12 0)
(3 -4.33719e-16 0)
(3 9.85317e-16 0)
(3 7.21567e-16 0)
(3 6.51363e-16 0)
(3 7.16946e-16 0)
(3 9.12686e-17 0)
(3 7.01869e-16 0)
(3 6.58397e-16 0)
(3 -8.76018e-16 0)
(3 -3.05783e-15 0)
(3 -2.67998e-15 0)
(3 -8.19529e-16 0)
(3 -2.21703e-15 0)
(3 -2.2861e-15 0)
(1.59218 -1.30466 0)
(1.48299 -1.33426 0)
(2.00874 -1.02496 0)
(2.89999 -0.103881 0)
(3 2.21907e-10 0)
(3 3.19756e-13 0)
(3 -6.44336e-15 0)
(3 1.54063e-15 0)
(3 1.4804e-15 0)
(3 1.27654e-15 0)
(3 1.39443e-15 0)
(3 4.5459e-16 0)
(3 -1.7e-16 0)
(3 -2.62503e-16 0)
(3 -2.94193e-16 0)
(3 -2.38398e-15 0)
(3 -2.25308e-15 0)
(3 -2.1596e-15 0)
(3 -2.41705e-15 0)
(3 -2.55212e-15 0)
(1.58864 -1.3243 0)
(1.50541 -1.32299 0)
(1.72944 -1.19435 0)
(2.38259 -0.564261 0)
(3 1.0089e-08 0)
(3 -5.73236e-11 0)
(3 1.0917e-12 0)
(3 2.71784e-14 0)
(3 -8.71269e-15 0)
(3 2.48284e-15 0)
(3 2.17354e-15 0)
(3 1.78363e-15 0)
(3 -1.25256e-15 0)
(3 -1.20834e-15 0)
(3 -3.90091e-17 0)
(3 -4.92564e-16 0)
(3 -1.3585e-15 0)
(3 -1.98067e-15 0)
(3 -1.74681e-15 0)
(3 -5.44895e-16 0)
(1.58829 -1.29902 0)
(1.55736 -1.30081 0)
(1.67575 -1.23235 0)
(2.19223 -0.827736 0)
(3.02351 0.0226138 0)
(3 1.99583e-11 0)
(3 -1.80695e-11 0)
(3 4.47825e-12 0)
(3 1.1049e-12 0)
(3 -1.70372e-14 0)
(3 2.8444e-15 0)
(3 2.8293e-15 0)
(3 -6.99158e-16 0)
(3 -1.4926e-15 0)
(3 -4.31071e-16 0)
(3 -1.3861e-15 0)
(3 -1.28976e-15 0)
(3 -1.85821e-15 0)
(3 -7.32994e-16 0)
(3 4.27969e-17 0)
(1.58812 -1.28553 0)
(1.58826 -1.27984 0)
(1.64228 -1.25163 0)
(1.76237 -1.15563 0)
(2.67614 -0.270154 0)
(3 6.08869e-10 0)
(3 -1.38817e-08 0)
(3 1.24716e-08 0)
(3 -5.31528e-10 0)
(3 1.76582e-12 0)
(3 1.20445e-13 0)
(3 3.26484e-16 0)
(3 7.16457e-16 0)
(3 -1.27447e-15 0)
(3 -1.57282e-15 0)
(3 -2.09477e-15 0)
(3 -1.67761e-15 0)
(3 -9.03085e-16 0)
(3 -3.4017e-16 0)
(3 -2.45908e-16 0)
(1.58972 -1.27213 0)
(1.60303 -1.27289 0)
(1.63692 -1.25485 0)
(1.68867 -1.22268 0)
(2.34216 -0.63722 0)
(3.02062 0.0179095 0)
(2.99974 -0.000158732 0)
(3 4.06522e-06 0)
(3 -8.08033e-08 0)
(3 1.22169e-09 0)
(3 -2.62993e-12 0)
(3 8.89145e-15 0)
(3 1.52056e-15 0)
(3 1.67891e-16 0)
(3 -1.49541e-15 0)
(3 -1.90433e-15 0)
(3 -1.6985e-15 0)
(3 -4.81443e-17 0)
(3 -7.92142e-16 0)
(3 -9.75585e-16 0)
(1.58738 -1.25913 0)
(1.60749 -1.26309 0)
(1.62749 -1.25959 0)
(1.62045 -1.28002 0)
(1.88297 -1.06496 0)
(2.76367 -0.206089 0)
(3.00468 0.00179174 0)
(2.99992 -7.11795e-05 0)
(3 6.93762e-07 0)
(3 -3.62525e-09 0)
(3 3.28328e-12 0)
(3 -8.25944e-15 0)
(3 1.21168e-15 0)
(3 1.62212e-16 0)
(3 -1.2064e-15 0)
(3 -2.54692e-15 0)
(3 -2.08983e-15 0)
(3 3.55138e-17 0)
(3 -1.4764e-15 0)
(3 -1.02205e-15 0)
(1.58213 -1.2525 0)
(1.60126 -1.25731 0)
(1.61246 -1.26477 0)
(1.59402 -1.29258 0)
(1.69393 -1.21995 0)
(2.15165 -0.816831 0)
(2.98775 -0.00324934 0)
(3.00031 0.000614704 0)
(3 -4.51286e-07 0)
(3 2.03392e-09 0)
(3 -4.29805e-13 0)
(3 4.93763e-15 0)
(3 -3.37064e-16 0)
(3 5.30537e-16 0)
(3 -6.50981e-17 0)
(3 -2.09799e-15 0)
(3 -3.45981e-15 0)
(3 -7.41077e-16 0)
(3 -1.42219e-15 0)
(3 -1.3296e-15 0)
(1.5778 -1.24609 0)
(1.58952 -1.25998 0)
(1.59824 -1.27454 0)
(1.60265 -1.28332 0)
(1.6697 -1.2642 0)
(1.78427 -1.19984 0)
(2.30731 -0.720585 0)
(3.00223 -0.0078779 0)
(3 -6.81906e-08 0)
(3 7.35042e-10 0)
(3 4.92626e-12 0)
(3 -2.83206e-15 0)
(3 -1.2514e-15 0)
(3 -1.20555e-16 0)
(3 7.23932e-16 0)
(3 -7.86818e-16 0)
(3 -2.37895e-15 0)
(3 -2.59359e-16 0)
(3 -2.58696e-16 0)
(3 1.16055e-15 0)
(1.57589 -1.25684 0)
(1.58196 -1.2644 0)
(1.58791 -1.27206 0)
(1.59916 -1.26823 0)
(1.61505 -1.25348 0)
(1.61059 -1.26193 0)
(1.89322 -1.17361 0)
(2.9974 -0.364698 0)
(3.33633 0.603525 0)
(3 -2.60831e-11 0)
(3 -1.99429e-11 0)
(3 1.72558e-13 0)
(3 4.43819e-14 0)
(3 5.42725e-14 0)
(3 -1.34396e-14 0)
(3 1.39619e-14 0)
(3 7.3658e-14 0)
(3 -1.83981e-15 0)
(3 -3.85097e-14 0)
(3 -4.8945e-15 0)
(1.16589 -0.76321 0)
(1.83229 -1.14276 0)
(1.83404 -1.15642 0)
(1.74019 -1.19521 0)
(1.71018 -1.20041 0)
(1.66694 -1.23995 0)
(1.65595 -1.21573 0)
(1.72414 -1.16598 0)
(1.75407 -1.23558 0)
(1.78506 -1.14861 0)
(2.26964 -0.74639 0)
(2.85677 -0.212106 0)
(3.09675 0.0271565 0)
(3.02068 0.0123191 0)
(3.00451 0.00538306 0)
(3.00184 0.00299013 0)
(3.00006 0.000582068 0)
(2.99998 2.29739e-05 0)
(2.99999 -1.42685e-05 0)
(3 -5.85581e-06 0)
(1.0036 -0.0226338 0)
(1.89217 -0.873771 0)
(2.13035 -0.785825 0)
(1.97807 -0.981797 0)
(1.97001 -0.969079 0)
(1.8722 -1.07414 0)
(1.78358 -1.13794 0)
(1.75436 -1.14666 0)
(1.75212 -1.16372 0)
(1.73069 -1.20639 0)
(1.71788 -1.19684 0)
(1.86705 -1.06839 0)
(2.09973 -0.883783 0)
(2.50532 -0.574563 0)
(2.98837 -0.13372 0)
(3.07359 0.029919 0)
(3.00817 0.00770551 0)
(3.00294 0.00386028 0)
(3.00122 0.00219945 0)
(3.00008 0.000487826 0)
(1.19363 0.0464536 0)
(1.9522 0.419898 0)
(2.19512 -0.490496 0)
(2.2464 -0.437662 0)
(2.17871 -0.663706 0)
(2.15234 -0.748447 0)
(2.04406 -0.87999 0)
(1.9548 -0.967849 0)
(1.90671 -1.03685 0)
(1.84418 -1.12837 0)
(1.78707 -1.15822 0)
(1.79075 -1.15012 0)
(1.81127 -1.12898 0)
(1.85224 -1.08526 0)
(2.04375 -0.946361 0)
(2.26005 -0.824006 0)
(2.66166 -0.501484 0)
(3.03353 -0.0931867 0)
(3.05461 0.0229191 0)
(3.00394 0.00461179 0)
(1.19744 0.407635 0)
(2.0006 0.631269 0)
(2.43423 0.620747 0)
(2.37654 -0.292313 0)
(2.33259 -0.187488 0)
(2.37954 -0.232221 0)
(2.27606 -0.530957 0)
(2.19939 -0.660502 0)
(2.13545 -0.758267 0)
(2.09517 -0.881311 0)
(1.97997 -0.986928 0)
(1.91903 -1.05089 0)
(1.88636 -1.07569 0)
(1.86975 -1.08667 0)
(1.87155 -1.05568 0)
(1.89612 -1.04817 0)
(1.96052 -1.02132 0)
(2.16211 -0.904004 0)
(2.38189 -0.790801 0)
(2.78206 -0.439483 0)
(0.836021 1.0485 0)
(1.60307 1.68405 0)
(2.0217 1.58003 0)
(2.30608 0.319937 0)
(2.4433 0.32227 0)
(2.45324 -0.166069 0)
(2.48038 -0.0745924 0)
(2.39235 -0.339394 0)
(2.35076 -0.438215 0)
(2.31394 -0.599392 0)
(2.20852 -0.759376 0)
(2.12767 -0.866629 0)
(2.07399 -0.921296 0)
(2.01808 -0.973829 0)
(1.98021 -0.979411 0)
(1.95431 -0.99353 0)
(1.95129 -1.01669 0)
(1.97131 -0.997312 0)
(1.99789 -0.996674 0)
(2.07541 -0.979199 0)
(0.866426 1.16901 0)
(1.48432 2.03426 0)
(1.85901 1.85349 0)
(2.05636 1.50691 0)
(2.27074 0.763463 0)
(2.51819 0.572121 0)
(2.5539 0.186587 0)
(2.51452 -0.104564 0)
(2.47848 -0.227448 0)
(2.44673 -0.370657 0)
(2.40474 -0.490003 0)
(2.32771 -0.624868 0)
(2.27922 -0.696201 0)
(2.21354 -0.773719 0)
(2.16479 -0.802598 0)
(2.12102 -0.828062 0)
(2.07613 -0.870674 0)
(2.06703 -0.888399 0)
(2.03761 -0.933358 0)
(2.06384 -0.957677 0)
(0.89167 1.05073 0)
(1.68529 2.15859 0)
(2.03769 1.99261 0)
(1.96959 1.82495 0)
(2.20158 1.39916 0)
(2.35852 1.33873 0)
(2.4656 0.640371 0)
(2.50346 0.587186 0)
(2.4988 0.286999 0)
(2.53243 0.187034 0)
(2.50768 -0.0459439 0)
(2.47939 -0.21125 0)
(2.45159 -0.332237 0)
(2.4026 -0.443338 0)
(2.34633 -0.53645 0)
(2.31665 -0.578568 0)
(2.25453 -0.656878 0)
(2.21384 -0.71507 0)
(2.17141 -0.779327 0)
(2.14269 -0.798895 0)
(0.939549 0.847967 0)
(1.50116 1.59996 0)
(2.17634 2.10871 0)
(2.16408 1.97411 0)
(2.22811 1.65872 0)
(2.34405 1.51287 0)
(2.41697 1.11621 0)
(2.44665 0.93452 0)
(2.47277 0.746672 0)
(2.52296 0.559065 0)
(2.55495 0.337856 0)
(2.55543 0.130026 0)
(2.56918 -0.0150403 0)
(2.53668 -0.181865 0)
(2.4904 -0.334019 0)
(2.46824 -0.40161 0)
(2.40208 -0.51712 0)
(2.37246 -0.525627 0)
(2.3227 -0.576909 0)
(2.32645 -0.539233 0)
(1.02978 0.83367 0)
(1.21096 1.17273 0)
(1.70378 2.02255 0)
(2.27213 2.15871 0)
(2.42293 1.94778 0)
(2.55792 1.57042 0)
(2.53323 1.45122 0)
(2.61207 0.994311 0)
(2.63784 0.912875 0)
(2.65145 0.596811 0)
(2.67457 0.459792 0)
(2.6628 0.236763 0)
(2.68122 0.0992796 0)
(2.65248 -0.0661515 0)
(2.61572 -0.190436 0)
(2.58214 -0.244382 0)
(2.53932 -0.294326 0)
(2.52964 -0.247809 0)
(2.45964 -0.342358 0)
(2.48258 -0.2963 0)
(1.15366 0.85205 0)
(1.15641 1.15329 0)
(1.50855 1.92254 0)
(2.05371 2.20024 0)
(2.45856 2.17039 0)
(2.81096 1.65895 0)
(2.81384 1.63873 0)
(2.77968 1.0634 0)
(2.74839 0.965233 0)
(2.73215 0.677717 0)
(2.73729 0.581967 0)
(2.72713 0.40108 0)
(2.7379 0.333923 0)
(2.72388 0.211318 0)
(2.6969 0.125897 0)
(2.66252 0.0750711 0)
(2.63414 0.044052 0)
(2.62109 0.0168635 0)
(2.56185 -0.135127 0)
(2.58094 -0.117899 0)
(1.23541 0.951437 0)
(1.18132 1.25985 0)
(1.40045 1.86668 0)
(1.76983 2.13305 0)
(2.0672 2.03208 0)
(2.29744 1.7794 0)
(2.52311 1.81444 0)
(2.44206 1.37121 0)
(2.45176 1.3175 0)
(2.52856 1.21131 0)
(2.58739 1.07888 0)
(2.63219 0.910124 0)
(2.64362 0.802224 0)
(2.67521 0.674973 0)
(2.67 0.520973 0)
(2.67411 0.430878 0)
(2.67905 0.326284 0)
(2.67124 0.190806 0)
(2.64999 0.055565 0)
(2.62542 -0.0206479 0)
(1.34058 1.10902 0)
(1.24924 1.41617 0)
(1.35123 1.90141 0)
(1.6578 2.14955 0)
(1.85967 2.00131 0)
(2.00227 1.94009 0)
(2.07336 1.8954 0)
(2.17977 1.73133 0)
(2.24131 1.53395 0)
(2.31616 1.47118 0)
(2.42134 1.3172 0)
(2.50598 1.20664 0)
(2.56407 1.00753 0)
(2.6477 0.92803 0)
(2.66684 0.694603 0)
(2.71526 0.583857 0)
(2.7322 0.42916 0)
(2.73422 0.258725 0)
(2.71988 0.23211 0)
(2.68851 0.160295 0)
(1.48589 1.26778 0)
(1.41553 1.53597 0)
(1.42757 1.95947 0)
(1.63043 2.1831 0)
(1.82829 2.03351 0)
(1.84661 2.03387 0)
(1.9662 1.88098 0)
(2.04988 1.80621 0)
(2.18668 1.58355 0)
(2.29467 1.55603 0)
(2.43785 1.38365 0)
(2.57168 1.28511 0)
(2.63733 1.0033 0)
(2.72061 0.940811 0)
(2.74137 0.702297 0)
(2.77376 0.645294 0)
(2.78332 0.52547 0)
(2.78369 0.411559 0)
(2.76023 0.50967 0)
(2.73996 0.425531 0)
(1.6728 1.39336 0)
(1.62049 1.65602 0)
(1.55045 2.0125 0)
(1.66394 2.22538 0)
(1.83398 2.06616 0)
(1.86815 2.07484 0)
(2.03213 1.85292 0)
(2.09221 1.84813 0)
(2.2832 1.66555 0)
(2.43939 1.64262 0)
(2.57152 1.47478 0)
(2.6816 1.32531 0)
(2.72535 1.1887 0)
(2.76178 1.13665 0)
(2.79173 0.971187 0)
(2.78549 0.978639 0)
(2.77885 0.864455 0)
(2.76439 0.808536 0)
(2.75565 0.873117 0)
(2.75461 0.710199 0)
(1.83877 1.49058 0)
(1.92843 1.56687 0)
(1.79063 2.06071 0)
(1.75219 2.25296 0)
(1.96283 2.18173 0)
(1.98761 2.20782 0)
(2.14138 1.91077 0)
(2.20291 1.94946 0)
(2.36772 1.93058 0)
(2.46493 1.7968 0)
(2.47681 1.73065 0)
(2.58198 1.54371 0)
(2.63847 1.50632 0)
(2.66864 1.47928 0)
(2.68816 1.35047 0)
(2.67493 1.30385 0)
(2.67252 1.18865 0)
(2.69416 1.15433 0)
(2.73318 1.09354 0)
(2.78847 0.863115 0)
(1.84872 1.47161 0)
(2.08244 1.35881 0)
(2.08517 1.96239 0)
(1.92296 2.26291 0)
(2.05418 2.27743 0)
(2.14774 2.37795 0)
(2.28438 2.17075 0)
(2.27808 2.1413 0)
(2.26555 2.12985 0)
(2.36422 1.84996 0)
(2.38203 1.81955 0)
(2.45834 1.74762 0)
(2.45573 1.7383 0)
(2.49163 1.66866 0)
(2.53459 1.56869 0)
(2.57847 1.49148 0)
(2.61769 1.34151 0)
(2.74107 1.2571 0)
(2.78351 1.08546 0)
(2.85076 0.893544 0)
(1.73087 1.39939 0)
(2.04833 1.30141 0)
(2.26755 1.83955 0)
(2.16638 2.21098 0)
(2.1384 2.31153 0)
(2.1738 2.39159 0)
(2.29409 2.19972 0)
(2.26619 2.17358 0)
(2.19339 2.14955 0)
(2.24502 1.96728 0)
(2.23229 1.95751 0)
(2.30122 1.85046 0)
(2.3436 1.81836 0)
(2.41003 1.73297 0)
(2.51915 1.65586 0)
(2.6276 1.52417 0)
(2.69273 1.35694 0)
(2.79461 1.2938 0)
(2.83358 1.24664 0)
(2.78637 1.271 0)
(1.66344 1.36472 0)
(1.95032 1.30642 0)
(2.24093 1.82685 0)
(2.23175 2.20772 0)
(2.09198 2.36235 0)
(2.11749 2.41885 0)
(2.18764 2.30017 0)
(2.14345 2.25796 0)
(2.09841 2.18489 0)
(2.11695 2.05271 0)
(2.16974 1.99816 0)
(2.20974 1.94525 0)
(2.30397 1.9228 0)
(2.39087 1.86169 0)
(2.48347 1.82022 0)
(2.5787 1.73483 0)
(2.61131 1.70969 0)
(2.63084 1.6847 0)
(2.62036 1.65259 0)
(2.59592 1.60914 0)
(1.62429 1.38982 0)
(1.80138 1.41903 0)
(1.99136 1.73167 0)
(2.01709 2.07996 0)
(1.97205 2.20369 0)
(1.9649 2.16738 0)
(1.96379 1.99772 0)
(1.91203 1.81439 0)
(1.8701 1.66933 0)
(1.87028 1.48682 0)
(1.88406 1.29572 0)
(1.92585 1.18341 0)
(1.99736 1.1346 0)
(2.04238 1.10583 0)
(2.11578 1.14614 0)
(2.18573 1.16778 0)
(2.22275 1.22451 0)
(2.27125 1.26775 0)
(2.33099 1.28057 0)
(2.39864 1.3315 0)
(1.42678 0.498254 0)
(1.29859 0.573874 0)
(1.31463 0.484914 0)
(1.34169 0.469091 0)
(1.39761 0.44092 0)
(1.47181 0.413835 0)
(1.53597 0.371451 0)
(1.57194 0.339175 0)
(1.58618 0.31133 0)
(1.59156 0.264349 0)
(1.59223 0.207543 0)
(1.59665 0.179267 0)
(1.62648 0.155614 0)
(1.64112 0.155444 0)
(1.67249 0.180253 0)
(1.72757 0.197494 0)
(1.7876 0.222716 0)
(1.85452 0.241692 0)
(1.95917 0.246169 0)
(2.02069 0.271796 0)
(2.09739 -0.221853 0)
(2.20558 -0.184226 0)
(2.30364 -0.102378 0)
(2.12162 -0.0277184 0)
(1.99806 0.0171682 0)
(1.93906 0.0102352 0)
(1.96382 -0.0203824 0)
(2.14014 -0.0419782 0)
(2.3522 -0.0353728 0)
(2.45231 -0.025672 0)
(2.57038 -0.0226099 0)
(2.66292 -0.0181029 0)
(2.76612 -0.0132448 0)
(2.87445 -0.00718843 0)
(2.94879 -0.00228888 0)
(2.98827 -0.000377247 0)
(2.99904 -2.41575e-05 0)
(2.99998 -3.75153e-07 0)
(3 -1.4519e-09 0)
(3 -3.55169e-12 0)
(2.4176 -0.97554 0)
(2.45976 -0.692132 0)
(2.54367 -0.442129 0)
(2.3172 0.0164638 0)
(2.12949 0.0772328 0)
(2.06239 0.0471159 0)
(2.09343 -0.0317303 0)
(2.2293 -0.0912547 0)
(2.393 -0.0886939 0)
(2.46259 -0.0741616 0)
(2.56487 -0.0615789 0)
(2.65464 -0.0509764 0)
(2.76096 -0.0420424 0)
(2.87064 -0.0238769 0)
(2.94698 -0.00766896 0)
(2.98795 -0.00121064 0)
(2.99902 -7.02745e-05 0)
(2.99998 -1.23897e-06 0)
(3 -6.88351e-09 0)
(3 -1.64521e-11 0)
(2.67751 -1.49421 0)
(2.76508 -1.45332 0)
(2.7909 -1.25303 0)
(2.79318 -0.78408 0)
(2.63821 -0.249689 0)
(2.48346 0.0323902 0)
(2.4146 -0.0116262 0)
(2.40588 -0.09626 0)
(2.46927 -0.128494 0)
(2.51396 -0.120534 0)
(2.59754 -0.103367 0)
(2.67095 -0.0857618 0)
(2.76093 -0.0674228 0)
(2.86508 -0.0389904 0)
(2.94343 -0.0130224 0)
(2.9873 -0.00222421 0)
(2.99899 -0.000145425 0)
(2.99998 -2.7444e-06 0)
(3 -1.73255e-08 0)
(3 -5.44349e-11 0)
(2.70651 -1.2793 0)
(2.79371 -1.21589 0)
(2.85656 -1.20919 0)
(2.93733 -1.1575 0)
(2.93801 -0.862718 0)
(2.89476 -0.454574 0)
(2.81858 -0.309587 0)
(2.68288 -0.237295 0)
(2.57664 -0.217153 0)
(2.57767 -0.192516 0)
(2.62887 -0.148988 0)
(2.69466 -0.123817 0)
(2.77956 -0.0923602 0)
(2.87056 -0.0527041 0)
(2.94465 -0.0187046 0)
(2.98763 -0.00363067 0)
(2.99905 -0.000255493 0)
(2.99998 -4.78787e-06 0)
(3 -2.81082e-08 0)
(3 -8.13201e-11 0)
(2.75502 -1.02644 0)
(2.79156 -1.05145 0)
(2.85582 -1.02059 0)
(2.94201 -0.972071 0)
(2.9445 -0.982403 0)
(2.92875 -0.97677 0)
(2.90159 -0.848419 0)
(2.81674 -0.693335 0)
(2.68424 -0.464992 0)
(2.61807 -0.303889 0)
(2.65302 -0.207862 0)
(2.71546 -0.15949 0)
(2.7903 -0.11582 0)
(2.87228 -0.0648771 0)
(2.94677 -0.0245682 0)
(2.98874 -0.00457505 0)
(2.99918 -0.000301859 0)
(2.99998 -5.41886e-06 0)
(3 -3.18867e-08 0)
(3 -9.59918e-11 0)
(2.783 -0.833546 0)
(2.77717 -0.913199 0)
(2.85046 -0.90046 0)
(2.94345 -0.885156 0)
(2.94345 -0.893756 0)
(2.91665 -0.911911 0)
(2.89824 -0.927657 0)
(2.85902 -0.951534 0)
(2.80113 -0.854609 0)
(2.71588 -0.558152 0)
(2.68653 -0.319622 0)
(2.73084 -0.201016 0)
(2.7982 -0.135623 0)
(2.87958 -0.0762456 0)
(2.952 -0.0279966 0)
(2.99039 -0.00507969 0)
(2.99934 -0.000315643 0)
(2.99999 -5.27909e-06 0)
(3 -2.99507e-08 0)
(3 -8.9973e-11 0)
(2.77775 -0.66354 0)
(2.77283 -0.730012 0)
(2.84477 -0.698136 0)
(2.93225 -0.741159 0)
(2.92908 -0.776959 0)
(2.91554 -0.813701 0)
(2.90605 -0.853202 0)
(2.91905 -0.851997 0)
(2.89663 -0.847948 0)
(2.8205 -0.701185 0)
(2.74901 -0.447222 0)
(2.75554 -0.26452 0)
(2.81599 -0.15548 0)
(2.89291 -0.0797112 0)
(2.9583 -0.0283248 0)
(2.99196 -0.00495874 0)
(2.99948 -0.000291348 0)
(2.99999 -4.60585e-06 0)
(3 -2.57598e-08 0)
(3 -7.93251e-11 0)
(2.75692 -0.493728 0)
(2.76559 -0.604822 0)
(2.82416 -0.591207 0)
(2.90409 -0.598406 0)
(2.92338 -0.692537 0)
(2.93037 -0.711325 0)
(2.94972 -0.709226 0)
(2.97455 -0.745121 0)
(2.98463 -0.758863 0)
(2.935 -0.696253 0)
(2.83942 -0.495145 0)
(2.80723 -0.301107 0)
(2.84235 -0.172718 0)
(2.90586 -0.0853599 0)
(2.96386 -0.0288658 0)
(2.9934 -0.00476627 0)
(2.99961 -0.000260167 0)
(2.99999 -3.8499e-06 0)
(3 -2.11694e-08 0)
(3 -6.67184e-11 0)
(2.72411 -0.268923 0)
(2.75844 -0.417362 0)
(2.79415 -0.465567 0)
(2.86322 -0.464195 0)
(2.91346 -0.542375 0)
(2.95629 -0.58923 0)
(3.00192 -0.614012 0)
(3.02749 -0.632497 0)
(3.02718 -0.685455 0)
(2.97498 -0.647604 0)
(2.8963 -0.486499 0)
(2.85578 -0.30677 0)
(2.87139 -0.171385 0)
(2.9202 -0.0806663 0)
(2.96985 -0.0258624 0)
(2.99485 -0.00398943 0)
(2.99972 -0.000199092 0)
(3 -2.70784e-06 0)
(3 -1.43804e-08 0)
(3 -4.53514e-11 0)
(2.67374 -0.0819534 0)
(2.7391 -0.276454 0)
(2.75289 -0.320002 0)
(2.82197 -0.337813 0)
(2.903 -0.41761 0)
(2.96529 -0.501967 0)
(3.03638 -0.564218 0)
(3.03639 -0.569309 0)
(3.02617 -0.596466 0)
(2.99864 -0.617248 0)
(2.93189 -0.496132 0)
(2.88743 -0.329706 0)
(2.89782 -0.19446 0)
(2.93579 -0.0919613 0)
(2.97652 -0.0284193 0)
(2.99633 -0.0040787 0)
(2.99983 -0.000184881 0)
(3 -2.32395e-06 0)
(3 -1.22681e-08 0)
(3 -4.02671e-11 0)
(2.52978 0.226438 0)
(2.55279 0.144508 0)
(2.67276 -0.225995 0)
(2.75659 -0.323263 0)
(2.84798 -0.244736 0)
(2.90195 -0.286204 0)
(2.90985 -0.346691 0)
(2.93437 -0.395016 0)
(2.96216 -0.445588 0)
(2.9566 -0.429005 0)
(2.9352 -0.357707 0)
(2.92176 -0.251298 0)
(2.92901 -0.144857 0)
(2.9564 -0.0637098 0)
(2.98524 -0.0170285 0)
(2.99802 -0.00192196 0)
(2.99992 -6.38204e-05 0)
(3 -6.06081e-07 0)
(3 -2.69571e-09 0)
(3 -7.88375e-12 0)
(2.36728 0.599797 0)
(2.4822 0.400732 0)
(2.59783 0.150866 0)
(2.69409 0.0349424 0)
(2.77292 0.00150435 0)
(2.89465 -0.25427 0)
(2.92703 -0.368876 0)
(2.98004 -0.444551 0)
(3.02923 -0.493017 0)
(3.04394 -0.457304 0)
(3.0177 -0.336659 0)
(2.98777 -0.20406 0)
(2.97688 -0.101661 0)
(2.98407 -0.0370685 0)
(2.9951 -0.00739539 0)
(2.99949 -0.00055095 0)
(2.99999 -1.12709e-05 0)
(3 -7.04321e-08 0)
(3 -2.34733e-10 0)
(3 -1.88508e-13 0)
(2.42687 0.716244 0)
(2.47574 0.640148 0)
(2.5536 0.514552 0)
(2.67437 0.303717 0)
(2.76041 0.206432 0)
(2.84336 0.0766124 0)
(2.98092 -0.103942 0)
(3.01946 -0.134958 0)
(3.0702 -0.160487 0)
(3.08553 -0.159191 0)
(3.06019 -0.116245 0)
(3.02521 -0.0675964 0)
(3.00343 -0.0283998 0)
(2.99881 -0.00914171 0)
(2.99932 -0.00183797 0)
(2.99987 -0.00016183 0)
(2.99999 -4.94891e-06 0)
(3 -2.29078e-08 0)
(3 5.0616e-10 0)
(3 5.15397e-12 0)
(2.52872 0.673306 0)
(2.56125 0.663085 0)
(2.61122 0.627068 0)
(2.67041 0.563809 0)
(2.75607 0.468115 0)
(2.85548 0.358539 0)
(2.96014 0.200756 0)
(3.07185 0.0811946 0)
(3.1121 0.0334234 0)
(3.10698 0.0194471 0)
(3.0802 0.0200804 0)
(3.0461 0.0121587 0)
(3.01126 0.00222879 0)
(3.00081 -0.000260317 0)
(3 -0.000140009 0)
(2.99998 -6.56102e-05 0)
(2.99999 -9.52788e-06 0)
(3 -3.94787e-07 0)
(3 -3.65979e-09 0)
(3 -6.46085e-12 0)
(2.82545 0.350827 0)
(2.68013 0.557703 0)
(2.71466 0.572043 0)
(2.75647 0.548842 0)
(2.82386 0.503413 0)
(2.9027 0.444119 0)
(2.98991 0.354907 0)
(3.0669 0.256643 0)
(3.10381 0.176436 0)
(3.10264 0.114802 0)
(3.07312 0.0634049 0)
(3.03202 0.0243369 0)
(3.00613 0.00432696 0)
(3.00035 0.000176316 0)
(3 -1.2489e-05 0)
(3 -1.24855e-05 0)
(3 -5.55697e-06 0)
(3 -6.14291e-07 0)
(3 -1.58764e-08 0)
(3 -9.38905e-11 0)
(2.97989 0.0611574 0)
(2.91579 0.200539 0)
(2.86117 0.354272 0)
(2.86364 0.433929 0)
(2.88873 0.425081 0)
(2.94151 0.387885 0)
(3.00153 0.329408 0)
(3.05135 0.25534 0)
(3.07725 0.180265 0)
(3.07239 0.113469 0)
(3.04265 0.0546571 0)
(3.01253 0.0145316 0)
(3.00138 0.00146109 0)
(3.00005 4.90909e-05 0)
(3 -7.93971e-07 0)
(3 -1.22149e-06 0)
(3 -8.7072e-07 0)
(3 -2.22554e-07 0)
(3 -1.22414e-08 0)
(3 -1.16025e-10 0)
(2.99935 0.00242318 0)
(2.99527 0.0153258 0)
(2.98005 0.0619617 0)
(2.96115 0.152634 0)
(2.95467 0.229657 0)
(2.98381 0.243778 0)
(2.99919 0.226301 0)
(3.02131 0.185084 0)
(3.03372 0.125828 0)
(3.02746 0.0636962 0)
(3.01142 0.0196452 0)
(3.00186 0.00267162 0)
(3.00009 0.00011891 0)
(3 1.754e-06 0)
(3 -3.61093e-08 0)
(3 -4.74874e-08 0)
(3 -3.89848e-08 0)
(3 -1.48074e-08 0)
(3 -1.43852e-09 0)
(3 -2.25952e-11 0)
(2.99999 4.51494e-05 0)
(2.99992 0.000255722 0)
(2.99944 0.00184613 0)
(2.99754 0.00903698 0)
(2.9944 0.0272608 0)
(2.99599 0.0470805 0)
(2.99875 0.0516605 0)
(3.00115 0.0455023 0)
(3.00431 0.0288293 0)
(3.00365 0.0107726 0)
(3.00103 0.00187942 0)
(3.00008 0.000117294 0)
(3 2.28779e-06 0)
(3 1.51639e-08 0)
(3 -1.7422e-09 0)
(3 -1.36759e-09 0)
(3 -6.79387e-10 0)
(3 -1.89662e-10 0)
(3 -1.92034e-11 0)
(3 -3.87734e-13 0)
(3 5.78889e-07 0)
(3 2.25692e-06 0)
(2.99999 1.59726e-05 0)
(2.99997 0.000106947 0)
(2.99988 0.000509878 0)
(2.99981 0.00137003 0)
(2.99991 0.00190576 0)
(2.99997 0.00180658 0)
(3.00011 0.00116725 0)
(3.00011 0.000372827 0)
(3.00003 4.49021e-05 0)
(3 1.67042e-06 0)
(3 1.85402e-08 0)
(3 -8.16572e-10 0)
(3 -6.22744e-10 0)
(3 -1.76073e-10 0)
(3 -1.48222e-11 0)
(3 -9.78517e-13 0)
(3 -6.22123e-14 0)
(3 -2.43479e-15 0)
(3 5.45768e-09 0)
(3 1.73867e-08 0)
(3 9.4456e-08 0)
(3 6.05102e-07 0)
(3 3.14003e-06 0)
(3 9.97876e-06 0)
(3 1.58417e-05 0)
(3 1.55117e-05 0)
(3 1.06431e-05 0)
(3 3.51712e-06 0)
(3 4.11436e-07 0)
(3 1.31423e-08 0)
(3 -4.33754e-10 0)
(3 -4.70754e-10 0)
(3 -1.98342e-10 0)
(3 -2.1605e-11 0)
(3 -4.60822e-13 0)
(3 -5.44468e-15 0)
(3 -1.86379e-15 0)
(3 -2.91539e-15 0)
(3 3.7057e-11 0)
(3 1.19944e-10 0)
(3 5.16946e-10 0)
(3 2.83432e-09 0)
(3 1.38915e-08 0)
(3 4.49063e-08 0)
(3 7.36556e-08 0)
(3 7.26632e-08 0)
(3 5.20574e-08 0)
(3 1.869e-08 0)
(3 2.28788e-09 0)
(3 -9.87982e-11 0)
(3 -1.88686e-10 0)
(3 -1.02246e-10 0)
(3 -1.73947e-11 0)
(3 -6.48162e-13 0)
(3 -1.31397e-15 0)
(3 2.41266e-15 0)
(3 -1.94817e-15 0)
(3 -1.10831e-15 0)
(3 1.79324e-13 0)
(3 6.9896e-13 0)
(3 2.72688e-12 0)
(3 1.24579e-11 0)
(3 5.49766e-11 0)
(3 1.72777e-10 0)
(3 2.81261e-10 0)
(3 2.76898e-10 0)
(3 1.97904e-10 0)
(3 6.15758e-11 0)
(3 -2.00018e-11 0)
(3 -4.2676e-11 0)
(3 -2.44172e-11 0)
(3 -4.73952e-12 0)
(3 -2.49078e-13 0)
(3 -2.47777e-15 0)
(3 1.62322e-15 0)
(3 1.20514e-15 0)
(3 5.90404e-16 0)
(3 6.64483e-16 0)
(3 -1.30926e-15 0)
(3 2.32251e-15 0)
(3 1.51844e-14 0)
(3 5.69535e-14 0)
(3 2.03666e-13 0)
(3 5.79324e-13 0)
(3 7.31612e-13 0)
(3 2.76438e-13 0)
(3 -1.24762e-12 0)
(3 -3.92863e-12 0)
(3 -6.55904e-12 0)
(3 -3.71447e-12 0)
(3 -6.64343e-13 0)
(3 -3.91495e-14 0)
(3 -8.04522e-16 0)
(3 -7.37557e-17 0)
(3 5.26134e-16 0)
(3 9.71688e-16 0)
(3 1.45309e-15 0)
(3 1.01228e-15 0)
(3 -3.24141e-15 0)
(3 -2.69068e-15 0)
(3 -1.515e-15 0)
(3 -1.21591e-15 0)
(3 2.12974e-15 0)
(3 -1.40434e-16 0)
(3 -3.92691e-14 0)
(3 -1.85824e-13 0)
(3 -5.02608e-13 0)
(3 -6.73339e-13 0)
(3 -3.36566e-13 0)
(3 -5.52933e-14 0)
(3 -3.94588e-15 0)
(3 -9.74942e-16 0)
(3 1.41278e-17 0)
(3 -4.6641e-17 0)
(3 2.42976e-16 0)
(3 -2.34836e-16 0)
(3 3.1193e-16 0)
(3 8.0201e-17 0)
(3 4.86669e-17 0)
(3 -5.22835e-16 0)
(3 -2.21426e-16 0)
(3 -9.63845e-17 0)
(3 -5.10606e-16 0)
(3 -7.08846e-16 0)
(3 -7.97478e-15 0)
(3 -1.70995e-14 0)
(3 -1.66534e-14 0)
(3 -9.63426e-15 0)
(3 -1.57629e-15 0)
(3 2.33117e-16 0)
(3 3.35658e-16 0)
(3 -3.60045e-16 0)
(3 9.24726e-16 0)
(3 1.47148e-15 0)
(3 1.03058e-15 0)
(3 3.05232e-16 0)
(3 2.30286e-16 0)
(3 6.23624e-17 0)
(2.4338 0.405536 0)
(2.28824 0.716298 0)
(2.39323 0.731789 0)
(2.58077 0.579998 0)
(2.86754 0.235938 0)
(2.98907 0.0284966 0)
(2.99968 0.00125693 0)
(2.99999 2.69104e-05 0)
(3 3.46608e-07 0)
(3 2.96559e-09 0)
(3 1.74331e-11 0)
(3 7.09091e-14 0)
(3 3.91878e-16 0)
(3 -2.85206e-15 0)
(3 1.57929e-16 0)
(2.29402 0.66676 0)
(2.28071 0.790046 0)
(2.40144 0.730164 0)
(2.79602 0.348087 0)
(2.9955 0.026681 0)
(3.00016 0.000259325 0)
(3 -1.72977e-06 0)
(3 -6.42147e-08 0)
(3 -1.03584e-08 0)
(3 -3.58645e-10 0)
(3 -4.0966e-12 0)
(3 -2.40617e-14 0)
(3 2.85449e-16 0)
(3 -2.48326e-15 0)
(3 -7.67447e-17 0)
(2.22484 0.807054 0)
(2.2725 0.802524 0)
(2.62615 0.539627 0)
(2.95227 0.117708 0)
(2.99891 0.00558954 0)
(2.99999 8.66737e-05 0)
(3 8.81166e-07 0)
(3 9.84568e-09 0)
(3 -1.53645e-11 0)
(3 -5.68855e-12 0)
(3 -1.63752e-13 0)
(3 1.73032e-15 0)
(3 6.41982e-16 0)
(3 -2.49023e-15 0)
(3 -4.49899e-16 0)
(2.18772 0.885151 0)
(2.44128 0.730864 0)
(2.85016 0.275648 0)
(2.99541 0.0149335 0)
(3.00002 3.61447e-05 0)
(3 -1.22389e-06 0)
(3 4.12129e-09 0)
(3 1.13636e-10 0)
(3 -5.36542e-11 0)
(3 -4.27843e-12 0)
(3 -2.68101e-14 0)
(3 1.19864e-15 0)
(3 4.50077e-16 0)
(3 -1.82609e-15 0)
(3 -5.80456e-16 0)
(2.18658 0.901378 0)
(2.66325 0.469514 0)
(2.98677 0.0304952 0)
(3.00006 0.000244366 0)
(3 1.95909e-06 0)
(3 1.73004e-07 0)
(3 1.36927e-08 0)
(3 3.11104e-10 0)
(3 1.3696e-12 0)
(3 -1.73196e-14 0)
(3 1.67616e-15 0)
(3 -1.63731e-16 0)
(3 -5.60547e-16 0)
(3 -6.05528e-16 0)
(3 -6.59181e-16 0)
(2.57631 0.572772 0)
(2.99585 0.031979 0)
(3.00024 0.000438597 0)
(3 1.74788e-06 0)
(3 1.30982e-07 0)
(3 1.30529e-08 0)
(3 -4.46685e-10 0)
(3 -1.39451e-10 0)
(3 -2.44414e-12 0)
(3 1.57723e-15 0)
(3 4.87269e-15 0)
(3 -1.46379e-15 0)
(3 -9.92815e-16 0)
(3 2.35829e-16 0)
(3 -6.79686e-16 0)
(2.99403 0.0496963 0)
(2.99994 0.00126677 0)
(3 -2.96716e-06 0)
(3 -7.89825e-07 0)
(3 -3.50205e-08 0)
(3 -1.50489e-10 0)
(3 6.38518e-11 0)
(3 7.22054e-12 0)
(3 5.38282e-14 0)
(3 3.22017e-15 0)
(3 4.03146e-15 0)
(3 -1.79662e-15 0)
(3 -1.06056e-15 0)
(3 6.11919e-16 0)
(3 -5.78009e-16 0)
(3.00071 -0.00150507 0)
(3.00003 -0.000102043 0)
(3 -3.11354e-06 0)
(3 6.18721e-09 0)
(3 5.27214e-11 0)
(3 8.54993e-13 0)
(3 -1.10277e-13 0)
(3 -7.41054e-15 0)
(3 -6.29035e-16 0)
(3 2.66711e-15 0)
(3 3.79179e-15 0)
(3 -1.96807e-15 0)
(3 -1.43731e-15 0)
(3 7.49731e-16 0)
(3 -3.14285e-16 0)
(3.00001 -2.18069e-05 0)
(3 1.16284e-07 0)
(3 2.24309e-08 0)
(3 1.03195e-09 0)
(3 1.11976e-11 0)
(3 1.24468e-13 0)
(3 1.94128e-15 0)
(3 -1.51906e-15 0)
(3 -2.19663e-16 0)
(3 2.32046e-15 0)
(3 2.47199e-15 0)
(3 -2.02027e-15 0)
(3 -1.21372e-15 0)
(3 7.62749e-16 0)
(3 -2.2558e-16 0)
(3 1.21395e-06 0)
(3 1.3522e-08 0)
(3 -7.48351e-11 0)
(3 -1.22313e-11 0)
(3 -3.70506e-13 0)
(3 -1.57941e-15 0)
(3 1.29539e-15 0)
(3 -1.83703e-15 0)
(3 -5.09883e-17 0)
(3 2.1907e-15 0)
(3 1.38314e-15 0)
(3 -1.56722e-15 0)
(3 -7.83761e-16 0)
(3 4.54859e-16 0)
(3 -4.02583e-16 0)
(3 -2.15166e-15 0)
(3 -2.23206e-15 0)
(3 -7.76333e-17 0)
(3 3.5256e-15 0)
(3 1.85075e-15 0)
(3 3.02205e-15 0)
(3 1.93009e-15 0)
(3 -2.03672e-15 0)
(3 -1.17418e-16 0)
(3 2.17865e-15 0)
(3 5.31841e-16 0)
(3 -1.48002e-15 0)
(3 -6.19239e-18 0)
(3 8.077e-17 0)
(3 -4.25875e-16 0)
(3 -2.30725e-15 0)
(3 -3.33149e-15 0)
(3 -4.91168e-16 0)
(3 3.8882e-15 0)
(3 1.04339e-15 0)
(3 1.93057e-15 0)
(3 1.90444e-15 0)
(3 -2.40118e-15 0)
(3 -6.42508e-16 0)
(3 2.46518e-15 0)
(3 1.10924e-16 0)
(3 -1.47611e-15 0)
(3 2.38114e-16 0)
(3 1.65655e-16 0)
(3 -1.44443e-16 0)
(3 -2.37218e-15 0)
(3 -3.20897e-15 0)
(3 -7.29846e-17 0)
(3 3.47243e-15 0)
(3 2.01833e-15 0)
(3 2.23929e-15 0)
(3 2.10101e-15 0)
(3 -3.42087e-15 0)
(3 -5.74284e-16 0)
(3 2.34793e-15 0)
(3 2.31642e-16 0)
(3 -1.2552e-15 0)
(3 4.01284e-16 0)
(3 3.87295e-16 0)
(3 4.09229e-17 0)
(3 -2.28765e-15 0)
(3 -2.86653e-15 0)
(3 -2.88399e-16 0)
(3 2.77991e-15 0)
(3 2.35222e-15 0)
(3 2.39108e-15 0)
(3 2.3536e-15 0)
(3 -3.47495e-15 0)
(3 -8.695e-16 0)
(3 2.13411e-15 0)
(3 1.63987e-16 0)
(3 -1.06208e-15 0)
(3 4.0751e-16 0)
(3 3.80673e-16 0)
(3 2.23688e-16 0)
(3 -1.82769e-15 0)
(3 -3.07662e-15 0)
(3 -1.43741e-16 0)
(3 2.21188e-15 0)
(3 1.97656e-15 0)
(3 2.61637e-15 0)
(3 3.65544e-15 0)
(3 -4.50714e-15 0)
(3 -1.07639e-15 0)
(3 1.61381e-15 0)
(3 -1.29564e-16 0)
(3 -4.0463e-16 0)
(3 -1.37271e-16 0)
(3 3.08425e-16 0)
(3 3.97398e-16 0)
(3 -1.44126e-15 0)
(3 -3.04117e-15 0)
(3 -7.54538e-16 0)
(3 2.17647e-15 0)
(3 9.24745e-16 0)
(3 2.8353e-15 0)
(3 4.94031e-15 0)
(3 -4.3689e-15 0)
(3 -1.3123e-15 0)
(3 1.37479e-15 0)
(3 -2.81514e-16 0)
(3 -1.16155e-16 0)
(3 -8.85247e-16 0)
(3 4.77328e-16 0)
(3 6.75838e-16 0)
(3 -7.82906e-16 0)
(3 -2.34564e-15 0)
(3 -1.73413e-15 0)
(3 1.64267e-15 0)
(3 3.00203e-16 0)
(3 2.49948e-15 0)
(3 5.53953e-15 0)
(3 -3.29846e-15 0)
(3 -1.36081e-15 0)
(3 9.54388e-16 0)
(3 -2.92276e-16 0)
(3 9.2374e-17 0)
(3 -1.65376e-15 0)
(3 8.93346e-16 0)
(3 1.18214e-15 0)
(3 -1.25099e-16 0)
(3 -2.49556e-15 0)
(3 -2.04996e-15 0)
(3 2.26948e-16 0)
(3 4.39805e-16 0)
(3 1.90268e-15 0)
(3 5.53601e-15 0)
(3 -1.73207e-15 0)
(3 -1.59676e-15 0)
(3 -2.64766e-17 0)
(3 -1.57867e-16 0)
(3 2.63127e-16 0)
(3 -1.90252e-15 0)
(3 6.30459e-16 0)
(3 1.3067e-15 0)
(3 9.06907e-16 0)
(3 -2.26604e-15 0)
(3 -2.30741e-15 0)
(3 -6.41205e-17 0)
(3 6.68902e-16 0)
(3 1.41885e-15 0)
(3 4.74219e-15 0)
(3 -1.326e-15 0)
(3 -1.61175e-15 0)
(3 -7.71152e-16 0)
(3 1.32193e-16 0)
(3 3.89461e-16 0)
(3 -1.54707e-15 0)
(3 1.53528e-16 0)
(3 5.50926e-16 0)
(3 1.8941e-15 0)
(3 -1.54002e-15 0)
(3 -2.93766e-15 0)
(3 -3.27862e-16 0)
(3 4.50059e-16 0)
(3 1.01887e-15 0)
(3 3.90746e-15 0)
(3 -4.52292e-16 0)
(3 -1.60228e-15 0)
(3 -8.17652e-16 0)
(3 4.51653e-16 0)
(3 4.61632e-16 0)
(3 -7.86884e-16 0)
(3 -7.80615e-16 0)
(3 -1.1462e-15 0)
(3 3.27429e-15 0)
(3 -6.01175e-16 0)
(3 -3.52617e-15 0)
(3 -4.52134e-16 0)
(3 -1.33546e-16 0)
(3 4.99044e-16 0)
(3 3.30541e-15 0)
(3 1.15775e-16 0)
(3 -1.65637e-15 0)
(3 -1.04569e-15 0)
(3 7.76205e-16 0)
(3 5.66867e-16 0)
(3 -5.70591e-16 0)
(3 -1.30593e-15 0)
(3 -1.12121e-15 0)
(3 2.30166e-15 0)
(3 -1.0911e-15 0)
(3 -2.52509e-15 0)
(3 -3.38479e-16 0)
(3 -4.005e-16 0)
(3 6.81668e-16 0)
(3 1.53173e-15 0)
(3 -2.69292e-16 0)
(3 -1.11121e-15 0)
(3 -1.103e-15 0)
(3 1.30039e-15 0)
(3 9.42776e-16 0)
(3 -5.2442e-16 0)
(3 -9.20955e-16 0)
(3 -4.56845e-16 0)
(3 1.67725e-15 0)
(3 -4.0936e-16 0)
(3 -3.84133e-16 0)
(3 -4.44743e-16 0)
(3 -3.22257e-16 0)
(3 -7.16823e-16 0)
(3 1.01477e-15 0)
(3 -6.82502e-16 0)
(3 -1.3729e-15 0)
(3 5.51932e-16 0)
(3 1.67981e-15 0)
(3 1.11579e-15 0)
(3 -3.3603e-16 0)
(3 -8.5906e-16 0)
(3 -4.70471e-16 0)
(3 -4.55442e-17 0)
(3 -1.51049e-15 0)
(3 8.05745e-17 0)
(3 1.65926e-16 0)
(3 -1.00348e-15 0)
(3 -9.40336e-16 0)
(3 -1.41632e-15 0)
(3 -8.81466e-16 0)
(3 -5.64439e-17 0)
(3 3.17532e-15 0)
(3 1.85291e-15 0)
(3 3.13322e-16 0)
(3 -7.76809e-16 0)
(3 -4.04806e-16 0)
(3 -1.17824e-16 0)
(3 -1.92196e-15 0)
(3 -2.41697e-15 0)
(3 3.73811e-16 0)
(3 -3.586e-17 0)
(3 1.73548e-16 0)
(3 1.25845e-15 0)
(3 -1.67968e-15 0)
(3 2.27972e-16 0)
(3 -1.36596e-16 0)
(3 7.4908e-16 0)
(3 1.64205e-15 0)
(3 6.03745e-16 0)
(3 -5.7726e-16 0)
(3 -2.08717e-16 0)
(3 -2.7926e-17 0)
(3 -2.75294e-15 0)
(3 -1.88736e-15 0)
(3 4.98775e-16 0)
(3 5.07298e-16 0)
(3 2.04573e-15 0)
(3 9.31672e-16 0)
(3 -1.8141e-15 0)
(3 5.37544e-16 0)
(3 7.52663e-16 0)
(3 -3.01999e-16 0)
(3 -8.95017e-17 0)
(3 2.95863e-15 0)
(3 5.46183e-16 0)
(3 -2.20485e-16 0)
(3 -2.9894e-17 0)
(3 -8.504e-16 0)
(3 -1.04225e-15 0)
(3 1.10178e-15 0)
(3 8.77292e-16 0)
(3 8.60037e-16 0)
(3 2.09901e-17 0)
(3 -2.03798e-15 0)
(3 6.46582e-16 0)
(3 6.56987e-16 0)
(3 -4.86475e-17 0)
(3 9.14948e-17 0)
(3 2.19851e-15 0)
(3 -1.20767e-16 0)
(3 -3.7933e-16 0)
(3 -1.88547e-16 0)
(3 2.1808e-15 0)
(3 1.92375e-16 0)
(3 -1.68941e-15 0)
(3 -5.39636e-16 0)
(3 2.61078e-15 0)
(3 -3.67036e-16 0)
(3 -1.95534e-15 0)
(3 2.71899e-16 0)
(3 5.70319e-16 0)
(3 6.16245e-16 0)
(3 -1.47097e-17 0)
(3 -3.08198e-15 0)
(3 -1.21975e-15 0)
(3 -2.7243e-16 0)
(3 -1.29791e-17 0)
(3 1.58882e-15 0)
(3 2.57148e-15 0)
(3 -2.81028e-15 0)
(3 -4.0331e-16 0)
(3 1.74728e-15 0)
(3 -4.96763e-16 0)
(3 1.35705e-15 0)
(3 5.95711e-16 0)
(3 1.1128e-15 0)
(3 1.54132e-15 0)
(3 -3.51222e-16 0)
(3 -3.4083e-15 0)
(3 -1.06878e-15 0)
(3 7.13029e-16 0)
(3 -5.81944e-16 0)
(3 -1.51046e-15 0)
(3 2.60017e-17 0)
(3 1.12711e-15 0)
(3 4.09332e-16 0)
(3 7.56791e-16 0)
(3 1.02238e-16 0)
(3 1.08115e-15 0)
(3 8.63757e-16 0)
(3 -1.18499e-15 0)
(3 5.27936e-17 0)
(3 -8.75445e-16 0)
(3 1.55579e-15 0)
(3 -1.78483e-16 0)
(3 -8.76881e-16 0)
(3 -3.16562e-16 0)
(3 3.60034e-15 0)
(3 3.67131e-15 0)
(3 3.33779e-15 0)
(3 4.99779e-15 0)
(3 2.02642e-15 0)
(3 1.51478e-15 0)
(3 1.78872e-15 0)
(3 2.45045e-16 0)
(3 -3.05865e-15 0)
(3 -3.14545e-15 0)
(3 1.85015e-15 0)
(3 2.95339e-15 0)
(3 3.92513e-15 0)
(3 5.99792e-15 0)
(3 1.72502e-15 0)
(3 3.39008e-16 0)
(3 2.49829e-16 0)
(3 -2.79245e-15 0)
(3 -6.14202e-15 0)
(3 -4.26139e-15 0)
(3 2.02449e-16 0)
(3 5.26221e-16 0)
(3 3.42378e-15 0)
(3 3.99263e-15 0)
(3 -1.06329e-15 0)
(3 -5.69359e-16 0)
(3 -2.30465e-15 0)
(3 -1.10952e-15 0)
(3 -1.64762e-15 0)
(3 -1.82851e-15 0)
(3 -4.40896e-16 0)
(3 -8.41643e-16 0)
(3 9.1969e-16 0)
(3 2.10277e-15 0)
(3 2.80048e-15 0)
(3 3.88585e-15 0)
(3 5.05493e-16 0)
(3 2.07819e-15 0)
(3 2.70083e-15 0)
(3 -1.74265e-15 0)
(3 -8.87521e-17 0)
(3 -1.18679e-15 0)
(3 -1.5149e-15 0)
(3 -2.19749e-16 0)
(3 2.73999e-15 0)
(3 2.07524e-15 0)
(3 1.19119e-15 0)
(3 2.43006e-16 0)
(3 1.69692e-15 0)
(3 1.05558e-15 0)
(3 -1.29686e-15 0)
(3 -2.26588e-15 0)
(3 -3.26738e-15 0)
(3 -2.45469e-15 0)
(3 -7.81119e-16 0)
(3 -1.53748e-15 0)
(3 -1.54382e-15 0)
(3 -2.82446e-15 0)
(3 -1.7756e-15 0)
(3 3.86296e-15 0)
(3 -2.94777e-16 0)
(3 3.03783e-16 0)
(3 -1.19353e-15 0)
(3 -3.489e-16 0)
(3 -1.38688e-15 0)
(3 1.92782e-16 0)
(3 -1.18191e-15 0)
(3 -3.16693e-15 0)
(3 -4.18314e-15 0)
(3 -4.4965e-16 0)
(3 1.22786e-15 0)
(3 1.2428e-15 0)
(3 -4.3216e-16 0)
(3 -9.86321e-16 0)
(3 -1.00668e-15 0)
(3 3.73224e-17 0)
(3 -5.90857e-17 0)
(3 -3.8376e-17 0)
(3 8.36759e-16 0)
(3 4.54827e-16 0)
(3 -2.12431e-16 0)
(3 -3.64889e-16 0)
(3 -1.05548e-15 0)
(3 -8.23689e-16 0)
(3 -8.11901e-16 0)
(3 -1.7689e-15 0)
(3 2.56476e-15 0)
(3 2.31332e-15 0)
(3 4.26223e-15 0)
(3 4.77546e-15 0)
(3 6.80214e-16 0)
(3 3.8175e-16 0)
(3 5.8525e-16 0)
(3 1.39823e-16 0)
(3 9.53202e-16 0)
(3 -4.59927e-16 0)
(3 1.03998e-15 0)
(3 2.88437e-15 0)
(3 4.4433e-15 0)
(3 9.23102e-15 0)
(3 -4.49311e-16 0)
(3 -2.16797e-16 0)
(3 3.18446e-18 0)
(3 -4.94309e-16 0)
(3 4.74385e-16 0)
(3 8.24967e-16 0)
(3 -2.10234e-15 0)
(3 -8.20769e-16 0)
(3 -1.26002e-15 0)
(3 -8.63968e-16 0)
(3 -8.45167e-16 0)
(3 -6.43969e-16 0)
(3 -4.61818e-16 0)
(3 -1.06812e-16 0)
(3 -5.25813e-16 0)
(3 1.93164e-16 0)
(3 -2.25858e-15 0)
(3 -2.19381e-15 0)
(3 -5.30799e-15 0)
(3 -6.2556e-15 0)
(3 -5.77099e-16 0)
(3 -1.16812e-15 0)
(3 -9.60958e-16 0)
(3 -6.79892e-16 0)
(3 -1.71019e-15 0)
(3 8.72034e-16 0)
(3 -1.30983e-17 0)
(3 -9.38725e-16 0)
(3 -1.4203e-15 0)
(3 -4.78562e-15 0)
(3 -8.89158e-16 0)
(3 -1.66917e-15 0)
(3 -5.50629e-16 0)
(3 1.06253e-15 0)
(3 2.07076e-15 0)
(3 1.14261e-16 0)
(3 3.36718e-15 0)
(3 2.4956e-15 0)
(3 3.81046e-15 0)
(3 -8.69298e-16 0)
(3 2.88003e-16 0)
(3 -2.87968e-16 0)
(3 2.97665e-16 0)
(3 5.78604e-16 0)
(3 1.31344e-15 0)
(3 1.23144e-15 0)
(3 2.08065e-15 0)
(3 4.15687e-15 0)
(3 1.61852e-15 0)
(3 2.88031e-15 0)
(3 -1.35905e-15 0)
(3 3.8229e-17 0)
(3 1.43048e-15 0)
(3 1.49611e-16 0)
(3 -1.6849e-15 0)
(3 -9.17795e-16 0)
(3 -8.97549e-17 0)
(3 -7.77498e-17 0)
(3 1.30196e-15 0)
(3 3.40692e-15 0)
(3 4.26311e-16 0)
(3 1.31253e-15 0)
(3 1.35589e-15 0)
(3 -3.76419e-17 0)
(3 -2.72017e-16 0)
(3 -2.56496e-15 0)
(3 6.36522e-17 0)
(3 -2.2418e-15 0)
(3 -1.42965e-15 0)
(3 1.93899e-15 0)
(3 1.52478e-16 0)
(3 5.46252e-16 0)
(3 -5.16659e-16 0)
(3 -1.84416e-15 0)
(3 -1.06619e-15 0)
(3 -2.23791e-15 0)
(3 1.13689e-15 0)
(3 9.59788e-16 0)
(3 -5.26468e-16 0)
(3 1.74772e-15 0)
(3 -1.24416e-15 0)
(3 -1.13553e-15 0)
(3 -3.08781e-15 0)
(3 -2.41721e-15 0)
(3 -2.62862e-15 0)
(3 -1.97781e-16 0)
(3 -4.65306e-16 0)
(3 3.02792e-15 0)
(3 4.90441e-15 0)
(3 2.41104e-15 0)
(3 -3.32495e-15 0)
(3 -2.72643e-15 0)
(3 -4.16962e-15 0)
(3 -1.83008e-15 0)
(3 -2.12597e-15 0)
(3 -7.43406e-16 0)
(3 -1.48752e-15 0)
(3 1.53242e-15 0)
(3 3.82985e-15 0)
(3 7.92905e-16 0)
(3 -2.52896e-15 0)
(3 -1.21156e-15 0)
(3 -1.65168e-15 0)
(3 -5.27291e-16 0)
(3 -3.64623e-16 0)
(3 8.59845e-16 0)
(3 -1.57956e-15 0)
(3 -2.69519e-15 0)
(3 -2.11937e-15 0)
(3 1.46317e-17 0)
(3 -1.65329e-15 0)
(3 2.77992e-18 0)
(3 -6.88793e-16 0)
(3 3.23765e-16 0)
(3 1.4177e-15 0)
(3 1.64958e-15 0)
(3 -1.42688e-15 0)
(3 -4.44983e-15 0)
(3 -5.79526e-15 0)
(3 -9.86407e-16 0)
(3 1.80846e-15 0)
(3 1.06034e-15 0)
(3 9.12076e-16 0)
(3 4.22892e-16 0)
(3 1.52267e-16 0)
(3 -1.68495e-15 0)
(3 -1.49173e-15 0)
(3 -8.56343e-16 0)
(3 4.43328e-17 0)
(3 -1.07579e-15 0)
(3 1.56042e-15 0)
(3 1.33018e-15 0)
(3 1.68963e-15 0)
(3 1.03033e-15 0)
(3 9.47639e-16 0)
(3 3.45852e-16 0)
(3 -1.14918e-15 0)
(3 -1.89927e-16 0)
(3 1.26112e-15 0)
(3 -8.92021e-16 0)
(3 1.1584e-15 0)
(3 1.3263e-15 0)
(3 1.21701e-15 0)
(3 1.16773e-15 0)
(3 5.67451e-16 0)
(3 -6.92837e-16 0)
(3 6.84348e-16 0)
(3 7.67778e-16 0)
(3 5.6128e-16 0)
(3 -1.07596e-15 0)
(3 -2.1606e-16 0)
(3 1.36905e-16 0)
(3 2.64425e-17 0)
(3 6.92741e-16 0)
(3 -2.52203e-16 0)
(3 -4.26935e-16 0)
(3 1.20134e-15 0)
(3 1.56303e-15 0)
(3 1.01758e-15 0)
(3 3.18485e-16 0)
(3 -2.95231e-15 0)
(3 -3.22279e-15 0)
(3 -1.38135e-15 0)
(3 4.68753e-17 0)
(3 5.06643e-16 0)
(3 1.95222e-15 0)
(3 2.46954e-15 0)
(3 2.04604e-15 0)
(3 1.09927e-15 0)
(3 1.21803e-15 0)
(3 -8.5278e-16 0)
(3 -1.39079e-15 0)
(3 -1.44525e-15 0)
(3 -1.56151e-15 0)
(3 -1.32451e-15 0)
(3 -9.86182e-16 0)
(3 -9.79956e-16 0)
(3 1.10536e-15 0)
(3 6.77747e-16 0)
(3 -7.07627e-17 0)
(3 8.43672e-16 0)
(3 1.61569e-15 0)
(3 1.02954e-15 0)
(3 -6.02079e-16 0)
(3 -1.0784e-15 0)
(3 -1.15417e-15 0)
(3 -1.58259e-15 0)
(3 -7.90127e-16 0)
(3 -3.03716e-17 0)
(3 -1.86287e-15 0)
(3 2.28324e-16 0)
(3 1.58075e-16 0)
(3 9.76389e-17 0)
(3 7.7778e-16 0)
(3 1.19801e-15 0)
(3 2.74042e-15 0)
(3 1.79694e-15 0)
(3 6.1975e-16 0)
(3 -9.90726e-16 0)
(3 -2.06412e-17 0)
(3 -1.85633e-15 0)
(3 -9.90632e-16 0)
(3 -8.85228e-16 0)
(3 9.66011e-16 0)
(3 3.87623e-16 0)
(3 1.89988e-15 0)
(3 1.00571e-15 0)
(3 -2.90728e-16 0)
(3 -1.26969e-15 0)
(3 6.17024e-16 0)
(3 7.56716e-16 0)
(3 3.19102e-16 0)
(3 3.69626e-16 0)
(3 -1.81928e-16 0)
(3 -3.26225e-16 0)
(3 -4.81478e-16 0)
(3 -3.70712e-16 0)
(3 2.01122e-16 0)
(3 8.82312e-16 0)
(3 4.28713e-16 0)
(3 4.53952e-16 0)
(3 6.78904e-16 0)
(3 1.56073e-15 0)
(3 9.26229e-16 0)
(3 7.4292e-16 0)
(3 -1.13311e-15 0)
(3 -5.4927e-16 0)
(3 7.53941e-16 0)
(3 1.41679e-15 0)
(3 1.48904e-15 0)
(3 -6.78517e-16 0)
(3 -4.79104e-16 0)
(3 -2.26684e-16 0)
(3 3.33162e-17 0)
(3 5.77724e-17 0)
(3 -4.92481e-16 0)
(3 -8.61476e-16 0)
(3 -3.42537e-17 0)
(3 9.79006e-16 0)
(3 3.7806e-16 0)
(3 -2.57958e-16 0)
(3 -3.9753e-16 0)
(3 -3.80308e-16 0)
(3 -2.83971e-16 0)
(3 -1.9153e-16 0)
(3 -7.42618e-17 0)
(3 9.19184e-17 0)
(3 -9.49873e-17 0)
(3 3.22767e-16 0)
(3 -5.26446e-16 0)
(3 -1.74119e-15 0)
(3 -6.66725e-16 0)
(3 2.09874e-15 0)
(3 1.42073e-15 0)
(3 9.23022e-16 0)
(3 -4.55527e-16 0)
(3 -2.79894e-15 0)
(3 -1.21279e-15 0)
(3 1.17205e-15 0)
(3 -3.6753e-16 0)
(3 3.75571e-17 0)
(3 1.75311e-15 0)
(3 -5.21186e-17 0)
(3 -1.05951e-15 0)
(3 -1.63595e-16 0)
(3 -6.16743e-16 0)
(3 7.34236e-16 0)
(3 2.2286e-15 0)
(3 1.10426e-15 0)
(3 -2.37071e-16 0)
(3 -5.61998e-17 0)
(3 -2.37633e-15 0)
(3 -1.58252e-15 0)
(3 1.18836e-15 0)
(3 -3.63837e-16 0)
(3 6.93191e-16 0)
(3 1.98153e-15 0)
(3 -2.19027e-16 0)
(3 -1.28864e-15 0)
(3 -1.54573e-16 0)
(3 5.48294e-16 0)
(3 1.3084e-15 0)
(3 2.20598e-15 0)
(3 1.35748e-15 0)
(3 -9.651e-16 0)
(3 -7.37662e-17 0)
(3 -1.58741e-15 0)
(3 -1.51574e-15 0)
(3 1.9901e-16 0)
(3 -1.01313e-15 0)
(3 1.59669e-15 0)
(3 2.37521e-15 0)
(3 -1.62265e-15 0)
(3 -1.37108e-15 0)
(3 -1.30179e-16 0)
(3 9.92137e-16 0)
(3 1.11106e-15 0)
(3 2.27591e-15 0)
(3 1.38783e-15 0)
(3 -1.24832e-15 0)
(3 1.42837e-16 0)
(3 -1.2252e-15 0)
(3 -1.81916e-15 0)
(3 7.86544e-17 0)
(3 -1.16381e-15 0)
(3 2.62945e-15 0)
(3 2.37867e-15 0)
(3 -2.56289e-15 0)
(3 -1.07908e-15 0)
(3 8.79525e-17 0)
(3 1.74477e-15 0)
(3 1.12083e-15 0)
(3 2.76262e-15 0)
(3 8.26955e-16 0)
(3 -1.64534e-15 0)
(3 5.19595e-16 0)
(3 -1.02067e-15 0)
(3 -2.14844e-15 0)
(3 2.02924e-17 0)
(3 -1.27676e-15 0)
(3 3.51297e-15 0)
(3 1.82914e-15 0)
(3 -3.10181e-15 0)
(3 -9.43249e-16 0)
(3 2.30079e-16 0)
(3 1.17185e-15 0)
(3 1.45755e-15 0)
(3 1.96459e-15 0)
(3 8.92276e-16 0)
(3 -2.094e-15 0)
(3 3.56421e-16 0)
(3 1.4547e-17 0)
(3 -2.25627e-15 0)
(3 -5.32145e-16 0)
(3 -1.62246e-15 0)
(3 4.39519e-15 0)
(3 1.60212e-15 0)
(3 -3.38362e-15 0)
(3 -1.0103e-15 0)
(3 3.91398e-16 0)
(3 4.13152e-16 0)
(3 2.96674e-15 0)
(3 1.64825e-15 0)
(3 1.07597e-15 0)
(3 -2.37789e-15 0)
(3 -3.0753e-17 0)
(3 7.41481e-16 0)
(3 -2.53188e-15 0)
(3 -5.38112e-16 0)
(3 -1.73224e-15 0)
(3 3.97209e-15 0)
(3 1.72654e-15 0)
(3 -3.22778e-15 0)
(3 -1.20616e-15 0)
(3 3.48043e-16 0)
(3 2.95801e-16 0)
(3 3.56718e-15 0)
(3 2.14955e-15 0)
(3 9.97362e-16 0)
(3 -1.73807e-15 0)
(3 -2.96213e-16 0)
(3 6.69334e-16 0)
(3 -2.48826e-15 0)
(3 -7.60595e-16 0)
(3 -1.88448e-15 0)
(3 3.92581e-15 0)
(3 1.75852e-15 0)
(3 -3.138e-15 0)
(3 -1.42212e-15 0)
(3 2.28819e-16 0)
(3 4.94626e-16 0)
(3 3.88203e-15 0)
(3 3.51909e-15 0)
(3 1.45856e-15 0)
(3 -7.93017e-16 0)
(3 -5.49336e-16 0)
(3 5.37756e-16 0)
(3 -2.53247e-15 0)
(3 -9.20562e-16 0)
(3 -1.9311e-15 0)
(3 3.81467e-15 0)
(3 1.82424e-15 0)
(3 -3.12293e-15 0)
(3 -1.67098e-15 0)
(3 1.3009e-16 0)
(3 1.80854e-15 0)
(3 4.68141e-15 0)
(3 4.02971e-15 0)
(3 1.59544e-15 0)
(3 -8.85756e-16 0)
(3 -3.27355e-15 0)
(3 1.64012e-16 0)
(3 -2.6523e-15 0)
(3 -1.12612e-15 0)
(3 -1.69144e-15 0)
(3 3.57593e-15 0)
(3 2.04028e-15 0)
(3 -3.19355e-15 0)
(3 -1.93309e-15 0)
(3 2.92769e-16 0)
(3 -1.21396e-06 0)
(3 -1.35217e-08 0)
(3 7.48397e-11 0)
(3 1.22358e-11 0)
(3 3.69726e-13 0)
(3 2.21159e-16 0)
(3 6.81942e-16 0)
(3 -2.4745e-15 0)
(3 -1.18682e-15 0)
(3 -1.18936e-15 0)
(3 2.96813e-15 0)
(3 2.31533e-15 0)
(3 -3.23268e-15 0)
(3 -2.10707e-15 0)
(3 8.84385e-17 0)
(3.00001 2.18076e-05 0)
(3 -1.16285e-07 0)
(3 -2.24311e-08 0)
(3 -1.03195e-09 0)
(3 -1.124e-11 0)
(3 -1.25684e-13 0)
(3 -1.86442e-16 0)
(3 -3.53416e-15 0)
(3 -1.37094e-15 0)
(3 -7.80524e-16 0)
(3 2.84532e-15 0)
(3 2.49468e-15 0)
(3 -3.09714e-15 0)
(3 -2.46403e-15 0)
(3 5.09909e-16 0)
(3.00071 0.00150506 0)
(3.00003 0.000102042 0)
(3 3.11357e-06 0)
(3 -5.90724e-09 0)
(3 -5.22793e-11 0)
(3 -8.54117e-13 0)
(3 1.10916e-13 0)
(3 1.4638e-15 0)
(3 -4.55843e-16 0)
(3 -3.34055e-16 0)
(3 1.97093e-15 0)
(3 2.55019e-15 0)
(3 -2.99765e-15 0)
(3 -2.79355e-15 0)
(3 1.79402e-15 0)
(2.99403 -0.0496997 0)
(2.99994 -0.00126582 0)
(3 2.98627e-06 0)
(3 7.89856e-07 0)
(3 3.52122e-08 0)
(3 1.53696e-10 0)
(3 -6.33505e-11 0)
(3 -7.23777e-12 0)
(3 -5.47707e-14 0)
(3 -1.97956e-16 0)
(3 1.36897e-15 0)
(3 2.33025e-15 0)
(3 -2.1922e-15 0)
(3 -3.40577e-15 0)
(3 3.15058e-16 0)
(2.57632 -0.572762 0)
(2.99583 -0.0319973 0)
(3.00024 -0.000439419 0)
(3 -1.75493e-06 0)
(3 -1.31927e-07 0)
(3 -1.3102e-08 0)
(3 4.45911e-10 0)
(3 1.40438e-10 0)
(3 2.4943e-12 0)
(3 2.95996e-15 0)
(3 7.94276e-16 0)
(3 1.70329e-15 0)
(3 -2.07116e-15 0)
(3 -3.59705e-15 0)
(3 -1.81029e-15 0)
(2.18658 -0.90138 0)
(2.6633 -0.469444 0)
(2.98678 -0.0304861 0)
(3.00006 -0.000244202 0)
(3 -1.95845e-06 0)
(3 -1.72898e-07 0)
(3 -1.36932e-08 0)
(3 -3.06629e-10 0)
(3 -1.29568e-12 0)
(3 2.1549e-14 0)
(3 3.70415e-15 0)
(3 1.05626e-15 0)
(3 -1.57621e-15 0)
(3 -3.35968e-15 0)
(3 -2.18025e-15 0)
(2.18772 -0.885155 0)
(2.44121 -0.730907 0)
(2.85013 -0.275658 0)
(2.99541 -0.0149339 0)
(3.00002 -3.61159e-05 0)
(3 1.22427e-06 0)
(3 -4.07227e-09 0)
(3 -1.08904e-10 0)
(3 5.40881e-11 0)
(3 4.23801e-12 0)
(3 3.11115e-14 0)
(3 4.22147e-16 0)
(3 -1.359e-15 0)
(3 -3.08731e-15 0)
(3 -2.9616e-15 0)
(2.22488 -0.806993 0)
(2.27252 -0.8025 0)
(2.62616 -0.539616 0)
(2.95227 -0.117699 0)
(2.99891 -0.00558931 0)
(2.99999 -8.66779e-05 0)
(3 -8.81185e-07 0)
(3 -9.84189e-09 0)
(3 1.55634e-11 0)
(3 5.66743e-12 0)
(3 1.66626e-13 0)
(3 -8.32107e-16 0)
(3 -1.28159e-15 0)
(3 -1.82263e-15 0)
(3 -3.01119e-15 0)
(2.29393 -0.666884 0)
(2.28072 -0.790043 0)
(2.40144 -0.730168 0)
(2.79602 -0.348094 0)
(2.9955 -0.0266823 0)
(3.00016 -0.000259363 0)
(3 1.72954e-06 0)
(3 6.42548e-08 0)
(3 1.03655e-08 0)
(3 3.58774e-10 0)
(3 4.09756e-12 0)
(3 2.75328e-14 0)
(3 -1.82503e-16 0)
(3 -1.13618e-15 0)
(3 -1.87275e-15 0)
(2.43371 -0.405676 0)
(2.28819 -0.716352 0)
(2.39324 -0.731788 0)
(2.58078 -0.579991 0)
(2.86755 -0.235924 0)
(2.98907 -0.0284941 0)
(2.99968 -0.00125686 0)
(2.99999 -2.69105e-05 0)
(3 -3.46618e-07 0)
(3 -2.96566e-09 0)
(3 -1.74336e-11 0)
(3 -6.55331e-14 0)
(3 -6.73607e-16 0)
(3 5.60715e-16 0)
(3 2.5951e-15 0)
(2.52993 -0.225925 0)
(2.36732 -0.599495 0)
(2.42686 -0.716281 0)
(2.52872 -0.673305 0)
(2.82545 -0.350825 0)
(2.97989 -0.0611553 0)
(2.99935 -0.00242316 0)
(2.99999 -4.51506e-05 0)
(3 -5.7891e-07 0)
(3 -5.45785e-09 0)
(3 -3.70611e-11 0)
(3 -1.72931e-13 0)
(3 -1.7736e-15 0)
(3 1.89897e-15 0)
(3 3.43664e-15 0)
(2.5501 -0.147168 0)
(2.48141 -0.401809 0)
(2.47581 -0.640021 0)
(2.56127 -0.663092 0)
(2.68014 -0.557708 0)
(2.91579 -0.200543 0)
(2.99527 -0.0153261 0)
(2.99992 -0.000255728 0)
(3 -2.25695e-06 0)
(3 -1.73869e-08 0)
(3 -1.19946e-10 0)
(3 -6.92716e-13 0)
(3 -5.72631e-15 0)
(3 2.81352e-15 0)
(3 3.01352e-15 0)
(2.67519 0.219922 0)
(2.59968 -0.142616 0)
(2.55298 -0.515327 0)
(2.61122 -0.627035 0)
(2.71465 -0.572045 0)
(2.86118 -0.354272 0)
(2.98005 -0.0619606 0)
(2.99944 -0.00184606 0)
(2.99999 -1.59722e-05 0)
(3 -9.44551e-08 0)
(3 -5.16943e-10 0)
(3 -2.72293e-12 0)
(3 -1.46363e-14 0)
(3 3.5452e-16 0)
(3 9.45996e-16 0)
(2.75574 0.334421 0)
(2.69105 -0.049556 0)
(2.67468 -0.302224 0)
(2.6703 -0.563872 0)
(2.75646 -0.548845 0)
(2.86363 -0.433927 0)
(2.96115 -0.152633 0)
(2.99754 -0.00903715 0)
(2.99997 -0.000106951 0)
(3 -6.05118e-07 0)
(3 -2.83435e-09 0)
(3 -1.24559e-11 0)
(3 -5.25288e-14 0)
(3 -7.32389e-16 0)
(3 5.30194e-17 0)
(2.85222 0.256878 0)
(2.77093 -0.0092354 0)
(2.7617 -0.203566 0)
(2.75607 -0.468091 0)
(2.82386 -0.5034 0)
(2.88873 -0.425078 0)
(2.95467 -0.229661 0)
(2.9944 -0.0272617 0)
(2.99988 -0.000509891 0)
(3 -3.14003e-06 0)
(3 -1.38912e-08 0)
(3 -5.49788e-11 0)
(3 -2.0565e-13 0)
(3 -5.60775e-16 0)
(3 -1.09241e-15 0)
(2.90027 0.288701 0)
(2.89022 0.260412 0)
(2.84134 -0.0794993 0)
(2.85561 -0.358246 0)
(2.90275 -0.444094 0)
(2.94151 -0.387887 0)
(2.9838 -0.243781 0)
(2.99599 -0.0470796 0)
(2.99981 -0.00136998 0)
(3 -9.97833e-06 0)
(3 -4.49042e-08 0)
(3 -1.72775e-10 0)
(3 -5.81287e-13 0)
(3 5.21576e-15 0)
(3 1.95705e-15 0)
(2.91039 0.347245 0)
(2.92391 0.377071 0)
(2.97978 0.0971987 0)
(2.96062 -0.200364 0)
(2.98999 -0.354906 0)
(3.00154 -0.329413 0)
(2.99919 -0.226301 0)
(2.99875 -0.0516605 0)
(2.99991 -0.00190579 0)
(3 -1.5842e-05 0)
(3 -7.36568e-08 0)
(3 -2.8127e-10 0)
(3 -7.29515e-13 0)
(3 4.23219e-14 0)
(3 6.9512e-15 0)
(2.9399 0.407928 0)
(2.97952 0.454424 0)
(3.0161 0.125102 0)
(3.07226 -0.0798928 0)
(3.06695 -0.256595 0)
(3.05136 -0.255327 0)
(3.02131 -0.18508 0)
(3.00115 -0.0455038 0)
(2.99997 -0.0018067 0)
(3 -1.55127e-05 0)
(3 -7.26669e-08 0)
(3 -2.76913e-10 0)
(3 -2.75436e-13 0)
(3 1.84635e-13 0)
(3 1.89171e-14 0)
(2.97089 0.45567 0)
(3.03001 0.505306 0)
(3.06563 0.148661 0)
(3.1122 -0.0314846 0)
(3.10383 -0.176325 0)
(3.07725 -0.180229 0)
(3.03373 -0.125823 0)
(3.00431 -0.0288328 0)
(3.00011 -0.00116746 0)
(3 -1.06448e-05 0)
(3 -5.20643e-08 0)
(3 -1.97932e-10 0)
(3 1.24828e-12 0)
(3 5.05466e-13 0)
(3 1.7854e-14 0)
(2.9582 0.422694 0)
(3.04269 0.470111 0)
(3.08162 0.151122 0)
(3.10718 -0.0182063 0)
(3.10263 -0.114712 0)
(3.07238 -0.113431 0)
(3.02746 -0.0636954 0)
(3.00365 -0.0107749 0)
(3.00011 -0.000372943 0)
(3 -3.51818e-06 0)
(3 -1.86948e-08 0)
(3 -6.15846e-11 0)
(3 3.92276e-12 0)
(3 6.78854e-13 0)
(3 1.15333e-14 0)
(2.92801 0.34563 0)
(3.01477 0.346895 0)
(3.05844 0.1139 0)
(3.08015 -0.0195477 0)
(3.0731 -0.0633584 0)
(3.04265 -0.0546413 0)
(3.01142 -0.0196455 0)
(3.00103 -0.00187992 0)
(3.00003 -4.49213e-05 0)
(3 -4.11618e-07 0)
(3 -2.28881e-09 0)
(3 2.00009e-11 0)
(3 6.55529e-12 0)
(3 3.4033e-13 0)
(3 3.59446e-15 0)
(2.91622 0.244813 0)
(2.98648 0.209988 0)
(3.02476 0.0673627 0)
(3.04615 -0.012051 0)
(3.03201 -0.0243322 0)
(3.01253 -0.0145291 0)
(3.00186 -0.00267151 0)
(3.00008 -0.000117321 0)
(3 -1.67122e-06 0)
(3 -1.315e-08 0)
(3 9.87372e-11 0)
(3 4.26694e-11 0)
(3 3.7127e-12 0)
(3 5.52128e-14 0)
(3 1.27746e-15 0)
(2.92744 0.143295 0)
(2.97669 0.103486 0)
(3.00335 0.028358 0)
(3.01126 -0.00223797 0)
(3.00613 -0.00433243 0)
(3.00138 -0.00146067 0)
(3.00009 -0.000118855 0)
(3 -2.28761e-06 0)
(3 -1.85474e-08 0)
(3 4.33529e-10 0)
(3 1.88643e-10 0)
(3 2.44153e-11 0)
(3 6.66032e-13 0)
(3 6.2159e-15 0)
(3 8.45822e-16 0)
(2.95632 0.0634838 0)
(2.98419 0.037245 0)
(2.99882 0.00906088 0)
(3.00081 0.000253007 0)
(3.00035 -0.000176914 0)
(3.00005 -4.89089e-05 0)
(3 -1.75161e-06 0)
(3 -1.51517e-08 0)
(3 8.16417e-10 0)
(3 4.70523e-10 0)
(3 1.02218e-10 0)
(3 4.73987e-12 0)
(3 3.80142e-14 0)
(3 2.32894e-15 0)
(3 1.1536e-15 0)
(2.98528 0.0170457 0)
(2.99517 0.00737194 0)
(2.99933 0.00181034 0)
(3 0.0001378 0)
(3 1.24818e-05 0)
(3 8.00899e-07 0)
(3 3.64411e-08 0)
(3 1.74674e-09 0)
(3 6.22583e-10 0)
(3 1.98176e-10 0)
(3 1.73669e-11 0)
(3 2.43799e-13 0)
(3 1.64386e-15 0)
(3 1.30488e-15 0)
(3 6.71692e-16 0)
(2.99802 0.00193132 0)
(2.9995 0.00054832 0)
(2.99988 0.000159641 0)
(2.99998 6.49298e-05 0)
(3 1.24815e-05 0)
(3 1.2269e-06 0)
(3 4.77218e-08 0)
(3 1.37094e-09 0)
(3 1.76009e-10 0)
(3 2.15683e-11 0)
(3 6.48971e-13 0)
(3 3.02077e-15 0)
(3 1.9833e-18 0)
(3 5.58659e-16 0)
(3 2.73139e-17 0)
(2.99992 6.43231e-05 0)
(2.99999 1.12538e-05 0)
(2.99999 4.93215e-06 0)
(2.99999 9.53053e-06 0)
(3 5.57244e-06 0)
(3 8.73398e-07 0)
(3 3.90755e-08 0)
(3 6.80016e-10 0)
(3 1.48021e-11 0)
(3 4.60734e-13 0)
(3 1.41051e-15 0)
(3 -7.53729e-16 0)
(3 -6.2267e-16 0)
(3 -8.74689e-17 0)
(3 -2.62381e-17 0)
(3 6.1162e-07 0)
(3 7.06783e-08 0)
(3 2.27759e-08 0)
(3 3.99967e-07 0)
(3 6.1821e-07 0)
(3 2.22817e-07 0)
(3 1.47882e-08 0)
(3 1.89086e-10 0)
(3 9.69648e-13 0)
(3 1.24755e-14 0)
(3 -1.75589e-15 0)
(3 -1.15143e-15 0)
(3 -9.42002e-16 0)
(3 9.84647e-16 0)
(3 3.30735e-16 0)
(3 2.71917e-09 0)
(3 2.35901e-10 0)
(3 -5.16167e-10 0)
(3 3.75914e-09 0)
(3 1.59837e-08 0)
(3 1.22472e-08 0)
(3 1.43201e-09 0)
(3 1.90653e-11 0)
(3 5.851e-14 0)
(3 -2.37842e-15 0)
(3 8.01759e-17 0)
(3 -6.88483e-16 0)
(3 -1.70996e-15 0)
(3 8.41186e-16 0)
(3 6.45308e-16 0)
(3 7.94076e-12 0)
(3 1.8198e-13 0)
(3 -5.23614e-12 0)
(3 6.80495e-12 0)
(3 9.45044e-11 0)
(3 1.1605e-10 0)
(3 2.244e-11 0)
(3 3.85281e-13 0)
(3 6.60662e-15 0)
(3 2.02302e-16 0)
(3 -1.83782e-15 0)
(3 -9.37704e-16 0)
(3 -1.41443e-15 0)
(3 6.27501e-16 0)
(3 2.99632e-16 0)
(2.67351 0.0808009 0)
(2.7401 0.276569 0)
(2.75352 0.321244 0)
(2.82119 0.341776 0)
(2.90581 0.421474 0)
(2.98236 0.498402 0)
(3.03898 0.555571 0)
(3.02428 0.548462 0)
(3.00358 0.587741 0)
(2.9849 0.612692 0)
(2.92844 0.489147 0)
(2.88432 0.325198 0)
(2.89729 0.193817 0)
(2.93586 0.092467 0)
(2.97641 0.0287169 0)
(2.99629 0.00413033 0)
(2.99983 0.00018715 0)
(3 2.34755e-06 0)
(3 1.23712e-08 0)
(3 4.05873e-11 0)
(2.7241 0.267439 0)
(2.75884 0.418446 0)
(2.79431 0.465034 0)
(2.85964 0.473874 0)
(2.91225 0.528901 0)
(2.9764 0.586475 0)
(3.01947 0.60811 0)
(3.03147 0.631021 0)
(3.0148 0.676548 0)
(2.96476 0.639015 0)
(2.89542 0.483057 0)
(2.85445 0.305558 0)
(2.87209 0.170973 0)
(2.9202 0.0810126 0)
(2.96963 0.02608 0)
(2.9948 0.00402373 0)
(2.99972 0.000200466 0)
(3 2.72237e-06 0)
(3 1.44571e-08 0)
(3 4.56338e-11 0)
(2.75702 0.492543 0)
(2.76513 0.605929 0)
(2.82446 0.5905 0)
(2.89924 0.601098 0)
(2.92625 0.691338 0)
(2.94301 0.703573 0)
(2.96867 0.697019 0)
(2.98533 0.722654 0)
(2.98598 0.735571 0)
(2.93207 0.689146 0)
(2.84628 0.492908 0)
(2.8131 0.299275 0)
(2.84311 0.172067 0)
(2.90542 0.0851993 0)
(2.96366 0.0289056 0)
(2.99337 0.00477997 0)
(2.99961 0.000261606 0)
(2.99999 3.88862e-06 0)
(3 2.14763e-08 0)
(3 6.78818e-11 0)
(2.77761 0.663384 0)
(2.77239 0.730423 0)
(2.8452 0.695233 0)
(2.92948 0.742613 0)
(2.93041 0.776705 0)
(2.92058 0.809672 0)
(2.91648 0.845095 0)
(2.93183 0.837008 0)
(2.91601 0.831098 0)
(2.86107 0.694294 0)
(2.77237 0.44456 0)
(2.76676 0.263539 0)
(2.81736 0.151655 0)
(2.89259 0.0794468 0)
(2.9582 0.0282794 0)
(2.99195 0.00497565 0)
(2.99948 0.000296196 0)
(2.99999 4.75125e-06 0)
(3 2.67892e-08 0)
(3 8.26666e-11 0)
(2.78269 0.833584 0)
(2.77732 0.913118 0)
(2.85132 0.898986 0)
(2.94147 0.886789 0)
(2.94143 0.894022 0)
(2.9145 0.912782 0)
(2.90084 0.920473 0)
(2.86374 0.944579 0)
(2.83111 0.86127 0)
(2.71945 0.558074 0)
(2.68304 0.32058 0)
(2.72782 0.199022 0)
(2.79721 0.133836 0)
(2.88032 0.0739237 0)
(2.95207 0.0268113 0)
(2.99029 0.00494043 0)
(2.99933 0.000315137 0)
(2.99999 5.3633e-06 0)
(3 3.056e-08 0)
(3 9.17713e-11 0)
(2.75532 1.02685 0)
(2.79188 1.05119 0)
(2.85661 1.01691 0)
(2.94043 0.973549 0)
(2.94201 0.984888 0)
(2.92441 0.981029 0)
(2.89683 0.858861 0)
(2.81946 0.696952 0)
(2.6794 0.473151 0)
(2.61317 0.316384 0)
(2.65047 0.214083 0)
(2.71481 0.158982 0)
(2.79267 0.115203 0)
(2.87263 0.0656523 0)
(2.94605 0.024854 0)
(2.98851 0.00469204 0)
(2.99917 0.000308776 0)
(2.99998 5.40809e-06 0)
(3 3.09305e-08 0)
(3 9.11101e-11 0)
(2.70706 1.28003 0)
(2.79409 1.2153 0)
(2.85766 1.20823 0)
(2.93635 1.15712 0)
(2.93559 0.864048 0)
(2.89283 0.457917 0)
(2.81833 0.321044 0)
(2.68395 0.251731 0)
(2.58088 0.221671 0)
(2.58131 0.196956 0)
(2.62989 0.151511 0)
(2.68964 0.122106 0)
(2.77344 0.0943388 0)
(2.86719 0.0525156 0)
(2.94384 0.0181651 0)
(2.98764 0.00324248 0)
(2.99906 0.000218651 0)
(2.99998 3.97846e-06 0)
(3 2.3494e-08 0)
(3 6.95999e-11 0)
(2.67762 1.49485 0)
(2.76542 1.45274 0)
(2.79186 1.2523 0)
(2.79289 0.784467 0)
(2.6366 0.250083 0)
(2.48307 -0.0311398 0)
(2.41455 0.016486 0)
(2.40526 0.0997979 0)
(2.47027 0.130246 0)
(2.51481 0.12195 0)
(2.60426 0.103111 0)
(2.67443 0.0877812 0)
(2.76744 0.068172 0)
(2.86909 0.0387819 0)
(2.94546 0.0132436 0)
(2.98777 0.00234662 0)
(2.99903 0.000156395 0)
(2.99998 3.13022e-06 0)
(3 2.04471e-08 0)
(3 6.47799e-11 0)
(2.41807 0.977241 0)
(2.45944 0.690773 0)
(2.54394 0.44153 0)
(2.31734 -0.0162617 0)
(2.12902 -0.0762288 0)
(2.06069 -0.0483825 0)
(2.09247 0.0317447 0)
(2.2326 0.0934376 0)
(2.39625 0.088714 0)
(2.46054 0.0752418 0)
(2.56415 0.0602973 0)
(2.65932 0.0514518 0)
(2.75577 0.0415754 0)
(2.86596 0.023992 0)
(2.94527 0.00802071 0)
(2.98765 0.00135931 0)
(2.999 8.5436e-05 0)
(2.99998 1.52447e-06 0)
(3 8.39818e-09 0)
(3 1.97667e-11 0)
(2.09758 0.222544 0)
(2.20547 0.183536 0)
(2.30381 0.102319 0)
(2.12153 0.0279084 0)
(1.99817 -0.0166369 0)
(1.93904 -0.00706559 0)
(1.96222 0.0225325 0)
(2.13835 0.0415032 0)
(2.34922 0.0367616 0)
(2.45218 0.0254927 0)
(2.57077 0.0231213 0)
(2.6633 0.0217091 0)
(2.76377 0.017446 0)
(2.87198 0.00979284 0)
(2.94786 0.003196 0)
(2.98813 0.00048853 0)
(2.99903 2.26807e-05 0)
(2.99998 2.4308e-07 0)
(3 3.69982e-10 0)
(3 4.76901e-13 0)
)
;

boundaryField
{
    inlet
    {
        type            fixedValue;
        value           uniform (3 0 0);
    }
    outlet
    {
        type            inletOutlet;
        inletValue      uniform (3 0 0);
        value           nonuniform List<vector> 
50
(
(3 -7.88375e-12 0)
(3 -1.88508e-13 0)
(3 5.15397e-12 0)
(3 -6.46085e-12 0)
(3 -9.38905e-11 0)
(3 -1.16025e-10 0)
(3 -2.25952e-11 0)
(3 -3.87734e-13 0)
(3 -2.43479e-15 0)
(3 -2.91539e-15 0)
(3 -1.10831e-15 0)
(3 6.64483e-16 0)
(3 1.01228e-15 0)
(3 8.0201e-17 0)
(3 6.23624e-17 0)
(3 -3.55169e-12 0)
(3 -1.64521e-11 0)
(3 -5.44349e-11 0)
(3 -8.13201e-11 0)
(3 -9.59918e-11 0)
(3 -8.9973e-11 0)
(3 -7.93251e-11 0)
(3 -6.67184e-11 0)
(3 -4.53514e-11 0)
(3 -4.02671e-11 0)
(3 4.05873e-11 0)
(3 4.56338e-11 0)
(3 6.78818e-11 0)
(3 8.26666e-11 0)
(3 9.17713e-11 0)
(3 9.11101e-11 0)
(3 6.95999e-11 0)
(3 6.47799e-11 0)
(3 1.97667e-11 0)
(3 4.76901e-13 0)
(3 7.94076e-12 0)
(3 1.8198e-13 0)
(3 -5.23614e-12 0)
(3 6.80495e-12 0)
(3 9.45044e-11 0)
(3 1.1605e-10 0)
(3 2.244e-11 0)
(3 3.85281e-13 0)
(3 6.60662e-15 0)
(3 2.02302e-16 0)
(3 -1.83782e-15 0)
(3 -9.37704e-16 0)
(3 -1.41443e-15 0)
(3 6.27501e-16 0)
(3 2.99632e-16 0)
)
;
    }
    airfoil
    {
        type            slip;
    }
    top
    {
        type            symmetryPlane;
    }
    bottom
    {
        type            symmetryPlane;
    }
    defaultFaces
    {
        type            empty;
    }
}


// ************************************************************************* //
