/*--------------------------------*- C++ -*----------------------------------*\
  =========                 |
  \\      /  F ield         | OpenFOAM: The Open Source CFD Toolbox
   \\    /   O peration     | Website:  https://openfoam.org
    \\  /    A nd           | Version:  7
     \\/     M anipulation  |
\*---------------------------------------------------------------------------*/
FoamFile
{
    version     2.0;
    format      ascii;
    class       volVectorField;
    location    "8.8";
    object      U;
}
// * * * * * * * * * * * * * * * * * * * * * * * * * * * * * * * * * * * * * //

dimensions      [0 1 -1 0 0 0 0];

internalField   nonuniform List<vector> 
3700
(
(1.39174 -0.484154 0)
(1.36305 -0.531468 0)
(1.28345 -0.398411 0)
(1.24705 -0.26574 0)
(1.35623 -0.281332 0)
(1.49069 -0.376472 0)
(1.50645 -0.378294 0)
(1.45807 -0.307756 0)
(1.42959 -0.222412 0)
(1.47185 -0.171986 0)
(1.51187 -0.121502 0)
(1.55207 -0.0878272 0)
(1.60183 -0.105508 0)
(1.6193 -0.17975 0)
(1.65789 -0.271176 0)
(1.66724 -0.266737 0)
(1.67244 -0.196857 0)
(1.74882 -0.09979 0)
(1.86973 -0.0591367 0)
(1.92539 -0.0781692 0)
(1.59139 -1.44124 0)
(1.77015 -1.44665 0)
(1.85883 -1.71978 0)
(1.86789 -1.74543 0)
(1.89565 -1.73664 0)
(1.93351 -1.9185 0)
(1.8614 -1.7723 0)
(1.72636 -1.56763 0)
(1.66344 -1.30886 0)
(1.6977 -1.09363 0)
(1.77907 -0.954501 0)
(1.87373 -0.920819 0)
(1.94917 -0.930389 0)
(2.06109 -1.11394 0)
(2.08275 -1.26256 0)
(2.076 -1.28595 0)
(2.06504 -1.24029 0)
(2.08666 -1.06482 0)
(2.21989 -0.945867 0)
(2.33671 -0.95695 0)
(1.6528 -1.4219 0)
(1.96433 -1.34499 0)
(2.16364 -1.85827 0)
(2.16284 -2.16767 0)
(2.08968 -2.29672 0)
(2.05997 -2.34 0)
(2.07418 -2.21897 0)
(1.99207 -2.18867 0)
(2.01339 -2.14683 0)
(2.05308 -2.06056 0)
(2.17309 -1.99723 0)
(2.28521 -1.96585 0)
(2.39764 -1.89803 0)
(2.46414 -1.85669 0)
(2.50879 -1.83625 0)
(2.53149 -1.78823 0)
(2.49396 -1.79659 0)
(2.49095 -1.68536 0)
(2.49372 -1.67201 0)
(2.54578 -1.57584 0)
(1.76167 -1.45683 0)
(2.10511 -1.32666 0)
(2.26803 -1.82502 0)
(2.20883 -2.13046 0)
(2.18561 -2.20587 0)
(2.13162 -2.28714 0)
(2.17278 -2.15637 0)
(2.0567 -2.13676 0)
(2.07509 -2.11622 0)
(2.16515 -2.02084 0)
(2.21837 -1.94163 0)
(2.32101 -1.84335 0)
(2.42342 -1.74636 0)
(2.54825 -1.63538 0)
(2.68266 -1.51793 0)
(2.76812 -1.42906 0)
(2.75266 -1.46023 0)
(2.74056 -1.4291 0)
(2.65034 -1.47792 0)
(2.59493 -1.40266 0)
(1.91473 -1.52014 0)
(2.17352 -1.36524 0)
(2.15006 -1.88215 0)
(2.01042 -2.17436 0)
(2.06705 -2.19289 0)
(2.12133 -2.26907 0)
(2.18988 -2.13616 0)
(2.14517 -2.07182 0)
(2.2377 -1.98671 0)
(2.35769 -1.87624 0)
(2.32111 -1.93639 0)
(2.38755 -1.77973 0)
(2.42499 -1.70773 0)
(2.48905 -1.62554 0)
(2.61444 -1.50313 0)
(2.68367 -1.35083 0)
(2.75857 -1.13573 0)
(2.85084 -1.00653 0)
(2.85213 -0.965593 0)
(2.73465 -1.06514 0)
(1.90557 -1.55857 0)
(1.98742 -1.53186 0)
(1.85133 -1.99377 0)
(1.80667 -2.19027 0)
(1.98027 -2.17021 0)
(2.02427 -2.15434 0)
(2.12199 -2.09221 0)
(2.23969 -1.96889 0)
(2.32001 -1.9228 0)
(2.46397 -1.72481 0)
(2.50558 -1.74595 0)
(2.57474 -1.62132 0)
(2.56378 -1.56165 0)
(2.56376 -1.48579 0)
(2.58943 -1.40143 0)
(2.6222 -1.29149 0)
(2.67459 -1.17593 0)
(2.80415 -1.07303 0)
(2.83739 -0.822568 0)
(2.83578 -0.682809 0)
(1.739 -1.55374 0)
(1.69575 -1.69506 0)
(1.58349 -2.01504 0)
(1.68133 -2.13658 0)
(1.73183 -2.10145 0)
(1.89945 -1.98924 0)
(1.99159 -1.99264 0)
(2.21154 -1.75709 0)
(2.38001 -1.67194 0)
(2.53366 -1.53686 0)
(2.58433 -1.50415 0)
(2.68261 -1.341 0)
(2.69438 -1.29803 0)
(2.68866 -1.26246 0)
(2.69432 -1.15581 0)
(2.68401 -1.07999 0)
(2.68002 -0.980945 0)
(2.74363 -0.965708 0)
(2.74818 -0.809021 0)
(2.79318 -0.582181 0)
(1.51428 -1.46762 0)
(1.49304 -1.60044 0)
(1.47297 -1.98428 0)
(1.62922 -2.09851 0)
(1.71487 -2.06164 0)
(1.84187 -1.9697 0)
(1.96089 -1.91471 0)
(2.12796 -1.68625 0)
(2.23926 -1.58603 0)
(2.4049 -1.50583 0)
(2.52107 -1.25651 0)
(2.65121 -1.11503 0)
(2.69123 -0.912106 0)
(2.73318 -0.858076 0)
(2.76533 -0.748977 0)
(2.75919 -0.749853 0)
(2.7447 -0.649322 0)
(2.72767 -0.690817 0)
(2.72709 -0.668319 0)
(2.71278 -0.469081 0)
(1.38158 -1.26953 0)
(1.398 -1.41416 0)
(1.46846 -1.87563 0)
(1.63327 -2.05729 0)
(1.77052 -1.9969 0)
(1.88097 -1.95872 0)
(2.03308 -1.86403 0)
(2.19306 -1.60575 0)
(2.24494 -1.53844 0)
(2.32979 -1.49978 0)
(2.4467 -1.2724 0)
(2.56732 -1.1524 0)
(2.62431 -0.878981 0)
(2.74404 -0.766312 0)
(2.74017 -0.490253 0)
(2.75264 -0.399049 0)
(2.74398 -0.269813 0)
(2.71958 -0.262492 0)
(2.70284 -0.370915 0)
(2.66356 -0.262381 0)
(1.30907 -1.08173 0)
(1.33061 -1.3211 0)
(1.52856 -1.82045 0)
(1.68066 -2.07038 0)
(1.83715 -1.95522 0)
(2.02017 -1.9 0)
(2.18464 -1.70682 0)
(2.34383 -1.36355 0)
(2.46892 -1.31751 0)
(2.48085 -1.34642 0)
(2.52915 -1.14525 0)
(2.578 -1.00138 0)
(2.59525 -0.812472 0)
(2.681 -0.726847 0)
(2.67847 -0.489033 0)
(2.71738 -0.35138 0)
(2.7036 -0.143231 0)
(2.67764 -0.00111058 0)
(2.63314 -0.00518461 0)
(2.61804 -0.0238029 0)
(1.18446 -0.969853 0)
(1.29648 -1.28173 0)
(1.66192 -1.88773 0)
(1.76907 -2.18972 0)
(2.30613 -1.91272 0)
(2.45423 -1.96194 0)
(2.61811 -1.51246 0)
(2.69746 -1.1507 0)
(2.73694 -0.945144 0)
(2.73254 -0.815533 0)
(2.73136 -0.703947 0)
(2.71597 -0.545764 0)
(2.68644 -0.455442 0)
(2.68886 -0.38068 0)
(2.66051 -0.27061 0)
(2.65068 -0.208899 0)
(2.64048 -0.0998435 0)
(2.60705 0.0611491 0)
(2.54843 0.207861 0)
(2.5659 0.158955 0)
(1.02756 -0.902845 0)
(1.28076 -1.304 0)
(1.7491 -1.96881 0)
(2.14381 -2.30317 0)
(2.58164 -1.76295 0)
(2.4758 -1.78681 0)
(2.62125 -1.26701 0)
(2.68737 -0.989773 0)
(2.71682 -0.890164 0)
(2.70023 -0.501 0)
(2.72888 -0.344109 0)
(2.68385 -0.110441 0)
(2.67106 -0.0144644 0)
(2.6404 0.097778 0)
(2.61261 0.150469 0)
(2.57729 0.165318 0)
(2.54944 0.154471 0)
(2.52703 0.181348 0)
(2.44978 0.338741 0)
(2.45957 0.331825 0)
(0.896801 -0.840778 0)
(1.36022 -1.39168 0)
(2.07061 -2.09325 0)
(2.28143 -2.04433 0)
(2.34788 -1.63562 0)
(2.30991 -1.52321 0)
(2.40999 -1.12196 0)
(2.47549 -0.890862 0)
(2.49115 -0.755658 0)
(2.53461 -0.534495 0)
(2.60352 -0.336403 0)
(2.57696 -0.0641715 0)
(2.58159 0.108078 0)
(2.53173 0.294827 0)
(2.48449 0.42695 0)
(2.44442 0.48212 0)
(2.3906 0.530934 0)
(2.38604 0.472625 0)
(2.3259 0.540908 0)
(2.32794 0.510882 0)
(0.83943 -0.887482 0)
(1.70079 -1.9578 0)
(2.12075 -2.00224 0)
(2.07972 -1.71966 0)
(2.19427 -1.50435 0)
(2.32945 -1.1957 0)
(2.42102 -0.849557 0)
(2.48383 -0.626882 0)
(2.48927 -0.318772 0)
(2.51703 -0.211082 0)
(2.52356 -0.0183412 0)
(2.4815 0.1654 0)
(2.45424 0.295004 0)
(2.40823 0.420819 0)
(2.35471 0.538262 0)
(2.32209 0.601363 0)
(2.23311 0.714943 0)
(2.18815 0.754108 0)
(2.16832 0.777556 0)
(2.14859 0.781703 0)
(0.903566 -1.05794 0)
(1.63584 -2.06055 0)
(1.91436 -1.86189 0)
(2.03793 -1.43052 0)
(2.26268 -1.24669 0)
(2.37779 -0.394363 0)
(2.49981 -0.184078 0)
(2.51843 0.0398558 0)
(2.4654 0.214522 0)
(2.45461 0.340567 0)
(2.40525 0.490384 0)
(2.33454 0.613129 0)
(2.27461 0.68973 0)
(2.21994 0.750595 0)
(2.18001 0.768044 0)
(2.14325 0.790381 0)
(2.08676 0.849383 0)
(2.05647 0.892499 0)
(2.02741 0.941398 0)
(2.05723 0.959164 0)
(1.03245 -1.06104 0)
(1.54531 -1.80252 0)
(1.94357 -1.63683 0)
(2.20398 -0.440449 0)
(2.419 -0.353974 0)
(2.44291 -0.0373661 0)
(2.4605 0.118193 0)
(2.38853 0.383085 0)
(2.33878 0.469716 0)
(2.31212 0.606807 0)
(2.22542 0.757828 0)
(2.12925 0.879155 0)
(2.06119 0.94447 0)
(2.00478 0.997119 0)
(1.97468 0.987909 0)
(1.95826 0.989769 0)
(1.95706 1.00977 0)
(1.97122 0.993161 0)
(1.99504 0.994165 0)
(2.06871 0.979905 0)
(1.18607 -0.452082 0)
(1.84562 -0.60322 0)
(2.32103 -0.66176 0)
(2.36397 0.105318 0)
(2.34497 0.386634 0)
(2.3465 0.334587 0)
(2.27393 0.508318 0)
(2.21107 0.624901 0)
(2.14061 0.744244 0)
(2.09519 0.879062 0)
(1.99103 0.991155 0)
(1.92536 1.05098 0)
(1.88295 1.07894 0)
(1.86556 1.09197 0)
(1.86873 1.05896 0)
(1.89685 1.04921 0)
(1.96281 1.02074 0)
(2.1654 0.901936 0)
(2.38277 0.790395 0)
(2.77872 0.440841 0)
(1.16334 -0.082233 0)
(1.97206 -0.258565 0)
(2.21588 0.524463 0)
(2.23518 0.542023 0)
(2.21413 0.565823 0)
(2.14733 0.737899 0)
(2.02815 0.906278 0)
(1.9542 0.980733 0)
(1.90466 1.03808 0)
(1.85631 1.12335 0)
(1.79736 1.1584 0)
(1.79236 1.14857 0)
(1.80757 1.12939 0)
(1.84597 1.08839 0)
(2.03944 0.95188 0)
(2.25991 0.828613 0)
(2.66434 0.503787 0)
(3.03551 0.0925682 0)
(3.05535 -0.0238011 0)
(3.00407 -0.00469536 0)
(1.01391 0.0161917 0)
(1.90376 0.858289 0)
(2.12695 0.785429 0)
(2.009 0.943142 0)
(1.95618 0.995601 0)
(1.86161 1.09305 0)
(1.78824 1.13421 0)
(1.75853 1.1455 0)
(1.75772 1.16232 0)
(1.7386 1.20415 0)
(1.72519 1.19386 0)
(1.8728 1.06383 0)
(2.09883 0.881667 0)
(2.49648 0.5797 0)
(2.98249 0.139974 0)
(3.07355 -0.0287713 0)
(3.00816 -0.00768352 0)
(3.00292 -0.00382524 0)
(3.00122 -0.00218914 0)
(3.00008 -0.000483409 0)
(1.15563 0.786006 0)
(1.83905 1.13845 0)
(1.84128 1.15362 0)
(1.74292 1.1974 0)
(1.71466 1.20253 0)
(1.66073 1.24496 0)
(1.65087 1.21734 0)
(1.7202 1.16731 0)
(1.74953 1.24121 0)
(1.79148 1.1513 0)
(2.28028 0.741002 0)
(2.86525 0.204287 0)
(3.09846 -0.0304363 0)
(3.02087 -0.0127409 0)
(3.00471 -0.00559487 0)
(3.00187 -0.00306814 0)
(3.00005 -0.000591879 0)
(2.99998 -2.19957e-05 0)
(2.99999 1.43941e-05 0)
(3 5.92781e-06 0)
(1.58059 1.25657 0)
(1.58606 1.26094 0)
(1.59608 1.26571 0)
(1.60158 1.26859 0)
(1.6067 1.26243 0)
(1.59392 1.26718 0)
(1.87265 1.17539 0)
(2.94915 0.411932 0)
(3.37686 -0.659438 0)
(3 6.253e-11 0)
(3 -7.34497e-11 0)
(3 7.80236e-11 0)
(3 2.31415e-15 0)
(3 -4.25685e-13 0)
(3 -1.8254e-14 0)
(3 1.39109e-14 0)
(3 -8.17756e-15 0)
(3 -8.62074e-16 0)
(3 -1.48985e-15 0)
(3 -1.37894e-15 0)
(1.57745 1.24074 0)
(1.59308 1.25244 0)
(1.60623 1.26245 0)
(1.60889 1.27386 0)
(1.63847 1.26494 0)
(1.74432 1.19861 0)
(2.24732 0.741358 0)
(2.99473 0.0153337 0)
(3 5.9641e-08 0)
(3 -2.87148e-11 0)
(3 7.06162e-15 0)
(3 -3.12052e-15 0)
(3 -2.42944e-15 0)
(3 -1.03598e-15 0)
(3 -3.45729e-15 0)
(3 -2.79459e-15 0)
(3 -1.13298e-15 0)
(3 -2.21715e-15 0)
(3 -2.17554e-15 0)
(3 -2.0242e-15 0)
(1.57909 1.24735 0)
(1.60327 1.25353 0)
(1.61674 1.25828 0)
(1.61134 1.26889 0)
(1.74485 1.19592 0)
(2.25378 0.777798 0)
(3.00675 -0.0118714 0)
(2.99996 -0.000258534 0)
(3 7.07195e-07 0)
(3 5.87635e-11 0)
(3 -2.13481e-13 0)
(3 -7.34799e-16 0)
(3 -2.17142e-15 0)
(3 -3.13352e-15 0)
(3 -3.156e-15 0)
(3 -3.60886e-15 0)
(3 -2.52142e-15 0)
(3 -3.00465e-15 0)
(3 -3.27727e-15 0)
(3 -3.2955e-15 0)
(1.58108 1.25242 0)
(1.60165 1.25723 0)
(1.62448 1.26436 0)
(1.62181 1.28281 0)
(1.89829 1.0657 0)
(2.76616 0.211736 0)
(3.00411 0.00016846 0)
(2.99993 5.6957e-05 0)
(3 -8.60753e-07 0)
(3 8.74012e-10 0)
(3 -2.02824e-14 0)
(3 -1.65741e-15 0)
(3 -1.78105e-15 0)
(3 -2.91758e-15 0)
(3 -3.36119e-15 0)
(3 -4.56964e-15 0)
(3 -3.48845e-15 0)
(3 -4.15572e-15 0)
(3 -3.61437e-15 0)
(3 -4.36037e-15 0)
(1.58213 1.26729 0)
(1.5948 1.27208 0)
(1.62514 1.26825 0)
(1.6251 1.28305 0)
(2.3071 0.673867 0)
(3.02194 -0.0194936 0)
(2.99972 9.76125e-05 0)
(3 -4.0243e-06 0)
(3 8.02057e-08 0)
(3 -8.96035e-10 0)
(3 2.27506e-13 0)
(3 -1.11454e-15 0)
(3 -1.29578e-15 0)
(3 -3.22368e-15 0)
(3 -5.26445e-15 0)
(3 -5.23015e-15 0)
(3 -4.25167e-15 0)
(3 -4.00442e-15 0)
(3 -3.531e-15 0)
(3 -5.25667e-15 0)
(1.58278 1.28448 0)
(1.58816 1.28835 0)
(1.6452 1.26136 0)
(1.821 1.12259 0)
(2.69712 0.250732 0)
(3 -5.91418e-10 0)
(3 1.3782e-08 0)
(3 -1.23899e-08 0)
(3 5.25058e-10 0)
(3 2.06454e-12 0)
(3 -1.03313e-13 0)
(3 9.22972e-16 0)
(3 -1.54398e-15 0)
(3 -2.795e-15 0)
(3 -5.45885e-15 0)
(3 -6.53651e-15 0)
(3 -5.98428e-15 0)
(3 -4.2825e-15 0)
(3 -4.65998e-15 0)
(3 -5.92937e-15 0)
(1.58477 1.29885 0)
(1.55298 1.30243 0)
(1.6804 1.22326 0)
(2.17729 0.81658 0)
(3.02311 -0.0213728 0)
(3 -2.41845e-12 0)
(3 1.2642e-12 0)
(3 6.74893e-13 0)
(3 -1.43966e-12 0)
(3 2.39533e-14 0)
(3 -3.504e-16 0)
(3 2.32815e-17 0)
(3 2.60999e-17 0)
(3 -2.30111e-15 0)
(3 -3.55916e-15 0)
(3 -4.56349e-15 0)
(3 -5.5826e-15 0)
(3 -5.01161e-15 0)
(3 -5.56025e-15 0)
(3 -6.25777e-15 0)
(1.59507 1.33063 0)
(1.50181 1.33484 0)
(1.72279 1.19073 0)
(2.38189 0.554401 0)
(3 -4.48521e-08 0)
(3 1.44856e-11 0)
(3 -2.34829e-14 0)
(3 -4.88784e-16 0)
(3 2.60941e-15 0)
(3 -7.17809e-16 0)
(3 2.64146e-16 0)
(3 5.85378e-16 0)
(3 -2.60288e-16 0)
(3 -1.8073e-15 0)
(3 -2.16697e-15 0)
(3 -3.24047e-15 0)
(3 -4.22362e-15 0)
(3 -4.54147e-15 0)
(3 -5.9942e-15 0)
(3 -6.2516e-15 0)
(1.58585 1.30052 0)
(1.47577 1.33951 0)
(2.00154 1.0204 0)
(2.89493 0.100376 0)
(3 -7.30731e-09 0)
(3 4.29864e-11 0)
(3 -1.12946e-13 0)
(3 2.44497e-15 0)
(3 1.00962e-15 0)
(3 1.71808e-15 0)
(3 1.69954e-15 0)
(3 1.52482e-15 0)
(3 7.0753e-16 0)
(3 -2.92485e-16 0)
(3 -1.0901e-15 0)
(3 -1.711e-15 0)
(3 -2.34845e-15 0)
(3 -4.30145e-15 0)
(3 -4.97854e-15 0)
(3 -6.04307e-15 0)
(1.59887 1.29132 0)
(1.46839 1.38955 0)
(2.15513 0.838133 0)
(3.01046 -0.00833298 0)
(3 2.91977e-08 0)
(3 -4.79265e-11 0)
(3 1.07257e-13 0)
(3 1.8616e-15 0)
(3 1.92708e-15 0)
(3 1.51719e-15 0)
(3 1.81293e-15 0)
(3 2.27482e-15 0)
(3 2.07675e-15 0)
(3 1.47671e-15 0)
(3 2.72679e-16 0)
(3 -9.49428e-16 0)
(3 -7.6793e-16 0)
(3 -1.59022e-15 0)
(3 -3.54421e-15 0)
(3 -3.77934e-15 0)
(1.61771 1.28087 0)
(1.55227 1.32784 0)
(2.40157 0.558988 0)
(3 -4.36373e-12 0)
(3 -2.07231e-11 0)
(3 3.9135e-13 0)
(3 -1.341e-15 0)
(3 2.28139e-15 0)
(3 1.75934e-15 0)
(3 1.6026e-15 0)
(3 1.8209e-15 0)
(3 2.08938e-15 0)
(3 2.41074e-15 0)
(3 2.46774e-15 0)
(3 1.89226e-15 0)
(3 9.00773e-16 0)
(3 3.15864e-16 0)
(3 1.299e-16 0)
(3 -7.22361e-16 0)
(3 -1.86396e-15 0)
(1.63648 1.26715 0)
(1.65814 1.23394 0)
(2.65305 0.289084 0)
(3 2.08213e-12 0)
(3 -2.19506e-13 0)
(3 -2.20298e-15 0)
(3 1.84188e-15 0)
(3 1.2359e-15 0)
(3 1.94279e-15 0)
(3 1.26856e-15 0)
(3 1.46615e-15 0)
(3 1.80423e-15 0)
(3 2.53734e-15 0)
(3 2.51296e-15 0)
(3 1.8756e-15 0)
(3 1.62528e-15 0)
(3 1.13333e-15 0)
(3 6.14596e-16 0)
(3 2.15349e-16 0)
(3 -2.66392e-17 0)
(1.65298 1.23726 0)
(1.80183 1.10262 0)
(2.86498 0.0983237 0)
(3 3.71139e-16 0)
(3 1.17126e-15 0)
(3 8.30141e-16 0)
(3 1.00749e-15 0)
(3 1.38076e-15 0)
(3 1.07606e-15 0)
(3 8.4416e-16 0)
(3 8.36819e-16 0)
(3 1.22241e-15 0)
(3 2.20931e-15 0)
(3 2.0201e-15 0)
(3 1.74739e-15 0)
(3 1.30609e-15 0)
(3 1.62239e-15 0)
(3 6.94158e-16 0)
(3 2.54587e-16 0)
(3 3.12921e-16 0)
(1.66932 1.20413 0)
(1.89577 0.972583 0)
(2.98597 0.00826559 0)
(3 4.8767e-16 0)
(3 1.57223e-16 0)
(3 -1.49337e-16 0)
(3 7.23208e-17 0)
(3 5.77249e-16 0)
(3 2.86178e-17 0)
(3 -2.87794e-16 0)
(3 -4.96932e-17 0)
(3 2.54206e-16 0)
(3 7.89778e-16 0)
(3 1.30085e-15 0)
(3 1.66165e-15 0)
(3 1.54603e-15 0)
(3 1.27202e-15 0)
(3 1.29589e-15 0)
(3 5.68644e-16 0)
(3 -2.62104e-16 0)
(1.73427 1.16882 0)
(2.07567 0.817016 0)
(3 -4.16265e-16 0)
(3 -1.11496e-15 0)
(3 -7.65465e-16 0)
(3 -7.55021e-16 0)
(3 -1.41454e-15 0)
(3 -1.34507e-15 0)
(3 -1.2966e-15 0)
(3 -1.17739e-15 0)
(3 -3.88833e-16 0)
(3 6.09377e-17 0)
(3 2.39954e-16 0)
(3 1.29803e-15 0)
(3 1.74467e-15 0)
(3 1.98288e-15 0)
(3 2.08518e-15 0)
(3 2.03235e-15 0)
(3 1.53402e-15 0)
(3 6.14177e-16 0)
(1.75032 1.09572 0)
(2.22489 0.65554 0)
(3 9.71272e-16 0)
(3 8.50589e-16 0)
(3 1.30672e-15 0)
(3 1.77744e-15 0)
(3 2.31033e-15 0)
(3 2.15857e-15 0)
(3 2.44374e-15 0)
(3 2.21803e-15 0)
(3 1.98898e-15 0)
(3 1.87708e-15 0)
(3 2.45277e-15 0)
(3 3.34074e-15 0)
(3 3.04346e-15 0)
(3 3.0968e-15 0)
(3 3.53196e-15 0)
(3 3.39256e-15 0)
(3 3.33921e-15 0)
(3 3.08735e-15 0)
(1.80308 1.01325 0)
(2.41883 0.459823 0)
(3 1.20959e-15 0)
(3 1.08247e-15 0)
(3 1.55243e-15 0)
(3 2.91497e-15 0)
(3 3.47554e-15 0)
(3 3.00978e-15 0)
(3 2.6367e-15 0)
(3 2.34859e-15 0)
(3 2.12672e-15 0)
(3 1.79656e-15 0)
(3 1.60045e-15 0)
(3 2.05694e-15 0)
(3 1.88303e-15 0)
(3 1.77838e-15 0)
(3 2.53024e-15 0)
(3 3.55299e-15 0)
(3 4.27749e-15 0)
(3 3.88635e-15 0)
(1.9477 0.887181 0)
(2.70378 0.216918 0)
(3 3.14385e-15 0)
(3 3.16569e-15 0)
(3 3.56431e-15 0)
(3 3.37208e-15 0)
(3 2.49972e-15 0)
(3 2.20805e-15 0)
(3 1.76415e-15 0)
(3 9.9482e-16 0)
(3 1.04505e-15 0)
(3 1.20367e-15 0)
(3 1.44829e-15 0)
(3 2.30037e-15 0)
(3 3.22846e-15 0)
(3 3.63176e-15 0)
(3 4.06886e-15 0)
(3 3.63738e-15 0)
(3 3.57431e-15 0)
(3 3.66643e-15 0)
(2.10389 0.643779 0)
(2.99108 0.000266265 0)
(3 6.97841e-16 0)
(3 1.49821e-15 0)
(3 2.04982e-15 0)
(3 3.5927e-15 0)
(3 3.61855e-15 0)
(3 3.31927e-15 0)
(3 2.89141e-15 0)
(3 2.74514e-15 0)
(3 2.72906e-15 0)
(3 2.52647e-15 0)
(3 2.36354e-15 0)
(3 2.2743e-15 0)
(3 2.21111e-15 0)
(3 2.05307e-15 0)
(3 2.0502e-15 0)
(3 2.34105e-15 0)
(3 2.80668e-15 0)
(3 3.00346e-15 0)
(1.99531 0.375635 0)
(2.99994 -7.76528e-06 0)
(3 7.07417e-16 0)
(3 9.58348e-16 0)
(3 2.29499e-15 0)
(3 3.04147e-15 0)
(3 3.03522e-15 0)
(3 2.88016e-15 0)
(3 2.59294e-15 0)
(3 2.03284e-15 0)
(3 1.74368e-15 0)
(3 1.44778e-15 0)
(3 1.16891e-15 0)
(3 1.0536e-15 0)
(3 7.67309e-16 0)
(3 3.49197e-16 0)
(3 -2.91849e-17 0)
(3 -2.63104e-16 0)
(3 -3.81087e-16 0)
(3 -4.69616e-16 0)
(1.99473 -0.376752 0)
(2.99994 7.18695e-06 0)
(3 1.47497e-15 0)
(3 9.27761e-16 0)
(3 6.03758e-16 0)
(3 9.68851e-16 0)
(3 1.18576e-15 0)
(3 1.11389e-15 0)
(3 1.16128e-15 0)
(3 1.3671e-15 0)
(3 1.43173e-15 0)
(3 1.50794e-15 0)
(3 1.42951e-15 0)
(3 1.13802e-15 0)
(3 9.69876e-16 0)
(3 9.21422e-16 0)
(3 1.05349e-15 0)
(3 1.19698e-15 0)
(3 1.19005e-15 0)
(3 1.01603e-15 0)
(2.10214 -0.640531 0)
(2.99147 -0.000277048 0)
(3 -2.49054e-15 0)
(3 -1.89679e-15 0)
(3 -1.64324e-15 0)
(3 -2.73418e-16 0)
(3 1.16766e-15 0)
(3 8.4623e-16 0)
(3 3.78323e-16 0)
(3 5.69757e-16 0)
(3 3.94248e-16 0)
(3 2.8752e-16 0)
(3 2.3556e-16 0)
(3 8.79311e-17 0)
(3 8.64945e-17 0)
(3 1.04813e-16 0)
(3 2.95699e-16 0)
(3 4.20059e-16 0)
(3 3.47198e-16 0)
(3 1.10138e-16 0)
(1.95382 -0.886595 0)
(2.70923 -0.213656 0)
(3 -3.57178e-15 0)
(3 -2.85894e-15 0)
(3 -1.90198e-15 0)
(3 -6.1514e-16 0)
(3 3.45505e-16 0)
(3 5.53115e-16 0)
(3 4.49011e-16 0)
(3 -4.38132e-16 0)
(3 -1.21613e-15 0)
(3 -8.08175e-16 0)
(3 -7.32551e-16 0)
(3 -4.63116e-16 0)
(3 -6.49521e-16 0)
(3 -6.17329e-16 0)
(3 -8.8218e-16 0)
(3 -1.59695e-15 0)
(3 -1.76375e-15 0)
(3 -1.54784e-15 0)
(1.80737 -1.01405 0)
(2.4183 -0.460541 0)
(3 -3.07571e-16 0)
(3 -8.79827e-16 0)
(3 -3.98457e-16 0)
(3 2.45392e-17 0)
(3 2.64718e-16 0)
(3 -2.6671e-16 0)
(3 -1.31194e-15 0)
(3 -1.05061e-15 0)
(3 -2.38069e-16 0)
(3 7.5444e-16 0)
(3 1.07324e-15 0)
(3 1.65045e-15 0)
(3 2.41401e-15 0)
(3 2.26414e-15 0)
(3 1.84332e-15 0)
(3 1.32739e-15 0)
(3 9.48807e-16 0)
(3 1.56373e-16 0)
(1.74133 -1.09879 0)
(2.21747 -0.658635 0)
(3 2.50169e-15 0)
(3 3.00897e-15 0)
(3 2.34098e-15 0)
(3 1.59934e-15 0)
(3 5.82347e-16 0)
(3 -1.48485e-16 0)
(3 -5.39368e-16 0)
(3 -3.94484e-16 0)
(3 9.84175e-16 0)
(3 1.46043e-15 0)
(3 1.51178e-15 0)
(3 1.36165e-15 0)
(3 8.80435e-16 0)
(3 2.45365e-16 0)
(3 3.07288e-16 0)
(3 4.12746e-17 0)
(3 -7.51532e-17 0)
(3 -5.88668e-16 0)
(1.73496 -1.16676 0)
(2.07327 -0.819948 0)
(3 4.18336e-15 0)
(3 4.65311e-15 0)
(3 4.82476e-15 0)
(3 4.53695e-15 0)
(3 3.61199e-15 0)
(3 2.78338e-15 0)
(3 1.8372e-15 0)
(3 9.60441e-16 0)
(3 8.47742e-16 0)
(3 1.52427e-16 0)
(3 6.25108e-16 0)
(3 3.56573e-16 0)
(3 -9.07906e-17 0)
(3 -3.76387e-16 0)
(3 -8.44158e-16 0)
(3 -9.42872e-16 0)
(3 -1.09131e-15 0)
(3 -1.03834e-15 0)
(1.67219 -1.20312 0)
(1.90317 -0.969885 0)
(2.9919 -0.00451003 0)
(3 -8.10726e-17 0)
(3 4.07927e-15 0)
(3 4.10072e-15 0)
(3 3.28896e-15 0)
(3 2.60263e-15 0)
(3 1.92201e-15 0)
(3 1.01476e-15 0)
(3 7.17562e-16 0)
(3 4.74039e-16 0)
(3 5.91636e-16 0)
(3 4.54635e-16 0)
(3 2.87336e-16 0)
(3 -2.72978e-16 0)
(3 -9.5763e-16 0)
(3 -1.03252e-15 0)
(3 -5.15457e-16 0)
(3 6.15946e-16 0)
(1.65324 -1.23802 0)
(1.79779 -1.10176 0)
(2.86646 -0.0954349 0)
(3 5.3491e-14 0)
(3 8.78518e-16 0)
(3 1.8653e-15 0)
(3 1.70414e-15 0)
(3 1.34852e-15 0)
(3 1.50773e-15 0)
(3 1.21809e-15 0)
(3 1.12916e-15 0)
(3 1.69203e-15 0)
(3 1.57052e-15 0)
(3 1.09698e-15 0)
(3 1.04428e-15 0)
(3 9.48893e-16 0)
(3 5.05713e-16 0)
(3 8.08291e-16 0)
(3 1.40876e-15 0)
(3 2.45285e-15 0)
(1.63671 -1.26595 0)
(1.66161 -1.23074 0)
(2.65419 -0.286431 0)
(3 -2.30328e-12 0)
(3 2.09366e-13 0)
(3 4.06439e-15 0)
(3 1.17892e-15 0)
(3 1.67051e-15 0)
(3 1.47308e-15 0)
(3 1.88449e-15 0)
(3 2.11587e-15 0)
(3 2.32094e-15 0)
(3 2.1382e-15 0)
(3 1.45459e-15 0)
(3 9.52151e-16 0)
(3 7.09051e-16 0)
(3 3.48733e-16 0)
(3 1.82731e-16 0)
(3 7.77354e-16 0)
(3 1.91521e-15 0)
(1.61802 -1.28158 0)
(1.5558 -1.32444 0)
(2.40365 -0.5548 0)
(3 3.63714e-12 0)
(3 1.40199e-11 0)
(3 -2.88639e-13 0)
(3 3.95117e-15 0)
(3 1.40825e-15 0)
(3 1.49308e-15 0)
(3 1.97729e-15 0)
(3 1.80105e-15 0)
(3 2.03763e-15 0)
(3 1.01911e-15 0)
(3 3.77091e-16 0)
(3 1.57855e-16 0)
(3 -9.63156e-17 0)
(3 -5.58656e-16 0)
(3 4.79077e-16 0)
(3 2.07008e-15 0)
(3 3.66879e-15 0)
(1.59833 -1.29268 0)
(1.46797 -1.39456 0)
(2.14007 -0.851008 0)
(3.01059 0.00845992 0)
(3 -2.12348e-08 0)
(3 4.27564e-11 0)
(3 -1.04474e-13 0)
(3 2.13954e-15 0)
(3 1.4226e-15 0)
(3 1.19518e-15 0)
(3 1.4082e-15 0)
(3 1.45858e-15 0)
(3 9.08433e-16 0)
(3 4.78189e-16 0)
(3 6.86407e-16 0)
(3 3.75334e-16 0)
(3 2.25706e-15 0)
(3 5.27819e-15 0)
(3 5.19964e-15 0)
(3 5.5359e-15 0)
(1.58404 -1.30004 0)
(1.47396 -1.33662 0)
(2.01194 -1.0228 0)
(2.89954 -0.101124 0)
(3 4.72302e-09 0)
(3 -2.72657e-11 0)
(3 1.1503e-13 0)
(3 1.0873e-15 0)
(3 1.67018e-15 0)
(3 1.26263e-15 0)
(3 1.18082e-15 0)
(3 1.41938e-15 0)
(3 1.22903e-15 0)
(3 1.14916e-15 0)
(3 1.09024e-15 0)
(3 1.18374e-15 0)
(3 3.93004e-15 0)
(3 5.8642e-15 0)
(3 5.67737e-15 0)
(3 5.77446e-15 0)
(1.5934 -1.32867 0)
(1.50226 -1.33234 0)
(1.72441 -1.19148 0)
(2.38396 -0.553463 0)
(3 6.15282e-08 0)
(3 -2.78295e-11 0)
(3 -1.0321e-13 0)
(3 5.36451e-14 0)
(3 -9.46996e-15 0)
(3 1.76132e-15 0)
(3 1.45248e-15 0)
(3 1.57065e-15 0)
(3 1.83727e-15 0)
(3 3.06388e-15 0)
(3 2.47422e-15 0)
(3 3.96625e-15 0)
(3 3.07601e-15 0)
(3 5.0092e-15 0)
(3 5.07148e-15 0)
(3 5.28073e-15 0)
(1.58625 -1.29955 0)
(1.55374 -1.29912 0)
(1.67739 -1.21946 0)
(2.15858 -0.817079 0)
(3.02332 0.0207725 0)
(3 5.47262e-12 0)
(3 6.04857e-12 0)
(3 -1.21749e-11 0)
(3 3.23051e-12 0)
(3 -9.68558e-15 0)
(3 1.19219e-15 0)
(3 2.14586e-15 0)
(3 2.77652e-15 0)
(3 2.93682e-15 0)
(3 3.08068e-15 0)
(3 4.93634e-15 0)
(3 4.00273e-15 0)
(3 4.22571e-15 0)
(3 5.1112e-15 0)
(3 5.26562e-15 0)
(1.5842 -1.28592 0)
(1.58887 -1.28982 0)
(1.64622 -1.25947 0)
(1.84451 -1.1066 0)
(2.70739 -0.242039 0)
(3 5.89097e-10 0)
(3 -1.36633e-08 0)
(3 1.2279e-08 0)
(3 -5.19414e-10 0)
(3 -1.94137e-12 0)
(3 9.50894e-14 0)
(3 1.48541e-15 0)
(3 2.05836e-15 0)
(3 3.48622e-15 0)
(3 3.61977e-15 0)
(3 4.43744e-15 0)
(3 3.92212e-15 0)
(3 3.94795e-15 0)
(3 4.58711e-15 0)
(3 5.17469e-15 0)
(1.58263 -1.26908 0)
(1.59562 -1.27297 0)
(1.62562 -1.26846 0)
(1.61932 -1.28538 0)
(2.30461 -0.678637 0)
(3.02232 0.0199427 0)
(2.99971 -8.0806e-05 0)
(3 3.95598e-06 0)
(3 -7.91841e-08 0)
(3 8.87848e-10 0)
(3 -1.54146e-13 0)
(3 2.17306e-15 0)
(3 2.02683e-15 0)
(3 3.23058e-15 0)
(3 3.4142e-15 0)
(3 3.91035e-15 0)
(3 3.40571e-15 0)
(3 3.844e-15 0)
(3 3.91775e-15 0)
(3 3.76399e-15 0)
(1.5811 -1.25349 0)
(1.60072 -1.25867 0)
(1.62298 -1.2661 0)
(1.60533 -1.29617 0)
(1.88514 -1.07555 0)
(2.7589 -0.218553 0)
(3.00406 -0.000351888 0)
(2.99993 -5.32093e-05 0)
(3 8.19982e-07 0)
(3 -8.65612e-10 0)
(3 8.90679e-15 0)
(3 3.15973e-15 0)
(3 2.55925e-15 0)
(3 3.39019e-15 0)
(3 2.79969e-15 0)
(3 3.11177e-15 0)
(3 2.87612e-15 0)
(3 2.88937e-15 0)
(3 3.03267e-15 0)
(3 3.3903e-15 0)
(1.57914 -1.24838 0)
(1.60219 -1.25498 0)
(1.61548 -1.25969 0)
(1.61139 -1.26874 0)
(1.75834 -1.19182 0)
(2.24868 -0.786973 0)
(3.00565 0.0109219 0)
(2.99995 0.000228794 0)
(3 -6.57693e-07 0)
(3 -5.88053e-11 0)
(3 1.17298e-13 0)
(3 2.04527e-15 0)
(3 4.11956e-15 0)
(3 3.73362e-15 0)
(3 2.97729e-15 0)
(3 1.64389e-15 0)
(3 2.69807e-15 0)
(3 2.56633e-15 0)
(3 2.40478e-15 0)
(3 3.13461e-15 0)
(1.57641 -1.24015 0)
(1.59241 -1.25267 0)
(1.60599 -1.26306 0)
(1.61063 -1.27158 0)
(1.64289 -1.25684 0)
(1.75256 -1.1945 0)
(2.25732 -0.735414 0)
(2.99657 -0.0132696 0)
(3 -6.366e-08 0)
(3 3.16281e-11 0)
(3 9.35994e-15 0)
(3 3.77807e-15 0)
(3 5.15005e-15 0)
(3 3.14572e-15 0)
(3 2.27033e-15 0)
(3 1.86584e-15 0)
(3 1.53148e-15 0)
(3 1.29118e-15 0)
(3 1.51257e-15 0)
(3 2.29002e-15 0)
(1.58003 -1.25522 0)
(1.5862 -1.25955 0)
(1.59642 -1.26527 0)
(1.60148 -1.26879 0)
(1.60826 -1.2631 0)
(1.5969 -1.26591 0)
(1.87012 -1.1716 0)
(2.951 -0.404354 0)
(3.38151 0.661302 0)
(3 -6.33675e-11 0)
(3 7.45894e-11 0)
(3 -7.84142e-11 0)
(3 -1.21178e-15 0)
(3 4.32286e-13 0)
(3 1.83232e-14 0)
(3 -1.77599e-14 0)
(3 1.26555e-14 0)
(3 1.2236e-15 0)
(3 1.54145e-15 0)
(3 3.36936e-15 0)
(1.15557 -0.785266 0)
(1.83775 -1.13829 0)
(1.84214 -1.15256 0)
(1.74254 -1.19756 0)
(1.71576 -1.20447 0)
(1.66035 -1.24623 0)
(1.65093 -1.21801 0)
(1.71933 -1.16686 0)
(1.74605 -1.24173 0)
(1.78571 -1.15399 0)
(2.27702 -0.745685 0)
(2.86321 -0.207265 0)
(3.09748 0.0294612 0)
(3.02071 0.0126541 0)
(3.00472 0.00559629 0)
(3.00189 0.0030804 0)
(3.00005 0.000596046 0)
(2.99998 2.2374e-05 0)
(2.99999 -1.43732e-05 0)
(3 -5.92046e-06 0)
(1.01099 -0.0221008 0)
(1.90568 -0.84463 0)
(2.12455 -0.786969 0)
(2.00909 -0.940354 0)
(1.95768 -0.993376 0)
(1.86437 -1.09094 0)
(1.78949 -1.13391 0)
(1.75737 -1.14564 0)
(1.75592 -1.16257 0)
(1.73616 -1.20496 0)
(1.72391 -1.19466 0)
(1.87562 -1.06411 0)
(2.10298 -0.880553 0)
(2.49863 -0.578204 0)
(2.9825 -0.139597 0)
(3.07347 0.0287602 0)
(3.00817 0.0076833 0)
(3.00292 0.00382153 0)
(3.00122 0.00218627 0)
(3.00008 0.000481965 0)
(1.151 0.10973 0)
(1.96727 0.185261 0)
(2.23145 -0.456524 0)
(2.23675 -0.535931 0)
(2.21188 -0.573655 0)
(2.14949 -0.737997 0)
(2.02905 -0.90552 0)
(1.95447 -0.97858 0)
(1.90277 -1.03737 0)
(1.85625 -1.12321 0)
(1.79738 -1.15772 0)
(1.79322 -1.14778 0)
(1.80828 -1.12858 0)
(1.84569 -1.08833 0)
(2.03792 -0.95322 0)
(2.25926 -0.829728 0)
(2.66488 -0.503641 0)
(3.03575 -0.0920612 0)
(3.05527 0.0238644 0)
(3.00406 0.00469504 0)
(1.18013 0.447895 0)
(1.72954 0.761534 0)
(2.32875 0.430364 0)
(2.40003 -0.0703344 0)
(2.35384 -0.383865 0)
(2.35 -0.342228 0)
(2.27656 -0.508802 0)
(2.20984 -0.627325 0)
(2.13819 -0.746958 0)
(2.09457 -0.879642 0)
(1.99121 -0.990678 0)
(1.92616 -1.04981 0)
(1.88306 -1.07867 0)
(1.86552 -1.09261 0)
(1.86794 -1.05976 0)
(1.89638 -1.04976 0)
(1.96301 -1.02068 0)
(2.16611 -0.901155 0)
(2.38328 -0.789584 0)
(2.77865 -0.44048 0)
(0.95961 1.10311 0)
(1.5482 1.72106 0)
(1.90689 1.65239 0)
(2.21339 0.426024 0)
(2.43014 0.376019 0)
(2.44418 0.0160529 0)
(2.45905 -0.143829 0)
(2.38642 -0.396337 0)
(2.33654 -0.477698 0)
(2.3093 -0.611228 0)
(2.22499 -0.758614 0)
(2.13028 -0.878468 0)
(2.06184 -0.944608 0)
(2.00522 -0.998055 0)
(1.97413 -0.988864 0)
(1.958 -0.989981 0)
(1.95741 -1.00915 0)
(1.97158 -0.992768 0)
(1.99526 -0.993842 0)
(2.06857 -0.979859 0)
(0.988242 1.22054 0)
(1.54546 2.02194 0)
(1.84327 1.89576 0)
(2.03319 1.3775 0)
(2.23711 1.25623 0)
(2.37648 0.460585 0)
(2.49457 0.218605 0)
(2.51279 -0.0246541 0)
(2.46066 -0.209617 0)
(2.45169 -0.336084 0)
(2.40492 -0.486434 0)
(2.33566 -0.610563 0)
(2.2756 -0.689007 0)
(2.22026 -0.750936 0)
(2.17896 -0.769325 0)
(2.14258 -0.790802 0)
(2.08644 -0.849379 0)
(2.05658 -0.892298 0)
(2.02749 -0.941201 0)
(2.05716 -0.959107 0)
(0.95756 1.08168 0)
(1.71903 2.1127 0)
(2.04421 2.06709 0)
(2.10377 1.64382 0)
(2.16532 1.52106 0)
(2.30985 1.20318 0)
(2.40973 0.868431 0)
(2.47458 0.633057 0)
(2.48423 0.331744 0)
(2.51364 0.216907 0)
(2.52264 0.022349 0)
(2.48184 -0.163598 0)
(2.45452 -0.29534 0)
(2.40672 -0.423685 0)
(2.35304 -0.540442 0)
(2.32092 -0.602125 0)
(2.23297 -0.714564 0)
(2.18875 -0.752902 0)
(2.16903 -0.776235 0)
(2.14821 -0.782093 0)
(0.905928 0.911019 0)
(1.45273 1.75111 0)
(2.05794 2.1952 0)
(2.37656 1.91113 0)
(2.35208 1.65142 0)
(2.32529 1.51291 0)
(2.42479 1.12205 0)
(2.48594 0.882249 0)
(2.4964 0.750991 0)
(2.53712 0.530659 0)
(2.60527 0.334358 0)
(2.57843 0.0629127 0)
(2.58157 -0.110532 0)
(2.5303 -0.297217 0)
(2.48362 -0.426679 0)
(2.44424 -0.480754 0)
(2.39156 -0.528453 0)
(2.38665 -0.471501 0)
(2.32573 -0.540875 0)
(2.32809 -0.510272 0)
(0.977788 0.917957 0)
(1.29938 1.59694 0)
(1.82518 2.04248 0)
(2.26226 2.20477 0)
(2.64166 1.75047 0)
(2.51638 1.791 0)
(2.65733 1.27097 0)
(2.71419 0.981551 0)
(2.73263 0.881684 0)
(2.70982 0.498275 0)
(2.73464 0.341624 0)
(2.68799 0.110112 0)
(2.67276 0.0147653 0)
(2.6408 -0.0964827 0)
(2.61238 -0.149528 0)
(2.5778 -0.16307 0)
(2.55063 -0.152487 0)
(2.52642 -0.183104 0)
(2.44961 -0.33931 0)
(2.45893 -0.333725 0)
(1.06972 0.993927 0)
(1.26105 1.55348 0)
(1.73846 1.97195 0)
(1.85297 2.15077 0)
(2.34177 1.85986 0)
(2.4247 1.97178 0)
(2.59295 1.52096 0)
(2.67895 1.1624 0)
(2.71874 0.955882 0)
(2.72856 0.820009 0)
(2.73256 0.709779 0)
(2.71736 0.548066 0)
(2.68637 0.455982 0)
(2.68829 0.380726 0)
(2.66051 0.270219 0)
(2.65207 0.209389 0)
(2.64086 0.0969675 0)
(2.60676 -0.0635474 0)
(2.54744 -0.209508 0)
(2.5656 -0.158151 0)
(1.22027 1.09501 0)
(1.25835 1.55523 0)
(1.5611 1.9018 0)
(1.78847 2.03065 0)
(1.88012 1.9004 0)
(1.98184 1.9126 0)
(2.16987 1.69404 0)
(2.33115 1.36394 0)
(2.46231 1.30814 0)
(2.4735 1.34399 0)
(2.52458 1.14747 0)
(2.57572 1.00324 0)
(2.59369 0.811457 0)
(2.67984 0.725931 0)
(2.6784 0.488586 0)
(2.71752 0.349628 0)
(2.70285 0.140305 0)
(2.67632 0.00272921 0)
(2.63254 0.00742481 0)
(2.61867 0.0234868 0)
(1.33899 1.30293 0)
(1.33615 1.62095 0)
(1.47665 1.95809 0)
(1.75425 2.00853 0)
(1.80649 1.93038 0)
(1.84994 1.97114 0)
(2.03306 1.83655 0)
(2.18594 1.59821 0)
(2.24279 1.52707 0)
(2.32641 1.49379 0)
(2.44525 1.26535 0)
(2.56645 1.1496 0)
(2.62261 0.875062 0)
(2.74042 0.763198 0)
(2.73811 0.489479 0)
(2.7507 0.399206 0)
(2.74235 0.272544 0)
(2.71777 0.264105 0)
(2.70296 0.374597 0)
(2.66478 0.259116 0)
(1.45535 1.53566 0)
(1.46002 1.73977 0)
(1.47547 2.07831 0)
(1.71508 2.03378 0)
(1.71322 2.05945 0)
(1.83636 1.97618 0)
(1.96979 1.89413 0)
(2.1305 1.68237 0)
(2.24306 1.57386 0)
(2.40722 1.49197 0)
(2.51439 1.24196 0)
(2.6454 1.10642 0)
(2.68724 0.913285 0)
(2.7312 0.860859 0)
(2.76366 0.752292 0)
(2.7568 0.752627 0)
(2.74198 0.653705 0)
(2.72529 0.690036 0)
(2.7272 0.671012 0)
(2.71508 0.467702 0)
(1.67519 1.68072 0)
(1.63742 1.85469 0)
(1.57113 2.14009 0)
(1.73339 2.11856 0)
(1.72019 2.13124 0)
(1.91913 1.97047 0)
(2.00919 1.98236 0)
(2.2236 1.76439 0)
(2.38558 1.66062 0)
(2.53254 1.53135 0)
(2.58735 1.51374 0)
(2.68836 1.33746 0)
(2.69179 1.29754 0)
(2.68361 1.26446 0)
(2.68946 1.15888 0)
(2.68004 1.08188 0)
(2.67789 0.982834 0)
(2.74246 0.965362 0)
(2.74943 0.807799 0)
(2.79594 0.580145 0)
(1.88235 1.64534 0)
(1.89615 1.72542 0)
(1.7988 2.08789 0)
(1.82839 2.20846 0)
(1.9474 2.23747 0)
(2.03586 2.1666 0)
(2.13863 2.08308 0)
(2.23251 1.97191 0)
(2.31557 1.91104 0)
(2.47648 1.71325 0)
(2.51254 1.75259 0)
(2.56866 1.62385 0)
(2.55686 1.55927 0)
(2.55743 1.48617 0)
(2.58545 1.40189 0)
(2.62092 1.28976 0)
(2.67754 1.17372 0)
(2.80647 1.06706 0)
(2.83845 0.819044 0)
(2.83644 0.681488 0)
(1.98739 1.58504 0)
(2.14544 1.44222 0)
(2.09818 1.91741 0)
(1.98027 2.22003 0)
(2.04148 2.24901 0)
(2.10822 2.29056 0)
(2.17068 2.12485 0)
(2.13386 2.05198 0)
(2.23481 1.98109 0)
(2.34487 1.89251 0)
(2.31254 1.92993 0)
(2.37945 1.77506 0)
(2.41943 1.70365 0)
(2.4867 1.61866 0)
(2.61691 1.49597 0)
(2.68982 1.3384 0)
(2.76243 1.13078 0)
(2.85148 1.00763 0)
(2.84882 0.969363 0)
(2.73065 1.06586 0)
(1.87211 1.51809 0)
(2.15404 1.39686 0)
(2.24789 1.8329 0)
(2.14628 2.17687 0)
(2.14265 2.25079 0)
(2.10204 2.31235 0)
(2.14399 2.15108 0)
(2.03434 2.13056 0)
(2.05628 2.11637 0)
(2.15062 2.00639 0)
(2.20666 1.93009 0)
(2.31419 1.83678 0)
(2.42148 1.73797 0)
(2.5454 1.62001 0)
(2.68314 1.51319 0)
(2.7666 1.43003 0)
(2.74873 1.46442 0)
(2.73471 1.43235 0)
(2.64532 1.47707 0)
(2.58979 1.40371 0)
(1.71748 1.43014 0)
(1.96414 1.37209 0)
(2.21042 1.80722 0)
(2.26064 2.07815 0)
(2.08386 2.28496 0)
(2.02946 2.34885 0)
(2.03825 2.2038 0)
(1.97117 2.18312 0)
(1.99519 2.14139 0)
(2.0383 2.05585 0)
(2.16022 1.98981 0)
(2.26874 1.96041 0)
(2.38317 1.88708 0)
(2.45635 1.85388 0)
(2.50863 1.83735 0)
(2.52888 1.78277 0)
(2.4927 1.79728 0)
(2.48961 1.6862 0)
(2.48649 1.67147 0)
(2.54701 1.56786 0)
(1.66366 1.44551 0)
(1.8237 1.52681 0)
(1.96373 1.75875 0)
(2.05618 2.09733 0)
(1.90565 2.02141 0)
(1.77421 1.68811 0)
(1.78263 1.41642 0)
(1.81252 1.44631 0)
(1.84285 1.45808 0)
(1.83224 1.28297 0)
(1.92614 1.19758 0)
(1.99797 1.24173 0)
(2.02393 1.23043 0)
(2.01442 1.2113 0)
(2.0496 1.14485 0)
(2.1499 1.20617 0)
(2.24696 1.39001 0)
(2.26597 1.39118 0)
(2.26517 1.36835 0)
(2.28562 1.23578 0)
(1.42563 0.539922 0)
(1.35834 0.592802 0)
(1.34196 0.464473 0)
(1.43183 0.476181 0)
(1.41337 0.398301 0)
(1.36669 0.245573 0)
(1.43989 0.156553 0)
(1.5135 0.213003 0)
(1.55017 0.242873 0)
(1.56008 0.166958 0)
(1.59356 0.136611 0)
(1.6164 0.177344 0)
(1.63275 0.198717 0)
(1.61817 0.177524 0)
(1.65092 0.12588 0)
(1.73059 0.151893 0)
(1.77381 0.25476 0)
(1.8416 0.33992 0)
(1.84885 0.335495 0)
(1.83979 0.280652 0)
(1.98332 -0.156059 0)
(2.06022 -0.159466 0)
(2.09653 -0.0903162 0)
(2.11662 -0.0638264 0)
(2.1164 -0.0274073 0)
(2.13049 -0.0166131 0)
(2.17256 0.00307694 0)
(2.18843 -0.00415198 0)
(2.207 -0.00869753 0)
(2.20671 -0.0127341 0)
(2.20701 -0.0141916 0)
(2.21408 -0.00838601 0)
(2.23059 -0.00755868 0)
(2.23912 -0.0112532 0)
(2.24969 -0.0141196 0)
(2.25517 -0.00668921 0)
(2.25726 -0.00373602 0)
(2.26527 0.00153018 0)
(2.27794 0.00388552 0)
(2.28598 0.000687979 0)
(2.40332 -0.824943 0)
(2.35973 -0.630711 0)
(2.31777 -0.366195 0)
(2.3015 -0.171349 0)
(2.25819 -0.0131845 0)
(2.24769 -0.0254802 0)
(2.2405 0.00709089 0)
(2.2612 -0.0149867 0)
(2.28913 -0.040661 0)
(2.28487 -0.0394862 0)
(2.28384 -0.0290403 0)
(2.28399 -0.00360296 0)
(2.29451 0.00704038 0)
(2.30595 -0.00994763 0)
(2.30473 -0.0224894 0)
(2.29864 -0.0223172 0)
(2.29471 -0.0131549 0)
(2.29886 0.002209 0)
(2.31033 0.00873058 0)
(2.31823 0.00417223 0)
(2.69244 -1.44889 0)
(2.67559 -1.47172 0)
(2.59025 -1.14085 0)
(2.60947 -0.85649 0)
(2.58898 -0.465167 0)
(2.60369 -0.266599 0)
(2.48426 -0.0129759 0)
(2.42253 -0.0490341 0)
(2.39932 -0.0444089 0)
(2.4351 -0.0358758 0)
(2.42764 -0.0378264 0)
(2.40561 -0.0149522 0)
(2.40168 0.00349464 0)
(2.40708 -0.00534373 0)
(2.40857 -0.0190893 0)
(2.39677 -0.020019 0)
(2.38886 -0.015288 0)
(2.38096 -0.00150649 0)
(2.38188 0.0119288 0)
(2.38423 0.00658086 0)
(2.7011 -1.23107 0)
(2.71169 -1.20573 0)
(2.71431 -1.24442 0)
(2.73188 -1.19046 0)
(2.74762 -1.06745 0)
(2.77096 -0.798351 0)
(2.70537 -0.37546 0)
(2.71768 -0.286161 0)
(2.59365 -0.0904205 0)
(2.56789 -0.0737436 0)
(2.5268 -0.044806 0)
(2.5167 -0.0183377 0)
(2.50467 -0.000857264 0)
(2.5012 -0.00740525 0)
(2.50887 -0.0212369 0)
(2.50441 -0.024758 0)
(2.49575 -0.0226158 0)
(2.48053 -0.00976482 0)
(2.4681 0.00745198 0)
(2.46371 0.0050163 0)
(2.70783 -1.08214 0)
(2.72098 -1.06027 0)
(2.69689 -1.0347 0)
(2.73891 -1.02266 0)
(2.78481 -0.995393 0)
(2.7947 -0.960563 0)
(2.7803 -0.905196 0)
(2.78142 -0.703859 0)
(2.73624 -0.442066 0)
(2.73226 -0.22669 0)
(2.63439 -0.0763111 0)
(2.59876 -0.0285839 0)
(2.57795 0.00530301 0)
(2.56563 0.000506947 0)
(2.55884 -0.0172383 0)
(2.56205 -0.0177315 0)
(2.55895 -0.0169371 0)
(2.54972 -0.00880605 0)
(2.536 0.00413352 0)
(2.52961 0.00361126 0)
(2.72823 -0.862271 0)
(2.72325 -0.911422 0)
(2.7145 -0.940414 0)
(2.73777 -0.930883 0)
(2.79624 -0.903781 0)
(2.82426 -0.874427 0)
(2.83172 -0.864967 0)
(2.7933 -0.8918 0)
(2.74314 -0.853027 0)
(2.71817 -0.513912 0)
(2.7125 -0.260692 0)
(2.65148 -0.0847141 0)
(2.62095 -0.00710856 0)
(2.59519 0.00324113 0)
(2.57712 -0.00725487 0)
(2.58146 -0.0147622 0)
(2.58099 -0.0149939 0)
(2.57698 -0.00809159 0)
(2.569 0.00355786 0)
(2.56518 -0.00100719 0)
(2.73875 -0.631504 0)
(2.73464 -0.712274 0)
(2.72402 -0.789571 0)
(2.74113 -0.800919 0)
(2.79761 -0.795541 0)
(2.82608 -0.805561 0)
(2.81374 -0.798895 0)
(2.77811 -0.786307 0)
(2.736 -0.793971 0)
(2.70644 -0.798437 0)
(2.68794 -0.610598 0)
(2.68018 -0.324229 0)
(2.63486 -0.113964 0)
(2.58738 -0.0140597 0)
(2.5829 -0.00346202 0)
(2.58235 -0.0123993 0)
(2.5857 -0.0104592 0)
(2.58294 -0.0031552 0)
(2.58107 -0.00592791 0)
(2.57575 -0.00917395 0)
(2.71481 -0.468563 0)
(2.73498 -0.571815 0)
(2.75021 -0.6541 0)
(2.75632 -0.685173 0)
(2.78546 -0.704881 0)
(2.80894 -0.720863 0)
(2.79311 -0.716244 0)
(2.74673 -0.695228 0)
(2.72125 -0.714325 0)
(2.68863 -0.728054 0)
(2.69517 -0.748252 0)
(2.70899 -0.645376 0)
(2.66546 -0.349129 0)
(2.62731 -0.164237 0)
(2.58332 0.0128772 0)
(2.57471 -0.00654535 0)
(2.58468 0.00506418 0)
(2.58399 0.00526017 0)
(2.58118 -0.00927566 0)
(2.57373 -0.0135025 0)
(2.67177 -0.272156 0)
(2.72291 -0.380797 0)
(2.78564 -0.481381 0)
(2.77664 -0.547113 0)
(2.76069 -0.579088 0)
(2.76537 -0.644279 0)
(2.75124 -0.641708 0)
(2.70725 -0.622813 0)
(2.69149 -0.647119 0)
(2.69025 -0.679097 0)
(2.70093 -0.701413 0)
(2.72844 -0.71954 0)
(2.7311 -0.65263 0)
(2.6731 -0.371807 0)
(2.61635 -0.134013 0)
(2.60313 -0.0433661 0)
(2.59427 -0.00175165 0)
(2.58376 -0.000849041 0)
(2.56633 -0.0258546 0)
(2.57038 -0.0173238 0)
(2.62954 -0.12686 0)
(2.69436 -0.225131 0)
(2.79272 -0.317091 0)
(2.75351 -0.403998 0)
(2.71803 -0.472867 0)
(2.71013 -0.538978 0)
(2.70835 -0.603916 0)
(2.68256 -0.570061 0)
(2.66155 -0.565816 0)
(2.67695 -0.587431 0)
(2.70334 -0.627348 0)
(2.73343 -0.688637 0)
(2.74247 -0.694236 0)
(2.72235 -0.642831 0)
(2.67367 -0.384072 0)
(2.64367 -0.138967 0)
(2.60829 0.0409269 0)
(2.57508 -0.00622221 0)
(2.56656 -0.0259823 0)
(2.57953 -0.0140604 0)
(2.51209 0.126107 0)
(2.57635 0.0559547 0)
(2.55838 0.0609942 0)
(2.59036 -0.141957 0)
(2.6438 -0.295274 0)
(2.66384 -0.436221 0)
(2.67318 -0.463017 0)
(2.68202 -0.473611 0)
(2.68952 -0.499614 0)
(2.68735 -0.504554 0)
(2.71354 -0.549482 0)
(2.72942 -0.593089 0)
(2.7273 -0.640675 0)
(2.75209 -0.637746 0)
(2.74553 -0.604395 0)
(2.72101 -0.44933 0)
(2.68111 -0.214028 0)
(2.67859 -0.133092 0)
(2.66288 -0.0306457 0)
(2.62553 -0.0101607 0)
(2.32455 0.59804 0)
(2.46835 0.286559 0)
(2.53576 0.0692693 0)
(2.5373 0.0511736 0)
(2.60079 -0.0956379 0)
(2.64993 -0.250152 0)
(2.65233 -0.339712 0)
(2.69008 -0.378076 0)
(2.71742 -0.436874 0)
(2.69976 -0.422637 0)
(2.71234 -0.451148 0)
(2.71845 -0.494701 0)
(2.72304 -0.527369 0)
(2.74726 -0.576055 0)
(2.78392 -0.606125 0)
(2.79448 -0.566107 0)
(2.78144 -0.496154 0)
(2.76245 -0.316784 0)
(2.75799 -0.175772 0)
(2.72034 -0.0489106 0)
(2.34737 0.707751 0)
(2.37708 0.619307 0)
(2.45383 0.441106 0)
(2.54577 0.159638 0)
(2.57206 0.121428 0)
(2.59091 0.0318558 0)
(2.62627 -0.104239 0)
(2.66266 -0.126486 0)
(2.66552 -0.150585 0)
(2.67213 -0.262135 0)
(2.7103 -0.332944 0)
(2.73054 -0.396875 0)
(2.74818 -0.430308 0)
(2.78262 -0.450366 0)
(2.81056 -0.469759 0)
(2.82419 -0.495994 0)
(2.81849 -0.50851 0)
(2.81326 -0.508044 0)
(2.82395 -0.449947 0)
(2.80506 -0.202192 0)
(2.43368 0.687116 0)
(2.43174 0.680052 0)
(2.43267 0.645221 0)
(2.47228 0.533914 0)
(2.53473 0.358982 0)
(2.57258 0.247875 0)
(2.64863 0.0107117 0)
(2.66135 -0.0339646 0)
(2.6937 -0.152862 0)
(2.71472 -0.273461 0)
(2.74221 -0.294956 0)
(2.7664 -0.326215 0)
(2.78862 -0.354521 0)
(2.79397 -0.333828 0)
(2.82609 -0.382597 0)
(2.82839 -0.434292 0)
(2.83542 -0.468527 0)
(2.83826 -0.507502 0)
(2.87641 -0.492514 0)
(2.88358 -0.41714 0)
(2.72038 0.445805 0)
(2.59323 0.605052 0)
(2.52608 0.628711 0)
(2.52433 0.616131 0)
(2.53009 0.567337 0)
(2.56408 0.466514 0)
(2.61399 0.318862 0)
(2.654 0.185597 0)
(2.7018 0.0427802 0)
(2.72856 -0.0407912 0)
(2.7327 -0.017538 0)
(2.74921 -0.0778107 0)
(2.75285 -0.130367 0)
(2.78487 -0.213302 0)
(2.83043 -0.29225 0)
(2.84307 -0.346268 0)
(2.86962 -0.366365 0)
(2.89706 -0.404208 0)
(2.91478 -0.428546 0)
(2.91745 -0.428035 0)
(2.96854 0.0702757 0)
(2.84755 0.312829 0)
(2.74039 0.470842 0)
(2.61374 0.57935 0)
(2.61024 0.581124 0)
(2.60774 0.568161 0)
(2.62295 0.506799 0)
(2.65154 0.414496 0)
(2.68779 0.30545 0)
(2.75094 0.120235 0)
(2.76542 0.0540761 0)
(2.79231 -0.0458681 0)
(2.81342 -0.163367 0)
(2.83041 -0.208274 0)
(2.85773 -0.256849 0)
(2.87954 -0.296984 0)
(2.90861 -0.304803 0)
(2.93257 -0.309058 0)
(2.91949 -0.32317 0)
(2.93139 -0.396985 0)
(2.99897 0.00341126 0)
(2.98538 0.0372251 0)
(2.95164 0.131992 0)
(2.8227 0.370779 0)
(2.74632 0.487316 0)
(2.66668 0.552434 0)
(2.6665 0.549321 0)
(2.66978 0.531803 0)
(2.68759 0.479087 0)
(2.7195 0.391208 0)
(2.75536 0.276731 0)
(2.79586 0.158752 0)
(2.824 0.0583913 0)
(2.83444 0.0261274 0)
(2.83243 0.0148405 0)
(2.85652 -0.0752985 0)
(2.87568 -0.108927 0)
(2.88649 -0.154475 0)
(2.92421 -0.240273 0)
(2.93907 -0.295732 0)
(2.99998 7.26373e-05 0)
(2.99964 0.000912851 0)
(2.99755 0.00747035 0)
(2.97489 0.0636423 0)
(2.93163 0.175214 0)
(2.82399 0.386347 0)
(2.77533 0.466932 0)
(2.7138 0.520665 0)
(2.71352 0.519455 0)
(2.71888 0.502708 0)
(2.73626 0.455408 0)
(2.76847 0.375199 0)
(2.80694 0.266523 0)
(2.84485 0.136879 0)
(2.85909 0.0803007 0)
(2.89137 -0.0308228 0)
(2.90538 -0.12373 0)
(2.91281 -0.173818 0)
(2.93566 -0.22825 0)
(2.96679 -0.264243 0)
(3 1.09836e-06 0)
(3 9.7531e-06 0)
(2.99996 0.000106629 0)
(2.99915 0.00209101 0)
(2.99526 0.0130166 0)
(2.96665 0.0847236 0)
(2.92931 0.186815 0)
(2.84127 0.366497 0)
(2.78968 0.458231 0)
(2.75246 0.491766 0)
(2.75325 0.489188 0)
(2.75909 0.474509 0)
(2.77491 0.436054 0)
(2.80581 0.355977 0)
(2.83826 0.262812 0)
(2.8667 0.180981 0)
(2.88759 0.098668 0)
(2.90729 0.0217926 0)
(2.91883 -0.00255969 0)
(2.93594 -0.060152 0)
(3 1.23948e-08 0)
(3 8.23329e-08 0)
(3 8.79855e-07 0)
(2.99999 2.18899e-05 0)
(2.9999 0.000236962 0)
(2.99862 0.0033185 0)
(2.99365 0.0171041 0)
(2.96606 0.0848925 0)
(2.91936 0.200661 0)
(2.86147 0.330936 0)
(2.81057 0.434038 0)
(2.78323 0.466235 0)
(2.78428 0.463107 0)
(2.78917 0.450676 0)
(2.80393 0.416406 0)
(2.83088 0.352251 0)
(2.86334 0.26243 0)
(2.89142 0.177026 0)
(2.91766 0.0892789 0)
(2.94478 -0.0297295 0)
(3 1.06073e-10 0)
(3 6.37408e-10 0)
(3 6.1373e-09 0)
(3 1.51855e-07 0)
(3 1.98921e-06 0)
(2.99998 3.87724e-05 0)
(2.99985 0.000352993 0)
(2.99837 0.00372852 0)
(2.99155 0.020808 0)
(2.97026 0.0748862 0)
(2.91971 0.199426 0)
(2.87741 0.298567 0)
(2.83249 0.39398 0)
(2.80622 0.441889 0)
(2.80741 0.439157 0)
(2.81149 0.429725 0)
(2.82523 0.400453 0)
(2.84687 0.349299 0)
(2.87653 0.268693 0)
(2.91131 0.161919 0)
(3 7.02008e-13 0)
(3 4.46264e-12 0)
(3 3.92203e-11 0)
(3 8.93641e-10 0)
(3 1.30564e-08 0)
(3 2.73096e-07 0)
(3 3.178e-06 0)
(2.99998 4.75918e-05 0)
(2.9998 0.000476308 0)
(2.99853 0.0033907 0)
(2.99117 0.0208313 0)
(2.97283 0.0673574 0)
(2.93292 0.16473 0)
(2.87581 0.302458 0)
(2.86052 0.338823 0)
(2.82694 0.410194 0)
(2.82642 0.413943 0)
(2.8285 0.409111 0)
(2.83712 0.390262 0)
(2.86929 0.314751 0)
(3 1.98811e-15 0)
(3 2.70645e-14 0)
(3 2.36083e-13 0)
(3 4.66201e-12 0)
(3 7.60938e-11 0)
(3 1.59654e-09 0)
(3 2.14998e-08 0)
(3 3.59412e-07 0)
(3 4.36945e-06 0)
(2.99998 4.50254e-05 0)
(2.99978 0.000489681 0)
(2.9987 0.00305344 0)
(2.99271 0.0167057 0)
(2.97306 0.0637877 0)
(2.94885 0.12904 0)
(2.88843 0.27759 0)
(2.86854 0.321378 0)
(2.84723 0.370961 0)
(2.84402 0.382001 0)
(2.84768 0.377965 0)
(3 -6.35681e-15 0)
(3 -6.66681e-15 0)
(3 -4.12094e-15 0)
(3 1.70219e-14 0)
(3 3.87045e-13 0)
(3 8.51469e-12 0)
(3 1.24258e-10 0)
(3 2.25776e-09 0)
(3 2.85244e-08 0)
(3 3.57652e-07 0)
(3 4.58848e-06 0)
(2.99998 4.00226e-05 0)
(2.99981 0.000411876 0)
(2.99887 0.00255639 0)
(2.99424 0.0140489 0)
(2.98045 0.0451395 0)
(2.94927 0.125894 0)
(2.91572 0.214132 0)
(2.88468 0.304031 0)
(2.87442 0.34278 0)
(3 -1.90493e-15 0)
(3 -1.2356e-15 0)
(3 -1.25142e-15 0)
(3 -2.32265e-15 0)
(3 9.65418e-16 0)
(3 3.62674e-14 0)
(3 5.72455e-13 0)
(3 1.06442e-11 0)
(3 1.48328e-10 0)
(3 1.89935e-09 0)
(3 2.78765e-08 0)
(3 2.59552e-07 0)
(3 3.45292e-06 0)
(2.99998 2.86862e-05 0)
(2.99984 0.000252865 0)
(2.999 0.00157152 0)
(2.99438 0.00905144 0)
(2.98116 0.0273524 0)
(2.94861 0.080369 0)
(2.87992 0.15522 0)
(2.40462 0.428798 0)
(2.27095 0.704537 0)
(2.34075 0.737001 0)
(2.54933 0.602008 0)
(2.85935 0.240643 0)
(2.9871 0.0322084 0)
(2.99956 0.00157325 0)
(2.99999 3.87065e-05 0)
(3 5.86383e-07 0)
(3 5.94553e-09 0)
(3 4.26674e-11 0)
(3 2.32244e-13 0)
(3 1.8387e-15 0)
(3 -6.86238e-15 0)
(3 -2.27911e-15 0)
(2.28266 0.648115 0)
(2.25452 0.789446 0)
(2.3999 0.739408 0)
(2.7804 0.373545 0)
(2.99001 0.0356726 0)
(3.00004 0.000471394 0)
(3 -1.13232e-06 0)
(3 -8.39298e-08 0)
(3 -1.54421e-08 0)
(3 -6.43283e-10 0)
(3 -8.44093e-12 0)
(3 -5.68531e-14 0)
(3 -8.11115e-17 0)
(3 -5.80256e-15 0)
(3 -1.66085e-15 0)
(2.20469 0.807397 0)
(2.24788 0.805764 0)
(2.58034 0.561114 0)
(2.94191 0.121289 0)
(2.9989 0.00503573 0)
(2.99999 6.92012e-05 0)
(3 8.39655e-07 0)
(3 1.08631e-08 0)
(3 4.53355e-11 0)
(3 2.56462e-13 0)
(3 1.16476e-14 0)
(3 5.32677e-15 0)
(3 4.84078e-16 0)
(3 -5.43072e-15 0)
(3 -1.4253e-15 0)
(2.17989 0.878196 0)
(2.41535 0.739779 0)
(2.84456 0.271902 0)
(2.99535 0.0155913 0)
(3 0.000100084 0)
(3 -9.18981e-07 0)
(3 -5.47876e-09 0)
(3 -9.99841e-10 0)
(3 -6.1575e-11 0)
(3 -1.16856e-12 0)
(3 -6.25983e-15 0)
(3 4.24411e-15 0)
(3 -5.7727e-16 0)
(3 -5.37756e-15 0)
(3 -8.18809e-16 0)
(2.17857 0.900606 0)
(2.66943 0.450525 0)
(2.98582 0.0327368 0)
(3.00001 0.00034958 0)
(3 1.89276e-06 0)
(3 1.02072e-08 0)
(3 -3.37842e-10 0)
(3 -1.18164e-11 0)
(3 3.32201e-14 0)
(3 1.42079e-15 0)
(3 4.34608e-15 0)
(3 4.09713e-15 0)
(3 -2.80031e-16 0)
(3 -5.49983e-15 0)
(3 -8.17844e-16 0)
(2.56843 0.577702 0)
(2.9902 0.0390714 0)
(3.0002 0.000425552 0)
(3 -6.90305e-07 0)
(3 -2.09711e-07 0)
(3 -9.36687e-09 0)
(3 -1.08503e-10 0)
(3 -3.01455e-13 0)
(3 -4.91405e-15 0)
(3 -3.18483e-15 0)
(3 3.58864e-15 0)
(3 3.6711e-15 0)
(3 -4.3696e-16 0)
(3 -5.63175e-15 0)
(3 -9.79487e-16 0)
(2.99345 0.0498796 0)
(2.99998 0.00108269 0)
(3 -2.14237e-06 0)
(3 -7.35962e-07 0)
(3 -1.46368e-08 0)
(3 -3.63784e-11 0)
(3 5.71643e-13 0)
(3 8.69789e-14 0)
(3 -1.26423e-15 0)
(3 -3.72655e-15 0)
(3 4.16629e-15 0)
(3 2.71829e-15 0)
(3 -1.27341e-15 0)
(3 -5.51013e-15 0)
(3 -9.07512e-16 0)
(3.00075 -0.00154503 0)
(3.00004 -0.000107884 0)
(3 -3.50592e-06 0)
(3 3.5047e-08 0)
(3 1.74016e-10 0)
(3 2.844e-11 0)
(3 7.29086e-13 0)
(3 7.01016e-15 0)
(3 -3.70817e-15 0)
(3 -4.13128e-15 0)
(3 4.01198e-15 0)
(3 1.56428e-15 0)
(3 -2.27642e-15 0)
(3 -4.83604e-15 0)
(3 -5.93392e-16 0)
(3.00001 -2.18166e-05 0)
(3 1.20568e-07 0)
(3 2.38707e-08 0)
(3 1.1653e-09 0)
(3 -1.19567e-12 0)
(3 -2.2931e-14 0)
(3 -3.47589e-15 0)
(3 3.40537e-15 0)
(3 -2.58228e-15 0)
(3 -4.6865e-15 0)
(3 4.04789e-15 0)
(3 1.00722e-15 0)
(3 -2.54816e-15 0)
(3 -4.24271e-15 0)
(3 -3.06781e-16 0)
(3 1.24021e-06 0)
(3 1.42576e-08 0)
(3 -7.62649e-11 0)
(3 -1.26183e-11 0)
(3 -3.99297e-13 0)
(3 -4.80045e-16 0)
(3 5.34135e-16 0)
(3 3.51858e-15 0)
(3 -2.66892e-15 0)
(3 -4.11901e-15 0)
(3 3.63465e-15 0)
(3 6.5753e-16 0)
(3 -2.90911e-15 0)
(3 -4.27557e-15 0)
(3 1.66425e-17 0)
(3 -2.88035e-15 0)
(3 -2.66202e-15 0)
(3 -8.50002e-16 0)
(3 -1.32848e-15 0)
(3 -2.68667e-17 0)
(3 -2.91292e-15 0)
(3 -3.31214e-16 0)
(3 4.41322e-15 0)
(3 -2.43641e-15 0)
(3 -3.52563e-15 0)
(3 3.01573e-15 0)
(3 -1.77102e-17 0)
(3 -3.16053e-15 0)
(3 -4.35675e-15 0)
(3 9.61812e-17 0)
(3 -3.02091e-15 0)
(3 -2.06892e-15 0)
(3 -1.55291e-16 0)
(3 -4.88702e-16 0)
(3 1.40026e-16 0)
(3 -2.93445e-15 0)
(3 -4.89658e-16 0)
(3 4.02345e-15 0)
(3 -2.24669e-15 0)
(3 -3.31072e-15 0)
(3 2.40787e-15 0)
(3 -4.52474e-16 0)
(3 -3.08328e-15 0)
(3 -4.13736e-15 0)
(3 3.38551e-17 0)
(3 -2.89264e-15 0)
(3 -2.19519e-15 0)
(3 1.76256e-16 0)
(3 4.12514e-16 0)
(3 4.07155e-16 0)
(3 -2.48619e-15 0)
(3 -1.00352e-15 0)
(3 4.00792e-15 0)
(3 -2.03119e-15 0)
(3 -2.90632e-15 0)
(3 2.23551e-15 0)
(3 -5.88328e-16 0)
(3 -3.07202e-15 0)
(3 -4.04875e-15 0)
(3 -9.44298e-17 0)
(3 -3.29796e-15 0)
(3 -2.03515e-15 0)
(3 2.46033e-16 0)
(3 1.04906e-15 0)
(3 6.31683e-16 0)
(3 -1.75977e-15 0)
(3 -1.16175e-15 0)
(3 3.81994e-15 0)
(3 -1.70249e-15 0)
(3 -3.20347e-15 0)
(3 1.8239e-15 0)
(3 -4.28828e-16 0)
(3 -3.05869e-15 0)
(3 -4.21498e-15 0)
(3 -3.37179e-18 0)
(3 -3.84188e-15 0)
(3 -1.95195e-15 0)
(3 4.78477e-16 0)
(3 5.09969e-16 0)
(3 6.92531e-16 0)
(3 -8.65626e-16 0)
(3 -1.21527e-15 0)
(3 3.79344e-15 0)
(3 -1.66085e-15 0)
(3 -2.97405e-15 0)
(3 1.77417e-15 0)
(3 1.67011e-16 0)
(3 -3.03536e-15 0)
(3 -4.39367e-15 0)
(3 1.58199e-16 0)
(3 -5.29128e-15 0)
(3 -1.87144e-15 0)
(3 1.3702e-16 0)
(3 7.08502e-16 0)
(3 5.12835e-16 0)
(3 -3.66395e-16 0)
(3 -1.28872e-15 0)
(3 3.88644e-15 0)
(3 -1.59787e-15 0)
(3 -3.03048e-15 0)
(3 1.63908e-15 0)
(3 5.30559e-16 0)
(3 -3.08581e-15 0)
(3 -4.65649e-15 0)
(3 1.91984e-16 0)
(3 -5.37207e-15 0)
(3 -2.23203e-15 0)
(3 -4.99735e-16 0)
(3 1.45804e-15 0)
(3 4.72463e-16 0)
(3 -3.08309e-16 0)
(3 -1.0677e-15 0)
(3 3.91438e-15 0)
(3 -1.30542e-15 0)
(3 -2.98872e-15 0)
(3 1.38526e-15 0)
(3 7.23703e-16 0)
(3 -3.06838e-15 0)
(3 -4.52087e-15 0)
(3 3.18785e-16 0)
(3 -6.29558e-15 0)
(3 -2.41532e-15 0)
(3 -1.37441e-15 0)
(3 1.00751e-15 0)
(3 7.24346e-16 0)
(3 -1.20999e-16 0)
(3 -3.4015e-16 0)
(3 3.63674e-15 0)
(3 -1.13898e-15 0)
(3 -2.78189e-15 0)
(3 8.01956e-16 0)
(3 8.36842e-16 0)
(3 -2.9029e-15 0)
(3 -4.35237e-15 0)
(3 2.20537e-16 0)
(3 -6.57712e-15 0)
(3 -3.06377e-15 0)
(3 -1.49643e-15 0)
(3 1.42578e-16 0)
(3 9.11162e-16 0)
(3 6.02688e-16 0)
(3 -2.78247e-16 0)
(3 3.34421e-15 0)
(3 -9.68951e-16 0)
(3 -2.69356e-15 0)
(3 2.77861e-16 0)
(3 8.77845e-16 0)
(3 -2.59482e-15 0)
(3 -4.08003e-15 0)
(3 1.50282e-16 0)
(3 -6.84243e-15 0)
(3 -3.95404e-15 0)
(3 -1.64084e-15 0)
(3 -4.2633e-16 0)
(3 9.33232e-16 0)
(3 8.92097e-16 0)
(3 -9.27911e-17 0)
(3 3.32257e-15 0)
(3 -9.99001e-16 0)
(3 -2.56588e-15 0)
(3 -5.0008e-16 0)
(3 7.54371e-16 0)
(3 -2.13212e-15 0)
(3 -3.96575e-15 0)
(3 -2.45501e-17 0)
(3 -6.60501e-15 0)
(3 -4.46629e-15 0)
(3 -1.77792e-15 0)
(3 -9.67812e-16 0)
(3 7.69252e-16 0)
(3 1.38547e-15 0)
(3 6.16792e-16 0)
(3 3.21704e-15 0)
(3 -7.61876e-16 0)
(3 -2.60838e-15 0)
(3 -1.57095e-15 0)
(3 9.14773e-16 0)
(3 -1.80915e-15 0)
(3 -3.89993e-15 0)
(3 -1.41283e-16 0)
(3 -6.03117e-15 0)
(3 -3.41704e-15 0)
(3 -1.20908e-15 0)
(3 2.40646e-16 0)
(3 1.3864e-16 0)
(3 1.77977e-15 0)
(3 2.50514e-15 0)
(3 2.88389e-15 0)
(3 -1.25286e-15 0)
(3 -1.94341e-15 0)
(3 -2.02898e-15 0)
(3 3.11973e-16 0)
(3 -1.66219e-15 0)
(3 -3.15175e-15 0)
(3 -8.03381e-17 0)
(3 -5.32607e-15 0)
(3 -3.14878e-15 0)
(3 -1.47758e-15 0)
(3 -9.69429e-16 0)
(3 -1.24593e-16 0)
(3 2.13138e-15 0)
(3 3.37357e-15 0)
(3 3.0395e-15 0)
(3 -1.28262e-15 0)
(3 -7.08939e-16 0)
(3 -2.5921e-15 0)
(3 -1.34046e-15 0)
(3 -1.60012e-15 0)
(3 -3.03388e-15 0)
(3 -1.03568e-15 0)
(3 -4.81872e-15 0)
(3 -3.53713e-15 0)
(3 -3.61366e-16 0)
(3 -2.47977e-16 0)
(3 -1.79451e-16 0)
(3 1.37259e-15 0)
(3 2.61011e-15 0)
(3 3.53061e-15 0)
(3 4.66246e-16 0)
(3 1.13253e-15 0)
(3 -3.74823e-15 0)
(3 -2.2241e-15 0)
(3 -1.37184e-15 0)
(3 -2.85384e-15 0)
(3 -1.26335e-15 0)
(3 -3.95865e-15 0)
(3 -4.34896e-15 0)
(3 1.72074e-16 0)
(3 1.81611e-16 0)
(3 -2.08944e-15 0)
(3 2.55664e-15 0)
(3 3.66178e-15 0)
(3 1.01096e-15 0)
(3 3.73888e-15 0)
(3 2.75333e-15 0)
(3 -4.67263e-15 0)
(3 -2.34936e-15 0)
(3 -6.99795e-16 0)
(3 -3.42629e-15 0)
(3 -1.83041e-15 0)
(3 -3.61348e-15 0)
(3 -7.15169e-18 0)
(3 -1.40797e-15 0)
(3 -1.11477e-15 0)
(3 -2.74329e-15 0)
(3 5.43219e-15 0)
(3 4.73444e-15 0)
(3 1.0228e-15 0)
(3 3.6434e-15 0)
(3 2.8486e-15 0)
(3 -6.15507e-15 0)
(3 -2.74865e-15 0)
(3 2.32248e-16 0)
(3 -3.46402e-15 0)
(3 -2.91882e-15 0)
(3 -6.38181e-15 0)
(3 -1.22922e-15 0)
(3 3.08148e-15 0)
(3 1.81089e-15 0)
(3 -7.73613e-16 0)
(3 3.06567e-15 0)
(3 3.82251e-15 0)
(3 1.03567e-15 0)
(3 3.35921e-15 0)
(3 2.35185e-15 0)
(3 -4.67073e-15 0)
(3 -4.08738e-15 0)
(3 -2.21946e-16 0)
(3 -2.22709e-15 0)
(3 -2.5481e-15 0)
(3 -8.57542e-15 0)
(3 -2.2534e-15 0)
(3 5.19164e-15 0)
(3 4.67388e-15 0)
(3 1.15957e-15 0)
(3 1.53781e-15 0)
(3 5.0699e-16 0)
(3 1.05007e-15 0)
(3 4.79758e-15 0)
(3 2.23912e-15 0)
(3 -4.95639e-15 0)
(3 -4.96572e-15 0)
(3 9.62739e-16 0)
(3 -4.7374e-16 0)
(3 -4.5191e-15 0)
(3 -8.24881e-15 0)
(3 -2.29889e-15 0)
(3 2.68651e-15 0)
(3 4.65551e-15 0)
(3 2.63112e-15 0)
(3 4.63037e-15 0)
(3 -5.36721e-16 0)
(3 -2.29297e-15 0)
(3 3.17154e-15 0)
(3 3.41634e-15 0)
(3 -4.88592e-15 0)
(3 -4.55731e-15 0)
(3 4.17549e-15 0)
(3 -1.44463e-15 0)
(3 -5.39383e-15 0)
(3 -4.42196e-15 0)
(3 -1.47135e-15 0)
(3 -1.7784e-15 0)
(3 1.79297e-15 0)
(3 3.64689e-15 0)
(3 6.05695e-15 0)
(3 1.95822e-15 0)
(3 -2.66206e-15 0)
(3 -1.13426e-15 0)
(3 1.3032e-15 0)
(3 7.35361e-16 0)
(3 -2.73572e-15 0)
(3 2.78443e-15 0)
(3 -5.35991e-16 0)
(3 -2.5202e-15 0)
(3 -4.7865e-15 0)
(3 -4.9662e-15 0)
(3 -3.38747e-15 0)
(3 -6.46309e-16 0)
(3 -4.89274e-17 0)
(3 -5.74602e-15 0)
(3 -5.39313e-15 0)
(3 -4.24171e-15 0)
(3 -8.0972e-15 0)
(3 -7.82658e-15 0)
(3 -1.55889e-15 0)
(3 -1.79366e-15 0)
(3 -1.52415e-15 0)
(3 -1.3503e-15 0)
(3 -3.67943e-15 0)
(3 -4.38685e-15 0)
(3 -2.83738e-15 0)
(3 -4.45708e-15 0)
(3 -3.3255e-15 0)
(3 -6.15661e-15 0)
(3 4.93146e-16 0)
(3 -1.31902e-16 0)
(3 -3.00495e-16 0)
(3 3.31511e-16 0)
(3 -9.16804e-16 0)
(3 -3.18013e-15 0)
(3 -2.17469e-15 0)
(3 -4.72068e-15 0)
(3 -2.90877e-15 0)
(3 -4.26142e-15 0)
(3 -3.84463e-16 0)
(3 -5.76588e-16 0)
(3 -9.63454e-16 0)
(3 -1.32907e-15 0)
(3 -1.63989e-15 0)
(3 -1.48593e-15 0)
(3 -2.16638e-15 0)
(3 -5.20671e-15 0)
(3 -6.40938e-15 0)
(3 -5.80006e-15 0)
(3 -8.33091e-16 0)
(3 -6.62038e-17 0)
(3 -6.53582e-16 0)
(3 -1.47551e-15 0)
(3 -1.18838e-15 0)
(3 -1.43687e-15 0)
(3 -2.19938e-15 0)
(3 -5.74476e-15 0)
(3 -6.09819e-15 0)
(3 -4.17551e-15 0)
(3 3.17118e-15 0)
(3 3.08787e-15 0)
(3 2.56134e-15 0)
(3 2.62445e-15 0)
(3 2.19025e-15 0)
(3 -1.09984e-15 0)
(3 -2.75292e-15 0)
(3 -3.83974e-15 0)
(3 -4.97453e-15 0)
(3 1.24698e-16 0)
(3 3.0479e-15 0)
(3 3.6335e-15 0)
(3 3.26222e-15 0)
(3 2.70819e-15 0)
(3 3.15313e-15 0)
(3 -4.06933e-16 0)
(3 -4.17495e-15 0)
(3 -2.00425e-15 0)
(3 -1.43778e-15 0)
(3 1.45656e-15 0)
(3 4.05608e-15 0)
(3 4.89778e-15 0)
(3 5.22944e-15 0)
(3 4.35936e-15 0)
(3 4.76532e-15 0)
(3 4.96323e-15 0)
(3 -5.00125e-15 0)
(3 -2.38181e-15 0)
(3 3.76208e-16 0)
(3 5.10403e-16 0)
(3 3.38221e-15 0)
(3 3.39069e-15 0)
(3 4.24311e-15 0)
(3 3.7649e-15 0)
(3 3.52179e-15 0)
(3 2.45494e-15 0)
(3 -1.14182e-15 0)
(3 8.44259e-16 0)
(3 1.28325e-15 0)
(3 -2.34847e-15 0)
(3 -6.46656e-16 0)
(3 -1.40793e-15 0)
(3 1.73598e-15 0)
(3 6.06321e-15 0)
(3 3.965e-15 0)
(3 2.61762e-15 0)
(3 -1.11765e-16 0)
(3 -6.15353e-16 0)
(3 -3.21696e-16 0)
(3 1.52871e-15 0)
(3 9.66488e-16 0)
(3 9.79488e-16 0)
(3 1.16391e-15 0)
(3 1.12545e-15 0)
(3 -7.09581e-16 0)
(3 -9.60253e-16 0)
(3 -1.02195e-15 0)
(3 -2.19882e-15 0)
(3 -2.59144e-15 0)
(3 5.68039e-15 0)
(3 -7.88334e-16 0)
(3 -7.92043e-16 0)
(3 -2.05923e-15 0)
(3 -5.24549e-15 0)
(3 -3.54869e-15 0)
(3 -2.98196e-15 0)
(3 -1.85508e-16 0)
(3 1.26004e-15 0)
(3 7.21001e-16 0)
(3 1.04184e-15 0)
(3 -1.21007e-15 0)
(3 -1.71909e-15 0)
(3 -4.57894e-15 0)
(3 -3.63566e-15 0)
(3 -2.56439e-15 0)
(3 2.88511e-16 0)
(3 2.70674e-15 0)
(3 5.97309e-15 0)
(3 1.21291e-16 0)
(3 -3.59703e-16 0)
(3 -8.10024e-16 0)
(3 -1.83393e-15 0)
(3 -1.84317e-15 0)
(3 -1.48446e-15 0)
(3 -1.42583e-15 0)
(3 1.48697e-15 0)
(3 5.29897e-15 0)
(3 5.08186e-15 0)
(3 4.42862e-15 0)
(3 -4.50308e-16 0)
(3 -1.20385e-15 0)
(3 -1.02438e-15 0)
(3 -7.95482e-16 0)
(3 -2.16271e-15 0)
(3 -1.16494e-15 0)
(3 2.60545e-15 0)
(3 3.74448e-15 0)
(3 5.25323e-15 0)
(3 7.93326e-15 0)
(3 1.43684e-15 0)
(3 -9.63619e-16 0)
(3 -1.0188e-15 0)
(3 -2.75679e-15 0)
(3 -2.35829e-15 0)
(3 -1.60293e-15 0)
(3 1.66359e-15 0)
(3 2.52965e-15 0)
(3 3.58351e-15 0)
(3 5.29171e-15 0)
(3 2.46373e-15 0)
(3 1.48565e-15 0)
(3 2.98057e-16 0)
(3 7.61092e-16 0)
(3 7.8383e-16 0)
(3 2.18827e-15 0)
(3 2.87562e-15 0)
(3 4.27559e-15 0)
(3 5.50267e-15 0)
(3 1.82666e-15 0)
(3 -3.19515e-16 0)
(3 1.47245e-15 0)
(3 2.04531e-15 0)
(3 4.594e-15 0)
(3 6.64669e-15 0)
(3 7.81608e-15 0)
(3 5.13461e-15 0)
(3 4.07092e-15 0)
(3 5.36112e-15 0)
(3 6.01687e-16 0)
(3 -5.71206e-16 0)
(3 3.23925e-15 0)
(3 4.1006e-15 0)
(3 5.48728e-15 0)
(3 8.18045e-15 0)
(3 9.26819e-15 0)
(3 6.85734e-15 0)
(3 2.52725e-15 0)
(3 4.32243e-15 0)
(3 4.37379e-15 0)
(3 1.93481e-15 0)
(3 6.04385e-15 0)
(3 6.06088e-15 0)
(3 5.40934e-15 0)
(3 5.00808e-15 0)
(3 5.86994e-15 0)
(3 6.52309e-15 0)
(3 5.14153e-15 0)
(3 5.71806e-15 0)
(3 5.17036e-15 0)
(3 4.79293e-15 0)
(3 6.77868e-15 0)
(3 5.89369e-15 0)
(3 5.35601e-15 0)
(3 3.92682e-15 0)
(3 2.38001e-15 0)
(3 2.54896e-15 0)
(3 2.73073e-15 0)
(3 2.78799e-15 0)
(3 4.19298e-16 0)
(3 3.8416e-15 0)
(3 5.3812e-15 0)
(3 4.50862e-15 0)
(3 2.83766e-15 0)
(3 2.25426e-15 0)
(3 4.58543e-16 0)
(3 -2.71614e-15 0)
(3 -3.34078e-15 0)
(3 -4.21092e-15 0)
(3 -4.76448e-15 0)
(3 3.35186e-15 0)
(3 2.68805e-15 0)
(3 2.88399e-15 0)
(3 2.40533e-15 0)
(3 1.44501e-15 0)
(3 1.41812e-16 0)
(3 -3.15496e-15 0)
(3 -4.12489e-15 0)
(3 9.36956e-17 0)
(3 1.5195e-15 0)
(3 -1.64021e-15 0)
(3 -7.2237e-17 0)
(3 6.78294e-16 0)
(3 1.68099e-15 0)
(3 2.11835e-15 0)
(3 3.64641e-15 0)
(3 2.91746e-15 0)
(3 1.07399e-15 0)
(3 -8.76061e-16 0)
(3 7.34026e-16 0)
(3 -2.64034e-15 0)
(3 -2.2167e-16 0)
(3 -6.31708e-16 0)
(3 -5.09031e-16 0)
(3 3.3482e-16 0)
(3 8.45055e-16 0)
(3 2.5703e-15 0)
(3 4.02094e-15 0)
(3 6.45612e-16 0)
(3 2.76101e-16 0)
(3 -4.50975e-16 0)
(3 1.36211e-15 0)
(3 6.89246e-16 0)
(3 -6.2909e-17 0)
(3 -2.28495e-15 0)
(3 -3.00515e-15 0)
(3 -2.47301e-15 0)
(3 2.19373e-15 0)
(3 4.6929e-15 0)
(3 4.36379e-15 0)
(3 9.30936e-16 0)
(3 1.99834e-15 0)
(3 2.18296e-15 0)
(3 1.28736e-15 0)
(3 -4.67521e-16 0)
(3 -2.25051e-15 0)
(3 -2.05786e-15 0)
(3 2.78658e-16 0)
(3 3.85415e-15 0)
(3 1.34536e-15 0)
(3 4.26869e-16 0)
(3 1.9093e-15 0)
(3 1.94759e-15 0)
(3 1.31934e-15 0)
(3 2.01453e-15 0)
(3 2.91025e-15 0)
(3 3.39009e-15 0)
(3 1.80801e-15 0)
(3 -1.49298e-15 0)
(3 -2.56666e-15 0)
(3 -4.5302e-15 0)
(3 -1.77228e-15 0)
(3 -2.283e-15 0)
(3 -2.09944e-15 0)
(3 -1.49754e-15 0)
(3 -8.08655e-16 0)
(3 3.07794e-16 0)
(3 1.3768e-15 0)
(3 5.45352e-16 0)
(3 1.64762e-15 0)
(3 1.30672e-15 0)
(3 -3.23283e-15 0)
(3 -3.24863e-15 0)
(3 -2.25892e-15 0)
(3 -4.6066e-16 0)
(3 1.18065e-15 0)
(3 2.29637e-16 0)
(3 1.77689e-15 0)
(3 3.53305e-15 0)
(3 3.22012e-15 0)
(3 5.23095e-16 0)
(3 -9.94971e-16 0)
(3 -6.426e-16 0)
(3 -9.41507e-17 0)
(3 1.1844e-16 0)
(3 -1.64489e-15 0)
(3 -2.2935e-15 0)
(3 -5.71842e-15 0)
(3 -3.39172e-15 0)
(3 -7.33714e-16 0)
(3 -1.02174e-15 0)
(3 5.09009e-15 0)
(3 4.63606e-15 0)
(3 3.76502e-15 0)
(3 2.48124e-15 0)
(3 2.02501e-15 0)
(3 1.64952e-15 0)
(3 -2.66379e-15 0)
(3 -4.58831e-15 0)
(3 -1.23193e-15 0)
(3 -1.94835e-16 0)
(3 4.63169e-15 0)
(3 4.42814e-15 0)
(3 4.49054e-15 0)
(3 4.27972e-15 0)
(3 3.40149e-15 0)
(3 2.91892e-15 0)
(3 3.15741e-15 0)
(3 1.06988e-15 0)
(3 -5.12516e-16 0)
(3 -2.4737e-15 0)
(3 -1.88663e-15 0)
(3 -1.91435e-15 0)
(3 -1.61571e-15 0)
(3 -1.84683e-15 0)
(3 -1.88056e-15 0)
(3 -1.75751e-15 0)
(3 -1.38772e-15 0)
(3 -8.47335e-16 0)
(3 -3.29919e-16 0)
(3 2.68583e-15 0)
(3 -1.6295e-15 0)
(3 -1.39261e-15 0)
(3 -1.35293e-15 0)
(3 -8.13002e-16 0)
(3 5.50566e-16 0)
(3 -4.31476e-17 0)
(3 -1.60789e-16 0)
(3 -8.60454e-17 0)
(3 1.03888e-15 0)
(3 2.47885e-15 0)
(3 5.82613e-15 0)
(3 3.72271e-15 0)
(3 2.29569e-15 0)
(3 -2.02799e-16 0)
(3 3.28987e-16 0)
(3 2.31466e-15 0)
(3 1.72617e-15 0)
(3 2.20466e-15 0)
(3 -2.38382e-15 0)
(3 -3.72438e-15 0)
(3 -4.22469e-16 0)
(3 6.25709e-15 0)
(3 4.44608e-15 0)
(3 -1.60618e-15 0)
(3 -1.35605e-15 0)
(3 5.73155e-15 0)
(3 2.34295e-15 0)
(3 9.71245e-16 0)
(3 -1.96109e-16 0)
(3 5.96542e-16 0)
(3 2.36648e-15 0)
(3 1.62462e-15 0)
(3 2.39862e-15 0)
(3 -3.00215e-15 0)
(3 -3.81689e-15 0)
(3 4.4708e-16 0)
(3 7.09094e-15 0)
(3 4.31888e-15 0)
(3 -1.27881e-15 0)
(3 -6.39444e-16 0)
(3 5.40874e-15 0)
(3 1.27278e-15 0)
(3 3.33599e-16 0)
(3 -1.15447e-16 0)
(3 3.34466e-16 0)
(3 2.60488e-15 0)
(3 1.57664e-15 0)
(3 2.61159e-15 0)
(3 -3.24534e-15 0)
(3 -3.82649e-15 0)
(3 7.71672e-16 0)
(3 7.57124e-15 0)
(3 4.15123e-15 0)
(3 -1.0601e-15 0)
(3 -4.25221e-16 0)
(3 4.76691e-15 0)
(3 1.05374e-15 0)
(3 3.82687e-16 0)
(3 -3.44304e-16 0)
(3 1.22727e-15 0)
(3 2.92024e-15 0)
(3 8.83618e-16 0)
(3 2.39362e-15 0)
(3 -3.54597e-15 0)
(3 -3.80111e-15 0)
(3 1.32163e-15 0)
(3 7.87354e-15 0)
(3 3.87431e-15 0)
(3 -9.31197e-16 0)
(3 -1.95281e-16 0)
(3 3.9511e-15 0)
(3 1.07854e-15 0)
(3 3.81903e-16 0)
(3 -2.89946e-16 0)
(3 2.08384e-15 0)
(3 3.53131e-15 0)
(3 5.76111e-16 0)
(3 2.07228e-15 0)
(3 -3.47778e-15 0)
(3 -3.63172e-15 0)
(3 1.7183e-15 0)
(3 8.09566e-15 0)
(3 3.65307e-15 0)
(3 -9.14424e-16 0)
(3 4.17831e-17 0)
(3 3.59193e-15 0)
(3 9.86572e-16 0)
(3 3.74122e-16 0)
(3 1.27982e-16 0)
(3 2.2039e-15 0)
(3 4.21581e-15 0)
(3 3.54389e-16 0)
(3 1.67302e-15 0)
(3 -3.17473e-15 0)
(3 -3.3081e-15 0)
(3 2.00654e-15 0)
(3 8.25168e-15 0)
(3 3.20304e-15 0)
(3 -8.9533e-16 0)
(3 1.69453e-16 0)
(3 3.353e-15 0)
(3 9.07682e-16 0)
(3 4.4345e-16 0)
(3 2.97382e-16 0)
(3 2.77216e-15 0)
(3 4.74647e-15 0)
(3 -7.9472e-17 0)
(3 1.6116e-15 0)
(3 -3.13271e-15 0)
(3 -2.99722e-15 0)
(3 2.55142e-15 0)
(3 8.31456e-15 0)
(3 2.98436e-15 0)
(3 -8.01559e-16 0)
(3 1.93516e-16 0)
(3 2.62226e-15 0)
(3 6.23793e-16 0)
(3 7.98167e-16 0)
(3 4.84752e-16 0)
(3 3.19559e-15 0)
(3 5.00872e-15 0)
(3 -2.22668e-16 0)
(3 1.43813e-15 0)
(3 -3.12048e-15 0)
(3 -2.66582e-15 0)
(3 2.56978e-15 0)
(3 8.35327e-15 0)
(3 2.91851e-15 0)
(3 -7.93961e-16 0)
(3 3.6127e-16 0)
(3 2.22637e-15 0)
(3 3.02519e-16 0)
(3 1.22434e-15 0)
(3 6.90169e-16 0)
(3 3.43511e-15 0)
(3 5.34237e-15 0)
(3 -2.31224e-16 0)
(3 1.36661e-15 0)
(3 -3.08001e-15 0)
(3 -2.43553e-15 0)
(3 2.73192e-15 0)
(3 8.56359e-15 0)
(3 2.64256e-15 0)
(3 -4.6991e-16 0)
(3 7.28475e-16 0)
(3 1.00256e-15 0)
(3 8.15723e-16 0)
(3 1.20865e-15 0)
(3 -4.59683e-17 0)
(3 3.42139e-15 0)
(3 6.03666e-15 0)
(3 6.59655e-16 0)
(3 1.59526e-15 0)
(3 -3.01942e-15 0)
(3 -2.29869e-15 0)
(3 2.79456e-15 0)
(3 8.73776e-15 0)
(3 2.44411e-15 0)
(3 -2.07215e-16 0)
(3 8.02377e-16 0)
(3 -1.23926e-06 0)
(3 -1.42739e-08 0)
(3 7.61994e-11 0)
(3 1.26088e-11 0)
(3 4.02074e-13 0)
(3 2.73233e-15 0)
(3 1.35e-15 0)
(3 1.39093e-15 0)
(3 -3.09681e-15 0)
(3 -2.2514e-15 0)
(3 2.78277e-15 0)
(3 8.8367e-15 0)
(3 2.3874e-15 0)
(3 1.19016e-16 0)
(3 8.42939e-16 0)
(3.00001 2.17506e-05 0)
(3 -1.20392e-07 0)
(3 -2.38393e-08 0)
(3 -1.16413e-09 0)
(3 1.18439e-12 0)
(3 2.77692e-14 0)
(3 7.01799e-15 0)
(3 1.3956e-15 0)
(3 -3.31671e-15 0)
(3 -2.20531e-15 0)
(3 2.52334e-15 0)
(3 8.96825e-15 0)
(3 2.64597e-15 0)
(3 3.91237e-16 0)
(3 9.50828e-16 0)
(3.00075 0.00154569 0)
(3.00003 0.000107834 0)
(3 3.49987e-06 0)
(3 -2.13681e-08 0)
(3 -1.20048e-10 0)
(3 -2.14135e-11 0)
(3 -5.83851e-13 0)
(3 -1.78603e-16 0)
(3 -3.15887e-15 0)
(3 -2.11729e-15 0)
(3 2.45534e-15 0)
(3 8.82386e-15 0)
(3 2.56465e-15 0)
(3 8.45746e-16 0)
(3 1.13134e-15 0)
(2.99342 -0.0498666 0)
(2.99998 -0.00109325 0)
(3 1.33758e-06 0)
(3 4.27697e-07 0)
(3 7.63047e-09 0)
(3 -6.16743e-12 0)
(3 -7.08792e-13 0)
(3 -3.70639e-14 0)
(3 -5.14084e-15 0)
(3 -2.38598e-15 0)
(3 2.12366e-15 0)
(3 8.08993e-15 0)
(3 2.43183e-15 0)
(3 1.55893e-15 0)
(3 1.2003e-15 0)
(2.5681 -0.578014 0)
(2.99029 -0.0389864 0)
(3.00022 -0.00038179 0)
(3 1.28374e-06 0)
(3 2.64535e-07 0)
(3 1.31897e-08 0)
(3 1.70966e-10 0)
(3 4.05831e-13 0)
(3 -2.18558e-15 0)
(3 -2.31561e-15 0)
(3 2.14624e-15 0)
(3 6.81755e-15 0)
(3 3.02626e-15 0)
(3 1.85671e-15 0)
(3 1.20106e-15 0)
(2.17857 -0.900647 0)
(2.66915 -0.451026 0)
(2.98529 -0.0336785 0)
(2.99999 -0.000390943 0)
(3 -2.41386e-06 0)
(3 -1.1044e-08 0)
(3 5.55143e-10 0)
(3 2.07727e-11 0)
(3 1.72887e-14 0)
(3 -7.05113e-15 0)
(3 2.45977e-16 0)
(3 4.86021e-15 0)
(3 4.64707e-15 0)
(3 2.92989e-15 0)
(3 1.45316e-15 0)
(2.17989 -0.878303 0)
(2.41563 -0.739778 0)
(2.84684 -0.26879 0)
(2.99565 -0.0151174 0)
(3 -8.88141e-05 0)
(3 9.55385e-07 0)
(3 5.80906e-09 0)
(3 1.07924e-09 0)
(3 6.38903e-11 0)
(3 1.16894e-12 0)
(3 9.69887e-15 0)
(3 4.00169e-15 0)
(3 4.44292e-15 0)
(3 3.57734e-15 0)
(3 1.76242e-15 0)
(2.20472 -0.807556 0)
(2.24787 -0.805988 0)
(2.57831 -0.56362 0)
(2.94113 -0.122161 0)
(2.99886 -0.00510602 0)
(2.99999 -7.07311e-05 0)
(3 -8.56365e-07 0)
(3 -1.09641e-08 0)
(3 -4.45099e-11 0)
(3 -2.68327e-13 0)
(3 -9.12896e-15 0)
(3 2.03139e-15 0)
(3 4.27113e-15 0)
(3 5.1015e-15 0)
(3 2.45962e-15 0)
(2.28264 -0.648906 0)
(2.25459 -0.789558 0)
(2.40102 -0.738205 0)
(2.7805 -0.373309 0)
(2.99001 -0.0355732 0)
(3.00004 -0.000469443 0)
(3 1.14038e-06 0)
(3 8.39726e-08 0)
(3 1.54578e-08 0)
(3 6.43699e-10 0)
(3 8.43581e-12 0)
(3 6.41874e-14 0)
(3 4.18224e-15 0)
(3 6.0461e-15 0)
(3 3.13903e-15 0)
(2.40612 -0.426657 0)
(2.27084 -0.705226 0)
(2.34084 -0.737006 0)
(2.54961 -0.601589 0)
(2.85932 -0.240628 0)
(2.98709 -0.0321916 0)
(2.99955 -0.00157301 0)
(2.99999 -3.87193e-05 0)
(3 -5.86622e-07 0)
(3 -5.94664e-09 0)
(3 -4.26711e-11 0)
(3 -2.24448e-13 0)
(3 2.40325e-15 0)
(3 7.14582e-15 0)
(3 3.84564e-15 0)
(2.51073 -0.132638 0)
(2.32701 -0.594853 0)
(2.348 -0.706904 0)
(2.43415 -0.686547 0)
(2.72097 -0.444759 0)
(2.96854 -0.0702974 0)
(2.99897 -0.00341317 0)
(2.99998 -7.26111e-05 0)
(3 -1.09675e-06 0)
(3 -1.24159e-08 0)
(3 -1.06101e-10 0)
(3 -6.91525e-13 0)
(3 5.33002e-16 0)
(3 8.22858e-15 0)
(3 4.34583e-15 0)
(2.57625 -0.0431368 0)
(2.47222 -0.278413 0)
(2.3743 -0.623979 0)
(2.43181 -0.679841 0)
(2.59393 -0.604633 0)
(2.84784 -0.312464 0)
(2.98535 -0.0372593 0)
(2.99964 -0.000915509 0)
(3 -9.78327e-06 0)
(3 -8.21946e-08 0)
(3 -6.37049e-10 0)
(3 -4.45427e-12 0)
(3 -2.70248e-14 0)
(3 9.05312e-15 0)
(3 4.90461e-15 0)
(2.5627 -0.0607609 0)
(2.53249 -0.0940433 0)
(2.46082 -0.424928 0)
(2.43214 -0.645128 0)
(2.5256 -0.629027 0)
(2.73908 -0.47165 0)
(2.95144 -0.132119 0)
(2.99755 -0.00748813 0)
(2.99996 -0.00010713 0)
(3 -8.86353e-07 0)
(3 -6.15669e-09 0)
(3 -3.91843e-11 0)
(3 -2.34343e-13 0)
(3 9.24824e-15 0)
(3 5.30396e-15 0)
(2.58977 0.132703 0)
(2.53092 -0.0598243 0)
(2.54483 -0.168152 0)
(2.47556 -0.527107 0)
(2.52365 -0.616647 0)
(2.6133 -0.579779 0)
(2.82208 -0.372297 0)
(2.97485 -0.0638222 0)
(2.99915 -0.00208493 0)
(2.99999 -2.17388e-05 0)
(3 -1.51237e-07 0)
(3 -8.93012e-10 0)
(3 -4.63882e-12 0)
(3 -1.30117e-14 0)
(3 5.4036e-15 0)
(2.63817 0.28146 0)
(2.61997 0.12216 0)
(2.5627 -0.154672 0)
(2.52753 -0.377578 0)
(2.52874 -0.569122 0)
(2.61023 -0.58138 0)
(2.74767 -0.486026 0)
(2.93209 -0.174987 0)
(2.99524 -0.0130788 0)
(2.9999 -0.000237718 0)
(3 -1.9887e-06 0)
(3 -1.30374e-08 0)
(3 -7.65578e-11 0)
(3 -3.80347e-13 0)
(3 2.73989e-15 0)
(2.65969 0.413608 0)
(2.65116 0.2958 0)
(2.58653 -0.0218203 0)
(2.5753 -0.236859 0)
(2.56526 -0.465621 0)
(2.60888 -0.566917 0)
(2.66715 -0.551853 0)
(2.82443 -0.385491 0)
(2.9669 -0.083797 0)
(2.99863 -0.00328504 0)
(2.99998 -3.86334e-05 0)
(3 -2.73285e-07 0)
(3 -1.58828e-09 0)
(3 -8.54309e-12 0)
(3 -3.28929e-14 0)
(2.67247 0.435465 0)
(2.65414 0.352782 0)
(2.62102 0.102231 0)
(2.64986 0.00851655 0)
(2.61032 -0.32524 0)
(2.62141 -0.509916 0)
(2.66645 -0.549291 0)
(2.77446 -0.467658 0)
(2.92795 -0.188622 0)
(2.99352 -0.0172543 0)
(2.99985 -0.000354669 0)
(3 -3.19437e-06 0)
(3 -2.17563e-08 0)
(3 -1.24331e-10 0)
(3 -5.71042e-13 0)
(2.67922 0.4495 0)
(2.69628 0.382795 0)
(2.65459 0.0943796 0)
(2.65637 0.0313898 0)
(2.65433 -0.180536 0)
(2.65376 -0.408685 0)
(2.66951 -0.532038 0)
(2.7136 -0.520568 0)
(2.84151 -0.365384 0)
(2.9661 -0.0848507 0)
(2.99837 -0.00374833 0)
(2.99998 -4.75555e-05 0)
(3 -3.55516e-07 0)
(3 -2.25346e-09 0)
(3 -1.05795e-11 0)
(2.68648 0.490977 0)
(2.71504 0.42297 0)
(2.66673 0.159196 0)
(2.69517 0.156046 0)
(2.70631 -0.0238226 0)
(2.6852 -0.310869 0)
(2.68664 -0.480347 0)
(2.71331 -0.519463 0)
(2.78983 -0.457969 0)
(2.91985 -0.19973 0)
(2.99164 -0.0205504 0)
(2.9998 -0.000473284 0)
(3 -4.37095e-06 0)
(3 -2.83716e-08 0)
(3 -1.48221e-10 0)
(2.68983 0.504765 0)
(2.70605 0.427118 0)
(2.67978 0.257933 0)
(2.71898 0.268926 0)
(2.72931 0.0332589 0)
(2.74707 -0.128877 0)
(2.7199 -0.389394 0)
(2.7189 -0.50277 0)
(2.75232 -0.49247 0)
(2.86001 -0.333732 0)
(2.9696 -0.0760719 0)
(2.99851 -0.00342174 0)
(2.99998 -4.5409e-05 0)
(3 -3.62137e-07 0)
(3 -1.91372e-09 0)
(2.7145 0.556735 0)
(2.71064 0.454217 0)
(2.71113 0.331885 0)
(2.74332 0.297154 0)
(2.72937 0.0230959 0)
(2.76487 -0.0455453 0)
(2.75455 -0.278463 0)
(2.73638 -0.45586 0)
(2.75322 -0.489682 0)
(2.81125 -0.43227 0)
(2.92026 -0.197852 0)
(2.9912 -0.0208652 0)
(2.99978 -0.000488042 0)
(3 -4.55396e-06 0)
(3 -2.76897e-08 0)
(2.72991 0.587821 0)
(2.72084 0.492024 0)
(2.7306 0.393716 0)
(2.76753 0.320843 0)
(2.74923 0.0885394 0)
(2.79246 0.0569696 0)
(2.79269 -0.164129 0)
(2.76867 -0.37484 0)
(2.75917 -0.474648 0)
(2.78347 -0.465744 0)
(2.87721 -0.298996 0)
(2.97297 -0.0668775 0)
(2.9987 -0.00305452 0)
(2.99998 -4.00471e-05 0)
(3 -2.59724e-07 0)
(2.72923 0.644555 0)
(2.72671 0.521116 0)
(2.75498 0.430818 0)
(2.79263 0.329649 0)
(2.75844 0.123919 0)
(2.81052 0.156269 0)
(2.82164 -0.0638955 0)
(2.80945 -0.260309 0)
(2.77527 -0.435456 0)
(2.78439 -0.463056 0)
(2.8318 -0.395706 0)
(2.93218 -0.166153 0)
(2.99267 -0.0167347 0)
(2.99981 -0.000414158 0)
(3 -3.46437e-06 0)
(2.74882 0.646356 0)
(2.74597 0.579574 0)
(2.78681 0.453332 0)
(2.80523 0.328619 0)
(2.78307 0.20432 0)
(2.8267 0.211113 0)
(2.83395 -0.0296509 0)
(2.84433 -0.14529 0)
(2.80628 -0.356034 0)
(2.78919 -0.451005 0)
(2.80643 -0.441466 0)
(2.87616 -0.301518 0)
(2.97305 -0.0639834 0)
(2.99887 -0.00255169 0)
(2.99998 -2.86444e-05 0)
(2.74395 0.603993 0)
(2.77871 0.607419 0)
(2.80908 0.470117 0)
(2.82036 0.381714 0)
(2.82432 0.284785 0)
(2.8514 0.270029 0)
(2.83829 0.00500577 0)
(2.8614 -0.0810515 0)
(2.83959 -0.261715 0)
(2.80418 -0.416346 0)
(2.80764 -0.438535 0)
(2.86084 -0.338053 0)
(2.94912 -0.128471 0)
(2.99426 -0.0140139 0)
(2.99984 -0.000251905 0)
(2.72811 0.447253 0)
(2.79973 0.565671 0)
(2.82178 0.516465 0)
(2.81867 0.416048 0)
(2.83631 0.341467 0)
(2.8753 0.300086 0)
(2.85876 0.0838818 0)
(2.89306 0.0354623 0)
(2.86681 -0.179653 0)
(2.83055 -0.352935 0)
(2.81162 -0.429235 0)
(2.82681 -0.41102 0)
(2.88826 -0.277875 0)
(2.98041 -0.0450966 0)
(2.99899 -0.00157494 0)
(2.68955 0.208623 0)
(2.77348 0.50226 0)
(2.82448 0.52687 0)
(2.83655 0.460984 0)
(2.86673 0.363856 0)
(2.90879 0.305686 0)
(2.87531 0.101587 0)
(2.90327 0.118981 0)
(2.88696 -0.0995311 0)
(2.86336 -0.26181 0)
(2.8252 -0.4004 0)
(2.82617 -0.414633 0)
(2.86848 -0.321401 0)
(2.94909 -0.126416 0)
(2.99436 -0.00909348 0)
(2.66926 0.132873 0)
(2.75405 0.331568 0)
(2.82201 0.520475 0)
(2.84605 0.508503 0)
(2.89689 0.398607 0)
(2.93453 0.312355 0)
(2.8883 0.153737 0)
(2.91258 0.174441 0)
(2.90696 -0.0238108 0)
(2.89151 -0.177264 0)
(2.84663 -0.349795 0)
(2.8281 -0.409445 0)
(2.84723 -0.370946 0)
(2.91591 -0.214239 0)
(2.98121 -0.0273773 0)
(2.66979 0.0335558 0)
(2.75669 0.180002 0)
(2.82808 0.455785 0)
(2.87792 0.4984 0)
(2.91661 0.422793 0)
(2.91796 0.316097 0)
(2.92417 0.243804 0)
(2.93674 0.228665 0)
(2.91793 -0.000372879 0)
(2.91753 -0.0888265 0)
(2.87648 -0.26888 0)
(2.83688 -0.390199 0)
(2.84387 -0.382382 0)
(2.88493 -0.303711 0)
(2.94871 -0.0803124 0)
(2.62515 0.00741427 0)
(2.71889 0.0440993 0)
(2.80428 0.205132 0)
(2.88425 0.419377 0)
(2.91893 0.427207 0)
(2.93082 0.389498 0)
(2.93845 0.301421 0)
(2.96806 0.264504 0)
(2.93462 0.0586156 0)
(2.9443 0.0309813 0)
(2.9113 -0.162417 0)
(2.86937 -0.314843 0)
(2.84753 -0.378355 0)
(2.87435 -0.342882 0)
(2.87985 -0.1552 0)
(2.63202 0.133609 0)
(2.68947 0.233559 0)
(2.78779 0.31707 0)
(2.75137 0.396905 0)
(2.71875 0.479771 0)
(2.70951 0.552336 0)
(2.71598 0.581036 0)
(2.67292 0.527585 0)
(2.66196 0.558082 0)
(2.67929 0.615476 0)
(2.70539 0.643022 0)
(2.74562 0.693558 0)
(2.74118 0.697837 0)
(2.72184 0.641407 0)
(2.67799 0.375969 0)
(2.65437 0.158666 0)
(2.61238 -0.0323782 0)
(2.57228 0.0015133 0)
(2.56626 0.0241427 0)
(2.57879 0.0137244 0)
(2.67806 0.285585 0)
(2.71583 0.381714 0)
(2.78072 0.479337 0)
(2.77289 0.545397 0)
(2.75348 0.596237 0)
(2.76188 0.65486 0)
(2.76165 0.640148 0)
(2.72511 0.622733 0)
(2.69109 0.643977 0)
(2.67997 0.672483 0)
(2.7101 0.693134 0)
(2.73185 0.721654 0)
(2.72811 0.659379 0)
(2.67764 0.39819 0)
(2.63297 0.137363 0)
(2.59959 0.0203959 0)
(2.59328 -0.0143806 0)
(2.57853 -0.00835844 0)
(2.56003 0.0222252 0)
(2.5684 0.0150293 0)
(2.71231 0.464234 0)
(2.7326 0.581853 0)
(2.74705 0.650354 0)
(2.75638 0.676416 0)
(2.77908 0.693867 0)
(2.81293 0.727945 0)
(2.804 0.718185 0)
(2.76038 0.693222 0)
(2.71634 0.718948 0)
(2.67399 0.729499 0)
(2.69422 0.743707 0)
(2.70933 0.642892 0)
(2.67035 0.362775 0)
(2.62208 0.141182 0)
(2.59085 -0.0257019 0)
(2.58592 -0.00670998 0)
(2.58953 -0.0122089 0)
(2.58146 -0.0140211 0)
(2.57127 0.00547096 0)
(2.57002 0.0120246 0)
(2.73636 0.632488 0)
(2.73326 0.711962 0)
(2.72432 0.790398 0)
(2.73961 0.80021 0)
(2.78452 0.801951 0)
(2.8288 0.806349 0)
(2.81762 0.79817 0)
(2.78347 0.793026 0)
(2.73255 0.810992 0)
(2.7078 0.797686 0)
(2.69582 0.603967 0)
(2.68138 0.326371 0)
(2.64104 0.131879 0)
(2.59628 0.00532469 0)
(2.58565 -0.000857579 0)
(2.59115 0.0133631 0)
(2.59193 0.0113401 0)
(2.58327 0.00195834 0)
(2.57674 0.00572525 0)
(2.57035 0.00922295 0)
(2.72611 0.862671 0)
(2.72118 0.917513 0)
(2.71721 0.929433 0)
(2.73453 0.923195 0)
(2.78874 0.897207 0)
(2.82476 0.883471 0)
(2.83627 0.874086 0)
(2.78924 0.909145 0)
(2.7293 0.860551 0)
(2.71409 0.502344 0)
(2.72996 0.27303 0)
(2.65969 0.0853573 0)
(2.62245 0.0108732 0)
(2.59484 -0.00268583 0)
(2.57529 0.0070433 0)
(2.58899 0.0225156 0)
(2.59109 0.0240563 0)
(2.58466 0.0144886 0)
(2.57021 0.00275079 0)
(2.56272 0.00478506 0)
(2.70439 1.086 0)
(2.72258 1.04988 0)
(2.70018 1.06558 0)
(2.73655 1.04039 0)
(2.77997 1.00709 0)
(2.79562 0.961501 0)
(2.78644 0.923695 0)
(2.77855 0.742284 0)
(2.72431 0.463441 0)
(2.71679 0.217941 0)
(2.63488 0.0747785 0)
(2.60222 0.0242177 0)
(2.58368 0.000118684 0)
(2.5645 0.00806562 0)
(2.55346 0.0216576 0)
(2.56362 0.0231467 0)
(2.56542 0.0233778 0)
(2.56218 0.0168865 0)
(2.54278 0.00174042 0)
(2.53015 0.000650664 0)
(2.69982 1.22813 0)
(2.71504 1.20953 0)
(2.69795 1.23432 0)
(2.72019 1.19098 0)
(2.73689 1.04722 0)
(2.77736 0.805876 0)
(2.72896 0.409239 0)
(2.73401 0.306318 0)
(2.58393 0.095223 0)
(2.5447 0.0671545 0)
(2.51807 0.0373972 0)
(2.5143 0.016613 0)
(2.50745 0.0063041 0)
(2.50146 0.0162603 0)
(2.49976 0.0290148 0)
(2.49356 0.0328631 0)
(2.49185 0.0303358 0)
(2.49158 0.016271 0)
(2.48044 -0.000280852 0)
(2.46563 -2.4544e-05 0)
(2.68441 1.45525 0)
(2.66642 1.41418 0)
(2.60848 1.0973 0)
(2.62073 0.826207 0)
(2.58047 0.429609 0)
(2.6251 0.269949 0)
(2.51633 0.0280202 0)
(2.45438 0.0587258 0)
(2.40093 0.0378116 0)
(2.41235 0.0304195 0)
(2.4045 0.0290364 0)
(2.39494 0.0072854 0)
(2.39671 -0.00751473 0)
(2.3976 0.00413901 0)
(2.3881 0.0248628 0)
(2.38162 0.0282972 0)
(2.38217 0.0221741 0)
(2.38712 0.0072459 0)
(2.38916 -0.00414268 0)
(2.38478 -0.00125577 0)
(2.26153 0.713302 0)
(2.29715 0.508348 0)
(2.31456 0.348306 0)
(2.31143 0.177029 0)
(2.26894 0.0273905 0)
(2.26371 0.010007 0)
(2.25284 -0.00559303 0)
(2.28435 0.0228993 0)
(2.28815 0.0283022 0)
(2.27211 0.0235526 0)
(2.26408 0.0156935 0)
(2.26935 0.00361077 0)
(2.28573 0.00489556 0)
(2.28607 0.0174894 0)
(2.28473 0.0207762 0)
(2.28916 0.00701215 0)
(2.29445 -0.000831979 0)
(2.30675 -0.00703816 0)
(2.31497 -0.00873915 0)
(2.31827 -0.00154216 0)
(1.90159 0.13521 0)
(2.02693 0.133438 0)
(2.08794 0.0818944 0)
(2.11705 0.0534861 0)
(2.12006 0.00861866 0)
(2.12914 0.0087045 0)
(2.17261 0.00883649 0)
(2.19316 0.0204861 0)
(2.20659 0.0196009 0)
(2.20732 0.00840221 0)
(2.20154 0.000587254 0)
(2.2073 -0.00540693 0)
(2.22672 -0.00245313 0)
(2.23108 0.00127738 0)
(2.24113 0.00277261 0)
(2.25243 -0.00281164 0)
(2.25909 -0.00488161 0)
(2.27318 -0.00550386 0)
(2.28268 0.00153113 0)
(2.28766 0.000942636 0)
)
;

boundaryField
{
    inlet
    {
        type            fixedValue;
        value           uniform (3 0 0);
    }
    outlet
    {
        type            inletOutlet;
        inletValue      uniform (3 0 0);
        value           nonuniform List<vector> 
50
(
(2.62553 -0.0101607 0)
(2.72034 -0.0489106 0)
(2.80506 -0.202192 0)
(2.88358 -0.41714 0)
(2.91745 -0.428035 0)
(2.93139 -0.396985 0)
(2.93907 -0.295732 0)
(2.96679 -0.264243 0)
(2.93594 -0.060152 0)
(2.94478 -0.0297295 0)
(2.91131 0.161919 0)
(2.86929 0.314751 0)
(2.84768 0.377965 0)
(2.87442 0.34278 0)
(2.87992 0.15522 0)
(2.28598 0.000687979 0)
(2.31823 0.00417223 0)
(2.38423 0.00658086 0)
(2.46371 0.0050163 0)
(2.52961 0.00361126 0)
(2.56518 -0.00100719 0)
(2.57575 -0.00917395 0)
(2.57373 -0.0135025 0)
(2.57038 -0.0173238 0)
(2.57953 -0.0140604 0)
(2.57879 0.0137244 0)
(2.5684 0.0150293 0)
(2.57002 0.0120246 0)
(2.57035 0.00922295 0)
(2.56272 0.00478506 0)
(2.53015 0.000650664 0)
(2.46563 -2.4544e-05 0)
(2.38478 -0.00125577 0)
(2.31827 -0.00154216 0)
(2.28766 0.000942636 0)
(2.62515 0.00741427 0)
(2.71889 0.0440993 0)
(2.80428 0.205132 0)
(2.88425 0.419377 0)
(2.91893 0.427207 0)
(2.93082 0.389498 0)
(2.93845 0.301421 0)
(2.96806 0.264504 0)
(2.93462 0.0586156 0)
(2.9443 0.0309813 0)
(2.9113 -0.162417 0)
(2.86937 -0.314843 0)
(2.84753 -0.378355 0)
(2.87435 -0.342882 0)
(2.87985 -0.1552 0)
)
;
    }
    airfoil
    {
        type            slip;
    }
    top
    {
        type            symmetryPlane;
    }
    bottom
    {
        type            symmetryPlane;
    }
    defaultFaces
    {
        type            empty;
    }
}


// ************************************************************************* //
