/*--------------------------------*- C++ -*----------------------------------*\
  =========                 |
  \\      /  F ield         | OpenFOAM: The Open Source CFD Toolbox
   \\    /   O peration     | Website:  https://openfoam.org
    \\  /    A nd           | Version:  7
     \\/     M anipulation  |
\*---------------------------------------------------------------------------*/
FoamFile
{
    version     2.0;
    format      ascii;
    class       volScalarField;
    location    "0.6";
    object      T;
}
// * * * * * * * * * * * * * * * * * * * * * * * * * * * * * * * * * * * * * //

dimensions      [0 0 0 1 0 0 0];

internalField   nonuniform List<scalar> 
3700
(
100.386
100.49
100.51
100.553
100.613
100.654
100.67
100.673
100.66
100.647
100.648
100.666
100.687
100.696
100.695
100.7
100.714
100.731
100.751
100.787
100.257
100.344
100.429
100.485
100.51
100.592
100.678
100.688
100.675
100.659
100.641
100.604
100.547
100.479
100.416
100.36
100.33
100.321
100.329
100.309
100.061
100.091
100.107
100.071
99.9956
99.8937
99.8224
99.8125
99.8028
99.8076
99.8221
99.8299
99.8418
99.859
99.8787
99.9112
99.9419
99.9709
99.9847
99.9823
100.064
100.085
100.088
100.05
99.9782
99.9228
99.9163
99.9074
99.9071
99.8869
99.8924
99.8662
99.8552
99.8536
99.8613
99.8919
99.9277
99.9799
100.013
100.058
100.097
100.086
100.062
99.9895
99.9398
99.9331
99.9676
100.007
99.9976
99.994
100.004
99.9916
99.9816
99.9739
99.9496
99.9327
99.9254
99.9522
100.007
100.081
100.17
100.091
99.987
99.908
99.8933
99.9158
99.9722
100.052
100.035
100.043
100.057
100.057
100.065
100.065
100.061
100.051
100.035
100.018
100.009
100.07
100.2
100.058
99.88
99.8403
99.8474
99.8888
99.9545
100.056
100.044
100.062
100.08
100.088
100.106
100.12
100.133
100.14
100.138
100.136
100.12
100.122
100.189
99.9651
99.8264
99.8062
99.8306
99.8777
99.9481
100.052
100.045
100.08
100.096
100.108
100.126
100.147
100.174
100.2
100.213
100.221
100.224
100.25
100.1
99.8799
99.82
99.8082
99.875
99.951
100.028
100.095
100.12
100.156
100.173
100.178
100.18
100.189
100.206
100.231
100.262
100.285
100.297
100.342
99.9769
99.8271
99.8315
99.8609
99.9773
100.067
100.11
100.154
100.203
100.228
100.255
100.26
100.273
100.285
100.291
100.296
100.311
100.336
100.358
100.401
99.8859
99.7818
99.8011
99.8658
100.029
100.126
100.143
100.199
100.251
100.273
100.309
100.325
100.349
100.365
100.381
100.393
100.406
100.415
100.434
100.439
99.7896
99.6982
99.7166
99.8558
100.041
100.143
100.149
100.21
100.287
100.33
100.367
100.386
100.41
100.433
100.457
100.479
100.496
100.507
100.529
100.519
99.715
99.6254
99.6601
99.8705
100.088
100.163
100.222
100.32
100.39
100.445
100.466
100.474
100.484
100.502
100.527
100.558
100.582
100.597
100.608
100.616
99.668
99.5782
99.6352
99.995
100.224
100.313
100.409
100.474
100.527
100.546
100.558
100.565
100.578
100.598
100.621
100.651
100.668
100.677
100.677
100.675
99.6125
99.559
99.7234
100.171
100.365
100.459
100.511
100.565
100.608
100.621
100.632
100.645
100.667
100.695
100.723
100.748
100.747
100.734
100.716
100.701
99.5237
99.5591
99.9849
100.324
100.473
100.557
100.606
100.653
100.684
100.702
100.716
100.732
100.755
100.783
100.802
100.796
100.782
100.744
100.639
100.492
99.378
99.788
100.256
100.481
100.6
100.671
100.715
100.758
100.787
100.798
100.808
100.821
100.834
100.841
100.832
100.792
100.676
100.493
100.249
100.06
99.4958
100.125
100.472
100.651
100.764
100.809
100.838
100.858
100.869
100.872
100.871
100.868
100.861
100.811
100.689
100.462
100.172
100.021
99.9988
99.9994
100.111
100.521
100.735
100.835
100.884
100.902
100.918
100.916
100.91
100.899
100.881
100.818
100.678
100.377
100.087
100
99.9988
99.9995
99.9999
100
100.695
100.834
100.91
100.946
100.96
100.953
100.95
100.921
100.835
100.749
100.543
100.2
100.02
99.9967
99.9986
99.9994
99.9999
100
100
100
100.997
100.993
100.99
100.987
100.981
100.949
100.866
100.421
99.8592
100
100
100
100
100
100
100
100
100
100
100
100.997
100.994
100.986
100.974
100.959
100.87
100.494
100.014
100
100
100
100
100
100
100
100
100
100
100
100
100.99
100.992
100.988
100.965
100.916
100.63
100.039
99.9993
100
100
100
100
100
100
100
100
100
100
100
100
100.985
100.992
100.987
100.954
100.79
100.241
99.9964
100
100
100
100
100
100
100
100
100
100
100
100
100
100.979
100.99
100.984
100.922
100.565
99.9921
100
100
100
100
100
100
100
100
100
100
100
100
100
100
100.976
100.987
100.979
100.831
100.279
100
100
100
100
100
100
100
100
100
100
100
100
100
100
100
100.975
100.983
100.971
100.702
99.9925
100
100
100
100
100
100
100
100
100
100
100
100
100
100
100
100.984
100.976
100.915
100.474
100
100
100
100
100
100
100
100
100
100
100
100
100
100
100
100
101.004
100.973
100.821
100.129
100
100
100
100
100
100
100
100
100
100
100
100
100
100
100
100
101.016
100.943
100.685
99.9964
100
100
100
100
100
100
100
100
100
100
100
100
100
100
100
100
101.024
100.911
100.513
100
100
100
100
100
100
100
100
100
100
100
100
100
100
100
100
100
101.028
100.858
100.336
100
100
100
100
100
100
100
100
100
100
100
100
100
100
100
100
100
101.031
100.803
100.122
100
100
100
100
100
100
100
100
100
100
100
100
100
100
100
100
100
101.023
100.734
100.008
100
100
100
100
100
100
100
100
100
100
100
100
100
100
100
100
100
101.009
100.659
100
100
100
100
100
100
100
100
100
100
100
100
100
100
100
100
100
100
100.984
100.571
100
100
100
100
100
100
100
100
100
100
100
100
100
100
100
100
100
100
100.953
100.425
100
100
100
100
100
100
100
100
100
100
100
100
100
100
100
100
100
100
100.906
100.229
100
100
100
100
100
100
100
100
100
100
100
100
100
100
100
100
100
100
100.859
100.005
100
100
100
100
100
100
100
100
100
100
100
100
100
100
100
100
100
100
100.807
100
100
100
100
100
100
100
100
100
100
100
100
100
100
100
100
100
100
100
100.807
100
100
100
100
100
100
100
100
100
100
100
100
100
100
100
100
100
100
100
100.859
100.005
100
100
100
100
100
100
100
100
100
100
100
100
100
100
100
100
100
100
100.906
100.229
100
100
100
100
100
100
100
100
100
100
100
100
100
100
100
100
100
100
100.953
100.425
100
100
100
100
100
100
100
100
100
100
100
100
100
100
100
100
100
100
100.984
100.571
100
100
100
100
100
100
100
100
100
100
100
100
100
100
100
100
100
100
101.009
100.659
100
100
100
100
100
100
100
100
100
100
100
100
100
100
100
100
100
100
101.023
100.734
100.008
100
100
100
100
100
100
100
100
100
100
100
100
100
100
100
100
100
101.031
100.803
100.122
100
100
100
100
100
100
100
100
100
100
100
100
100
100
100
100
100
101.028
100.858
100.336
100
100
100
100
100
100
100
100
100
100
100
100
100
100
100
100
100
101.024
100.911
100.513
100
100
100
100
100
100
100
100
100
100
100
100
100
100
100
100
100
101.016
100.943
100.685
99.9964
100
100
100
100
100
100
100
100
100
100
100
100
100
100
100
100
101.004
100.973
100.821
100.129
100
100
100
100
100
100
100
100
100
100
100
100
100
100
100
100
100.984
100.976
100.915
100.474
100
100
100
100
100
100
100
100
100
100
100
100
100
100
100
100
100.975
100.983
100.971
100.702
99.9925
100
100
100
100
100
100
100
100
100
100
100
100
100
100
100
100.976
100.987
100.979
100.831
100.279
100
100
100
100
100
100
100
100
100
100
100
100
100
100
100
100.979
100.99
100.984
100.922
100.565
99.9921
100
100
100
100
100
100
100
100
100
100
100
100
100
100
100.985
100.992
100.987
100.954
100.79
100.241
99.9964
100
100
100
100
100
100
100
100
100
100
100
100
100
100.99
100.992
100.988
100.965
100.916
100.63
100.039
99.9993
100
100
100
100
100
100
100
100
100
100
100
100
100.997
100.994
100.986
100.974
100.959
100.87
100.494
100.014
100
100
100
100
100
100
100
100
100
100
100
100
100.997
100.993
100.99
100.987
100.981
100.949
100.866
100.421
99.8592
100
100
100
100
100
100
100
100
100
100
100
100.695
100.834
100.91
100.946
100.96
100.953
100.95
100.921
100.835
100.749
100.543
100.2
100.02
99.9967
99.9986
99.9994
99.9999
100
100
100
100.111
100.521
100.735
100.835
100.884
100.902
100.918
100.916
100.91
100.899
100.88
100.818
100.678
100.377
100.087
100
99.9988
99.9995
99.9999
100
99.4958
100.125
100.472
100.651
100.764
100.809
100.838
100.858
100.869
100.872
100.871
100.868
100.861
100.811
100.689
100.462
100.172
100.021
99.9988
99.9994
99.378
99.788
100.256
100.481
100.6
100.671
100.715
100.758
100.787
100.798
100.808
100.821
100.834
100.841
100.832
100.792
100.676
100.493
100.249
100.06
99.5237
99.5591
99.9849
100.324
100.473
100.557
100.606
100.653
100.684
100.702
100.716
100.732
100.755
100.783
100.802
100.796
100.782
100.744
100.639
100.492
99.6125
99.559
99.7234
100.171
100.365
100.459
100.511
100.565
100.608
100.621
100.632
100.645
100.667
100.695
100.723
100.748
100.747
100.734
100.716
100.701
99.668
99.5781
99.6352
99.9951
100.224
100.313
100.409
100.474
100.527
100.546
100.558
100.565
100.578
100.598
100.621
100.651
100.668
100.677
100.677
100.675
99.715
99.6254
99.6601
99.8705
100.088
100.163
100.222
100.32
100.39
100.445
100.466
100.474
100.484
100.502
100.527
100.558
100.582
100.597
100.608
100.616
99.7896
99.6982
99.7166
99.8558
100.041
100.142
100.149
100.21
100.287
100.33
100.367
100.386
100.41
100.433
100.457
100.479
100.496
100.507
100.529
100.519
99.8859
99.7818
99.8011
99.8658
100.029
100.126
100.143
100.199
100.251
100.273
100.309
100.325
100.349
100.365
100.381
100.393
100.406
100.415
100.434
100.439
99.9769
99.8271
99.8315
99.8609
99.9773
100.067
100.11
100.154
100.203
100.228
100.255
100.26
100.273
100.285
100.291
100.296
100.311
100.336
100.358
100.401
100.1
99.8799
99.82
99.8082
99.875
99.951
100.028
100.094
100.12
100.156
100.173
100.178
100.18
100.189
100.206
100.231
100.262
100.285
100.297
100.342
100.189
99.9651
99.8264
99.8062
99.8306
99.8777
99.9481
100.052
100.045
100.08
100.096
100.108
100.126
100.147
100.174
100.2
100.213
100.221
100.224
100.25
100.2
100.058
99.88
99.8403
99.8474
99.8888
99.9545
100.056
100.044
100.062
100.08
100.088
100.106
100.12
100.133
100.14
100.138
100.136
100.12
100.123
100.17
100.091
99.987
99.908
99.8934
99.9158
99.9722
100.052
100.035
100.043
100.057
100.057
100.065
100.065
100.061
100.051
100.035
100.018
100.009
100.07
100.097
100.086
100.062
99.9895
99.9398
99.9331
99.9676
100.007
99.9976
99.994
100.004
99.9916
99.9816
99.9739
99.9496
99.9328
99.9254
99.9522
100.007
100.081
100.064
100.085
100.088
100.05
99.9782
99.9228
99.9163
99.9074
99.9071
99.8868
99.8924
99.8662
99.8551
99.8536
99.8613
99.8919
99.9277
99.9799
100.013
100.058
100.061
100.091
100.107
100.071
99.9956
99.8937
99.8224
99.8125
99.8028
99.8076
99.8221
99.8299
99.8417
99.859
99.8787
99.9112
99.9419
99.9709
99.9847
99.9823
100.257
100.344
100.429
100.485
100.51
100.592
100.678
100.688
100.675
100.659
100.641
100.604
100.547
100.479
100.416
100.358
100.331
100.323
100.331
100.31
100.386
100.49
100.51
100.553
100.613
100.654
100.67
100.673
100.66
100.647
100.648
100.666
100.687
100.696
100.695
100.7
100.714
100.732
100.752
100.787
100.754
100.521
100.262
100.082
99.9787
99.9455
99.9407
99.9512
99.9763
99.9947
99.9996
100
100
100
100
100
100
100
100
100
100.549
100.518
100.293
100.062
99.9603
99.9326
99.9334
99.9493
99.9754
99.9944
99.9996
100
100
100
100
100
100
100
100
100
99.9811
100.03
100.008
99.9457
99.9041
99.9003
99.9149
99.9462
99.9782
99.9953
99.9996
100
100
100
100
100
100
100
100
100
100.057
100.011
99.8775
99.7883
99.8099
99.8444
99.8942
99.9451
99.9795
99.9958
99.9997
100
100
100
100
100
100
100
100
100
100.12
100.091
99.9439
99.8125
99.8136
99.8378
99.8871
99.9421
99.9801
99.9964
99.9998
100
100
100
100
100
100
100
100
100
100.164
100.141
100.001
99.8472
99.827
99.8415
99.8844
99.9404
99.9808
99.9969
99.9998
100
100
100
100
100
100
100
100
100
100.189
100.185
100.062
99.8767
99.8469
99.8571
99.8925
99.9439
99.9826
99.9975
99.9999
100
100
100
100
100
100
100
100
100
100.239
100.231
100.124
99.9315
99.8748
99.8807
99.9083
99.9521
99.9858
99.9982
99.9999
100
100
100
100
100
100
100
100
100
100.312
100.273
100.155
99.9649
99.8941
99.9005
99.9262
99.9634
99.99
99.9989
100
100
100
100
100
100
100
100
100
100
100.385
100.324
100.186
99.9998
99.9063
99.9126
99.939
99.9726
99.9935
99.9994
100
100
100
100
100
100
100
100
100
100
100.501
100.383
100.234
100.079
99.9842
99.9747
99.9807
99.991
99.9978
99.9998
100
100
100
100
100
100
100
100
100
100
100.506
100.415
100.285
100.152
100.059
100.019
100.004
99.9998
99.9998
99.9999
100
100
100
100
100
100
100
100
100
100
100.397
100.332
100.23
100.126
100.055
100.019
100.004
100
100
100
100
100
100
100
100
100
100
100
100
100
100.2
100.178
100.126
100.071
100.032
100.009
100.001
100
100
100
100
100
100
100
100
100
100
100
100
100
100.041
100.043
100.034
100.019
100.007
100.001
100
100
100
100
100
100
100
100
100
100
100
100
100
100
100.002
100.002
100.002
100.001
100
100
100
100
100
100
100
100
100
100
100
100
100
100
100
100
100
100
100
100
100
100
100
100
100
100
100
100
100
100
100
100
100
100
100
100
100
100
100
100
100
100
100
100
100
100
100
100
100
100
100
100
100
100
100
100
100
100
100
100
100
100
100
100
100
100
100
100
100
100
100
100
100
100
100
100
100
100
100
100
100
100
100
100
100
100
100
100
100
100
100
100
100
100
100
100
100
100
100
100
100
100
100
100
100
100
100
100
100
100
100
100
100
100
100
100
100
100
100
100
100
100
100
100
100
100
100
100
100
100
100
100
100
100
100
100
100
100
100
100
100
100
100
100
100
100
100
100
100
100
100
100
100
100
100
100
100
100
100
100
100
100
100
100
100
100
100
100
100
100
100
100
100
100
100
100
100
100
100
100
100
100
100
100
100
100
100
100
100
100
100
100
100
100
100
100
100.546
100.536
100.413
100.187
100.031
100.001
100
100
100
100
100
100
100
100
100
100.586
100.515
100.285
100.054
100.002
100
100
100
100
100
100
100
100
100
100
100.604
100.446
100.162
100.012
100
100
100
100
100
100
100
100
100
100
100
100.598
100.291
100.034
100
100
100
100
100
100
100
100
100
100
100
100
100.438
100.083
100.002
100
100
100
100
100
100
100
100
100
100
100
100
100.168
100.006
100
100
100
100
100
100
100
100
100
100
100
100
100
100.003
100
100
100
100
100
100
100
100
100
100
100
100
100
100
99.9999
100
100
100
100
100
100
100
100
100
100
100
100
100
100
100
100
100
100
100
100
100
100
100
100
100
100
100
100
100
100
100
100
100
100
100
100
100
100
100
100
100
100
100
100
100
100
100
100
100
100
100
100
100
100
100
100
100
100
100
100
100
100
100
100
100
100
100
100
100
100
100
100
100
100
100
100
100
100
100
100
100
100
100
100
100
100
100
100
100
100
100
100
100
100
100
100
100
100
100
100
100
100
100
100
100
100
100
100
100
100
100
100
100
100
100
100
100
100
100
100
100
100
100
100
100
100
100
100
100
100
100
100
100
100
100
100
100
100
100
100
100
100
100
100
100
100
100
100
100
100
100
100
100
100
100
100
100
100
100
100
100
100
100
100
100
100
100
100
100
100
100
100
100
100
100
100
100
100
100
100
100
100
100
100
100
100
100
100
100
100
100
100
100
100
100
100
100
100
100
100
100
100
100
100
100
100
100
100
100
100
100
100
100
100
100
100
100
100
100
100
100
100
100
100
100
100
100
100
100
100
100
100
100
100
100
100
100
100
100
100
100
100
100
100
100
100
100
100
100
100
100
100
100
100
100
100
100
100
100
100
100
100
100
100
100
100
100
100
100
100
100
100
100
100
100
100
100
100
100
100
100
100
100
100
100
100
100
100
100
100
100
100
100
100
100
100
100
100
100
100
100
100
100
100
100
100
100
100
100
100
100
100
100
100
100
100
100
100
100
100
100
100
100
100
100
100
100
100
100
100
100
100
100
100
100
100
100
100
100
100
100
100
100
100
100
100
100
100
100
100
100
100
100
100
100
100
100
100
100
100
100
100
100
100
100
100
100
100
100
100
100
100
100
100
100
100
100
100
100
100
100
100
100
100
100
100
100
100
100
100
100
100
100
100
100
100
100
100
100
100
100
100
100
100
100
100
100
100
100
100
100
100
100
100
100
100
100
100
100
100
100
100
100
100
100
100
100
100
100
100
100
100
100
100
100
100
100
100
100
100
100
100
100
100
100
100
100
100
100
100
100
100
100
100
100
100
100
100
100
100
100
100
100
100
100
100
100
100
100
100
100
100
100
100
100
100
100
100
100
100
100
100
100
100
100
100
100
100
100
100
100
100
100
100
100
100
100
100
100
100
100
100
100
100
100
100
100
100
100
100
100
100
100
100
100
100
100
100
100
100
100
100
100
100
100
100
100
100
100
100
100
100
100
100
100
100
100
100
100
100
100
100
100
100
100
100
100
100
100
100
100
100
100
100
100
100
100
100
100
100
100
100
100
100
100
100
100
100
100
100
100
100
100
100
100
100
100
100
100
100
100
100
100
100
100
100
100
100
100
100
100
100
100
100
100
100
100
100
100
100
100
100
100
100
100
100
100
100
100
100
100
100
100
100
100
100
100
100
100
100
100
100
100
100
100
100
100
100
100
100
100
100
100
100
100
100
100
100
100
100
100
100
100
100
100
100
100
100
100
100
100
100
100
100
100
100
100
100
100
100
100
100
100
100
100
100
100
100
100
100
100
100
100
100
100
100
100
100
100
100
100
100
100
100
100
100
100
100
100
100
100
100
100
100
100
100
100
100
100
100
100
100
100
100
100
100
100
100
100
100
100
100
100
100
100
100
100
100
100
100
100
100
100
100
100
100
100
100
100
100
100
100
100
100
100
100
100
100
100
100
100
100
100
100
100
100
100
100
100
100
100
100
100
100
100
100
100
100
100
100
100
100
100
100
100
100
100
100
100
100
100
100
100
100
100
100
100
100
100
100
100
100
100
100
100
100
100
100
100
100
100
100
100
100
100
100
100
100
100
100
100
100
100
100
100
100
100
100
100
100
100
100
100
100
100
100
100
100
100
100
100
100
100
100
100
100
100
100
100
100
100
100
100
100
100
100
100
100
100
100
100
100
100
100
100
100
100
100
100
100
100
100
100
100
100
100
100
100
100
100
100
100
100
100
100
100
100
100
100
100
100
100
100
100
99.9999
100
100
100
100
100
100
100
100
100
100
100
100
100
100
100.003
100
100
100
100
100
100
100
100
100
100
100
100
100
100
100.168
100.006
100
100
100
100
100
100
100
100
100
100
100
100
100
100.438
100.083
100.002
100
100
100
100
100
100
100
100
100
100
100
100
100.598
100.291
100.034
100
100
100
100
100
100
100
100
100
100
100
100
100.604
100.446
100.162
100.012
100
100
100
100
100
100
100
100
100
100
100
100.586
100.515
100.285
100.054
100.002
100
100
100
100
100
100
100
100
100
100
100.546
100.536
100.413
100.187
100.031
100.001
100
100
100
100
100
100
100
100
100
100.501
100.506
100.397
100.2
100.041
100.002
100
100
100
100
100
100
100
100
100
100.383
100.415
100.332
100.178
100.043
100.002
100
100
100
100
100
100
100
100
100
100.234
100.285
100.23
100.126
100.034
100.002
100
100
100
100
100
100
100
100
100
100.078
100.152
100.126
100.071
100.019
100.001
100
100
100
100
100
100
100
100
100
99.9841
100.059
100.055
100.032
100.007
100
100
100
100
100
100
100
100
100
100
99.9747
100.019
100.019
100.009
100.001
100
100
100
100
100
100
100
100
100
100
99.9807
100.004
100.004
100.001
100
100
100
100
100
100
100
100
100
100
100
99.991
99.9998
100
100
100
100
100
100
100
100
100
100
100
100
100
99.9978
99.9998
100
100
100
100
100
100
100
100
100
100
100
100
100
99.9998
99.9999
100
100
100
100
100
100
100
100
100
100
100
100
100
100
100
100
100
100
100
100
100
100
100
100
100
100
100
100
100
100
100
100
100
100
100
100
100
100
100
100
100
100
100
100
100
100
100
100
100
100
100
100
100
100
100
100
100
100
100
100
100
100
100
100
100
100
100
100
100
100
100
100
100
100
100
100
100
100
100
100
100
100
100
100
100
100
100
100
100
100
100
100
100
100
100
100
100
100
100
100
100
100
100
100
100
100
100
100
100
100
100
100
100
100
100
100
100
100
100
100
100
100
100
100
100
100
100
100
100
100
100
100
100
100
100
100
100
100
100
100
100
100
100
100
100
100
100
100
100
100
100
100
100
100
100
100
100
100
100
100
100
100
100
100.385
100.324
100.186
100.001
99.9071
99.9129
99.9391
99.9726
99.9935
99.9994
100
100
100
100
100
100
100
100
100
100
100.312
100.273
100.155
99.9646
99.8936
99.9003
99.9262
99.9634
99.99
99.9989
100
100
100
100
100
100
100
100
100
100
100.239
100.231
100.123
99.9313
99.875
99.8809
99.9084
99.952
99.9858
99.9982
99.9999
100
100
100
100
100
100
100
100
100
100.189
100.185
100.062
99.8774
99.8464
99.8563
99.8919
99.9436
99.9825
99.9975
99.9999
100
100
100
100
100
100
100
100
100
100.164
100.141
100.002
99.8469
99.827
99.8416
99.8846
99.9405
99.9807
99.9969
99.9998
100
100
100
100
100
100
100
100
100
100.12
100.091
99.9433
99.8124
99.8139
99.8384
99.8872
99.9419
99.98
99.9963
99.9998
100
100
100
100
100
100
100
100
100
100.057
100.011
99.877
99.7883
99.8098
99.8441
99.8931
99.9445
99.9795
99.9958
99.9997
100
100
100
100
100
100
100
100
100
99.9811
100.031
100.008
99.9459
99.9044
99.9006
99.9164
99.9477
99.9782
99.9952
99.9996
100
100
100
100
100
100
100
100
100
100.549
100.518
100.294
100.063
99.9604
99.9324
99.9331
99.9483
99.9751
99.9943
99.9996
100
100
100
100
100
100
100
100
100
100.754
100.521
100.262
100.082
99.9788
99.9454
99.9402
99.951
99.9762
99.9946
99.9996
100
100
100
100
100
100
100
100
100
)
;

boundaryField
{
    inlet
    {
        type            fixedValue;
        value           uniform 100;
    }
    outlet
    {
        type            inletOutlet;
        inletValue      uniform 100;
        value           nonuniform List<scalar> 
50
(
100
100
100
100
100
100
100
100
100
100
100
100
100
100
100
100
100
100
100
100
100
100
100
100
100
100
100
100
100
100
100
100
100
100
100
100
100
100
100
100
100
100
100
100
100
100
100
100
100
100
)
;
    }
    airfoil
    {
        type            zeroGradient;
    }
    top
    {
        type            symmetryPlane;
    }
    bottom
    {
        type            symmetryPlane;
    }
    defaultFaces
    {
        type            empty;
    }
}


// ************************************************************************* //
