/*--------------------------------*- C++ -*----------------------------------*\
  =========                 |
  \\      /  F ield         | OpenFOAM: The Open Source CFD Toolbox
   \\    /   O peration     | Website:  https://openfoam.org
    \\  /    A nd           | Version:  7
     \\/     M anipulation  |
\*---------------------------------------------------------------------------*/
FoamFile
{
    version     2.0;
    format      ascii;
    class       volVectorField;
    location    "6.1";
    object      U;
}
// * * * * * * * * * * * * * * * * * * * * * * * * * * * * * * * * * * * * * //

dimensions      [0 1 -1 0 0 0 0];

internalField   nonuniform List<vector> 
3700
(
(1.40406 -0.644083 0)
(1.29902 -0.666544 0)
(1.22526 -0.478503 0)
(1.27265 -0.371534 0)
(1.48302 -0.461226 0)
(1.58408 -0.488327 0)
(1.45615 -0.342054 0)
(1.42273 -0.0864684 0)
(1.50827 0.00172286 0)
(1.60381 -0.0841567 0)
(1.60985 -0.252638 0)
(1.55304 -0.294987 0)
(1.51034 -0.226691 0)
(1.52529 -0.0991152 0)
(1.6131 -0.0893731 0)
(1.69612 -0.18524 0)
(1.79006 -0.237236 0)
(1.80198 -0.219857 0)
(1.8162 -0.152206 0)
(1.85969 -0.102948 0)
(1.48884 -1.56846 0)
(1.57652 -1.63316 0)
(1.69296 -1.787 0)
(1.79449 -1.78269 0)
(1.89092 -1.96496 0)
(1.8186 -1.95323 0)
(1.65012 -1.56393 0)
(1.54948 -1.04379 0)
(1.72621 -0.921953 0)
(1.88726 -1.02075 0)
(1.99879 -1.34548 0)
(1.93083 -1.43047 0)
(1.83905 -1.2436 0)
(1.82825 -1.05343 0)
(1.94737 -1.06381 0)
(2.0719 -1.1796 0)
(2.16897 -1.2254 0)
(2.22788 -1.1748 0)
(2.27216 -1.00549 0)
(2.33345 -0.937995 0)
(1.51277 -1.56874 0)
(1.70962 -1.64429 0)
(1.85377 -1.98306 0)
(1.93215 -2.13912 0)
(1.97782 -2.1974 0)
(1.97781 -2.24603 0)
(1.98909 -2.21278 0)
(1.9706 -2.2052 0)
(2.01327 -2.13773 0)
(2.10615 -2.09012 0)
(2.23372 -2.02379 0)
(2.29183 -1.99855 0)
(2.37532 -1.92322 0)
(2.38915 -1.9188 0)
(2.40301 -1.86441 0)
(2.40985 -1.81449 0)
(2.43129 -1.78504 0)
(2.47291 -1.66842 0)
(2.54607 -1.63922 0)
(2.66316 -1.52737 0)
(1.5797 -1.62491 0)
(1.882 -1.6742 0)
(1.95744 -2.05559 0)
(1.99156 -2.20128 0)
(2.05832 -2.2101 0)
(2.08443 -2.24598 0)
(2.06399 -2.20223 0)
(2.0136 -2.17962 0)
(2.05586 -2.0905 0)
(2.14806 -1.96746 0)
(2.26243 -1.8396 0)
(2.41293 -1.77487 0)
(2.53414 -1.61046 0)
(2.63505 -1.56589 0)
(2.69068 -1.54552 0)
(2.68437 -1.56232 0)
(2.61334 -1.62594 0)
(2.59508 -1.50654 0)
(2.57398 -1.5164 0)
(2.632 -1.34416 0)
(1.67677 -1.68103 0)
(2.02346 -1.68867 0)
(2.01378 -2.11142 0)
(2.04139 -2.1641 0)
(2.13445 -2.15837 0)
(2.17053 -2.21837 0)
(2.20965 -2.11784 0)
(2.14741 -2.08203 0)
(2.15782 -2.05273 0)
(2.20175 -1.96415 0)
(2.24305 -1.86681 0)
(2.3665 -1.75539 0)
(2.44505 -1.63919 0)
(2.58807 -1.53266 0)
(2.71091 -1.35328 0)
(2.79252 -1.16303 0)
(2.79572 -1.14521 0)
(2.80069 -1.09884 0)
(2.71313 -1.21083 0)
(2.65545 -1.1943 0)
(1.80426 -1.74888 0)
(2.09713 -1.72737 0)
(1.91164 -2.1823 0)
(1.93913 -2.15697 0)
(2.09509 -2.16212 0)
(2.16232 -2.20138 0)
(2.23698 -2.08425 0)
(2.2394 -1.99235 0)
(2.3043 -1.90997 0)
(2.43379 -1.78528 0)
(2.40353 -1.81312 0)
(2.46376 -1.65597 0)
(2.49044 -1.55141 0)
(2.54511 -1.47608 0)
(2.62896 -1.36755 0)
(2.68733 -1.2065 0)
(2.78905 -1.04331 0)
(2.86816 -0.838126 0)
(2.85754 -0.738417 0)
(2.75132 -0.766337 0)
(1.83352 -1.75759 0)
(1.92608 -1.83301 0)
(1.75861 -2.19877 0)
(1.85179 -2.12722 0)
(1.9483 -2.0549 0)
(2.06272 -2.06261 0)
(2.23255 -1.96288 0)
(2.36735 -1.81225 0)
(2.43525 -1.81441 0)
(2.54921 -1.58809 0)
(2.58611 -1.60681 0)
(2.64976 -1.45279 0)
(2.62365 -1.39873 0)
(2.62332 -1.30944 0)
(2.64009 -1.21252 0)
(2.65718 -1.09553 0)
(2.70412 -1.00289 0)
(2.79759 -0.878491 0)
(2.80921 -0.625163 0)
(2.80519 -0.469657 0)
(1.73881 -1.69085 0)
(1.75849 -1.82702 0)
(1.66966 -2.07543 0)
(1.7309 -2.07731 0)
(1.81173 -1.94526 0)
(1.89727 -1.97165 0)
(2.07941 -1.86617 0)
(2.26335 -1.66014 0)
(2.43257 -1.58851 0)
(2.58248 -1.37789 0)
(2.65573 -1.28666 0)
(2.73917 -1.10527 0)
(2.7456 -1.06811 0)
(2.74431 -1.01346 0)
(2.73896 -0.921697 0)
(2.71594 -0.854078 0)
(2.70086 -0.770621 0)
(2.7439 -0.765633 0)
(2.73469 -0.596247 0)
(2.74249 -0.380246 0)
(1.63384 -1.56181 0)
(1.71192 -1.69131 0)
(1.70154 -1.8657 0)
(1.6216 -1.91189 0)
(1.74125 -1.86922 0)
(1.83438 -1.90156 0)
(2.0309 -1.79412 0)
(2.1858 -1.6439 0)
(2.28438 -1.51499 0)
(2.42264 -1.41023 0)
(2.55565 -1.14412 0)
(2.67578 -0.954612 0)
(2.71108 -0.707036 0)
(2.75326 -0.603035 0)
(2.76219 -0.472409 0)
(2.75588 -0.462594 0)
(2.73975 -0.381526 0)
(2.7172 -0.449428 0)
(2.703 -0.42929 0)
(2.66845 -0.2403 0)
(1.56881 -1.43827 0)
(1.75691 -1.55372 0)
(1.84811 -1.71905 0)
(1.7011 -1.72259 0)
(1.72465 -1.80911 0)
(1.92305 -1.8023 0)
(2.15411 -1.66519 0)
(2.27329 -1.57898 0)
(2.33503 -1.42685 0)
(2.38552 -1.34959 0)
(2.48499 -1.13774 0)
(2.58262 -0.982801 0)
(2.63023 -0.727949 0)
(2.73214 -0.598754 0)
(2.71008 -0.320266 0)
(2.72225 -0.203258 0)
(2.70248 -0.0447031 0)
(2.66723 -0.0507951 0)
(2.64131 -0.116407 0)
(2.61756 -0.0612834 0)
(1.5551 -1.35643 0)
(1.85012 -1.42643 0)
(2.00431 -1.63365 0)
(1.78426 -1.70051 0)
(1.77683 -1.80089 0)
(2.0349 -1.74234 0)
(2.29632 -1.45893 0)
(2.47863 -1.23433 0)
(2.5799 -1.09457 0)
(2.57503 -1.07236 0)
(2.59812 -0.890206 0)
(2.62562 -0.730558 0)
(2.62388 -0.56103 0)
(2.66764 -0.464911 0)
(2.6444 -0.268039 0)
(2.66744 -0.162658 0)
(2.63986 0.0340993 0)
(2.59989 0.165315 0)
(2.53119 0.230981 0)
(2.57235 0.109349 0)
(1.53403 -1.35226 0)
(1.83249 -1.4209 0)
(2.05215 -1.5504 0)
(1.84811 -1.74504 0)
(2.11738 -1.82775 0)
(2.46081 -1.61585 0)
(2.66588 -1.2328 0)
(2.74847 -0.799894 0)
(2.77351 -0.626152 0)
(2.72041 -0.451556 0)
(2.71089 -0.339746 0)
(2.68722 -0.195402 0)
(2.6674 -0.117554 0)
(2.64589 -0.0319873 0)
(2.60536 0.0450465 0)
(2.5803 0.0642309 0)
(2.55874 0.114745 0)
(2.51224 0.237978 0)
(2.43902 0.385703 0)
(2.44389 0.365019 0)
(1.50348 -1.3865 0)
(1.83364 -1.48346 0)
(2.12609 -1.46903 0)
(2.18765 -1.77441 0)
(2.25789 -1.72454 0)
(2.39646 -1.43604 0)
(2.54027 -1.09422 0)
(2.61439 -0.70653 0)
(2.62347 -0.636469 0)
(2.6236 -0.34473 0)
(2.65307 -0.162702 0)
(2.60391 0.0801776 0)
(2.59017 0.210551 0)
(2.52911 0.362147 0)
(2.48495 0.436285 0)
(2.44705 0.44778 0)
(2.41815 0.435016 0)
(2.40529 0.421343 0)
(2.32239 0.538698 0)
(2.31385 0.529352 0)
(1.44984 -1.41473 0)
(1.81486 -1.585 0)
(2.22355 -1.34352 0)
(2.20747 -1.58863 0)
(2.13745 -1.56461 0)
(2.28205 -1.2214 0)
(2.40249 -0.90546 0)
(2.46535 -0.620026 0)
(2.48151 -0.415609 0)
(2.50767 -0.240034 0)
(2.52553 -0.0413061 0)
(2.4872 0.174482 0)
(2.47236 0.324296 0)
(2.40434 0.490993 0)
(2.3416 0.616549 0)
(2.29481 0.668666 0)
(2.22352 0.743613 0)
(2.2104 0.725282 0)
(2.18757 0.74752 0)
(2.14812 0.77136 0)
(1.32311 -1.39044 0)
(1.69235 -1.7891 0)
(2.21029 -1.06062 0)
(2.03965 -1.43932 0)
(2.20177 -1.26308 0)
(2.4026 -0.676956 0)
(2.49464 -0.33186 0)
(2.50692 -0.12507 0)
(2.44806 0.115973 0)
(2.4552 0.229728 0)
(2.40032 0.405241 0)
(2.34228 0.533044 0)
(2.29624 0.617387 0)
(2.23806 0.702641 0)
(2.1832 0.762663 0)
(2.13571 0.806419 0)
(2.07397 0.877795 0)
(2.04838 0.911867 0)
(2.03171 0.940487 0)
(2.05992 0.955048 0)
(1.11218 -1.26479 0)
(1.33655 -1.74656 0)
(2.07199 -1.04764 0)
(2.1956 -1.01077 0)
(2.41325 -0.298865 0)
(2.47319 0.0108153 0)
(2.47656 0.215042 0)
(2.39503 0.432186 0)
(2.3278 0.52487 0)
(2.29386 0.651969 0)
(2.20045 0.787642 0)
(2.11932 0.885862 0)
(2.06441 0.934778 0)
(2.01586 0.980325 0)
(1.98548 0.975241 0)
(1.95844 0.987083 0)
(1.95658 1.01168 0)
(1.97128 0.994142 0)
(1.995 0.994618 0)
(2.0692 0.979252 0)
(0.934173 -0.775396 0)
(1.27584 -1.37458 0)
(2.12509 -0.734729 0)
(2.37001 0.0637215 0)
(2.37538 0.254872 0)
(2.35767 0.357295 0)
(2.30421 0.498986 0)
(2.21286 0.653313 0)
(2.13772 0.760484 0)
(2.0861 0.895057 0)
(1.97541 1.0016 0)
(1.91745 1.05709 0)
(1.88359 1.0802 0)
(1.8692 1.09177 0)
(1.8699 1.05958 0)
(1.89476 1.05135 0)
(1.96111 1.02283 0)
(2.16632 0.901705 0)
(2.38457 0.788203 0)
(2.77914 0.43797 0)
(1.02089 -0.0785399 0)
(1.97284 0.70404 0)
(2.27431 0.490259 0)
(2.23552 0.576934 0)
(2.20084 0.621107 0)
(2.16251 0.74013 0)
(2.0369 0.912449 0)
(1.96857 0.966563 0)
(1.90368 1.03078 0)
(1.85195 1.12155 0)
(1.78636 1.15554 0)
(1.78953 1.14901 0)
(1.81255 1.12826 0)
(1.85479 1.08542 0)
(2.04004 0.950634 0)
(2.25298 0.831767 0)
(2.65996 0.507643 0)
(3.03565 0.0932988 0)
(3.0552 -0.0238777 0)
(3.00402 -0.00466295 0)
(1.00269 0.048017 0)
(1.93174 0.700131 0)
(2.09778 0.783354 0)
(2.00593 0.912055 0)
(1.96565 0.969394 0)
(1.87936 1.08166 0)
(1.80053 1.13693 0)
(1.75993 1.14706 0)
(1.75444 1.16312 0)
(1.72763 1.20408 0)
(1.70523 1.19827 0)
(1.85904 1.07578 0)
(2.10482 0.888599 0)
(2.51182 0.576326 0)
(2.99147 0.133191 0)
(3.07402 -0.0302516 0)
(3.00812 -0.00773042 0)
(3.00292 -0.00385084 0)
(3.00122 -0.00219884 0)
(3.00008 -0.000481523 0)
(1.16557 0.760681 0)
(1.82563 1.15056 0)
(1.83284 1.15395 0)
(1.73292 1.19681 0)
(1.71711 1.1942 0)
(1.67392 1.24149 0)
(1.66245 1.2146 0)
(1.72727 1.16509 0)
(1.75506 1.22724 0)
(1.77893 1.14136 0)
(2.25531 0.751581 0)
(2.84539 0.221673 0)
(3.09398 -0.0233908 0)
(3.02065 -0.0121899 0)
(3.00436 -0.00524214 0)
(3.00185 -0.00296815 0)
(3.00007 -0.000597395 0)
(2.99998 -2.50129e-05 0)
(2.99999 1.43528e-05 0)
(3 5.91566e-06 0)
(1.57405 1.25439 0)
(1.58016 1.26101 0)
(1.58468 1.2673 0)
(1.59524 1.25964 0)
(1.61978 1.24155 0)
(1.61287 1.26222 0)
(1.91616 1.15733 0)
(2.99459 0.349173 0)
(3.32856 -0.576426 0)
(3 6.10559e-11 0)
(3 -7.30914e-11 0)
(3 7.96097e-11 0)
(3 1.77443e-15 0)
(3 -4.30977e-13 0)
(3 -1.12673e-14 0)
(3 1.77609e-14 0)
(3 -7.02921e-15 0)
(3 7.99174e-16 0)
(3 1.35699e-15 0)
(3 6.28584e-16 0)
(1.57756 1.25154 0)
(1.58938 1.26232 0)
(1.59204 1.2777 0)
(1.58657 1.27941 0)
(1.66724 1.2513 0)
(1.75894 1.22501 0)
(2.31491 0.722475 0)
(3.00293 0.00813935 0)
(3 6.72266e-08 0)
(3 -3.79345e-11 0)
(3 -4.77445e-14 0)
(3 8.67673e-15 0)
(3 -2.30547e-15 0)
(3 5.0957e-15 0)
(3 3.79273e-15 0)
(3 2.88839e-15 0)
(3 3.41355e-15 0)
(3 1.83461e-16 0)
(3 8.20165e-16 0)
(3 3.83174e-16 0)
(1.58551 1.25481 0)
(1.60266 1.2583 0)
(1.60339 1.2719 0)
(1.57524 1.30625 0)
(1.70112 1.22737 0)
(2.16808 0.837956 0)
(2.98118 0.0133905 0)
(3.00036 -0.000738739 0)
(3 5.18181e-07 0)
(3 6.13276e-11 0)
(3 -1.23864e-13 0)
(3 -1.92936e-15 0)
(3 2.84629e-15 0)
(3 4.30004e-15 0)
(3 5.77886e-15 0)
(3 3.43729e-15 0)
(3 2.3149e-15 0)
(3 -7.41911e-17 0)
(3 8.77868e-16 0)
(3 -5.98604e-16 0)
(1.58788 1.25633 0)
(1.61074 1.25827 0)
(1.62966 1.26262 0)
(1.61578 1.29574 0)
(1.82677 1.10422 0)
(2.71376 0.244895 0)
(3.00577 -0.00287028 0)
(2.99991 8.1528e-05 0)
(3 -7.44565e-07 0)
(3 8.64645e-10 0)
(3 -1.94923e-14 0)
(3 8.36179e-16 0)
(3 2.74596e-15 0)
(3 5.80763e-15 0)
(3 5.85833e-15 0)
(3 3.57341e-15 0)
(3 2.94718e-15 0)
(3 1.00899e-15 0)
(3 5.20508e-16 0)
(3 -8.40479e-16 0)
(1.58799 1.26751 0)
(1.60701 1.26186 0)
(1.63548 1.24737 0)
(1.74603 1.19713 0)
(2.3671 0.628607 0)
(3.02039 -0.0189689 0)
(2.99974 0.000183517 0)
(3 -4.2319e-06 0)
(3 8.44844e-08 0)
(3 -8.90269e-10 0)
(3 2.6279e-13 0)
(3 5.99083e-16 0)
(3 3.23765e-15 0)
(3 5.19195e-15 0)
(3 6.25886e-15 0)
(3 4.15517e-15 0)
(3 2.82299e-15 0)
(3 2.03548e-15 0)
(3 -1.73079e-16 0)
(3 -3.05789e-16 0)
(1.58433 1.27911 0)
(1.58109 1.27093 0)
(1.63545 1.24379 0)
(1.82353 1.11473 0)
(2.74124 0.224553 0)
(3 -5.8003e-10 0)
(3 1.41408e-08 0)
(3 -1.27889e-08 0)
(3 5.56921e-10 0)
(3 2.80522e-12 0)
(3 -1.0053e-13 0)
(3 3.07775e-15 0)
(3 2.29361e-15 0)
(3 4.283e-15 0)
(3 5.66986e-15 0)
(3 4.14974e-15 0)
(3 3.66654e-15 0)
(3 3.24508e-15 0)
(3 4.01134e-16 0)
(3 -1.29936e-15 0)
(1.58185 1.29095 0)
(1.5499 1.28279 0)
(1.64889 1.25138 0)
(2.08748 0.876915 0)
(3.00267 0.000209627 0)
(3 3.62756e-12 0)
(3 -2.08353e-11 0)
(3 2.0282e-11 0)
(3 -3.94785e-12 0)
(3 3.21337e-14 0)
(3 1.12027e-15 0)
(3 1.82381e-15 0)
(3 1.95045e-15 0)
(3 2.33947e-15 0)
(3 3.86762e-15 0)
(3 3.73404e-15 0)
(3 3.4173e-15 0)
(3 2.95382e-15 0)
(3 6.05917e-16 0)
(3 -9.31703e-16 0)
(1.58147 1.32168 0)
(1.51149 1.32394 0)
(1.78991 1.18372 0)
(2.44405 0.538385 0)
(3 -4.70882e-06 0)
(3 1.80227e-11 0)
(3 4.49337e-13 0)
(3 -8.92138e-14 0)
(3 2.03007e-14 0)
(3 -3.01797e-16 0)
(3 9.06091e-16 0)
(3 1.38358e-15 0)
(3 1.54326e-15 0)
(3 2.39125e-15 0)
(3 2.88001e-15 0)
(3 2.49753e-15 0)
(3 1.49278e-15 0)
(3 1.45699e-15 0)
(3 1.08558e-15 0)
(3 -6.51185e-16 0)
(1.59071 1.30825 0)
(1.46643 1.34952 0)
(1.93554 1.04617 0)
(2.85796 0.133595 0)
(3 -1.65318e-08 0)
(3 -1.21473e-11 0)
(3 -6.33053e-14 0)
(3 3.12305e-16 0)
(3 5.98804e-16 0)
(3 1.49666e-15 0)
(3 1.37518e-15 0)
(3 1.26693e-15 0)
(3 1.58045e-15 0)
(3 2.5418e-15 0)
(3 2.95892e-15 0)
(3 3.49985e-15 0)
(3 2.91663e-15 0)
(3 -2.75768e-16 0)
(3 -1.85277e-16 0)
(3 -1.27011e-15 0)
(1.60523 1.29682 0)
(1.48414 1.39082 0)
(2.13496 0.839658 0)
(3.01133 -0.00950676 0)
(3 4.04522e-09 0)
(3 -5.22049e-12 0)
(3 2.1399e-14 0)
(3 7.55356e-17 0)
(3 1.0008e-15 0)
(3 1.1072e-15 0)
(3 1.02152e-15 0)
(3 1.42683e-15 0)
(3 2.02469e-15 0)
(3 2.62787e-15 0)
(3 4.1579e-15 0)
(3 4.59338e-15 0)
(3 5.04324e-15 0)
(3 2.9597e-15 0)
(3 -6.02022e-16 0)
(3 -1.80723e-15 0)
(1.62073 1.28238 0)
(1.58421 1.30536 0)
(2.433 0.522235 0)
(3 -1.97703e-13 0)
(3 -3.70053e-12 0)
(3 5.22893e-14 0)
(3 -2.25629e-15 0)
(3 1.9583e-16 0)
(3 1.67009e-17 0)
(3 -7.81666e-16 0)
(3 -1.49207e-16 0)
(3 2.22992e-16 0)
(3 1.6384e-15 0)
(3 3.00536e-15 0)
(3 3.45579e-15 0)
(3 4.77763e-15 0)
(3 6.04179e-15 0)
(3 6.71023e-15 0)
(3 4.24634e-15 0)
(3 1.98985e-15 0)
(1.63836 1.26246 0)
(1.62744 1.24617 0)
(2.6489 0.290437 0)
(3 2.41269e-13 0)
(3 4.18515e-15 0)
(3 -3.74295e-15 0)
(3 -2.08631e-15 0)
(3 -1.96611e-15 0)
(3 -1.86949e-15 0)
(3 -1.67578e-15 0)
(3 -9.95276e-16 0)
(3 5.08972e-16 0)
(3 1.29166e-15 0)
(3 1.40661e-15 0)
(3 1.57535e-15 0)
(3 2.7173e-15 0)
(3 3.76046e-15 0)
(3 5.22198e-15 0)
(3 7.87516e-15 0)
(3 5.1933e-15 0)
(1.65946 1.23917 0)
(1.81537 1.09818 0)
(2.87835 0.0855724 0)
(3 -7.47212e-13 0)
(3 -6.12386e-15 0)
(3 -4.02535e-15 0)
(3 -2.80618e-15 0)
(3 -2.78488e-15 0)
(3 -2.74923e-15 0)
(3 -2.68702e-15 0)
(3 -2.08709e-15 0)
(3 1.00053e-16 0)
(3 1.50082e-15 0)
(3 2.42186e-15 0)
(3 2.36653e-15 0)
(3 2.28966e-15 0)
(3 2.35693e-15 0)
(3 2.56786e-15 0)
(3 3.52321e-15 0)
(3 4.42589e-15 0)
(1.68528 1.1923 0)
(1.91802 0.971124 0)
(2.99995 1.10617e-05 0)
(3 -7.795e-15 0)
(3 -8.29789e-15 0)
(3 -6.86945e-15 0)
(3 -5.62995e-15 0)
(3 -4.2159e-15 0)
(3 -3.80986e-15 0)
(3 -4.05219e-15 0)
(3 -3.80261e-15 0)
(3 -1.90002e-15 0)
(3 1.20408e-16 0)
(3 1.71266e-15 0)
(3 2.17e-15 0)
(3 2.17192e-15 0)
(3 2.46219e-15 0)
(3 3.53692e-15 0)
(3 4.14524e-15 0)
(3 4.48731e-15 0)
(1.68558 1.17278 0)
(2.02946 0.838444 0)
(3 -8.01049e-15 0)
(3 -8.19624e-15 0)
(3 -8.25982e-15 0)
(3 -7.91933e-15 0)
(3 -7.36966e-15 0)
(3 -5.92904e-15 0)
(3 -6.07773e-15 0)
(3 -5.78365e-15 0)
(3 -5.28164e-15 0)
(3 -5.63906e-15 0)
(3 -4.75674e-15 0)
(3 -2.73069e-15 0)
(3 -8.9381e-16 0)
(3 -1.38838e-15 0)
(3 -2.71079e-16 0)
(3 5.33819e-16 0)
(3 2.00873e-15 0)
(3 2.13355e-15 0)
(1.7512 1.10348 0)
(2.21564 0.652952 0)
(3 -7.39389e-15 0)
(3 -6.9197e-15 0)
(3 -7.51854e-15 0)
(3 -7.8829e-15 0)
(3 -7.92644e-15 0)
(3 -7.03444e-15 0)
(3 -6.54977e-15 0)
(3 -5.78143e-15 0)
(3 -4.73494e-15 0)
(3 -4.64863e-15 0)
(3 -5.34526e-15 0)
(3 -6.35561e-15 0)
(3 -4.97846e-15 0)
(3 -2.03091e-15 0)
(3 -7.15123e-16 0)
(3 -1.68087e-16 0)
(3 2.9631e-16 0)
(3 7.51747e-16 0)
(1.85428 1.01589 0)
(2.46264 0.439353 0)
(3 -7.78127e-15 0)
(3 -7.9654e-15 0)
(3 -8.52478e-15 0)
(3 -9.21174e-15 0)
(3 -9.64968e-15 0)
(3 -9.50947e-15 0)
(3 -9.59875e-15 0)
(3 -9.46483e-15 0)
(3 -9.28722e-15 0)
(3 -7.9385e-15 0)
(3 -7.32769e-15 0)
(3 -7.1826e-15 0)
(3 -6.80452e-15 0)
(3 -5.64758e-15 0)
(3 -4.99244e-15 0)
(3 -4.53856e-15 0)
(3 -4.0859e-15 0)
(3 -2.66877e-15 0)
(1.94337 0.860484 0)
(2.73406 0.190861 0)
(3 -5.00535e-15 0)
(3 -5.56861e-15 0)
(3 -5.9169e-15 0)
(3 -6.20437e-15 0)
(3 -6.14245e-15 0)
(3 -6.01193e-15 0)
(3 -5.86048e-15 0)
(3 -5.30461e-15 0)
(3 -5.03914e-15 0)
(3 -4.73967e-15 0)
(3 -4.71345e-15 0)
(3 -4.6925e-15 0)
(3 -4.40965e-15 0)
(3 -3.95362e-15 0)
(3 -2.93702e-15 0)
(3 -2.4308e-15 0)
(3 -1.63843e-15 0)
(3 -7.86511e-16 0)
(2.08701 0.655364 0)
(2.99269 4.65958e-05 0)
(3 -4.88902e-15 0)
(3 -5.68317e-15 0)
(3 -5.84568e-15 0)
(3 -5.69478e-15 0)
(3 -5.22283e-15 0)
(3 -5.08741e-15 0)
(3 -5.30486e-15 0)
(3 -5.62962e-15 0)
(3 -5.73886e-15 0)
(3 -5.55566e-15 0)
(3 -5.39608e-15 0)
(3 -5.12809e-15 0)
(3 -4.90281e-15 0)
(3 -4.62894e-15 0)
(3 -4.49023e-15 0)
(3 -4.33539e-15 0)
(3 -4.21446e-15 0)
(3 -3.92457e-15 0)
(1.99102 0.376386 0)
(2.99981 -2.93902e-05 0)
(3 -4.70947e-15 0)
(3 -5.3232e-15 0)
(3 -4.72077e-15 0)
(3 -4.82085e-15 0)
(3 -4.81617e-15 0)
(3 -4.34291e-15 0)
(3 -4.50066e-15 0)
(3 -4.82655e-15 0)
(3 -4.84574e-15 0)
(3 -4.54624e-15 0)
(3 -4.52117e-15 0)
(3 -4.30596e-15 0)
(3 -4.16265e-15 0)
(3 -3.97367e-15 0)
(3 -3.83565e-15 0)
(3 -3.81815e-15 0)
(3 -3.91804e-15 0)
(3 -4.1009e-15 0)
(1.9913 -0.375667 0)
(2.99982 2.63261e-05 0)
(3 -4.02943e-15 0)
(3 -4.17914e-15 0)
(3 -3.60168e-15 0)
(3 -3.62577e-15 0)
(3 -3.78136e-15 0)
(3 -4.13992e-15 0)
(3 -3.87472e-15 0)
(3 -3.76314e-15 0)
(3 -3.85895e-15 0)
(3 -4.11332e-15 0)
(3 -3.90551e-15 0)
(3 -3.76821e-15 0)
(3 -3.48081e-15 0)
(3 -3.36369e-15 0)
(3 -3.23761e-15 0)
(3 -3.10265e-15 0)
(3 -3.06401e-15 0)
(3 -3.10966e-15 0)
(2.08723 -0.657484 0)
(2.99245 -2.92393e-05 0)
(3 -1.90886e-15 0)
(3 -2.2616e-15 0)
(3 -3.44096e-15 0)
(3 -3.8968e-15 0)
(3 -4.23582e-15 0)
(3 -3.40427e-15 0)
(3 -2.62942e-15 0)
(3 -2.65131e-15 0)
(3 -3.99097e-15 0)
(3 -4.4982e-15 0)
(3 -4.24815e-15 0)
(3 -3.86027e-15 0)
(3 -3.63976e-15 0)
(3 -3.87906e-15 0)
(3 -3.99515e-15 0)
(3 -4.06365e-15 0)
(3 -3.79386e-15 0)
(3 -3.45162e-15 0)
(1.93937 -0.861083 0)
(2.73059 -0.193099 0)
(3 1.1953e-15 0)
(3 2.19584e-15 0)
(3 1.05702e-15 0)
(3 -2.6788e-15 0)
(3 -5.00653e-15 0)
(3 -4.57537e-15 0)
(3 -3.95322e-15 0)
(3 -3.98597e-15 0)
(3 -3.91676e-15 0)
(3 -3.02245e-15 0)
(3 -3.0014e-15 0)
(3 -3.10678e-15 0)
(3 -3.41507e-15 0)
(3 -3.337e-15 0)
(3 -3.13747e-15 0)
(3 -2.68032e-15 0)
(3 -2.41069e-15 0)
(3 -2.28052e-15 0)
(1.85436 -1.01301 0)
(2.46596 -0.437042 0)
(3 1.62664e-15 0)
(3 1.18705e-15 0)
(3 1.01805e-15 0)
(3 8.75413e-16 0)
(3 9.30141e-16 0)
(3 2.73367e-15 0)
(3 2.88237e-15 0)
(3 2.50699e-15 0)
(3 1.86539e-15 0)
(3 1.14093e-15 0)
(3 5.21795e-16 0)
(3 5.89742e-16 0)
(3 6.99065e-16 0)
(3 8.32021e-16 0)
(3 8.37843e-16 0)
(3 5.78782e-16 0)
(3 -1.83819e-16 0)
(3 -8.79825e-16 0)
(1.75728 -1.10384 0)
(2.22073 -0.650862 0)
(3 9.89804e-16 0)
(3 -1.25295e-16 0)
(3 -2.19317e-15 0)
(3 -1.41141e-15 0)
(3 -1.78439e-17 0)
(3 2.02329e-15 0)
(3 2.71421e-15 0)
(3 2.2995e-15 0)
(3 1.74668e-15 0)
(3 1.35286e-15 0)
(3 9.17999e-16 0)
(3 1.00234e-15 0)
(3 1.03888e-15 0)
(3 9.20854e-16 0)
(3 2.57167e-16 0)
(3 8.62691e-17 0)
(3 1.57018e-16 0)
(3 5.09281e-16 0)
(1.68408 -1.17502 0)
(2.02831 -0.837903 0)
(3 1.63993e-17 0)
(3 -1.24858e-15 0)
(3 -2.13008e-15 0)
(3 -1.96999e-15 0)
(3 -2.13184e-16 0)
(3 7.79735e-16 0)
(3 9.95936e-16 0)
(3 5.38182e-16 0)
(3 -7.606e-17 0)
(3 -6.31755e-17 0)
(3 3.69686e-16 0)
(3 8.12746e-16 0)
(3 9.34449e-16 0)
(3 4.84509e-16 0)
(3 3.9172e-16 0)
(3 2.29896e-16 0)
(3 5.0125e-16 0)
(3 1.47409e-15 0)
(1.68229 -1.19239 0)
(1.91222 -0.97408 0)
(2.99997 -6.98708e-06 0)
(3 -1.72673e-15 0)
(3 -1.85298e-15 0)
(3 -7.03302e-16 0)
(3 1.26045e-16 0)
(3 9.19181e-16 0)
(3 1.19212e-15 0)
(3 1.11621e-15 0)
(3 1.0957e-15 0)
(3 1.18836e-15 0)
(3 1.38554e-15 0)
(3 1.72201e-15 0)
(3 2.46221e-15 0)
(3 2.51087e-15 0)
(3 2.9836e-15 0)
(3 2.84109e-15 0)
(3 3.18776e-15 0)
(3 3.07001e-15 0)
(1.65863 -1.23956 0)
(1.82183 -1.09787 0)
(2.87954 -0.0855821 0)
(3 5.16127e-13 0)
(3 -1.39209e-15 0)
(3 -1.41253e-15 0)
(3 -1.00535e-15 0)
(3 -8.44721e-16 0)
(3 4.0275e-16 0)
(3 1.08635e-15 0)
(3 1.45603e-15 0)
(3 1.20445e-15 0)
(3 1.37513e-15 0)
(3 1.50815e-15 0)
(3 2.31735e-15 0)
(3 2.41486e-15 0)
(3 2.42567e-15 0)
(3 3.08742e-15 0)
(3 2.09299e-15 0)
(3 1.95517e-16 0)
(1.63896 -1.26135 0)
(1.62364 -1.24889 0)
(2.64791 -0.291653 0)
(3 -1.61573e-13 0)
(3 -3.40781e-15 0)
(3 -5.30548e-16 0)
(3 -9.54607e-16 0)
(3 -6.08415e-16 0)
(3 1.19959e-16 0)
(3 5.77548e-16 0)
(3 8.28055e-16 0)
(3 6.74576e-16 0)
(3 6.38671e-16 0)
(3 7.28936e-16 0)
(3 1.67189e-15 0)
(3 1.87812e-15 0)
(3 1.4534e-15 0)
(3 4.41918e-16 0)
(3 -1.26014e-15 0)
(3 -1.14354e-15 0)
(1.62103 -1.28183 0)
(1.58247 -1.30698 0)
(2.42969 -0.525998 0)
(3 2.17237e-13 0)
(3 4.69941e-12 0)
(3 -7.33672e-14 0)
(3 -8.95662e-17 0)
(3 -3.51678e-16 0)
(3 1.98156e-16 0)
(3 4.83943e-16 0)
(3 6.93483e-16 0)
(3 7.71023e-16 0)
(3 3.80794e-16 0)
(3 7.67526e-16 0)
(3 1.03062e-15 0)
(3 1.17255e-15 0)
(3 8.51047e-16 0)
(3 -2.82855e-16 0)
(3 -5.38828e-16 0)
(3 2.9185e-16 0)
(1.605 -1.29631 0)
(1.48268 -1.3873 0)
(2.14734 -0.831763 0)
(3.0112 0.00943426 0)
(3 -5.1062e-09 0)
(3 -4.07849e-13 0)
(3 -3.97086e-15 0)
(3 6.36787e-17 0)
(3 3.37723e-16 0)
(3 7.15091e-16 0)
(3 8.58339e-16 0)
(3 1.45314e-15 0)
(3 1.72797e-15 0)
(3 1.82043e-15 0)
(3 1.10324e-15 0)
(3 1.23728e-15 0)
(3 9.21225e-16 0)
(3 5.58441e-16 0)
(3 1.83781e-16 0)
(3 2.03535e-15 0)
(1.59122 -1.30822 0)
(1.46601 -1.35399 0)
(1.92512 -1.04719 0)
(2.85329 -0.133767 0)
(3 2.20089e-08 0)
(3 2.29237e-11 0)
(3 -1.23214e-13 0)
(3 8.94444e-16 0)
(3 1.78706e-15 0)
(3 1.77071e-15 0)
(3 1.8968e-15 0)
(3 2.45458e-15 0)
(3 3.5991e-15 0)
(3 3.39812e-15 0)
(3 1.7086e-15 0)
(3 9.08992e-16 0)
(3 1.23895e-16 0)
(3 6.89965e-16 0)
(3 1.66898e-15 0)
(3 2.66997e-15 0)
(1.58322 -1.32179 0)
(1.51207 -1.32472 0)
(1.79555 -1.18179 0)
(2.44991 -0.533928 0)
(3 5.64073e-06 0)
(3 -2.97541e-11 0)
(3 2.28071e-13 0)
(3 1.69957e-14 0)
(3 -9.56373e-15 0)
(3 2.20766e-15 0)
(3 2.45896e-15 0)
(3 3.12354e-15 0)
(3 4.03219e-15 0)
(3 3.17479e-15 0)
(3 1.80579e-15 0)
(3 3.64714e-17 0)
(3 -6.74235e-16 0)
(3 8.77345e-16 0)
(3 2.64268e-15 0)
(3 2.94689e-15 0)
(1.58088 -1.29173 0)
(1.5503 -1.28448 0)
(1.65117 -1.25041 0)
(2.09918 -0.872427 0)
(3.00183 -9.74362e-05 0)
(3 2.62192e-12 0)
(3 1.94164e-13 0)
(3 -9.80393e-12 0)
(3 2.95472e-12 0)
(3 -5.18697e-15 0)
(3 1.86939e-15 0)
(3 4.05102e-15 0)
(3 3.0528e-15 0)
(3 1.65539e-15 0)
(3 1.35276e-15 0)
(3 2.61402e-16 0)
(3 -6.22295e-16 0)
(3 -3.63425e-17 0)
(3 1.35137e-15 0)
(3 2.00034e-15 0)
(1.58403 -1.27734 0)
(1.5796 -1.27044 0)
(1.63234 -1.24952 0)
(1.80462 -1.13148 0)
(2.72766 -0.237316 0)
(3 5.94146e-10 0)
(3 -1.43134e-08 0)
(3 1.29298e-08 0)
(3 -5.64214e-10 0)
(3 -2.96808e-12 0)
(3 9.48043e-14 0)
(3 3.68748e-15 0)
(3 2.86975e-15 0)
(3 2.11743e-15 0)
(3 2.07631e-15 0)
(3 4.17725e-17 0)
(3 -4.06517e-16 0)
(3 5.03679e-17 0)
(3 9.4574e-16 0)
(3 1.40752e-15 0)
(1.58749 -1.2664 0)
(1.60424 -1.2613 0)
(1.63327 -1.24436 0)
(1.75127 -1.1943 0)
(2.37418 -0.627939 0)
(3.01992 0.0184343 0)
(2.99974 -0.000189796 0)
(3 4.30628e-06 0)
(3 -8.54048e-08 0)
(3 9.01132e-10 0)
(3 -1.47749e-13 0)
(3 3.64131e-15 0)
(3 3.98584e-15 0)
(3 3.25176e-15 0)
(3 2.11462e-15 0)
(3 1.71258e-15 0)
(3 -4.70387e-16 0)
(3 -4.0147e-16 0)
(3 5.88953e-16 0)
(3 9.28275e-16 0)
(1.58799 -1.25531 0)
(1.61177 -1.25683 0)
(1.6293 -1.26031 0)
(1.62539 -1.2853 0)
(1.83249 -1.09791 0)
(2.72474 -0.232931 0)
(3.00574 0.00296636 0)
(2.99991 -8.81113e-05 0)
(3 7.81438e-07 0)
(3 -8.74558e-10 0)
(3 9.50883e-15 0)
(3 3.57533e-15 0)
(3 4.19711e-15 0)
(3 2.80778e-15 0)
(3 2.25658e-15 0)
(3 1.40421e-15 0)
(3 -1.50987e-15 0)
(3 -2.38204e-16 0)
(3 -6.16408e-16 0)
(3 1.63144e-15 0)
(1.58668 -1.25395 0)
(1.60477 -1.25689 0)
(1.60768 -1.26965 0)
(1.57877 -1.30285 0)
(1.69242 -1.23171 0)
(2.16757 -0.833661 0)
(2.98038 -0.0137984 0)
(3.00044 0.000861599 0)
(3 -5.64096e-07 0)
(3 -6.14755e-11 0)
(3 1.54037e-14 0)
(3 3.59997e-15 0)
(3 3.66605e-15 0)
(3 2.68896e-15 0)
(3 9.48332e-16 0)
(3 8.95745e-16 0)
(3 -7.75025e-16 0)
(3 1.84367e-16 0)
(3 -4.48918e-16 0)
(3 1.46361e-15 0)
(1.57888 -1.25259 0)
(1.58997 -1.26265 0)
(1.59143 -1.27903 0)
(1.58774 -1.28308 0)
(1.66473 -1.25471 0)
(1.74773 -1.23113 0)
(2.30609 -0.729455 0)
(3.00165 -0.0101173 0)
(3 -6.3344e-08 0)
(3 3.44167e-11 0)
(3 1.00761e-14 0)
(3 -7.84924e-16 0)
(3 5.5018e-15 0)
(3 1.03762e-15 0)
(3 4.02767e-16 0)
(3 1.06608e-15 0)
(3 -3.02902e-16 0)
(3 -2.93478e-16 0)
(3 -1.23221e-15 0)
(3 4.73105e-17 0)
(1.57421 -1.25538 0)
(1.58029 -1.26243 0)
(1.58392 -1.26947 0)
(1.59326 -1.26022 0)
(1.61689 -1.24117 0)
(1.61202 -1.26292 0)
(1.9217 -1.15847 0)
(2.99778 -0.349294 0)
(3.32089 0.567286 0)
(3 -6.06941e-11 0)
(3 7.24782e-11 0)
(3 -7.88248e-11 0)
(3 -6.41035e-17 0)
(3 4.35432e-13 0)
(3 1.63783e-14 0)
(3 -1.69514e-14 0)
(3 1.071e-14 0)
(3 1.24424e-16 0)
(3 2.18533e-16 0)
(3 2.35717e-15 0)
(1.15608 -0.778215 0)
(1.83405 -1.13941 0)
(1.83158 -1.15412 0)
(1.73079 -1.19602 0)
(1.71783 -1.19023 0)
(1.6736 -1.24005 0)
(1.66481 -1.21306 0)
(1.72925 -1.16534 0)
(1.75737 -1.22647 0)
(1.78114 -1.13987 0)
(2.2557 -0.749746 0)
(2.84594 -0.220688 0)
(3.09453 0.0237709 0)
(3.02077 0.0122958 0)
(3.00428 0.00519002 0)
(3.00183 0.00294362 0)
(3.00007 0.0005954 0)
(2.99998 2.50425e-05 0)
(2.99999 -1.43382e-05 0)
(3 -5.91026e-06 0)
(0.995582 -0.0469207 0)
(1.92238 -0.75945 0)
(2.10622 -0.787775 0)
(2.00174 -0.930342 0)
(1.9518 -0.985577 0)
(1.88184 -1.08031 0)
(1.80413 -1.1333 0)
(1.76185 -1.14685 0)
(1.75617 -1.16295 0)
(1.72915 -1.20339 0)
(1.70523 -1.19772 0)
(1.85608 -1.07604 0)
(2.10219 -0.889668 0)
(2.511 -0.577665 0)
(2.99171 -0.133862 0)
(3.07416 0.0301526 0)
(3.00811 0.00772385 0)
(3.00291 0.00384943 0)
(3.00122 0.00219814 0)
(3.00008 0.00048256 0)
(1.11652 0.10115 0)
(1.95105 -0.0788681 0)
(2.23981 -0.465808 0)
(2.23484 -0.536061 0)
(2.20812 -0.585244 0)
(2.15682 -0.745145 0)
(2.03819 -0.916544 0)
(1.97154 -0.968033 0)
(1.90356 -1.03176 0)
(1.85249 -1.12175 0)
(1.7859 -1.15547 0)
(1.78874 -1.14939 0)
(1.81191 -1.12882 0)
(1.85519 -1.08561 0)
(2.04128 -0.950209 0)
(2.25375 -0.831555 0)
(2.65992 -0.507623 0)
(3.03548 -0.0934242 0)
(3.05508 0.0237582 0)
(3.004 0.00464525 0)
(1.00546 0.632681 0)
(1.67921 0.936863 0)
(2.17088 0.820654 0)
(2.34453 -0.0742824 0)
(2.35923 -0.346364 0)
(2.35691 -0.358603 0)
(2.30444 -0.502463 0)
(2.21439 -0.65837 0)
(2.13922 -0.761673 0)
(2.08571 -0.896697 0)
(1.97416 -1.00329 0)
(1.91677 -1.05796 0)
(1.88389 -1.07984 0)
(1.86975 -1.09117 0)
(1.87048 -1.05903 0)
(1.89487 -1.05112 0)
(1.96085 -1.02294 0)
(2.16591 -0.902244 0)
(2.38481 -0.788407 0)
(2.77989 -0.437448 0)
(0.922725 0.773947 0)
(1.29342 1.66941 0)
(1.9534 1.4732 0)
(2.1945 0.944528 0)
(2.42563 0.484243 0)
(2.453 0.00195087 0)
(2.46203 -0.227038 0)
(2.39383 -0.429969 0)
(2.32762 -0.524763 0)
(2.2927 -0.651919 0)
(2.19981 -0.787002 0)
(2.11901 -0.88534 0)
(2.06437 -0.934197 0)
(2.01523 -0.980311 0)
(1.98501 -0.975337 0)
(1.95763 -0.987692 0)
(1.95619 -1.01229 0)
(1.97133 -0.994197 0)
(1.99518 -0.994571 0)
(2.0695 -0.978982 0)
(0.825182 0.871377 0)
(1.43685 1.61373 0)
(2.15905 1.57399 0)
(2.09731 1.4332 0)
(2.21555 1.27979 0)
(2.39724 0.658114 0)
(2.48854 0.365475 0)
(2.4997 0.131824 0)
(2.44398 -0.109462 0)
(2.4533 -0.226668 0)
(2.3975 -0.406737 0)
(2.34003 -0.535896 0)
(2.29426 -0.619661 0)
(2.23741 -0.702569 0)
(2.18322 -0.760953 0)
(2.13589 -0.804767 0)
(2.07539 -0.875536 0)
(2.04933 -0.91088 0)
(2.03152 -0.941029 0)
(2.0597 -0.955333 0)
(1.00008 1.00919 0)
(1.36156 1.20982 0)
(2.10229 1.43943 0)
(2.19612 1.704 0)
(2.26255 1.48284 0)
(2.31621 1.23239 0)
(2.41404 0.899748 0)
(2.46582 0.620172 0)
(2.47912 0.416028 0)
(2.50672 0.237751 0)
(2.52309 0.0389653 0)
(2.48588 -0.172435 0)
(2.47132 -0.320005 0)
(2.40677 -0.482415 0)
(2.34351 -0.610908 0)
(2.29758 -0.664608 0)
(2.22395 -0.744655 0)
(2.20744 -0.731276 0)
(2.18665 -0.750741 0)
(2.14891 -0.771185 0)
(1.2069 1.05604 0)
(1.36542 1.13661 0)
(1.75365 1.34747 0)
(2.02371 2.01151 0)
(2.4813 1.54124 0)
(2.42956 1.51793 0)
(2.56106 1.08777 0)
(2.6267 0.725711 0)
(2.63178 0.629948 0)
(2.62794 0.348306 0)
(2.65473 0.165809 0)
(2.60614 -0.0763806 0)
(2.59397 -0.207993 0)
(2.53135 -0.363231 0)
(2.48516 -0.441675 0)
(2.44574 -0.456325 0)
(2.41464 -0.447438 0)
(2.40576 -0.423796 0)
(2.32373 -0.536339 0)
(2.31572 -0.525283 0)
(1.37238 1.09037 0)
(1.44898 1.08888 0)
(1.66767 1.35955 0)
(1.6649 1.93218 0)
(2.30567 1.71385 0)
(2.52281 1.73842 0)
(2.70874 1.26109 0)
(2.7728 0.828515 0)
(2.78635 0.632185 0)
(2.72584 0.439789 0)
(2.71672 0.330265 0)
(2.69116 0.180449 0)
(2.6723 0.108397 0)
(2.64713 0.0198011 0)
(2.60618 -0.0523555 0)
(2.57817 -0.0707047 0)
(2.55771 -0.111111 0)
(2.51445 -0.225662 0)
(2.44088 -0.378857 0)
(2.44434 -0.364579 0)
(1.47805 1.16212 0)
(1.53353 1.14582 0)
(1.5868 1.4536 0)
(1.60335 1.87427 0)
(1.83223 1.83851 0)
(2.08331 1.79839 0)
(2.27784 1.52773 0)
(2.44487 1.22716 0)
(2.55702 1.09513 0)
(2.57633 1.05392 0)
(2.6032 0.886308 0)
(2.62966 0.722723 0)
(2.6252 0.561759 0)
(2.66389 0.466035 0)
(2.64099 0.276591 0)
(2.66342 0.175198 0)
(2.64032 -0.0144167 0)
(2.60104 -0.158591 0)
(2.53106 -0.236598 0)
(2.57087 -0.118503 0)
(1.51305 1.32137 0)
(1.55745 1.33911 0)
(1.50247 1.64206 0)
(1.56811 1.88584 0)
(1.74148 1.89277 0)
(1.94727 1.82929 0)
(2.12209 1.70887 0)
(2.2623 1.55091 0)
(2.32056 1.41794 0)
(2.37974 1.34284 0)
(2.47795 1.13938 0)
(2.57384 0.992698 0)
(2.62069 0.741995 0)
(2.72595 0.616847 0)
(2.70532 0.336122 0)
(2.72196 0.209476 0)
(2.70236 0.0431057 0)
(2.66755 0.033679 0)
(2.63953 0.100311 0)
(2.61789 0.0615179 0)
(1.60313 1.50758 0)
(1.58603 1.58245 0)
(1.46869 1.87931 0)
(1.56899 1.97995 0)
(1.74333 1.9652 0)
(1.87022 1.89614 0)
(2.01 1.82141 0)
(2.17241 1.62298 0)
(2.26794 1.50519 0)
(2.4101 1.41834 0)
(2.54158 1.14743 0)
(2.67212 0.979427 0)
(2.70962 0.714599 0)
(2.75711 0.605224 0)
(2.7629 0.457796 0)
(2.75839 0.450327 0)
(2.7447 0.366977 0)
(2.71817 0.430897 0)
(2.70434 0.4313 0)
(2.66721 0.245974 0)
(1.7601 1.6137 0)
(1.74357 1.70297 0)
(1.56023 2.08408 0)
(1.65504 2.15381 0)
(1.78888 2.02856 0)
(1.94409 1.92459 0)
(2.06417 1.88126 0)
(2.25365 1.64749 0)
(2.42107 1.56268 0)
(2.58037 1.37627 0)
(2.66339 1.26446 0)
(2.75013 1.0994 0)
(2.75741 1.05268 0)
(2.75499 1.00496 0)
(2.74944 0.908726 0)
(2.72438 0.85165 0)
(2.70578 0.758712 0)
(2.74058 0.763737 0)
(2.73303 0.612925 0)
(2.73926 0.389471 0)
(1.87816 1.66714 0)
(1.97296 1.67945 0)
(1.72875 2.15395 0)
(1.79314 2.21174 0)
(1.92607 2.08166 0)
(2.06488 1.99571 0)
(2.21771 1.96431 0)
(2.36528 1.79034 0)
(2.44501 1.76601 0)
(2.55936 1.5706 0)
(2.59746 1.60045 0)
(2.65665 1.44669 0)
(2.63109 1.39547 0)
(2.62988 1.30561 0)
(2.64557 1.20574 0)
(2.66126 1.09359 0)
(2.698 0.99962 0)
(2.79443 0.895497 0)
(2.80174 0.651903 0)
(2.80636 0.482997 0)
(1.85554 1.68574 0)
(2.16037 1.62776 0)
(1.95014 2.12156 0)
(1.92768 2.21264 0)
(2.10696 2.20334 0)
(2.18332 2.26831 0)
(2.26404 2.04474 0)
(2.22279 1.97019 0)
(2.30965 1.87495 0)
(2.43369 1.77708 0)
(2.40006 1.81517 0)
(2.46069 1.64677 0)
(2.48771 1.54898 0)
(2.53883 1.46887 0)
(2.62534 1.36512 0)
(2.68462 1.22583 0)
(2.77162 1.06365 0)
(2.86572 0.867182 0)
(2.87235 0.736365 0)
(2.75726 0.746319 0)
(1.69898 1.63 0)
(2.06673 1.61694 0)
(2.10861 2.04719 0)
(2.08003 2.20011 0)
(2.19282 2.20624 0)
(2.19268 2.30058 0)
(2.24306 2.07804 0)
(2.12171 2.05521 0)
(2.15191 2.03491 0)
(2.19154 1.94516 0)
(2.22588 1.86641 0)
(2.34177 1.75104 0)
(2.42763 1.64173 0)
(2.56616 1.5394 0)
(2.7122 1.37937 0)
(2.78834 1.17367 0)
(2.80651 1.13013 0)
(2.81066 1.08307 0)
(2.72563 1.18513 0)
(2.65628 1.18824 0)
(1.5973 1.5799 0)
(1.89465 1.62557 0)
(2.01936 2.02808 0)
(2.07525 2.20887 0)
(2.14898 2.26514 0)
(2.10505 2.35989 0)
(2.10404 2.16709 0)
(2.00153 2.13593 0)
(2.02765 2.08593 0)
(2.12039 1.95273 0)
(2.23198 1.83127 0)
(2.37924 1.77309 0)
(2.50347 1.61136 0)
(2.62526 1.55489 0)
(2.69942 1.53182 0)
(2.70325 1.54211 0)
(2.62912 1.61433 0)
(2.60289 1.50385 0)
(2.56847 1.51931 0)
(2.62289 1.35257 0)
(1.52076 1.54281 0)
(1.74077 1.61504 0)
(1.88772 1.97662 0)
(1.97852 2.1668 0)
(2.00536 2.3139 0)
(1.98311 2.30439 0)
(2.01537 2.20796 0)
(1.97 2.17937 0)
(1.97309 2.13743 0)
(2.06745 2.07015 0)
(2.21163 1.99884 0)
(2.2813 1.98073 0)
(2.37163 1.91762 0)
(2.39966 1.91962 0)
(2.40431 1.86446 0)
(2.40677 1.80443 0)
(2.42079 1.78161 0)
(2.46384 1.66731 0)
(2.53184 1.64483 0)
(2.64825 1.52241 0)
(1.4678 1.53238 0)
(1.59428 1.56074 0)
(1.7019 1.7249 0)
(1.80952 1.91536 0)
(1.73897 1.63642 0)
(1.74238 1.29498 0)
(1.86371 1.23956 0)
(1.92721 1.45233 0)
(1.78373 1.41403 0)
(1.66964 1.11627 0)
(1.70711 0.905048 0)
(1.873 0.970942 0)
(2.04993 1.16237 0)
(2.13415 1.47578 0)
(2.11161 1.51285 0)
(2.07193 1.39703 0)
(2.1039 1.22462 0)
(2.22707 1.12839 0)
(2.33417 1.13526 0)
(2.42502 1.17347 0)
(1.3069 0.554459 0)
(1.2481 0.557972 0)
(1.26718 0.436449 0)
(1.3482 0.441382 0)
(1.30569 0.234569 0)
(1.35 0.0469344 0)
(1.50817 0.105273 0)
(1.62565 0.24391 0)
(1.5867 0.276344 0)
(1.50186 0.178604 0)
(1.49943 0.0468066 0)
(1.57198 0.0596916 0)
(1.61131 0.131351 0)
(1.67616 0.283476 0)
(1.70557 0.332968 0)
(1.68387 0.28499 0)
(1.74033 0.1896 0)
(1.8149 0.157543 0)
(1.86121 0.198123 0)
(1.8803 0.255318 0)
(1.93723 -0.178991 0)
(2.03307 -0.147369 0)
(2.0762 -0.086895 0)
(2.1124 -0.0621219 0)
(2.1268 -0.0264521 0)
(2.15787 -0.0204175 0)
(2.18366 -0.0106606 0)
(2.18709 -0.0121919 0)
(2.18981 -0.00650166 0)
(2.18996 -0.00597834 0)
(2.20012 -0.00985262 0)
(2.21939 -0.0112835 0)
(2.23562 -0.00756598 0)
(2.24155 -0.00608941 0)
(2.24913 -0.00175802 0)
(2.25581 -0.000871151 0)
(2.26482 -0.00145258 0)
(2.27317 -0.00327243 0)
(2.27647 -0.00317296 0)
(2.28557 -0.000933963 0)
(2.33105 -0.805204 0)
(2.29966 -0.552771 0)
(2.29697 -0.330258 0)
(2.29958 -0.150776 0)
(2.27968 -0.0306237 0)
(2.27694 -0.038418 0)
(2.24854 -0.0243919 0)
(2.27155 -0.0342079 0)
(2.2753 -0.0347531 0)
(2.26703 -0.0302537 0)
(2.27512 -0.0178584 0)
(2.29818 -0.00661572 0)
(2.30503 -0.0132032 0)
(2.29875 -0.0182839 0)
(2.29314 -0.00995757 0)
(2.2906 0.00412073 0)
(2.29345 0.00647924 0)
(2.30276 0.00253186 0)
(2.31045 -0.0043908 0)
(2.31626 -0.00550977 0)
(2.71049 -1.47119 0)
(2.65052 -1.42384 0)
(2.62806 -1.09466 0)
(2.62912 -0.826797 0)
(2.58855 -0.464608 0)
(2.59938 -0.279181 0)
(2.483 -0.0508336 0)
(2.43039 -0.0770542 0)
(2.39718 -0.0384293 0)
(2.41746 -0.0325196 0)
(2.41878 -0.0348779 0)
(2.41675 -0.0146812 0)
(2.41729 -0.00333958 0)
(2.41063 -0.0134836 0)
(2.39529 -0.0168139 0)
(2.37973 -0.0107113 0)
(2.37102 -0.000497351 0)
(2.37546 0.00553238 0)
(2.38188 0.00884854 0)
(2.38522 0.000350688 0)
(2.74435 -1.21151 0)
(2.7073 -1.21751 0)
(2.70785 -1.21775 0)
(2.72769 -1.17868 0)
(2.73357 -1.06917 0)
(2.74706 -0.812391 0)
(2.69485 -0.441642 0)
(2.71705 -0.305039 0)
(2.58894 -0.0804281 0)
(2.55931 -0.0708098 0)
(2.52416 -0.0369671 0)
(2.52282 -0.0158329 0)
(2.51723 -0.0123978 0)
(2.51492 -0.0224077 0)
(2.50187 -0.0198829 0)
(2.48829 -0.0164097 0)
(2.47547 -0.0131756 0)
(2.46811 -0.000357723 0)
(2.47104 0.00596786 0)
(2.46975 0.00192611 0)
(2.73068 -1.07013 0)
(2.72721 -1.05346 0)
(2.70398 -1.06809 0)
(2.74807 -1.02701 0)
(2.78373 -0.973307 0)
(2.77777 -0.948673 0)
(2.75967 -0.926211 0)
(2.76574 -0.717113 0)
(2.74301 -0.423811 0)
(2.74151 -0.22025 0)
(2.63917 -0.075828 0)
(2.60663 -0.0102469 0)
(2.5917 -0.00324556 0)
(2.56795 -0.0198327 0)
(2.56383 -0.0202127 0)
(2.56201 -0.0154752 0)
(2.55422 -0.0151491 0)
(2.54317 -0.00444799 0)
(2.53858 0.00297696 0)
(2.53505 0.000157728 0)
(2.72143 -0.912238 0)
(2.72686 -0.919076 0)
(2.72267 -0.926575 0)
(2.75263 -0.912564 0)
(2.808 -0.879808 0)
(2.81942 -0.843842 0)
(2.81676 -0.840532 0)
(2.77092 -0.907254 0)
(2.73533 -0.833112 0)
(2.73706 -0.512102 0)
(2.73142 -0.27289 0)
(2.65215 -0.0569367 0)
(2.62019 0.0164371 0)
(2.58494 -0.0105103 0)
(2.58504 -0.0259491 0)
(2.58792 -0.0213205 0)
(2.58291 -0.0169374 0)
(2.5765 -0.00334311 0)
(2.57202 0.00530292 0)
(2.57006 -0.0011648 0)
(2.72389 -0.645698 0)
(2.73548 -0.742797 0)
(2.72624 -0.792424 0)
(2.75553 -0.78268 0)
(2.81151 -0.768289 0)
(2.82875 -0.775906 0)
(2.82034 -0.780306 0)
(2.77101 -0.787917 0)
(2.73278 -0.819549 0)
(2.71833 -0.80612 0)
(2.70214 -0.626439 0)
(2.68487 -0.363573 0)
(2.60629 -0.0801515 0)
(2.58197 -0.0243218 0)
(2.58967 -0.0321249 0)
(2.59015 -0.0259221 0)
(2.58776 -0.0190613 0)
(2.58508 -0.000983506 0)
(2.58652 -0.00165878 0)
(2.5817 -0.00843299 0)
(2.71041 -0.444887 0)
(2.73408 -0.581674 0)
(2.73915 -0.669842 0)
(2.75348 -0.696249 0)
(2.79918 -0.69634 0)
(2.83072 -0.702158 0)
(2.80864 -0.702452 0)
(2.75081 -0.696684 0)
(2.71053 -0.725838 0)
(2.68594 -0.740431 0)
(2.70263 -0.757975 0)
(2.71203 -0.661796 0)
(2.66379 -0.399161 0)
(2.5878 -0.106926 0)
(2.58555 -0.00266052 0)
(2.58721 -0.0201882 0)
(2.59029 -0.00947126 0)
(2.58935 0.00331252 0)
(2.58881 -0.00839022 0)
(2.57981 -0.0126982 0)
(2.67518 -0.255384 0)
(2.72833 -0.397652 0)
(2.76426 -0.500863 0)
(2.75404 -0.54781 0)
(2.76217 -0.567513 0)
(2.79461 -0.621069 0)
(2.77388 -0.604815 0)
(2.70655 -0.607107 0)
(2.69061 -0.653035 0)
(2.6826 -0.67503 0)
(2.71452 -0.711054 0)
(2.73318 -0.722423 0)
(2.72805 -0.654892 0)
(2.67017 -0.414774 0)
(2.60697 -0.136086 0)
(2.60218 -0.0568593 0)
(2.59736 -0.00693799 0)
(2.58893 -0.00088342 0)
(2.5709 -0.0240507 0)
(2.57385 -0.0160825 0)
(2.62876 -0.112585 0)
(2.70952 -0.241979 0)
(2.75944 -0.329061 0)
(2.72806 -0.436475 0)
(2.71073 -0.490916 0)
(2.7353 -0.543922 0)
(2.7268 -0.553663 0)
(2.67619 -0.558159 0)
(2.67241 -0.585528 0)
(2.6862 -0.615655 0)
(2.71955 -0.638126 0)
(2.73977 -0.683441 0)
(2.74309 -0.688526 0)
(2.71823 -0.642198 0)
(2.668 -0.408623 0)
(2.64063 -0.158678 0)
(2.61366 0.0332996 0)
(2.57461 -0.0050916 0)
(2.56538 -0.0262194 0)
(2.57666 -0.0138544 0)
(2.50839 0.122987 0)
(2.5666 0.0984026 0)
(2.54828 0.0328366 0)
(2.61078 -0.179841 0)
(2.65316 -0.34364 0)
(2.66533 -0.393925 0)
(2.67928 -0.408664 0)
(2.66289 -0.426655 0)
(2.67488 -0.494366 0)
(2.68954 -0.503313 0)
(2.72784 -0.546484 0)
(2.74007 -0.584996 0)
(2.73735 -0.617721 0)
(2.74299 -0.637644 0)
(2.73509 -0.614479 0)
(2.7159 -0.452027 0)
(2.68776 -0.215481 0)
(2.67629 -0.131185 0)
(2.6601 -0.0357913 0)
(2.61792 -0.00805907 0)
(2.34152 0.569593 0)
(2.46591 0.28305 0)
(2.50173 0.193072 0)
(2.54547 0.0315279 0)
(2.63983 -0.186591 0)
(2.6421 -0.302578 0)
(2.66453 -0.338085 0)
(2.6959 -0.38823 0)
(2.69682 -0.43879 0)
(2.70068 -0.417224 0)
(2.71913 -0.436382 0)
(2.73047 -0.481661 0)
(2.73007 -0.525555 0)
(2.74572 -0.56435 0)
(2.7906 -0.563783 0)
(2.79207 -0.563861 0)
(2.77734 -0.497465 0)
(2.76212 -0.317508 0)
(2.75345 -0.176628 0)
(2.71492 -0.0515667 0)
(2.34769 0.707974 0)
(2.37622 0.620437 0)
(2.47052 0.393602 0)
(2.53037 0.230392 0)
(2.52114 0.203926 0)
(2.60062 -0.0322153 0)
(2.64131 -0.106493 0)
(2.65784 -0.0883054 0)
(2.68305 -0.207865 0)
(2.67275 -0.269176 0)
(2.70148 -0.327591 0)
(2.73252 -0.393662 0)
(2.75226 -0.423209 0)
(2.78149 -0.431032 0)
(2.81165 -0.473421 0)
(2.82764 -0.509378 0)
(2.82406 -0.513782 0)
(2.81583 -0.506443 0)
(2.82364 -0.447758 0)
(2.80258 -0.208401 0)
(2.43422 0.685607 0)
(2.43244 0.679311 0)
(2.43074 0.647451 0)
(2.47884 0.519455 0)
(2.51955 0.389267 0)
(2.58319 0.214438 0)
(2.64002 0.0322935 0)
(2.65064 -0.00864027 0)
(2.70418 -0.179438 0)
(2.71095 -0.269591 0)
(2.73136 -0.296962 0)
(2.76054 -0.341259 0)
(2.78696 -0.379157 0)
(2.80558 -0.346722 0)
(2.81561 -0.368941 0)
(2.8326 -0.435406 0)
(2.83409 -0.459956 0)
(2.83765 -0.498363 0)
(2.87666 -0.490386 0)
(2.88424 -0.420254 0)
(2.72654 0.435834 0)
(2.59046 0.608598 0)
(2.52315 0.631809 0)
(2.5235 0.617712 0)
(2.52963 0.568326 0)
(2.56113 0.472331 0)
(2.621 0.290721 0)
(2.65649 0.179559 0)
(2.68845 0.0916222 0)
(2.71782 -0.0258987 0)
(2.72644 -0.0291965 0)
(2.75056 -0.100733 0)
(2.77519 -0.162205 0)
(2.78268 -0.211426 0)
(2.82375 -0.291905 0)
(2.84627 -0.347185 0)
(2.86499 -0.367984 0)
(2.89023 -0.395323 0)
(2.91965 -0.42177 0)
(2.92111 -0.424069 0)
(2.96936 0.0698535 0)
(2.8468 0.31142 0)
(2.73718 0.47448 0)
(2.61483 0.579297 0)
(2.61205 0.580155 0)
(2.60969 0.565307 0)
(2.62111 0.508428 0)
(2.64974 0.41608 0)
(2.69561 0.288902 0)
(2.75045 0.114559 0)
(2.7623 0.0673292 0)
(2.78744 -0.0165529 0)
(2.82427 -0.165191 0)
(2.83098 -0.215412 0)
(2.85333 -0.26143 0)
(2.87898 -0.298092 0)
(2.90409 -0.297881 0)
(2.92383 -0.307933 0)
(2.92939 -0.332673 0)
(2.9349 -0.391208 0)
(2.99898 0.00340086 0)
(2.9853 0.0369892 0)
(2.95014 0.133774 0)
(2.82439 0.368467 0)
(2.74816 0.486022 0)
(2.66712 0.551632 0)
(2.66574 0.549634 0)
(2.66906 0.531712 0)
(2.6852 0.483713 0)
(2.71964 0.391399 0)
(2.76462 0.249925 0)
(2.79441 0.167273 0)
(2.81794 0.0782833 0)
(2.83012 0.0231705 0)
(2.84004 -0.00294608 0)
(2.85475 -0.0578004 0)
(2.88 -0.1153 0)
(2.88248 -0.160584 0)
(2.9208 -0.237623 0)
(2.94234 -0.297347 0)
(2.99998 7.21737e-05 0)
(2.99963 0.00091558 0)
(2.99744 0.00770176 0)
(2.97595 0.0611169 0)
(2.92714 0.183182 0)
(2.82979 0.371835 0)
(2.7705 0.472566 0)
(2.7127 0.523741 0)
(2.71336 0.520783 0)
(2.71969 0.502243 0)
(2.7372 0.453132 0)
(2.76804 0.372715 0)
(2.80636 0.266694 0)
(2.84596 0.13852 0)
(2.86117 0.0818655 0)
(2.88997 -0.0269585 0)
(2.9076 -0.123853 0)
(2.91404 -0.179349 0)
(2.93432 -0.230368 0)
(2.96648 -0.265951 0)
(3 1.10484e-06 0)
(3 9.72383e-06 0)
(2.99995 0.000112481 0)
(2.9992 0.00194758 0)
(2.9946 0.0141352 0)
(2.96902 0.078369 0)
(2.92282 0.196404 0)
(2.83906 0.369194 0)
(2.79593 0.4475 0)
(2.75245 0.491728 0)
(2.75252 0.490677 0)
(2.7577 0.477199 0)
(2.77443 0.437896 0)
(2.80583 0.35973 0)
(2.83984 0.261262 0)
(2.8705 0.170304 0)
(2.88734 0.103749 0)
(2.9038 0.0318621 0)
(2.91321 0.00549159 0)
(2.93228 -0.0559313 0)
(3 1.24993e-08 0)
(3 8.27874e-08 0)
(3 9.15903e-07 0)
(2.99999 2.06736e-05 0)
(2.99989 0.00025531 0)
(2.99873 0.0030627 0)
(2.99278 0.0183497 0)
(2.96642 0.08357 0)
(2.92109 0.199145 0)
(2.85703 0.339625 0)
(2.81282 0.425672 0)
(2.78306 0.465227 0)
(2.78407 0.463509 0)
(2.78934 0.452081 0)
(2.80472 0.416545 0)
(2.83019 0.355243 0)
(2.86333 0.262999 0)
(2.893 0.172045 0)
(2.91753 0.0878794 0)
(2.94483 -0.0295595 0)
(3 1.06647e-10 0)
(3 6.42798e-10 0)
(3 6.33249e-09 0)
(3 1.44787e-07 0)
(3 2.16806e-06 0)
(2.99998 3.52254e-05 0)
(2.99983 0.000390318 0)
(2.99846 0.00359925 0)
(2.99157 0.0206807 0)
(2.96879 0.0770738 0)
(2.92331 0.188852 0)
(2.86935 0.314304 0)
(2.83301 0.392915 0)
(2.8079 0.437767 0)
(2.80847 0.436944 0)
(2.81218 0.4291 0)
(2.82531 0.401148 0)
(2.84668 0.351065 0)
(2.87709 0.269548 0)
(2.91215 0.161567 0)
(3 7.1787e-13 0)
(3 4.46603e-12 0)
(3 4.0285e-11 0)
(3 8.65266e-10 0)
(3 1.41362e-08 0)
(3 2.52201e-07 0)
(3 3.50224e-06 0)
(2.99998 4.50945e-05 0)
(2.99979 0.000469746 0)
(2.99849 0.00348752 0)
(2.99156 0.0198841 0)
(2.97087 0.0702137 0)
(2.93278 0.164258 0)
(2.88008 0.290768 0)
(2.85073 0.357344 0)
(2.82745 0.409208 0)
(2.82781 0.410308 0)
(2.8307 0.405077 0)
(2.83932 0.38853 0)
(2.87056 0.314343 0)
(3 3.98713e-15 0)
(3 3.1274e-14 0)
(3 2.38905e-13 0)
(3 4.64346e-12 0)
(3 8.10355e-11 0)
(3 1.50143e-09 0)
(3 2.35325e-08 0)
(3 3.30741e-07 0)
(3 4.39689e-06 0)
(2.99998 4.53597e-05 0)
(2.99979 0.000466622 0)
(2.9986 0.00322978 0)
(2.99296 0.0162329 0)
(2.9734 0.0628976 0)
(2.94374 0.13592 0)
(2.89483 0.255321 0)
(2.86008 0.342626 0)
(2.84937 0.367159 0)
(2.84377 0.383027 0)
(2.84912 0.375684 0)
(3 -8.26213e-15 0)
(3 -6.64562e-15 0)
(3 -4.83195e-15 0)
(3 2.05857e-14 0)
(3 4.00273e-13 0)
(3 8.35537e-12 0)
(3 1.30314e-10 0)
(3 2.11206e-09 0)
(3 2.85357e-08 0)
(3 3.55596e-07 0)
(3 4.43737e-06 0)
(2.99998 4.17253e-05 0)
(2.99982 0.000398805 0)
(2.99886 0.0025307 0)
(2.99411 0.0140973 0)
(2.98042 0.0453451 0)
(2.94808 0.125895 0)
(2.91682 0.209034 0)
(2.88356 0.305415 0)
(2.87339 0.345035 0)
(3 -7.5171e-15 0)
(3 -4.24625e-15 0)
(3 -3.0229e-15 0)
(3 -3.03725e-15 0)
(3 -5.221e-16 0)
(3 3.18197e-14 0)
(3 6.1633e-13 0)
(3 9.72011e-12 0)
(3 1.51494e-10 0)
(3 1.87118e-09 0)
(3 2.69693e-08 0)
(3 2.72591e-07 0)
(3 3.27138e-06 0)
(2.99998 2.86375e-05 0)
(2.99984 0.000257735 0)
(2.99902 0.00152046 0)
(2.99429 0.00916053 0)
(2.98125 0.0271001 0)
(2.94849 0.0798853 0)
(2.87975 0.154383 0)
(2.40833 0.413676 0)
(2.26986 0.70874 0)
(2.34145 0.736269 0)
(2.54914 0.601447 0)
(2.85744 0.242609 0)
(2.98686 0.0323228 0)
(2.99955 0.00158635 0)
(2.99999 3.90883e-05 0)
(3 5.9007e-07 0)
(3 5.96504e-09 0)
(3 4.28497e-11 0)
(3 2.41007e-13 0)
(3 8.81583e-16 0)
(3 -9.54849e-15 0)
(3 -7.11091e-15 0)
(2.28282 0.647828 0)
(2.25648 0.788158 0)
(2.40199 0.73825 0)
(2.78144 0.371909 0)
(2.99051 0.034542 0)
(3.00005 0.000444131 0)
(3 -1.32515e-06 0)
(3 -8.53527e-08 0)
(3 -1.56157e-08 0)
(3 -6.45365e-10 0)
(3 -8.41108e-12 0)
(3 -4.94234e-14 0)
(3 -9.31412e-16 0)
(3 -9.69128e-15 0)
(3 -6.74672e-15 0)
(2.19917 0.8137 0)
(2.24816 0.807008 0)
(2.57956 0.563783 0)
(2.9414 0.122272 0)
(2.99883 0.00522029 0)
(2.99999 7.38659e-05 0)
(3 8.83431e-07 0)
(3 1.0992e-08 0)
(3 3.49211e-11 0)
(3 2.04734e-13 0)
(3 1.69495e-14 0)
(3 1.13476e-14 0)
(3 -2.78584e-16 0)
(3 -1.04341e-14 0)
(3 -6.22643e-15 0)
(2.178 0.877682 0)
(2.41287 0.742073 0)
(2.84647 0.27005 0)
(2.99569 0.0151955 0)
(3.00001 8.03863e-05 0)
(3 -1.03381e-06 0)
(3 -6.61626e-09 0)
(3 -1.36302e-09 0)
(3 -7.65144e-11 0)
(3 -1.24641e-12 0)
(3 -1.30261e-15 0)
(3 1.05354e-14 0)
(3 -1.77463e-15 0)
(3 -9.21585e-15 0)
(3 -5.53612e-15 0)
(2.17902 0.898434 0)
(2.66807 0.452101 0)
(2.98507 0.0341267 0)
(2.99999 0.000394182 0)
(3 2.67056e-06 0)
(3 6.33015e-09 0)
(3 -5.27199e-10 0)
(3 -5.46059e-12 0)
(3 8.37411e-14 0)
(3 1.29436e-14 0)
(3 8.88428e-15 0)
(3 1.06453e-14 0)
(3 -4.30529e-15 0)
(3 -8.96336e-15 0)
(3 -4.06017e-15 0)
(2.569 0.576935 0)
(2.99068 0.0384968 0)
(3.00023 0.000372392 0)
(3 -1.17401e-06 0)
(3 -2.31659e-07 0)
(3 -1.22427e-08 0)
(3 -1.89493e-10 0)
(3 -9.36892e-13 0)
(3 -8.53943e-15 0)
(3 1.72887e-15 0)
(3 8.61421e-15 0)
(3 8.11422e-15 0)
(3 -5.27603e-15 0)
(3 -8.64278e-15 0)
(3 -2.8656e-15 0)
(2.99324 0.049563 0)
(2.99997 0.00110886 0)
(3 -1.2913e-06 0)
(3 -4.60926e-07 0)
(3 -7.41733e-09 0)
(3 4.13272e-12 0)
(3 1.2914e-12 0)
(3 7.55298e-14 0)
(3 -2.31468e-15 0)
(3 2.75312e-15 0)
(3 8.88335e-15 0)
(3 7.39578e-15 0)
(3 -5.38957e-15 0)
(3 -8.44578e-15 0)
(3 -2.57605e-15 0)
(3.00075 -0.00154861 0)
(3.00004 -0.000108031 0)
(3 -3.48994e-06 0)
(3 1.69328e-08 0)
(3 9.1955e-11 0)
(3 1.29948e-11 0)
(3 9.13399e-14 0)
(3 5.12073e-17 0)
(3 -3.46537e-15 0)
(3 2.93393e-15 0)
(3 8.72323e-15 0)
(3 6.23693e-15 0)
(3 -5.50157e-15 0)
(3 -8.2859e-15 0)
(3 -2.41497e-15 0)
(3.00001 -2.1572e-05 0)
(3 1.20446e-07 0)
(3 2.38234e-08 0)
(3 1.16114e-09 0)
(3 -7.87098e-12 0)
(3 -8.83299e-14 0)
(3 1.44198e-16 0)
(3 2.80704e-15 0)
(3 -2.88504e-15 0)
(3 2.69773e-15 0)
(3 8.60497e-15 0)
(3 5.26465e-15 0)
(3 -5.46113e-15 0)
(3 -7.89298e-15 0)
(3 -2.48757e-15 0)
(3 1.23827e-06 0)
(3 1.43196e-08 0)
(3 -7.61992e-11 0)
(3 -1.25964e-11 0)
(3 -4.05859e-13 0)
(3 -2.59332e-15 0)
(3 2.97292e-15 0)
(3 2.72734e-15 0)
(3 -2.77552e-15 0)
(3 2.47027e-15 0)
(3 8.46849e-15 0)
(3 4.03774e-15 0)
(3 -4.64937e-15 0)
(3 -7.5676e-15 0)
(3 -2.51672e-15 0)
(3 1.76397e-15 0)
(3 7.07265e-16 0)
(3 -5.56991e-16 0)
(3 -6.1832e-15 0)
(3 -7.53245e-15 0)
(3 -3.82245e-15 0)
(3 3.21409e-15 0)
(3 2.87131e-15 0)
(3 -2.83976e-15 0)
(3 2.46938e-15 0)
(3 8.18267e-15 0)
(3 3.60868e-15 0)
(3 -4.23587e-15 0)
(3 -7.51386e-15 0)
(3 -2.52946e-15 0)
(3 7.87098e-16 0)
(3 1.33662e-15 0)
(3 -2.97176e-15 0)
(3 -5.30671e-15 0)
(3 -6.91033e-15 0)
(3 -3.66541e-15 0)
(3 3.54832e-15 0)
(3 3.2728e-15 0)
(3 -2.97479e-15 0)
(3 2.30805e-15 0)
(3 7.81487e-15 0)
(3 3.0437e-15 0)
(3 -3.99218e-15 0)
(3 -7.49361e-15 0)
(3 -2.59062e-15 0)
(3 4.33844e-16 0)
(3 7.85142e-16 0)
(3 -3.73407e-15 0)
(3 -5.3057e-15 0)
(3 -6.76068e-15 0)
(3 -3.07599e-15 0)
(3 3.80038e-15 0)
(3 3.38795e-15 0)
(3 -2.9719e-15 0)
(3 2.1986e-15 0)
(3 7.55587e-15 0)
(3 2.68756e-15 0)
(3 -3.90824e-15 0)
(3 -7.34862e-15 0)
(3 -2.65611e-15 0)
(3 -3.97792e-16 0)
(3 1.1972e-17 0)
(3 -3.59231e-15 0)
(3 -4.94297e-15 0)
(3 -6.70484e-15 0)
(3 -2.60117e-15 0)
(3 3.58493e-15 0)
(3 3.69129e-15 0)
(3 -2.85366e-15 0)
(3 2.07395e-15 0)
(3 7.1967e-15 0)
(3 2.39291e-15 0)
(3 -3.95041e-15 0)
(3 -7.18962e-15 0)
(3 -2.62455e-15 0)
(3 -1.15047e-15 0)
(3 5.01347e-18 0)
(3 -2.73265e-15 0)
(3 -4.73494e-15 0)
(3 -6.70382e-15 0)
(3 -2.2779e-15 0)
(3 3.40243e-15 0)
(3 3.79359e-15 0)
(3 -2.33174e-15 0)
(3 1.98148e-15 0)
(3 6.37738e-15 0)
(3 1.97554e-15 0)
(3 -4.04773e-15 0)
(3 -6.79254e-15 0)
(3 -2.35744e-15 0)
(3 -1.0366e-15 0)
(3 2.94254e-18 0)
(3 -2.21611e-15 0)
(3 -4.5971e-15 0)
(3 -5.9806e-15 0)
(3 -2.30763e-15 0)
(3 3.13716e-15 0)
(3 4.89183e-15 0)
(3 -1.61361e-15 0)
(3 1.38931e-15 0)
(3 5.82252e-15 0)
(3 1.77393e-15 0)
(3 -4.02729e-15 0)
(3 -6.78724e-15 0)
(3 -2.14106e-15 0)
(3 -9.18729e-16 0)
(3 1.30538e-16 0)
(3 -1.41233e-15 0)
(3 -4.18054e-15 0)
(3 -5.17673e-15 0)
(3 -3.24132e-15 0)
(3 2.92865e-15 0)
(3 5.21357e-15 0)
(3 -8.48252e-16 0)
(3 7.8087e-16 0)
(3 4.74047e-15 0)
(3 1.88117e-15 0)
(3 -4.18166e-15 0)
(3 -6.88014e-15 0)
(3 -1.84502e-15 0)
(3 -1.09718e-15 0)
(3 5.83221e-17 0)
(3 -1.2144e-15 0)
(3 -3.37123e-15 0)
(3 -4.88094e-15 0)
(3 -3.73276e-15 0)
(3 2.29386e-15 0)
(3 5.30743e-15 0)
(3 -6.36889e-16 0)
(3 7.17001e-16 0)
(3 4.07982e-15 0)
(3 2.25207e-15 0)
(3 -4.37936e-15 0)
(3 -6.67551e-15 0)
(3 -1.4552e-15 0)
(3 -1.69704e-15 0)
(3 -2.17011e-16 0)
(3 -3.76652e-16 0)
(3 -2.60497e-15 0)
(3 -4.13884e-15 0)
(3 -4.08772e-15 0)
(3 1.58111e-15 0)
(3 5.53648e-15 0)
(3 2.8296e-16 0)
(3 5.83691e-16 0)
(3 2.82472e-15 0)
(3 2.18637e-15 0)
(3 -4.6936e-15 0)
(3 -6.36812e-15 0)
(3 -1.0901e-15 0)
(3 -2.32691e-15 0)
(3 -1.07788e-15 0)
(3 1.79973e-16 0)
(3 -2.31512e-15 0)
(3 -3.77121e-15 0)
(3 -4.37939e-15 0)
(3 2.48383e-16 0)
(3 5.38741e-15 0)
(3 8.09162e-16 0)
(3 -9.30075e-17 0)
(3 2.58943e-15 0)
(3 1.77661e-15 0)
(3 -4.49959e-15 0)
(3 -6.30062e-15 0)
(3 -7.06345e-16 0)
(3 -2.35048e-15 0)
(3 -1.82355e-15 0)
(3 3.66347e-16 0)
(3 -8.05934e-16 0)
(3 -2.9174e-15 0)
(3 -4.2058e-15 0)
(3 -8.26773e-16 0)
(3 4.04726e-15 0)
(3 1.77528e-15 0)
(3 -3.50019e-16 0)
(3 1.16669e-15 0)
(3 4.21764e-16 0)
(3 -4.41001e-15 0)
(3 -5.69704e-15 0)
(3 -1.86619e-16 0)
(3 -6.86865e-16 0)
(3 -1.9547e-15 0)
(3 -1.96236e-15 0)
(3 -1.44499e-15 0)
(3 -1.30857e-15 0)
(3 -2.84902e-15 0)
(3 -3.73931e-16 0)
(3 3.64038e-15 0)
(3 2.42967e-15 0)
(3 7.46649e-17 0)
(3 4.66375e-16 0)
(3 -4.93051e-16 0)
(3 -4.74772e-15 0)
(3 -3.6673e-15 0)
(3 3.24494e-16 0)
(3 1.39519e-15 0)
(3 -3.51176e-15 0)
(3 -4.81704e-15 0)
(3 -6.79923e-16 0)
(3 2.40788e-15 0)
(3 -1.3462e-15 0)
(3 -1.83892e-16 0)
(3 2.66397e-15 0)
(3 2.31866e-15 0)
(3 3.39424e-16 0)
(3 4.0147e-16 0)
(3 -1.37647e-15 0)
(3 -5.26234e-15 0)
(3 -3.32157e-15 0)
(3 1.10405e-16 0)
(3 1.83319e-15 0)
(3 -4.93393e-15 0)
(3 -6.36401e-15 0)
(3 -8.10986e-16 0)
(3 1.85129e-15 0)
(3 9.29307e-16 0)
(3 5.74683e-16 0)
(3 1.02613e-15 0)
(3 2.47358e-15 0)
(3 9.84716e-16 0)
(3 -8.7415e-16 0)
(3 -4.66741e-15 0)
(3 -5.36969e-15 0)
(3 -2.57492e-15 0)
(3 1.70766e-16 0)
(3 -2.20898e-16 0)
(3 -5.57765e-15 0)
(3 -3.4731e-15 0)
(3 -1.11427e-16 0)
(3 2.12186e-15 0)
(3 1.5449e-15 0)
(3 2.00457e-15 0)
(3 8.94787e-16 0)
(3 2.50854e-15 0)
(3 3.26519e-15 0)
(3 -2.51685e-15 0)
(3 -4.99828e-15 0)
(3 -4.82788e-15 0)
(3 -2.03546e-15 0)
(3 1.22175e-16 0)
(3 -2.66343e-15 0)
(3 -1.10533e-15 0)
(3 9.56636e-16 0)
(3 -1.01797e-15 0)
(3 -3.89084e-15 0)
(3 2.09329e-16 0)
(3 4.69741e-15 0)
(3 1.60137e-15 0)
(3 2.13015e-15 0)
(3 2.84089e-15 0)
(3 -3.85435e-15 0)
(3 -5.47861e-15 0)
(3 -4.16952e-15 0)
(3 -1.91929e-15 0)
(3 -1.77144e-15 0)
(3 -3.36322e-15 0)
(3 1.12869e-15 0)
(3 3.04903e-15 0)
(3 -4.67914e-16 0)
(3 -6.87555e-15 0)
(3 -2.83848e-16 0)
(3 7.70828e-15 0)
(3 2.462e-15 0)
(3 9.08598e-16 0)
(3 2.90675e-15 0)
(3 -2.8583e-15 0)
(3 -7.3755e-15 0)
(3 -3.23701e-15 0)
(3 -2.07438e-15 0)
(3 -1.03792e-15 0)
(3 -6.58942e-15 0)
(3 2.42278e-15 0)
(3 6.93992e-15 0)
(3 5.67308e-16 0)
(3 -5.76444e-15 0)
(3 -9.64639e-17 0)
(3 6.19864e-15 0)
(3 1.66439e-15 0)
(3 1.62808e-15 0)
(3 4.57237e-15 0)
(3 -2.86812e-15 0)
(3 -7.84738e-15 0)
(3 -1.48814e-15 0)
(3 -1.96533e-15 0)
(3 -1.97603e-15 0)
(3 -7.49805e-15 0)
(3 1.27938e-15 0)
(3 5.03174e-15 0)
(3 2.11843e-15 0)
(3 7.86062e-16 0)
(3 5.94768e-15 0)
(3 4.47124e-15 0)
(3 -1.10777e-15 0)
(3 -8.21928e-16 0)
(3 1.78646e-15 0)
(3 -2.77735e-15 0)
(3 -3.64541e-15 0)
(3 2.59386e-16 0)
(3 -2.4169e-15 0)
(3 -2.28287e-15 0)
(3 -8.2136e-16 0)
(3 -6.60396e-15 0)
(3 -2.33214e-15 0)
(3 3.33572e-15 0)
(3 2.34118e-15 0)
(3 3.28445e-15 0)
(3 1.11317e-15 0)
(3 -3.9407e-16 0)
(3 -1.13693e-15 0)
(3 2.52399e-15 0)
(3 8.39781e-16 0)
(3 -2.84439e-15 0)
(3 -2.16038e-16 0)
(3 -2.41134e-15 0)
(3 -1.28789e-15 0)
(3 -1.98006e-15 0)
(3 -4.40888e-16 0)
(3 3.88568e-15 0)
(3 3.55211e-15 0)
(3 4.80692e-15 0)
(3 8.05781e-16 0)
(3 4.63377e-16 0)
(3 -3.79472e-15 0)
(3 -7.11176e-15 0)
(3 -6.27904e-15 0)
(3 3.5055e-15 0)
(3 2.07157e-15 0)
(3 1.3612e-15 0)
(3 2.84376e-15 0)
(3 2.02416e-15 0)
(3 4.57189e-16 0)
(3 2.7687e-16 0)
(3 -3.17546e-15 0)
(3 -5.47649e-15 0)
(3 -6.3024e-15 0)
(3 4.16066e-15 0)
(3 3.50043e-15 0)
(3 1.30331e-15 0)
(3 1.69424e-15 0)
(3 4.24067e-16 0)
(3 -9.45181e-16 0)
(3 -1.72405e-16 0)
(3 -4.17029e-15 0)
(3 -5.4445e-15 0)
(3 -2.92179e-15 0)
(3 4.65424e-15 0)
(3 3.97914e-15 0)
(3 3.28316e-15 0)
(3 7.49871e-16 0)
(3 -3.1152e-16 0)
(3 -6.04477e-16 0)
(3 -3.41213e-16 0)
(3 -2.68625e-15 0)
(3 -4.72087e-15 0)
(3 -9.44515e-16 0)
(3 2.80331e-15 0)
(3 2.43954e-15 0)
(3 2.04753e-15 0)
(3 2.56761e-15 0)
(3 2.56846e-15 0)
(3 2.71011e-15 0)
(3 1.2443e-15 0)
(3 -7.29183e-16 0)
(3 -4.46541e-15 0)
(3 -3.02577e-15 0)
(3 6.95276e-16 0)
(3 -5.91712e-17 0)
(3 -8.25733e-16 0)
(3 3.76886e-16 0)
(3 4.63299e-15 0)
(3 6.14173e-15 0)
(3 4.59467e-16 0)
(3 -2.64115e-15 0)
(3 -3.50495e-15 0)
(3 -4.0267e-15 0)
(3 -1.61954e-15 0)
(3 -1.0586e-15 0)
(3 7.94833e-16 0)
(3 2.8626e-15 0)
(3 5.29545e-15 0)
(3 4.81723e-15 0)
(3 7.66469e-16 0)
(3 -2.68994e-16 0)
(3 3.12913e-16 0)
(3 -1.09135e-15 0)
(3 6.54936e-17 0)
(3 2.00762e-15 0)
(3 5.5504e-15 0)
(3 3.50973e-15 0)
(3 3.22833e-15 0)
(3 1.19343e-15 0)
(3 -4.47634e-16 0)
(3 9.11192e-16 0)
(3 2.34429e-15 0)
(3 4.14407e-16 0)
(3 -2.65906e-15 0)
(3 -8.75983e-16 0)
(3 3.3349e-15 0)
(3 2.33805e-15 0)
(3 1.45847e-15 0)
(3 1.52087e-15 0)
(3 -6.38891e-16 0)
(3 1.58747e-15 0)
(3 5.16682e-16 0)
(3 -6.14667e-16 0)
(3 -4.12616e-15 0)
(3 -4.08296e-15 0)
(3 -3.75597e-15 0)
(3 -1.80153e-15 0)
(3 -3.94217e-16 0)
(3 5.00605e-16 0)
(3 -5.215e-16 0)
(3 1.45952e-15 0)
(3 -2.16497e-15 0)
(3 9.60518e-16 0)
(3 -3.16375e-15 0)
(3 -3.12206e-15 0)
(3 -4.46789e-15 0)
(3 -6.82853e-15 0)
(3 -7.4481e-15 0)
(3 -6.92541e-15 0)
(3 -1.82103e-15 0)
(3 -1.29225e-15 0)
(3 9.8021e-17 0)
(3 2.09875e-15 0)
(3 -3.17955e-15 0)
(3 -3.00957e-15 0)
(3 -3.40146e-15 0)
(3 -7.13611e-15 0)
(3 -8.72484e-15 0)
(3 -6.38154e-15 0)
(3 -3.54453e-15 0)
(3 -9.32357e-18 0)
(3 1.80279e-15 0)
(3 1.58769e-15 0)
(3 -2.95649e-15 0)
(3 -4.15131e-15 0)
(3 -6.19799e-15 0)
(3 -5.57939e-15 0)
(3 -4.90373e-15 0)
(3 -4.01376e-15 0)
(3 -1.12529e-15 0)
(3 -2.66711e-15 0)
(3 1.99163e-15 0)
(3 5.89772e-15 0)
(3 -2.09522e-15 0)
(3 -2.86925e-15 0)
(3 -3.6519e-15 0)
(3 -4.42877e-15 0)
(3 -4.20879e-15 0)
(3 -4.42293e-15 0)
(3 9.25488e-16 0)
(3 -1.71095e-17 0)
(3 6.35208e-16 0)
(3 2.13787e-15 0)
(3 8.13831e-16 0)
(3 3.25077e-16 0)
(3 -1.07616e-15 0)
(3 -2.60868e-15 0)
(3 -3.39681e-15 0)
(3 -4.45159e-15 0)
(3 1.13559e-15 0)
(3 1.41574e-16 0)
(3 -3.12718e-16 0)
(3 -8.40421e-16 0)
(3 1.52216e-15 0)
(3 1.19513e-15 0)
(3 -4.54878e-16 0)
(3 -5.87153e-16 0)
(3 7.4225e-16 0)
(3 6.63035e-16 0)
(3 9.6183e-16 0)
(3 9.88637e-16 0)
(3 1.71684e-15 0)
(3 1.07383e-15 0)
(3 8.29408e-16 0)
(3 1.00173e-15 0)
(3 -3.99319e-16 0)
(3 -1.413e-15 0)
(3 2.33795e-15 0)
(3 4.02189e-15 0)
(3 5.82044e-16 0)
(3 2.21028e-15 0)
(3 2.54946e-15 0)
(3 3.03983e-15 0)
(3 -1.91282e-15 0)
(3 1.21566e-16 0)
(3 7.62174e-16 0)
(3 1.90626e-15 0)
(3 3.5166e-15 0)
(3 5.03999e-15 0)
(3 1.58184e-15 0)
(3 3.35754e-15 0)
(3 3.69926e-15 0)
(3 2.22327e-15 0)
(3 -5.16588e-16 0)
(3 3.68767e-16 0)
(3 3.64308e-16 0)
(3 3.28907e-15 0)
(3 3.84035e-15 0)
(3 3.77914e-15 0)
(3 4.66802e-15 0)
(3 4.53235e-15 0)
(3 6.67168e-15 0)
(3 3.80087e-15 0)
(3 3.32147e-15 0)
(3 7.96065e-16 0)
(3 -5.16163e-16 0)
(3 1.26596e-15 0)
(3 2.19926e-15 0)
(3 3.28278e-15 0)
(3 4.71593e-15 0)
(3 7.07774e-15 0)
(3 6.11518e-15 0)
(3 4.13348e-15 0)
(3 5.59823e-15 0)
(3 4.66743e-15 0)
(3 3.97962e-15 0)
(3 3.37371e-15 0)
(3 2.12007e-15 0)
(3 3.56039e-15 0)
(3 3.05258e-15 0)
(3 4.22942e-15 0)
(3 1.75406e-15 0)
(3 2.3846e-15 0)
(3 3.10709e-15 0)
(3 3.47221e-15 0)
(3 4.18699e-15 0)
(3 3.17641e-15 0)
(3 1.46718e-15 0)
(3 -1.61494e-16 0)
(3 -2.17841e-16 0)
(3 -2.23592e-15 0)
(3 -1.11978e-15 0)
(3 2.1031e-15 0)
(3 -2.51725e-16 0)
(3 -1.96766e-16 0)
(3 2.0736e-15 0)
(3 1.95294e-15 0)
(3 1.68532e-15 0)
(3 -1.56145e-15 0)
(3 -3.94849e-15 0)
(3 -3.98772e-15 0)
(3 -2.97887e-15 0)
(3 -3.48957e-15 0)
(3 -8.78638e-16 0)
(3 -1.61879e-15 0)
(3 -2.26706e-17 0)
(3 6.61152e-16 0)
(3 1.08599e-15 0)
(3 8.31342e-17 0)
(3 -2.14205e-15 0)
(3 -2.68573e-15 0)
(3 2.31746e-16 0)
(3 -1.13317e-15 0)
(3 -9.54022e-16 0)
(3 -4.86052e-17 0)
(3 -9.90661e-16 0)
(3 -3.46472e-16 0)
(3 1.57468e-16 0)
(3 2.52826e-15 0)
(3 1.53275e-15 0)
(3 2.05542e-15 0)
(3 -4.01335e-16 0)
(3 9.81702e-17 0)
(3 7.92745e-17 0)
(3 -2.95784e-16 0)
(3 -1.52133e-15 0)
(3 -3.0408e-15 0)
(3 -2.59306e-15 0)
(3 -1.18871e-15 0)
(3 1.94744e-15 0)
(3 2.25158e-15 0)
(3 1.48328e-16 0)
(3 5.8374e-16 0)
(3 2.25262e-15 0)
(3 1.6621e-15 0)
(3 3.64337e-16 0)
(3 -1.68757e-15 0)
(3 -1.34006e-15 0)
(3 -1.47256e-15 0)
(3 -4.44513e-16 0)
(3 1.27879e-15 0)
(3 1.7633e-15 0)
(3 -3.20551e-16 0)
(3 2.82938e-15 0)
(3 2.91145e-15 0)
(3 2.75465e-15 0)
(3 4.09682e-15 0)
(3 4.5805e-15 0)
(3 5.46232e-15 0)
(3 4.10455e-15 0)
(3 2.44196e-15 0)
(3 1.53342e-15 0)
(3 -2.73011e-15 0)
(3 3.29498e-16 0)
(3 3.37421e-17 0)
(3 1.24895e-15 0)
(3 1.81641e-15 0)
(3 1.70433e-15 0)
(3 2.6427e-15 0)
(3 4.89153e-15 0)
(3 1.90804e-15 0)
(3 2.24074e-15 0)
(3 2.264e-15 0)
(3 -3.36671e-15 0)
(3 -2.28284e-15 0)
(3 -8.6376e-16 0)
(3 -9.92795e-17 0)
(3 8.13552e-16 0)
(3 2.47305e-16 0)
(3 1.12784e-15 0)
(3 9.49823e-16 0)
(3 3.43637e-15 0)
(3 2.76593e-15 0)
(3 -6.71679e-16 0)
(3 -6.15163e-16 0)
(3 -8.83732e-16 0)
(3 -3.60405e-16 0)
(3 1.06885e-15 0)
(3 1.78145e-15 0)
(3 -6.10558e-16 0)
(3 -3.04191e-16 0)
(3 1.12052e-15 0)
(3 -8.53859e-17 0)
(3 2.25276e-15 0)
(3 2.65887e-15 0)
(3 2.75005e-15 0)
(3 2.09214e-15 0)
(3 8.19198e-18 0)
(3 -2.7922e-16 0)
(3 -1.24618e-15 0)
(3 -3.0498e-15 0)
(3 -1.25527e-15 0)
(3 -2.18154e-15 0)
(3 2.77223e-15 0)
(3 2.69831e-15 0)
(3 2.63511e-15 0)
(3 1.99937e-15 0)
(3 3.24025e-16 0)
(3 -9.33155e-16 0)
(3 -1.50836e-15 0)
(3 -2.07204e-15 0)
(3 -2.23361e-15 0)
(3 -2.16058e-15 0)
(3 1.84853e-15 0)
(3 1.13902e-15 0)
(3 9.39644e-16 0)
(3 6.98817e-16 0)
(3 6.83761e-16 0)
(3 3.38269e-16 0)
(3 1.42391e-15 0)
(3 -1.27748e-16 0)
(3 -3.47713e-16 0)
(3 1.22307e-15 0)
(3 -2.36008e-15 0)
(3 -2.53499e-15 0)
(3 -2.6732e-15 0)
(3 -2.48268e-15 0)
(3 -1.52664e-15 0)
(3 4.0609e-16 0)
(3 1.35403e-16 0)
(3 6.5967e-17 0)
(3 -8.17752e-17 0)
(3 3.21464e-15 0)
(3 4.36278e-15 0)
(3 1.9088e-15 0)
(3 -1.61597e-16 0)
(3 -6.64375e-16 0)
(3 -1.03523e-15 0)
(3 7.95412e-16 0)
(3 2.09791e-15 0)
(3 2.50097e-15 0)
(3 3.39509e-17 0)
(3 -3.64668e-15 0)
(3 -5.93443e-16 0)
(3 2.21221e-15 0)
(3 2.91942e-15 0)
(3 2.3249e-15 0)
(3 -1.64428e-15 0)
(3 2.9802e-15 0)
(3 7.16836e-16 0)
(3 3.88253e-16 0)
(3 -7.19752e-16 0)
(3 -9.12669e-16 0)
(3 1.50216e-15 0)
(3 1.67058e-15 0)
(3 2.38577e-15 0)
(3 -6.43793e-16 0)
(3 -3.68467e-15 0)
(3 -5.54521e-16 0)
(3 2.22398e-15 0)
(3 2.77406e-15 0)
(3 2.57034e-15 0)
(3 -1.11066e-15 0)
(3 2.21509e-15 0)
(3 2.68864e-16 0)
(3 7.44132e-16 0)
(3 -7.76825e-16 0)
(3 -8.07341e-16 0)
(3 2.26241e-15 0)
(3 9.43213e-16 0)
(3 2.03185e-15 0)
(3 -7.92628e-16 0)
(3 -3.29985e-15 0)
(3 -4.39745e-16 0)
(3 2.20457e-15 0)
(3 2.66646e-15 0)
(3 3.37079e-15 0)
(3 -9.39182e-16 0)
(3 2.20909e-15 0)
(3 -7.71196e-17 0)
(3 8.90609e-16 0)
(3 -8.47647e-16 0)
(3 -7.14104e-16 0)
(3 2.43199e-15 0)
(3 1.57309e-16 0)
(3 2.05402e-15 0)
(3 -6.46016e-16 0)
(3 -2.62921e-15 0)
(3 -4.69873e-16 0)
(3 1.80127e-15 0)
(3 2.65077e-15 0)
(3 3.42974e-15 0)
(3 -4.65113e-16 0)
(3 1.46888e-15 0)
(3 6.7696e-16 0)
(3 1.01603e-15 0)
(3 -7.26819e-16 0)
(3 -5.29031e-16 0)
(3 2.17781e-15 0)
(3 -6.64038e-16 0)
(3 1.99942e-15 0)
(3 -3.8182e-16 0)
(3 -1.40505e-15 0)
(3 -6.36589e-16 0)
(3 1.55402e-15 0)
(3 2.57517e-15 0)
(3 3.95106e-15 0)
(3 -1.51966e-16 0)
(3 1.11923e-15 0)
(3 1.03333e-15 0)
(3 9.1997e-16 0)
(3 -5.71415e-16 0)
(3 -2.64093e-16 0)
(3 1.70157e-15 0)
(3 -1.5066e-15 0)
(3 8.94973e-16 0)
(3 1.13025e-15 0)
(3 -8.50462e-16 0)
(3 -9.77505e-16 0)
(3 1.57125e-15 0)
(3 2.44504e-15 0)
(3 4.52773e-15 0)
(3 1.00438e-16 0)
(3 8.27122e-16 0)
(3 1.33896e-15 0)
(3 5.8564e-16 0)
(3 -6.47147e-16 0)
(3 7.00166e-16 0)
(3 1.47615e-15 0)
(3 -2.54584e-15 0)
(3 -3.33875e-16 0)
(3 2.75645e-15 0)
(3 -5.12541e-16 0)
(3 -1.45119e-15 0)
(3 1.69879e-15 0)
(3 2.36836e-15 0)
(3 4.92513e-15 0)
(3 5.68796e-16 0)
(3 2.74248e-16 0)
(3 1.77242e-15 0)
(3 4.14417e-16 0)
(3 -4.79101e-16 0)
(3 1.11898e-15 0)
(3 1.88378e-15 0)
(3 -3.15353e-15 0)
(3 -8.39034e-16 0)
(3 2.99257e-15 0)
(3 2.13748e-16 0)
(3 -1.72633e-15 0)
(3 1.57242e-15 0)
(3 2.3663e-15 0)
(3 5.02417e-15 0)
(3 7.93976e-16 0)
(3 -3.85641e-18 0)
(3 1.68112e-15 0)
(3 4.40991e-16 0)
(3 -2.88192e-16 0)
(3 1.05007e-15 0)
(3 1.99123e-15 0)
(3 -3.36194e-15 0)
(3 -4.41427e-16 0)
(3 3.18119e-15 0)
(3 3.90397e-16 0)
(3 -1.75098e-15 0)
(3 1.3994e-15 0)
(3 2.29633e-15 0)
(3 5.74046e-15 0)
(3 1.11417e-15 0)
(3 -2.60134e-15 0)
(3 2.76916e-15 0)
(3 2.79903e-16 0)
(3 -3.26025e-16 0)
(3 2.04118e-15 0)
(3 1.92068e-15 0)
(3 -3.65661e-15 0)
(3 -1.83812e-16 0)
(3 3.41554e-15 0)
(3 5.02852e-16 0)
(3 -1.73358e-15 0)
(3 1.1392e-15 0)
(3 2.34359e-15 0)
(3 6.14587e-15 0)
(3 1.08128e-15 0)
(3 -1.23734e-06 0)
(3 -1.43082e-08 0)
(3 7.63228e-11 0)
(3 1.26044e-11 0)
(3 3.99957e-13 0)
(3 -2.49394e-15 0)
(3 -4.06011e-15 0)
(3 1.70919e-17 0)
(3 3.18001e-15 0)
(3 1.26367e-15 0)
(3 -1.51832e-15 0)
(3 1.27443e-15 0)
(3 2.17882e-15 0)
(3 6.438e-15 0)
(3 2.07731e-15 0)
(3.00001 2.15831e-05 0)
(3 -1.20411e-07 0)
(3 -2.38195e-08 0)
(3 -1.16256e-09 0)
(3 5.01449e-12 0)
(3 5.52894e-14 0)
(3 1.53472e-15 0)
(3 -1.06033e-15 0)
(3 2.6399e-15 0)
(3 1.75222e-15 0)
(3 -1.40918e-15 0)
(3 4.02308e-16 0)
(3 2.11051e-15 0)
(3 6.48371e-15 0)
(3 3.12712e-15 0)
(3.00075 0.00154622 0)
(3.00004 0.000108061 0)
(3 3.49532e-06 0)
(3 -2.63899e-08 0)
(3 -1.14194e-10 0)
(3 -1.68846e-11 0)
(3 -2.62349e-13 0)
(3 -1.17475e-15 0)
(3 2.67904e-15 0)
(3 2.8396e-15 0)
(3 -6.31069e-16 0)
(3 3.27475e-16 0)
(3 2.16283e-15 0)
(3 6.46951e-15 0)
(3 3.13019e-15 0)
(2.99338 -0.0493103 0)
(2.99998 -0.00109394 0)
(3 1.60193e-06 0)
(3 5.73313e-07 0)
(3 1.03984e-08 0)
(3 5.93518e-12 0)
(3 -1.58856e-13 0)
(3 -5.34166e-14 0)
(3 2.30448e-16 0)
(3 3.2249e-15 0)
(3 -4.58578e-16 0)
(3 3.99943e-16 0)
(3 2.2415e-15 0)
(3 6.43881e-15 0)
(3 2.72957e-15 0)
(2.56916 -0.576487 0)
(2.99049 -0.0386791 0)
(3.00022 -0.000386157 0)
(3 1.09238e-06 0)
(3 2.2141e-07 0)
(3 1.03214e-08 0)
(3 8.7841e-11 0)
(3 7.00646e-13 0)
(3 5.70885e-15 0)
(3 4.27213e-15 0)
(3 4.7037e-16 0)
(3 6.36386e-16 0)
(3 2.25821e-15 0)
(3 6.24748e-15 0)
(3 2.57304e-15 0)
(2.17882 -0.89854 0)
(2.6687 -0.451189 0)
(2.98522 -0.0339415 0)
(2.99999 -0.000389146 0)
(3 -2.79712e-06 0)
(3 -1.02753e-08 0)
(3 4.77979e-10 0)
(3 1.56642e-11 0)
(3 -4.17859e-14 0)
(3 -4.19657e-15 0)
(3 1.38898e-15 0)
(3 2.69543e-16 0)
(3 2.08135e-15 0)
(3 5.97908e-15 0)
(3 2.3802e-15 0)
(2.17805 -0.877493 0)
(2.41227 -0.742413 0)
(2.84612 -0.270246 0)
(2.99567 -0.0152194 0)
(3.00001 -7.52731e-05 0)
(3 1.08008e-06 0)
(3 6.50501e-09 0)
(3 1.29288e-09 0)
(3 7.35177e-11 0)
(3 1.24996e-12 0)
(3 1.25849e-14 0)
(3 2.41085e-16 0)
(3 1.54394e-15 0)
(3 5.85445e-15 0)
(3 2.48752e-15 0)
(2.19947 -0.812835 0)
(2.24807 -0.80699 0)
(2.5791 -0.564381 0)
(2.9413 -0.122413 0)
(2.99882 -0.00530121 0)
(2.99998 -7.5982e-05 0)
(3 -9.03389e-07 0)
(3 -1.13227e-08 0)
(3 -3.96824e-11 0)
(3 -2.1402e-13 0)
(3 -5.40312e-15 0)
(3 2.53153e-16 0)
(3 9.17401e-16 0)
(3 4.88829e-15 0)
(3 2.18403e-15 0)
(2.28178 -0.649009 0)
(2.25633 -0.788427 0)
(2.40245 -0.73806 0)
(2.78158 -0.372127 0)
(2.99079 -0.0341067 0)
(3.00006 -0.000432534 0)
(3 1.40883e-06 0)
(3 8.56649e-08 0)
(3 1.56747e-08 0)
(3 6.48495e-10 0)
(3 8.46448e-12 0)
(3 6.21908e-14 0)
(3 1.19867e-15 0)
(3 4.34231e-15 0)
(3 2.06551e-15 0)
(2.40705 -0.416803 0)
(2.27007 -0.708499 0)
(2.34153 -0.736657 0)
(2.54949 -0.601352 0)
(2.85657 -0.244083 0)
(2.98675 -0.03238 0)
(2.99954 -0.00158906 0)
(2.99999 -3.91882e-05 0)
(3 -5.91773e-07 0)
(3 -5.97813e-09 0)
(3 -4.28704e-11 0)
(3 -2.27652e-13 0)
(3 -3.19095e-16 0)
(3 4.60384e-15 0)
(3 1.89841e-15 0)
(2.50794 -0.115966 0)
(2.33961 -0.573449 0)
(2.34794 -0.707726 0)
(2.43431 -0.685437 0)
(2.73145 -0.429426 0)
(2.96989 -0.069676 0)
(2.99898 -0.00338424 0)
(2.99998 -7.2285e-05 0)
(3 -1.10671e-06 0)
(3 -1.2522e-08 0)
(3 -1.06678e-10 0)
(3 -7.05421e-13 0)
(3 -1.094e-15 0)
(3 2.87384e-15 0)
(3 1.64855e-15 0)
(2.56044 -0.116495 0)
(2.46584 -0.27096 0)
(2.3748 -0.621055 0)
(2.43222 -0.679415 0)
(2.58525 -0.612159 0)
(2.84486 -0.311453 0)
(2.98518 -0.0371376 0)
(2.99963 -0.000917286 0)
(3 -9.7465e-06 0)
(3 -8.28235e-08 0)
(3 -6.42901e-10 0)
(3 -4.45099e-12 0)
(3 -2.93663e-14 0)
(3 1.91459e-15 0)
(3 1.19865e-15 0)
(2.55333 -0.0413464 0)
(2.50208 -0.191959 0)
(2.46961 -0.392275 0)
(2.43201 -0.645424 0)
(2.52292 -0.633195 0)
(2.73645 -0.474301 0)
(2.9499 -0.133521 0)
(2.99744 -0.00769356 0)
(2.99995 -0.000112195 0)
(3 -9.15026e-07 0)
(3 -6.3293e-09 0)
(3 -4.02757e-11 0)
(3 -2.40652e-13 0)
(3 2.79969e-16 0)
(3 1.93546e-15 0)
(2.61006 0.183521 0)
(2.54406 -0.0377058 0)
(2.52707 -0.24038 0)
(2.47535 -0.527489 0)
(2.52415 -0.618795 0)
(2.61551 -0.579335 0)
(2.82411 -0.368207 0)
(2.97585 -0.0610962 0)
(2.9992 -0.00194604 0)
(2.99999 -2.06384e-05 0)
(3 -1.44589e-07 0)
(3 -8.63854e-10 0)
(3 -4.63955e-12 0)
(3 -2.04077e-14 0)
(3 2.221e-15 0)
(2.65178 0.350123 0)
(2.62922 0.170436 0)
(2.54007 -0.168608 0)
(2.52248 -0.386849 0)
(2.53123 -0.56965 0)
(2.61273 -0.58021 0)
(2.74771 -0.486353 0)
(2.92714 -0.182521 0)
(2.99461 -0.014098 0)
(2.99989 -0.000254659 0)
(3 -2.16241e-06 0)
(3 -1.41095e-08 0)
(3 -8.091e-11 0)
(3 -3.96496e-13 0)
(3 -4.01487e-16 0)
(2.66535 0.401545 0)
(2.64155 0.288435 0)
(2.60342 0.042845 0)
(2.59393 -0.188852 0)
(2.56535 -0.467798 0)
(2.61022 -0.565686 0)
(2.66727 -0.551769 0)
(2.82911 -0.372793 0)
(2.96899 -0.0782857 0)
(2.99873 -0.00305606 0)
(2.99998 -3.51373e-05 0)
(3 -2.51614e-07 0)
(3 -1.49984e-09 0)
(3 -8.34865e-12 0)
(3 -3.3057e-14 0)
(2.68296 0.419657 0)
(2.66928 0.333702 0)
(2.6425 0.073345 0)
(2.63548 -0.0641864 0)
(2.62334 -0.285693 0)
(2.62141 -0.508562 0)
(2.66596 -0.549838 0)
(2.77099 -0.472257 0)
(2.92296 -0.196342 0)
(2.99281 -0.0182887 0)
(2.99983 -0.000388623 0)
(3 -3.49178e-06 0)
(3 -2.34992e-08 0)
(3 -1.30384e-10 0)
(3 -6.17011e-13 0)
(2.66555 0.441078 0)
(2.69213 0.400993 0)
(2.66154 0.108165 0)
(2.6535 0.00749978 0)
(2.65385 -0.195488 0)
(2.65181 -0.412567 0)
(2.66915 -0.5324 0)
(2.71294 -0.523811 0)
(2.83943 -0.368659 0)
(2.96649 -0.083371 0)
(2.99846 -0.00358872 0)
(2.99998 -4.50382e-05 0)
(3 -3.31141e-07 0)
(3 -2.11656e-09 0)
(3 -9.74813e-12 0)
(2.67121 0.500595 0)
(2.69704 0.443422 0)
(2.67762 0.210789 0)
(2.70483 0.192234 0)
(2.68672 -0.0921994 0)
(2.69162 -0.299588 0)
(2.68581 -0.483174 0)
(2.71358 -0.520807 0)
(2.79605 -0.447362 0)
(2.92116 -0.198741 0)
(2.99156 -0.020649 0)
(2.99979 -0.000469942 0)
(3 -4.40541e-06 0)
(3 -2.86244e-08 0)
(3 -1.51872e-10 0)
(2.68468 0.504185 0)
(2.6991 0.410498 0)
(2.67965 0.273724 0)
(2.71026 0.267264 0)
(2.71765 0.0427736 0)
(2.74706 -0.126628 0)
(2.7223 -0.385691 0)
(2.71981 -0.501921 0)
(2.75233 -0.491581 0)
(2.85684 -0.339647 0)
(2.96874 -0.0771134 0)
(2.99849 -0.00349669 0)
(2.99998 -4.55327e-05 0)
(3 -3.5648e-07 0)
(3 -1.87511e-09 0)
(2.72588 0.542745 0)
(2.71574 0.43566 0)
(2.6969 0.321359 0)
(2.73603 0.291998 0)
(2.73499 0.036374 0)
(2.76822 -0.0443445 0)
(2.75918 -0.264088 0)
(2.73699 -0.452837 0)
(2.75237 -0.490564 0)
(2.81276 -0.425693 0)
(2.92329 -0.189025 0)
(2.99156 -0.0199064 0)
(2.99979 -0.000466876 0)
(3 -4.44044e-06 0)
(3 -2.69559e-08 0)
(2.7373 0.579493 0)
(2.72612 0.479391 0)
(2.73528 0.387778 0)
(2.76553 0.333513 0)
(2.75856 0.091359 0)
(2.79037 0.0260093 0)
(2.79119 -0.172524 0)
(2.76822 -0.372297 0)
(2.75772 -0.477027 0)
(2.78321 -0.465029 0)
(2.8695 -0.314315 0)
(2.97088 -0.0703109 0)
(2.9986 -0.00323552 0)
(2.99998 -4.17016e-05 0)
(3 -2.72529e-07 0)
(2.72757 0.632833 0)
(2.72656 0.521552 0)
(2.74927 0.427288 0)
(2.78734 0.371958 0)
(2.76697 0.140629 0)
(2.81931 0.165429 0)
(2.82188 -0.0683437 0)
(2.80737 -0.267186 0)
(2.77461 -0.437802 0)
(2.78422 -0.463348 0)
(2.83315 -0.392889 0)
(2.93288 -0.164153 0)
(2.99298 -0.0161909 0)
(2.99982 -0.000398526 0)
(3 -3.26688e-06 0)
(2.74684 0.636221 0)
(2.74098 0.575522 0)
(2.77814 0.436428 0)
(2.79929 0.34161 0)
(2.77197 0.208837 0)
(2.82818 0.219364 0)
(2.83589 -0.0111354 0)
(2.84407 -0.148873 0)
(2.80656 -0.358096 0)
(2.7894 -0.452084 0)
(2.80795 -0.437764 0)
(2.88007 -0.290824 0)
(2.97335 -0.0630266 0)
(2.99886 -0.00252955 0)
(2.99998 -2.86676e-05 0)
(2.74305 0.604752 0)
(2.78621 0.588896 0)
(2.80659 0.460512 0)
(2.81287 0.371206 0)
(2.82118 0.285945 0)
(2.85342 0.260517 0)
(2.84223 0.00318555 0)
(2.86467 -0.0693752 0)
(2.83893 -0.263596 0)
(2.80492 -0.41629 0)
(2.80852 -0.436883 0)
(2.85081 -0.357148 0)
(2.94393 -0.135495 0)
(2.99412 -0.0140949 0)
(2.99984 -0.000257548 0)
(2.72219 0.449431 0)
(2.79077 0.572422 0)
(2.82742 0.522466 0)
(2.83578 0.42666 0)
(2.84828 0.348999 0)
(2.87989 0.295367 0)
(2.85991 0.0658709 0)
(2.89082 0.0295257 0)
(2.8687 -0.175581 0)
(2.83009 -0.355412 0)
(2.81222 -0.428951 0)
(2.82746 -0.409088 0)
(2.89466 -0.255692 0)
(2.98041 -0.0453379 0)
(2.99902 -0.00152186 0)
(2.69035 0.203431 0)
(2.77075 0.497852 0)
(2.83118 0.534481 0)
(2.84082 0.465906 0)
(2.86921 0.368365 0)
(2.90737 0.301829 0)
(2.8768 0.103741 0)
(2.9052 0.118208 0)
(2.88818 -0.101516 0)
(2.86403 -0.261055 0)
(2.82534 -0.400866 0)
(2.82779 -0.410182 0)
(2.86014 -0.342443 0)
(2.94809 -0.125903 0)
(2.99429 -0.00916474 0)
(2.67427 0.130121 0)
(2.75733 0.322753 0)
(2.82209 0.514227 0)
(2.84393 0.499875 0)
(2.89464 0.397643 0)
(2.9263 0.301014 0)
(2.88511 0.162981 0)
(2.91321 0.178309 0)
(2.90643 -0.0229839 0)
(2.8924 -0.174118 0)
(2.84663 -0.350725 0)
(2.83063 -0.404976 0)
(2.84939 -0.366918 0)
(2.91681 -0.209048 0)
(2.98124 -0.0270989 0)
(2.66836 0.0340078 0)
(2.7572 0.178099 0)
(2.82713 0.45021 0)
(2.87651 0.484052 0)
(2.92082 0.436978 0)
(2.92691 0.314711 0)
(2.92275 0.245752 0)
(2.93438 0.23129 0)
(2.91491 -0.00142694 0)
(2.9167 -0.0903938 0)
(2.87711 -0.268801 0)
(2.83916 -0.388535 0)
(2.84361 -0.383046 0)
(2.88347 -0.305446 0)
(2.94845 -0.0799163 0)
(2.63067 0.0108014 0)
(2.72125 0.0452148 0)
(2.80335 0.211586 0)
(2.87304 0.418223 0)
(2.92245 0.439301 0)
(2.93009 0.370029 0)
(2.93987 0.305882 0)
(2.96713 0.262747 0)
(2.93352 0.0572686 0)
(2.94424 0.0293615 0)
(2.91164 -0.162079 0)
(2.87036 -0.314473 0)
(2.84895 -0.375846 0)
(2.87328 -0.345153 0)
(2.87967 -0.154491 0)
(2.62918 0.115534 0)
(2.71504 0.229479 0)
(2.76477 0.320538 0)
(2.72573 0.444764 0)
(2.7111 0.486593 0)
(2.7358 0.523178 0)
(2.7171 0.554856 0)
(2.68072 0.568151 0)
(2.64962 0.566872 0)
(2.68426 0.600454 0)
(2.72005 0.633801 0)
(2.7361 0.68331 0)
(2.73773 0.696742 0)
(2.72221 0.640422 0)
(2.67699 0.393776 0)
(2.65108 0.171975 0)
(2.6127 -0.0332331 0)
(2.57302 0.000752514 0)
(2.56792 0.0255547 0)
(2.58297 0.0162447 0)
(2.67913 0.263978 0)
(2.7318 0.384241 0)
(2.77055 0.493212 0)
(2.75136 0.556907 0)
(2.76458 0.566631 0)
(2.79089 0.594041 0)
(2.75431 0.615078 0)
(2.71636 0.625079 0)
(2.68853 0.656555 0)
(2.6823 0.674413 0)
(2.7116 0.701108 0)
(2.72604 0.723422 0)
(2.72504 0.649586 0)
(2.6823 0.406536 0)
(2.61612 0.130218 0)
(2.58968 0.0194167 0)
(2.59107 -0.0128954 0)
(2.58014 -0.00833385 0)
(2.56613 0.0218637 0)
(2.57137 0.0176753 0)
(2.717 0.447291 0)
(2.73287 0.574173 0)
(2.74304 0.676768 0)
(2.74906 0.709964 0)
(2.79873 0.706208 0)
(2.81681 0.704863 0)
(2.7903 0.712454 0)
(2.75915 0.710291 0)
(2.71758 0.712623 0)
(2.68388 0.732572 0)
(2.69586 0.757013 0)
(2.70248 0.656989 0)
(2.66824 0.391047 0)
(2.60531 0.11427 0)
(2.5855 -0.00272414 0)
(2.58685 0.0116279 0)
(2.58776 -0.00456187 0)
(2.5836 -0.0122164 0)
(2.57626 0.00455913 0)
(2.57179 0.0147836 0)
(2.72715 0.637049 0)
(2.73381 0.75137 0)
(2.72954 0.778621 0)
(2.75406 0.770855 0)
(2.81254 0.757477 0)
(2.82231 0.772651 0)
(2.80902 0.784367 0)
(2.77632 0.796498 0)
(2.73947 0.811727 0)
(2.71493 0.797331 0)
(2.69256 0.628412 0)
(2.67464 0.367207 0)
(2.61252 0.0970083 0)
(2.58669 -0.00642583 0)
(2.58504 0.0197131 0)
(2.59088 0.0279858 0)
(2.58926 0.0197599 0)
(2.58022 0.00228615 0)
(2.5759 0.00410255 0)
(2.57128 0.00758111 0)
(2.7193 0.912625 0)
(2.73019 0.908534 0)
(2.71719 0.942004 0)
(2.74565 0.935096 0)
(2.80563 0.903798 0)
(2.8215 0.854548 0)
(2.81617 0.850948 0)
(2.77712 0.911438 0)
(2.73902 0.838771 0)
(2.73371 0.500925 0)
(2.73076 0.286113 0)
(2.64518 0.0768382 0)
(2.61419 -0.0131877 0)
(2.58609 -0.00408145 0)
(2.57879 0.0195527 0)
(2.58478 0.0265523 0)
(2.58306 0.0244252 0)
(2.57465 0.0128819 0)
(2.56691 0.000739 0)
(2.5606 0.00230257 0)
(2.72797 1.07315 0)
(2.72954 1.0702 0)
(2.68774 1.02187 0)
(2.73713 0.999541 0)
(2.78089 0.959796 0)
(2.77882 0.948944 0)
(2.76286 0.933943 0)
(2.76858 0.736864 0)
(2.73898 0.434748 0)
(2.73388 0.20789 0)
(2.64171 0.0791735 0)
(2.60606 0.0288379 0)
(2.58282 -0.00177727 0)
(2.56198 0.0104599 0)
(2.55851 0.0208417 0)
(2.56163 0.0198046 0)
(2.559 0.0209352 0)
(2.55054 0.0145879 0)
(2.53778 0.0010991 0)
(2.52974 0.00147103 0)
(2.74127 1.2179 0)
(2.71344 1.20268 0)
(2.76047 1.25516 0)
(2.75153 1.19111 0)
(2.74504 1.08194 0)
(2.75587 0.825611 0)
(2.70738 0.444274 0)
(2.73036 0.317897 0)
(2.58824 0.0826776 0)
(2.54678 0.0619779 0)
(2.52858 0.0399454 0)
(2.52187 0.0189095 0)
(2.50985 0.00802075 0)
(2.50323 0.0164798 0)
(2.50283 0.0209342 0)
(2.49558 0.0175072 0)
(2.49201 0.0158009 0)
(2.48664 0.00965297 0)
(2.47751 0.00324765 0)
(2.46829 0.00319959 0)
(2.71251 1.46806 0)
(2.6618 1.42655 0)
(2.58851 1.08774 0)
(2.63046 0.863973 0)
(2.5814 0.465372 0)
(2.61231 0.284936 0)
(2.5122 0.053355 0)
(2.45373 0.0754297 0)
(2.40122 0.0390562 0)
(2.40967 0.0273364 0)
(2.40839 0.0265753 0)
(2.40599 0.0094243 0)
(2.40645 0.00185334 0)
(2.40595 0.0125456 0)
(2.39735 0.0181364 0)
(2.39043 0.0122334 0)
(2.38966 0.00675712 0)
(2.39137 0.00196674 0)
(2.39384 -0.000489692 0)
(2.38569 0.00341101 0)
(2.29352 0.792233 0)
(2.32517 0.553161 0)
(2.32329 0.333831 0)
(2.3192 0.186902 0)
(2.28063 0.0399325 0)
(2.27398 0.0273245 0)
(2.25868 0.00853276 0)
(2.28413 0.0301878 0)
(2.28234 0.0334718 0)
(2.267 0.0286468 0)
(2.25781 0.0201664 0)
(2.2771 0.00848416 0)
(2.29616 0.00655725 0)
(2.299 0.0137133 0)
(2.29892 0.0129305 0)
(2.30119 0.00137296 0)
(2.30532 -0.00698986 0)
(2.31367 -0.00714931 0)
(2.31806 -0.00348655 0)
(2.31927 0.00428429 0)
(1.92356 0.152633 0)
(2.04694 0.139362 0)
(2.08947 0.075343 0)
(2.11944 0.0730544 0)
(2.1298 0.0153831 0)
(2.1494 0.0174503 0)
(2.17816 0.0142292 0)
(2.1894 0.0214397 0)
(2.1947 0.0204328 0)
(2.19144 0.0159199 0)
(2.19372 0.00357815 0)
(2.20975 -0.00722119 0)
(2.23252 0.00278216 0)
(2.24034 0.0094886 0)
(2.25319 0.00359695 0)
(2.26011 -0.00727726 0)
(2.26698 -0.00934649 0)
(2.27809 -0.00324609 0)
(2.281 -0.000623965 0)
(2.28802 0.00355139 0)
)
;

boundaryField
{
    inlet
    {
        type            fixedValue;
        value           uniform (3 0 0);
    }
    outlet
    {
        type            inletOutlet;
        inletValue      uniform (3 0 0);
        value           nonuniform List<vector> 
50
(
(2.61792 -0.00805907 0)
(2.71492 -0.0515667 0)
(2.80258 -0.208401 0)
(2.88424 -0.420254 0)
(2.92111 -0.424069 0)
(2.9349 -0.391208 0)
(2.94234 -0.297347 0)
(2.96648 -0.265951 0)
(2.93228 -0.0559313 0)
(2.94483 -0.0295595 0)
(2.91215 0.161567 0)
(2.87056 0.314343 0)
(2.84912 0.375684 0)
(2.87339 0.345035 0)
(2.87975 0.154383 0)
(2.28557 -0.000933963 0)
(2.31626 -0.00550977 0)
(2.38522 0.000350688 0)
(2.46975 0.00192611 0)
(2.53505 0.000157728 0)
(2.57006 -0.0011648 0)
(2.5817 -0.00843299 0)
(2.57981 -0.0126982 0)
(2.57385 -0.0160825 0)
(2.57666 -0.0138544 0)
(2.58297 0.0162447 0)
(2.57137 0.0176753 0)
(2.57179 0.0147836 0)
(2.57128 0.00758111 0)
(2.5606 0.00230257 0)
(2.52974 0.00147103 0)
(2.46829 0.00319959 0)
(2.38569 0.00341101 0)
(2.31927 0.00428429 0)
(2.28802 0.00355139 0)
(2.63067 0.0108014 0)
(2.72125 0.0452148 0)
(2.80335 0.211586 0)
(2.87304 0.418223 0)
(2.92245 0.439301 0)
(2.93009 0.370029 0)
(2.93987 0.305882 0)
(2.96713 0.262747 0)
(2.93352 0.0572686 0)
(2.94424 0.0293615 0)
(2.91164 -0.162079 0)
(2.87036 -0.314473 0)
(2.84895 -0.375846 0)
(2.87328 -0.345153 0)
(2.87967 -0.154491 0)
)
;
    }
    airfoil
    {
        type            slip;
    }
    top
    {
        type            symmetryPlane;
    }
    bottom
    {
        type            symmetryPlane;
    }
    defaultFaces
    {
        type            empty;
    }
}


// ************************************************************************* //
