/*--------------------------------*- C++ -*----------------------------------*\
  =========                 |
  \\      /  F ield         | OpenFOAM: The Open Source CFD Toolbox
   \\    /   O peration     | Website:  https://openfoam.org
    \\  /    A nd           | Version:  7
     \\/     M anipulation  |
\*---------------------------------------------------------------------------*/
FoamFile
{
    version     2.0;
    format      ascii;
    class       volVectorField;
    location    "3.6";
    object      U;
}
// * * * * * * * * * * * * * * * * * * * * * * * * * * * * * * * * * * * * * //

dimensions      [0 1 -1 0 0 0 0];

internalField   nonuniform List<vector> 
3700
(
(1.40726 -0.346691 0)
(1.28221 -0.518687 0)
(1.31699 -0.254193 0)
(1.43358 -0.318353 0)
(1.54513 -0.337449 0)
(1.57789 -0.219745 0)
(1.62779 -0.151956 0)
(1.64943 -0.157779 0)
(1.66648 -0.284608 0)
(1.61243 -0.376442 0)
(1.54344 -0.359434 0)
(1.55112 -0.308423 0)
(1.60359 -0.304458 0)
(1.61278 -0.265632 0)
(1.62543 -0.175868 0)
(1.68139 -0.113743 0)
(1.72066 -0.153477 0)
(1.7447 -0.232465 0)
(1.77209 -0.272407 0)
(1.76864 -0.223741 0)
(1.78258 -1.26013 0)
(1.6298 -1.27789 0)
(1.68576 -1.0254 0)
(1.8665 -1.11972 0)
(1.9824 -1.43465 0)
(1.89201 -1.42338 0)
(1.88601 -1.3505 0)
(1.96191 -1.411 0)
(1.93845 -1.83964 0)
(1.90186 -1.80646 0)
(1.82019 -1.73834 0)
(1.87175 -1.55941 0)
(1.9404 -1.4732 0)
(1.98648 -1.33627 0)
(2.03325 -1.1445 0)
(2.12425 -0.98447 0)
(2.20175 -0.979033 0)
(2.28086 -1.06058 0)
(2.26931 -1.10149 0)
(2.25638 -1.18636 0)
(1.64051 -1.31553 0)
(1.68517 -1.42801 0)
(1.76256 -1.51074 0)
(1.85676 -1.66956 0)
(1.90533 -1.97051 0)
(1.89329 -2.20858 0)
(1.96491 -2.29471 0)
(2.02222 -2.23182 0)
(1.95692 -2.26862 0)
(2.06021 -2.10909 0)
(2.06552 -2.12916 0)
(2.15216 -2.00301 0)
(2.21044 -1.9378 0)
(2.28318 -1.88908 0)
(2.37318 -1.80383 0)
(2.50005 -1.75643 0)
(2.60035 -1.68725 0)
(2.67416 -1.61395 0)
(2.71413 -1.55915 0)
(2.70036 -1.56389 0)
(1.47156 -1.38054 0)
(1.59196 -1.56 0)
(1.68637 -1.82528 0)
(1.7421 -2.07474 0)
(1.7851 -2.18734 0)
(1.82067 -2.26474 0)
(1.92264 -2.24719 0)
(2.0724 -2.07708 0)
(2.14546 -2.07448 0)
(2.34072 -1.94396 0)
(2.35423 -1.9494 0)
(2.38678 -1.88527 0)
(2.38763 -1.85028 0)
(2.37266 -1.83284 0)
(2.41972 -1.72238 0)
(2.51206 -1.64564 0)
(2.58017 -1.51976 0)
(2.67396 -1.42034 0)
(2.75546 -1.26424 0)
(2.84964 -1.16715 0)
(1.34394 -1.39671 0)
(1.48142 -1.67325 0)
(1.6642 -1.96111 0)
(1.6964 -2.17562 0)
(1.68804 -2.27935 0)
(1.7339 -2.28962 0)
(1.89542 -2.12568 0)
(2.02287 -1.99374 0)
(2.11798 -1.91749 0)
(2.32775 -1.84495 0)
(2.48319 -1.63988 0)
(2.57551 -1.58547 0)
(2.62678 -1.52096 0)
(2.57756 -1.57945 0)
(2.58379 -1.53265 0)
(2.57872 -1.54203 0)
(2.58875 -1.41564 0)
(2.62079 -1.33275 0)
(2.68617 -1.28116 0)
(2.78598 -1.04216 0)
(1.29213 -1.41777 0)
(1.49281 -1.79829 0)
(1.69993 -2.08203 0)
(1.74895 -2.22848 0)
(1.91469 -2.30187 0)
(1.97349 -2.32143 0)
(2.01549 -2.08992 0)
(2.02833 -1.97727 0)
(2.08716 -1.88901 0)
(2.24443 -1.78051 0)
(2.38555 -1.59862 0)
(2.5802 -1.5297 0)
(2.67618 -1.34745 0)
(2.75524 -1.25039 0)
(2.76769 -1.14385 0)
(2.73804 -1.16307 0)
(2.71763 -1.15123 0)
(2.70382 -1.06598 0)
(2.67953 -1.14915 0)
(2.70637 -0.984236 0)
(1.34964 -1.52111 0)
(1.58839 -1.90784 0)
(1.86859 -2.19456 0)
(2.01045 -2.2663 0)
(2.25085 -2.21512 0)
(2.23606 -2.26574 0)
(2.26798 -1.96272 0)
(2.1862 -1.93637 0)
(2.21589 -1.84239 0)
(2.24578 -1.75561 0)
(2.35368 -1.57693 0)
(2.50961 -1.47508 0)
(2.57856 -1.28241 0)
(2.7255 -1.19307 0)
(2.75555 -0.973294 0)
(2.8133 -0.798689 0)
(2.79886 -0.723402 0)
(2.79579 -0.622144 0)
(2.74194 -0.756809 0)
(2.71563 -0.706368 0)
(1.51772 -1.65438 0)
(1.80657 -2.02878 0)
(1.98996 -2.25379 0)
(2.11785 -2.265 0)
(2.31485 -2.15684 0)
(2.4027 -2.11683 0)
(2.45036 -1.74085 0)
(2.42909 -1.67189 0)
(2.45542 -1.66155 0)
(2.46246 -1.62517 0)
(2.47831 -1.52811 0)
(2.54563 -1.38285 0)
(2.57207 -1.21535 0)
(2.64922 -1.12769 0)
(2.68476 -0.940191 0)
(2.7459 -0.791874 0)
(2.79403 -0.631994 0)
(2.8204 -0.409544 0)
(2.78162 -0.376526 0)
(2.72198 -0.356071 0)
(1.6817 -1.76602 0)
(1.86584 -2.06742 0)
(1.89018 -2.27241 0)
(2.03657 -2.27274 0)
(2.20602 -2.04111 0)
(2.3386 -1.87961 0)
(2.51386 -1.59704 0)
(2.61775 -1.42609 0)
(2.64913 -1.42675 0)
(2.72196 -1.21958 0)
(2.7157 -1.28103 0)
(2.73298 -1.07255 0)
(2.6872 -1.00975 0)
(2.69297 -0.903651 0)
(2.6903 -0.776452 0)
(2.69343 -0.662275 0)
(2.72583 -0.569131 0)
(2.7493 -0.405137 0)
(2.73605 -0.212649 0)
(2.68332 -0.0874108 0)
(1.79986 -1.84896 0)
(1.7397 -2.0762 0)
(1.70059 -2.26816 0)
(1.75606 -2.14798 0)
(1.94991 -1.91996 0)
(2.11204 -1.73362 0)
(2.29067 -1.60567 0)
(2.47616 -1.3871 0)
(2.62487 -1.31964 0)
(2.71379 -0.966131 0)
(2.77409 -0.821538 0)
(2.78072 -0.598999 0)
(2.76589 -0.551872 0)
(2.7577 -0.451089 0)
(2.74143 -0.38354 0)
(2.70646 -0.341307 0)
(2.68229 -0.312623 0)
(2.68906 -0.302212 0)
(2.64967 -0.144513 0)
(2.61155 0.0288827 0)
(1.71652 -1.80675 0)
(1.60615 -2.02597 0)
(1.54258 -2.16874 0)
(1.68344 -2.02707 0)
(1.89379 -1.83727 0)
(2.04919 -1.60867 0)
(2.14877 -1.55091 0)
(2.29505 -1.36083 0)
(2.39284 -1.23017 0)
(2.50028 -1.04237 0)
(2.61774 -0.806342 0)
(2.67328 -0.557345 0)
(2.69951 -0.343852 0)
(2.71258 -0.173355 0)
(2.67732 0.00166003 0)
(2.65207 0.05249 0)
(2.62421 0.10798 0)
(2.61382 0.00708766 0)
(2.55578 0.0926269 0)
(2.58521 0.0490669 0)
(1.5325 -1.6561 0)
(1.47894 -1.79356 0)
(1.42989 -1.80405 0)
(1.6809 -1.75357 0)
(1.94743 -1.61607 0)
(2.13798 -1.38181 0)
(2.21182 -1.45183 0)
(2.34014 -1.25432 0)
(2.42154 -1.02011 0)
(2.47226 -0.884197 0)
(2.5413 -0.690302 0)
(2.58048 -0.488516 0)
(2.60381 -0.297273 0)
(2.63996 -0.148909 0)
(2.59111 0.0814366 0)
(2.58182 0.195709 0)
(2.51802 0.367237 0)
(2.47929 0.357273 0)
(2.43634 0.372655 0)
(2.47205 0.287321 0)
(1.34988 -1.41826 0)
(1.45743 -1.47288 0)
(1.64228 -1.38916 0)
(1.7358 -1.61547 0)
(1.98941 -1.41169 0)
(2.18475 -1.22813 0)
(2.443 -1.02293 0)
(2.59124 -0.804159 0)
(2.59749 -0.489375 0)
(2.60284 -0.398291 0)
(2.60524 -0.213524 0)
(2.59086 -0.0691121 0)
(2.56436 0.0488257 0)
(2.54599 0.132992 0)
(2.49412 0.246243 0)
(2.48177 0.293953 0)
(2.41912 0.415437 0)
(2.35587 0.532636 0)
(2.29435 0.609381 0)
(2.30188 0.565514 0)
(1.14729 -1.20446 0)
(1.39352 -1.20849 0)
(1.73439 -1.16747 0)
(1.78674 -1.5984 0)
(2.2516 -1.09309 0)
(2.61513 -0.879915 0)
(2.72978 -0.503894 0)
(2.67155 -0.148955 0)
(2.62515 -0.0711536 0)
(2.58582 0.0866573 0)
(2.55456 0.236167 0)
(2.49223 0.390036 0)
(2.44822 0.480298 0)
(2.3914 0.5671 0)
(2.34824 0.593059 0)
(2.31487 0.595503 0)
(2.27225 0.622313 0)
(2.23756 0.662315 0)
(2.16985 0.754261 0)
(2.13091 0.796245 0)
(0.913522 -1.00981 0)
(1.27893 -1.09298 0)
(1.78994 -0.991966 0)
(2.3467 -1.13671 0)
(2.62276 -0.600986 0)
(2.54593 -0.646299 0)
(2.55285 -0.469888 0)
(2.51869 -0.119334 0)
(2.48636 0.0203573 0)
(2.47069 0.206931 0)
(2.4238 0.393549 0)
(2.34133 0.571626 0)
(2.28714 0.681687 0)
(2.20788 0.794699 0)
(2.15557 0.839523 0)
(2.11309 0.857055 0)
(2.06866 0.901055 0)
(2.06647 0.894894 0)
(2.04251 0.923166 0)
(2.06211 0.949439 0)
(0.7496 -0.666796 0)
(1.25632 -1.09887 0)
(2.2998 -0.45287 0)
(2.35668 -0.606696 0)
(2.37093 -0.58757 0)
(2.43683 -0.313389 0)
(2.42426 0.022268 0)
(2.38853 0.217635 0)
(2.33453 0.384597 0)
(2.31731 0.534732 0)
(2.21905 0.701226 0)
(2.1417 0.81528 0)
(2.08478 0.884405 0)
(2.02567 0.94942 0)
(1.98792 0.966938 0)
(1.95367 0.992628 0)
(1.95485 1.02011 0)
(1.96898 0.999629 0)
(1.99438 0.998468 0)
(2.07251 0.979047 0)
(0.898061 -0.441879 0)
(1.69688 -0.163756 0)
(2.19117 -0.651022 0)
(2.29138 -0.179238 0)
(2.34322 0.00757536 0)
(2.34696 0.305484 0)
(2.26843 0.571129 0)
(2.18722 0.720646 0)
(2.13396 0.799501 0)
(2.07721 0.920498 0)
(1.96867 1.01807 0)
(1.91075 1.06659 0)
(1.88064 1.08158 0)
(1.86642 1.08717 0)
(1.87293 1.05523 0)
(1.89894 1.04708 0)
(1.96274 1.02093 0)
(2.16203 0.905962 0)
(2.37906 0.797297 0)
(2.77844 0.44533 0)
(1.137 -0.130684 0)
(1.92107 0.0956259 0)
(2.27267 0.225695 0)
(2.23811 0.517127 0)
(2.19666 0.679795 0)
(2.12473 0.797211 0)
(2.04335 0.894797 0)
(1.96232 0.969079 0)
(1.91593 1.03509 0)
(1.84695 1.12563 0)
(1.78705 1.15773 0)
(1.79071 1.15134 0)
(1.80814 1.13033 0)
(1.84841 1.08707 0)
(2.03845 0.95043 0)
(2.25798 0.82667 0)
(2.66382 0.502017 0)
(3.03658 0.0913273 0)
(3.0559 -0.0239597 0)
(3.00405 -0.00469223 0)
(0.999414 0.0434773 0)
(1.92334 0.759701 0)
(2.12047 0.812463 0)
(1.99101 0.976135 0)
(1.96689 0.970903 0)
(1.86903 1.07167 0)
(1.78336 1.13501 0)
(1.75789 1.1451 0)
(1.75728 1.1619 0)
(1.73761 1.20263 0)
(1.72076 1.19359 0)
(1.86614 1.06563 0)
(2.09723 0.882251 0)
(2.50292 0.573735 0)
(2.98767 0.133082 0)
(3.07352 -0.0298581 0)
(3.00816 -0.00770819 0)
(3.00294 -0.00385321 0)
(3.00123 -0.00220034 0)
(3.00008 -0.000487352 0)
(1.17337 0.760108 0)
(1.83123 1.16006 0)
(1.84337 1.15916 0)
(1.74253 1.19934 0)
(1.70503 1.19848 0)
(1.6555 1.24255 0)
(1.65049 1.21488 0)
(1.7231 1.16651 0)
(1.75858 1.2363 0)
(1.797 1.14347 0)
(2.27825 0.735632 0)
(2.86194 0.205281 0)
(3.09759 -0.0290963 0)
(3.02063 -0.0124225 0)
(3.00468 -0.00547408 0)
(3.00189 -0.00303667 0)
(3.00006 -0.000589925 0)
(2.99998 -2.30603e-05 0)
(2.99999 1.43668e-05 0)
(3 5.90456e-06 0)
(1.58378 1.26109 0)
(1.58725 1.26651 0)
(1.59438 1.27047 0)
(1.60026 1.26466 0)
(1.60054 1.24968 0)
(1.58881 1.26707 0)
(1.89305 1.17871 0)
(2.97143 0.406932 0)
(3.34887 -0.631663 0)
(3 -6.62862e-12 0)
(3 7.57336e-11 0)
(3 -1.27409e-12 0)
(3 6.09488e-11 0)
(3 -5.62303e-11 0)
(3 9.12375e-14 0)
(3 8.54864e-14 0)
(3 2.69839e-14 0)
(3 6.51927e-15 0)
(3 6.97845e-16 0)
(3 -3.0346e-15 0)
(1.58206 1.2449 0)
(1.59392 1.25775 0)
(1.6063 1.266 0)
(1.61325 1.27623 0)
(1.66305 1.26763 0)
(1.74359 1.2137 0)
(2.25741 0.743422 0)
(2.99595 0.0146459 0)
(3 4.67951e-08 0)
(3 1.00937e-10 0)
(3 -1.2224e-13 0)
(3 1.91232e-15 0)
(3 -1.67685e-14 0)
(3 1.70209e-14 0)
(3 -4.49703e-16 0)
(3 -3.00194e-16 0)
(3 -1.06341e-16 0)
(3 -1.41262e-15 0)
(3 -1.39698e-15 0)
(3 -1.72502e-15 0)
(1.57629 1.24455 0)
(1.59891 1.25101 0)
(1.61343 1.2567 0)
(1.61388 1.27773 0)
(1.68496 1.22736 0)
(2.2429 0.766744 0)
(3.00343 -0.00834485 0)
(3.0001 -0.000443387 0)
(3 8.43209e-07 0)
(3 5.25733e-11 0)
(3 5.33416e-14 0)
(3 -1.60084e-15 0)
(3 -1.95522e-16 0)
(3 -1.86611e-15 0)
(3 -9.77903e-16 0)
(3 -6.34439e-16 0)
(3 -1.96767e-16 0)
(3 -3.94284e-16 0)
(3 -4.5117e-16 0)
(3 -2.15089e-15 0)
(1.57706 1.2558 0)
(1.59541 1.25694 0)
(1.61916 1.25903 0)
(1.64754 1.26267 0)
(1.88669 1.07833 0)
(2.75717 0.216728 0)
(3.00462 -0.000816312 0)
(2.99992 7.14695e-05 0)
(3 -9.53251e-07 0)
(3 9.03528e-10 0)
(3 -6.33447e-13 0)
(3 -1.94545e-15 0)
(3 -1.04489e-15 0)
(3 -1.43858e-15 0)
(3 -1.01108e-15 0)
(3 -5.13401e-16 0)
(3 1.45484e-16 0)
(3 6.60811e-17 0)
(3 1.06505e-15 0)
(3 -1.32905e-15 0)
(1.5823 1.26687 0)
(1.5917 1.26696 0)
(1.62472 1.26579 0)
(1.69057 1.22643 0)
(2.35452 0.644131 0)
(3.01993 -0.0187776 0)
(2.99975 0.000141233 0)
(3 -4.18864e-06 0)
(3 8.33987e-08 0)
(3 -9.20756e-10 0)
(3 7.24695e-13 0)
(3 -2.99306e-15 0)
(3 -2.01848e-15 0)
(3 -1.87951e-15 0)
(3 -7.8203e-16 0)
(3 -2.27527e-17 0)
(3 -2.23898e-16 0)
(3 4.87517e-16 0)
(3 -1.45091e-16 0)
(3 -8.10809e-16 0)
(1.58347 1.27953 0)
(1.58468 1.28245 0)
(1.64592 1.26156 0)
(1.73853 1.18476 0)
(2.65174 0.296687 0)
(3 -5.8505e-10 0)
(3 1.41145e-08 0)
(3 -1.27335e-08 0)
(3 5.4471e-10 0)
(3 2.79839e-12 0)
(3 -1.27614e-13 0)
(3 -2.69085e-15 0)
(3 -1.89706e-15 0)
(3 -1.52922e-15 0)
(3 -1.23835e-15 0)
(3 -6.67173e-16 0)
(3 -3.56535e-16 0)
(3 -5.01835e-16 0)
(3 -1.76751e-15 0)
(3 -2.33972e-15 0)
(1.58108 1.30023 0)
(1.56054 1.29935 0)
(1.68258 1.23878 0)
(2.21392 0.822485 0)
(3.02292 -0.0235888 0)
(3 -8.98823e-13 0)
(3 -3.09812e-11 0)
(3 3.43406e-11 0)
(3 -3.45169e-12 0)
(3 -2.93572e-15 0)
(3 -3.26727e-15 0)
(3 -3.67392e-15 0)
(3 -2.46039e-15 0)
(3 -1.48872e-15 0)
(3 -1.76266e-15 0)
(3 -1.52364e-15 0)
(3 -1.53443e-15 0)
(3 -2.50765e-15 0)
(3 -2.3252e-15 0)
(3 -2.60989e-15 0)
(1.5911 1.32095 0)
(1.49402 1.33006 0)
(1.76008 1.18003 0)
(2.42308 0.545424 0)
(3 -2.85821e-06 0)
(3 -7.24219e-12 0)
(3 2.4513e-13 0)
(3 -1.66253e-13 0)
(3 2.12854e-14 0)
(3 -2.9647e-15 0)
(3 -4.01916e-15 0)
(3 -3.23526e-15 0)
(3 -2.45435e-15 0)
(3 -2.22874e-15 0)
(3 -2.4279e-15 0)
(3 -2.99901e-15 0)
(3 -2.5726e-15 0)
(3 -2.79458e-15 0)
(3 -2.31926e-15 0)
(3 -2.18382e-15 0)
(1.58813 1.30588 0)
(1.47344 1.36166 0)
(1.93235 1.04464 0)
(2.85483 0.125647 0)
(3 -1.54127e-08 0)
(3 1.36863e-12 0)
(3 -9.34018e-15 0)
(3 2.94773e-16 0)
(3 -9.14851e-16 0)
(3 -2.10268e-15 0)
(3 -2.23833e-15 0)
(3 -2.66904e-15 0)
(3 -2.44579e-15 0)
(3 -2.07976e-15 0)
(3 -2.4644e-15 0)
(3 -3.03918e-15 0)
(3 -2.8422e-15 0)
(3 -2.4339e-15 0)
(3 -1.8752e-15 0)
(3 -2.41854e-15 0)
(1.60256 1.29084 0)
(1.48457 1.37019 0)
(2.1968 0.808552 0)
(3.01043 -0.00893483 0)
(3 3.50526e-08 0)
(3 -1.47535e-13 0)
(3 -1.50098e-17 0)
(3 3.16828e-16 0)
(3 -7.94772e-17 0)
(3 -8.0678e-16 0)
(3 -1.11704e-15 0)
(3 -7.34002e-16 0)
(3 -1.44156e-15 0)
(3 -1.70178e-15 0)
(3 -2.31603e-15 0)
(3 -2.4472e-15 0)
(3 -2.3463e-15 0)
(3 -2.66616e-15 0)
(3 -2.88253e-15 0)
(3 -3.31221e-15 0)
(1.617 1.28035 0)
(1.56234 1.32363 0)
(2.39687 0.565983 0)
(3 -2.82218e-12 0)
(3 -3.474e-11 0)
(3 3.56286e-14 0)
(3 -2.19067e-17 0)
(3 1.80915e-16 0)
(3 4.64415e-16 0)
(3 5.37742e-16 0)
(3 4.93772e-16 0)
(3 2.17556e-16 0)
(3 -3.55277e-16 0)
(3 -7.71943e-16 0)
(3 -1.95565e-15 0)
(3 -2.3675e-15 0)
(3 -2.81763e-15 0)
(3 -2.67256e-15 0)
(3 -2.60704e-15 0)
(3 -2.87217e-15 0)
(1.63345 1.26565 0)
(1.62265 1.24871 0)
(2.63292 0.305257 0)
(3 1.4071e-13 0)
(3 -6.14942e-14 0)
(3 -8.68725e-16 0)
(3 -1.50682e-16 0)
(3 7.10569e-16 0)
(3 1.27316e-15 0)
(3 1.88898e-15 0)
(3 1.79302e-15 0)
(3 1.99525e-15 0)
(3 1.97418e-15 0)
(3 1.09429e-15 0)
(3 3.88723e-16 0)
(3 -1.02505e-15 0)
(3 -1.72972e-15 0)
(3 -2.51838e-15 0)
(3 -2.54164e-15 0)
(3 -2.45456e-15 0)
(1.65257 1.24904 0)
(1.82959 1.10221 0)
(2.86947 0.0963613 0)
(3 2.0762e-15 0)
(3 -7.58748e-16 0)
(3 -8.87956e-16 0)
(3 -1.28622e-15 0)
(3 -8.09943e-16 0)
(3 -1.81093e-16 0)
(3 1.96237e-16 0)
(3 5.99637e-16 0)
(3 6.18915e-16 0)
(3 4.35531e-16 0)
(3 -6.87053e-17 0)
(3 1.95932e-16 0)
(3 -6.66393e-16 0)
(3 -1.19562e-15 0)
(3 -1.85756e-15 0)
(3 -1.97922e-15 0)
(3 -2.013e-15 0)
(1.67809 1.19893 0)
(1.88892 0.980846 0)
(2.99166 0.00583097 0)
(3 -3.35824e-15 0)
(3 -8.19265e-16 0)
(3 -1.74352e-15 0)
(3 -2.80844e-15 0)
(3 -1.64916e-15 0)
(3 -9.04679e-16 0)
(3 -5.98737e-16 0)
(3 -9.07618e-16 0)
(3 -6.04484e-16 0)
(3 -2.41086e-16 0)
(3 -1.37315e-16 0)
(3 -2.6862e-16 0)
(3 -7.71981e-17 0)
(3 -7.32525e-16 0)
(3 -1.22613e-15 0)
(3 -1.48524e-15 0)
(3 -1.19453e-15 0)
(1.71969 1.16275 0)
(2.06444 0.818018 0)
(3 -1.57512e-15 0)
(3 -1.46168e-15 0)
(3 -1.6854e-15 0)
(3 -2.1015e-15 0)
(3 -3.24396e-15 0)
(3 -3.10999e-15 0)
(3 -2.74969e-15 0)
(3 -1.94926e-15 0)
(3 -1.8665e-15 0)
(3 -1.33471e-15 0)
(3 -9.9636e-16 0)
(3 -5.67542e-16 0)
(3 4.39831e-17 0)
(3 3.83477e-16 0)
(3 2.64084e-16 0)
(3 -5.37492e-17 0)
(3 -1.63544e-16 0)
(3 -8.46607e-16 0)
(1.75384 1.10086 0)
(2.23365 0.643004 0)
(3 -1.42434e-15 0)
(3 -2.21632e-15 0)
(3 -2.16462e-15 0)
(3 -1.88798e-15 0)
(3 -1.72954e-15 0)
(3 -1.81882e-15 0)
(3 -2.11588e-15 0)
(3 -2.49821e-15 0)
(3 -2.75069e-15 0)
(3 -2.6706e-15 0)
(3 -2.20955e-15 0)
(3 -1.56648e-15 0)
(3 -9.84586e-16 0)
(3 -9.34668e-16 0)
(3 -8.91865e-16 0)
(3 -1.14824e-15 0)
(3 -1.03054e-15 0)
(3 -9.21564e-16 0)
(1.85468 1.00969 0)
(2.4693 0.4401 0)
(3 -1.42335e-15 0)
(3 -2.07268e-15 0)
(3 -2.25058e-15 0)
(3 -2.13753e-15 0)
(3 -2.33968e-15 0)
(3 -2.69095e-15 0)
(3 -3.13891e-15 0)
(3 -3.56676e-15 0)
(3 -3.6561e-15 0)
(3 -3.62681e-15 0)
(3 -3.47327e-15 0)
(3 -3.1449e-15 0)
(3 -2.62837e-15 0)
(3 -1.97389e-15 0)
(3 -1.58718e-15 0)
(3 -1.72875e-15 0)
(3 -1.72693e-15 0)
(3 -1.60699e-15 0)
(1.90223 0.865949 0)
(2.69617 0.213679 0)
(3 -2.32073e-15 0)
(3 -3.18694e-15 0)
(3 -3.47935e-15 0)
(3 -3.01473e-15 0)
(3 -2.14901e-15 0)
(3 -1.39347e-15 0)
(3 -1.01831e-15 0)
(3 -1.6393e-15 0)
(3 -1.84184e-15 0)
(3 -1.75816e-15 0)
(3 -1.86187e-15 0)
(3 -1.87993e-15 0)
(3 -2.12411e-15 0)
(3 -2.27605e-15 0)
(3 -2.00679e-15 0)
(3 -1.78469e-15 0)
(3 -1.73326e-15 0)
(3 -1.57882e-15 0)
(2.08393 0.689983 0)
(2.98978 -8.79793e-05 0)
(3 -1.74243e-15 0)
(3 -1.81012e-15 0)
(3 -2.07409e-15 0)
(3 -2.49263e-15 0)
(3 -2.25964e-15 0)
(3 -1.42633e-15 0)
(3 -8.3918e-16 0)
(3 -7.85478e-16 0)
(3 -1.02062e-15 0)
(3 -1.05064e-15 0)
(3 -9.37794e-16 0)
(3 -7.49814e-16 0)
(3 -9.95739e-16 0)
(3 -1.33014e-15 0)
(3 -1.53543e-15 0)
(3 -1.78653e-15 0)
(3 -1.75011e-15 0)
(3 -1.66218e-15 0)
(1.99403 0.366739 0)
(2.99989 -1.39311e-05 0)
(3 1.32006e-15 0)
(3 -9.33436e-18 0)
(3 3.16772e-17 0)
(3 -6.05348e-16 0)
(3 -7.76568e-16 0)
(3 -5.51353e-16 0)
(3 -2.02613e-16 0)
(3 2.07287e-16 0)
(3 2.83622e-16 0)
(3 2.13457e-17 0)
(3 1.85137e-16 0)
(3 2.35553e-16 0)
(3 3.19985e-16 0)
(3 4.26422e-16 0)
(3 4.16236e-16 0)
(3 1.37828e-17 0)
(3 -6.98138e-17 0)
(3 -1.23214e-16 0)
(1.99399 -0.367015 0)
(2.99989 1.38952e-05 0)
(3 1.83756e-15 0)
(3 1.57102e-15 0)
(3 1.02029e-15 0)
(3 1.09974e-15 0)
(3 1.30373e-15 0)
(3 1.20942e-15 0)
(3 1.27097e-15 0)
(3 1.2225e-15 0)
(3 1.09815e-15 0)
(3 9.98501e-16 0)
(3 8.52809e-16 0)
(3 8.7015e-16 0)
(3 9.22888e-16 0)
(3 9.19706e-16 0)
(3 8.21371e-16 0)
(3 9.0718e-16 0)
(3 8.93229e-16 0)
(3 7.47089e-16 0)
(2.08608 -0.690785 0)
(2.98982 8.19459e-05 0)
(3 1.09924e-15 0)
(3 7.36885e-16 0)
(3 6.37778e-16 0)
(3 1.15385e-15 0)
(3 1.4421e-15 0)
(3 1.55352e-15 0)
(3 1.44421e-15 0)
(3 9.26724e-16 0)
(3 7.47608e-16 0)
(3 8.07152e-16 0)
(3 7.0173e-16 0)
(3 5.43194e-16 0)
(3 3.36448e-16 0)
(3 9.18255e-17 0)
(3 -1.86406e-18 0)
(3 4.75535e-17 0)
(3 3.03888e-17 0)
(3 1.00364e-16 0)
(1.90322 -0.866397 0)
(2.69634 -0.213723 0)
(3 4.61781e-17 0)
(3 1.37499e-16 0)
(3 4.81769e-16 0)
(3 1.06441e-15 0)
(3 1.114e-15 0)
(3 1.03812e-15 0)
(3 7.06117e-16 0)
(3 2.87621e-16 0)
(3 3.59834e-16 0)
(3 2.30106e-16 0)
(3 -1.03761e-16 0)
(3 -4.22726e-16 0)
(3 -5.61939e-16 0)
(3 -4.13238e-16 0)
(3 -6.98218e-17 0)
(3 1.19473e-16 0)
(3 1.93883e-16 0)
(3 1.78673e-16 0)
(1.85344 -1.00938 0)
(2.46836 -0.440277 0)
(3 1.01121e-15 0)
(3 1.19971e-15 0)
(3 1.58388e-15 0)
(3 2.1904e-15 0)
(3 2.22563e-15 0)
(3 1.88945e-15 0)
(3 1.17717e-15 0)
(3 6.45484e-16 0)
(3 1.92133e-16 0)
(3 -1.55689e-16 0)
(3 -4.03649e-16 0)
(3 -8.33882e-16 0)
(3 -1.18028e-15 0)
(3 -9.15874e-16 0)
(3 -2.75416e-16 0)
(3 -2.50218e-16 0)
(3 5.54297e-16 0)
(3 8.74888e-16 0)
(1.75398 -1.10023 0)
(2.23266 -0.643393 0)
(3 2.40362e-16 0)
(3 8.49458e-16 0)
(3 1.64454e-15 0)
(3 2.13104e-15 0)
(3 1.79187e-15 0)
(3 8.71719e-16 0)
(3 4.17716e-16 0)
(3 7.69047e-17 0)
(3 -3.39452e-17 0)
(3 -5.03663e-16 0)
(3 -3.4288e-16 0)
(3 1.38643e-16 0)
(3 9.70534e-16 0)
(3 2.28185e-15 0)
(3 2.66692e-15 0)
(3 2.78351e-15 0)
(3 1.73511e-15 0)
(3 1.8649e-15 0)
(1.71552 -1.1625 0)
(2.06291 -0.818033 0)
(3 -2.88045e-17 0)
(3 3.38015e-16 0)
(3 1.13811e-15 0)
(3 1.2946e-15 0)
(3 1.30113e-15 0)
(3 9.56764e-16 0)
(3 4.92659e-16 0)
(3 3.83808e-16 0)
(3 -3.2169e-17 0)
(3 -7.75435e-16 0)
(3 -6.09432e-16 0)
(3 -1.71541e-16 0)
(3 1.37168e-15 0)
(3 1.92258e-15 0)
(3 1.98566e-15 0)
(3 2.15134e-15 0)
(3 2.5532e-15 0)
(3 3.37129e-15 0)
(1.67931 -1.198 0)
(1.8898 -0.980764 0)
(2.99336 -0.00470557 0)
(3 1.68058e-15 0)
(3 1.60639e-15 0)
(3 2.11718e-15 0)
(3 2.03621e-15 0)
(3 7.0875e-16 0)
(3 -1.21672e-16 0)
(3 -1.65057e-16 0)
(3 -1.56627e-16 0)
(3 6.54027e-16 0)
(3 1.30079e-15 0)
(3 1.82895e-15 0)
(3 2.96761e-15 0)
(3 2.51631e-15 0)
(3 2.25593e-15 0)
(3 2.10956e-15 0)
(3 1.56955e-15 0)
(3 1.32419e-15 0)
(1.65348 -1.24849 0)
(1.83149 -1.10105 0)
(2.87167 -0.0947102 0)
(3 3.47111e-16 0)
(3 1.10558e-15 0)
(3 2.00873e-15 0)
(3 2.2934e-15 0)
(3 6.78366e-16 0)
(3 3.05218e-17 0)
(3 -5.22661e-16 0)
(3 -1.08573e-16 0)
(3 1.21365e-15 0)
(3 1.9409e-15 0)
(3 2.37443e-15 0)
(3 2.0897e-15 0)
(3 1.9941e-15 0)
(3 1.77784e-15 0)
(3 1.3546e-15 0)
(3 1.62111e-16 0)
(3 -1.38579e-15 0)
(1.63416 -1.26553 0)
(1.62467 -1.24662 0)
(2.6353 -0.301764 0)
(3 -2.4129e-13 0)
(3 6.94823e-14 0)
(3 1.58251e-15 0)
(3 1.24941e-15 0)
(3 7.64944e-16 0)
(3 -4.20364e-16 0)
(3 -4.82074e-16 0)
(3 -2.92166e-18 0)
(3 4.4354e-16 0)
(3 1.11946e-15 0)
(3 1.1174e-15 0)
(3 7.68266e-16 0)
(3 1.24842e-15 0)
(3 8.70963e-16 0)
(3 -1.08285e-16 0)
(3 -1.35061e-15 0)
(3 -2.59991e-15 0)
(1.6168 -1.2805 0)
(1.55838 -1.32481 0)
(2.39302 -0.568272 0)
(3 2.25855e-12 0)
(3 2.21081e-11 0)
(3 -4.79785e-13 0)
(3 1.47989e-15 0)
(3 -6.27598e-16 0)
(3 -5.52626e-16 0)
(3 -4.00611e-16 0)
(3 -8.1007e-16 0)
(3 -6.69538e-16 0)
(3 -6.37824e-16 0)
(3 -2.39548e-16 0)
(3 1.2346e-16 0)
(3 4.3536e-16 0)
(3 1.81162e-16 0)
(3 -1.49218e-15 0)
(3 -2.63058e-15 0)
(3 -2.43501e-15 0)
(1.6022 -1.29085 0)
(1.4853 -1.36867 0)
(2.19888 -0.807064 0)
(3.0104 0.00892786 0)
(3 -2.35398e-08 0)
(3 8.18045e-11 0)
(3 -1.25866e-13 0)
(3 2.06713e-16 0)
(3 -2.87459e-16 0)
(3 -4.3521e-16 0)
(3 -8.81573e-16 0)
(3 -1.26515e-15 0)
(3 -1.00102e-15 0)
(3 -2.05359e-16 0)
(3 -2.0764e-16 0)
(3 -9.94738e-16 0)
(3 -1.33307e-15 0)
(3 -1.83392e-15 0)
(3 -2.31729e-15 0)
(3 -1.41048e-15 0)
(1.58801 -1.30617 0)
(1.47553 -1.36098 0)
(1.93244 -1.04462 0)
(2.85374 -0.125941 0)
(3 8.86098e-09 0)
(3 -1.13704e-10 0)
(3 2.39446e-13 0)
(3 -4.53803e-15 0)
(3 -8.83821e-16 0)
(3 -8.92695e-16 0)
(3 -1.34388e-15 0)
(3 -1.4e-15 0)
(3 -3.94996e-16 0)
(3 -3.2041e-16 0)
(3 -5.75134e-16 0)
(3 -1.06116e-15 0)
(3 -8.12754e-16 0)
(3 -1.21663e-15 0)
(3 -2.70313e-15 0)
(3 -1.3249e-15 0)
(1.59094 -1.32082 0)
(1.49352 -1.33106 0)
(1.75525 -1.18128 0)
(2.41921 -0.547063 0)
(3.00007 4.83152e-05 0)
(3 2.51579e-11 0)
(3 -3.74577e-13 0)
(3 1.26592e-13 0)
(3 -1.08755e-14 0)
(3 -1.42919e-15 0)
(3 -1.16938e-15 0)
(3 -1.06287e-15 0)
(3 -3.69632e-16 0)
(3 -5.86477e-16 0)
(3 -3.74693e-16 0)
(3 -2.4975e-16 0)
(3 -1.03959e-15 0)
(3 -1.04272e-15 0)
(3 -9.59088e-16 0)
(3 5.50066e-17 0)
(1.58105 -1.29969 0)
(1.55809 -1.30019 0)
(1.68374 -1.23772 0)
(2.21727 -0.821718 0)
(3.02301 0.0236898 0)
(3 3.34749e-11 0)
(3 6.24437e-11 0)
(3 -6.30921e-11 0)
(3 4.26855e-12 0)
(3 2.07193e-15 0)
(3 -2.24992e-15 0)
(3 -4.7009e-16 0)
(3 -3.60131e-16 0)
(3 -7.76125e-16 0)
(3 -2.18622e-16 0)
(3 -1.86162e-16 0)
(3 -1.36761e-15 0)
(3 3.56969e-16 0)
(3 4.33549e-16 0)
(3 5.36738e-16 0)
(1.58401 -1.28068 0)
(1.58705 -1.28252 0)
(1.64683 -1.26189 0)
(1.73832 -1.18377 0)
(2.65107 -0.296136 0)
(3 6.40953e-10 0)
(3 -1.44182e-08 0)
(3 1.28387e-08 0)
(3 -5.39641e-10 0)
(3 -2.52972e-12 0)
(3 1.22547e-13 0)
(3 -1.57933e-15 0)
(3 -3.9006e-16 0)
(3 -1.03137e-15 0)
(3 -9.22984e-16 0)
(3 -4.06462e-17 0)
(3 -8.46938e-16 0)
(3 1.13702e-15 0)
(3 1.582e-15 0)
(3 1.37036e-15 0)
(1.58338 -1.26711 0)
(1.59257 -1.26765 0)
(1.62498 -1.26561 0)
(1.68309 -1.23044 0)
(2.3554 -0.642762 0)
(3.02002 0.0190172 0)
(2.99975 -0.000131357 0)
(3 4.15428e-06 0)
(3 -8.28237e-08 0)
(3 9.28948e-10 0)
(3 -1.19075e-12 0)
(3 4.1102e-15 0)
(3 -5.08154e-16 0)
(3 -4.56335e-16 0)
(3 -8.57749e-16 0)
(3 -1.67132e-17 0)
(3 -5.08473e-16 0)
(3 1.18232e-15 0)
(3 2.63832e-15 0)
(3 2.65464e-15 0)
(1.57789 -1.2565 0)
(1.59593 -1.25753 0)
(1.61944 -1.25996 0)
(1.64922 -1.26342 0)
(1.88505 -1.081 0)
(2.75591 -0.218653 0)
(3.00452 0.000545479 0)
(2.99992 -6.82731e-05 0)
(3 9.5069e-07 0)
(3 -9.23144e-10 0)
(3 1.16822e-12 0)
(3 -6.39696e-15 0)
(3 -1.93757e-16 0)
(3 1.41209e-16 0)
(3 -7.57777e-16 0)
(3 2.27071e-16 0)
(3 -3.75425e-16 0)
(3 2.03388e-15 0)
(3 2.98862e-15 0)
(3 3.28824e-15 0)
(1.57523 -1.24549 0)
(1.59767 -1.25125 0)
(1.61302 -1.25657 0)
(1.61525 -1.27607 0)
(1.68826 -1.22689 0)
(2.25531 -0.762635 0)
(3.00528 0.00967413 0)
(3.00005 0.000380315 0)
(3 -8.35509e-07 0)
(3 -5.18904e-11 0)
(3 -1.56773e-14 0)
(3 2.85183e-15 0)
(3 6.00056e-16 0)
(3 1.47837e-15 0)
(3 -8.42243e-16 0)
(3 9.33982e-16 0)
(3 -3.90857e-17 0)
(3 2.06976e-15 0)
(3 2.54036e-15 0)
(3 3.02038e-15 0)
(1.57894 -1.24233 0)
(1.59158 -1.25602 0)
(1.60583 -1.26472 0)
(1.61479 -1.27427 0)
(1.6651 -1.26879 0)
(1.74388 -1.21489 0)
(2.25721 -0.742269 0)
(2.99624 -0.0142365 0)
(3 -5.35049e-08 0)
(3 -9.27379e-11 0)
(3 3.42184e-13 0)
(3 8.44918e-16 0)
(3 2.7906e-15 0)
(3 1.51591e-15 0)
(3 6.71496e-16 0)
(3 2.37482e-15 0)
(3 1.34816e-15 0)
(3 1.37272e-15 0)
(3 1.66334e-15 0)
(3 1.58265e-15 0)
(1.58285 -1.26054 0)
(1.58672 -1.26562 0)
(1.59475 -1.26903 0)
(1.60151 -1.2635 0)
(1.60058 -1.24852 0)
(1.58711 -1.26691 0)
(1.89239 -1.17719 0)
(2.9712 -0.406933 0)
(3.35089 0.634158 0)
(3 1.00995e-11 0)
(3 -7.87713e-11 0)
(3 5.54876e-14 0)
(3 -3.96867e-14 0)
(3 2.74481e-13 0)
(3 -1.30369e-15 0)
(3 1.14486e-15 0)
(3 1.68824e-15 0)
(3 3.23109e-15 0)
(3 2.19452e-15 0)
(3 3.1139e-15 0)
(1.17496 -0.756921 0)
(1.83015 -1.16007 0)
(1.84217 -1.1587 0)
(1.74499 -1.19646 0)
(1.70624 -1.19805 0)
(1.65477 -1.24201 0)
(1.64994 -1.21447 0)
(1.72233 -1.16593 0)
(1.75741 -1.2359 0)
(1.79543 -1.14366 0)
(2.27666 -0.736929 0)
(2.86115 -0.206168 0)
(3.09754 0.0289034 0)
(3.02061 0.0124125 0)
(3.00468 0.00547539 0)
(3.00189 0.00303907 0)
(3.00006 0.000591315 0)
(2.99998 2.30982e-05 0)
(2.99999 -1.43368e-05 0)
(3 -5.89367e-06 0)
(1.0021 -0.0407074 0)
(1.92429 -0.757568 0)
(2.11902 -0.819174 0)
(1.99084 -0.981585 0)
(1.96849 -0.97214 0)
(1.86959 -1.07161 0)
(1.78313 -1.13503 0)
(1.75719 -1.14479 0)
(1.75649 -1.16165 0)
(1.73658 -1.20256 0)
(1.72032 -1.19358 0)
(1.86648 -1.06561 0)
(2.09736 -0.882408 0)
(2.50273 -0.573915 0)
(2.98764 -0.133049 0)
(3.07348 0.029877 0)
(3.00813 0.00769968 0)
(3.00293 0.0038485 0)
(3.00122 0.00219717 0)
(3.00008 0.000487134 0)
(1.14459 0.14263 0)
(1.91279 -0.0741217 0)
(2.27073 -0.216334 0)
(2.24075 -0.510038 0)
(2.19833 -0.683698 0)
(2.12542 -0.800434 0)
(2.0442 -0.895378 0)
(1.96232 -0.968615 0)
(1.91613 -1.03456 0)
(1.84582 -1.12537 0)
(1.78735 -1.15559 0)
(1.79108 -1.15201 0)
(1.80862 -1.13147 0)
(1.84841 -1.08783 0)
(2.03846 -0.950901 0)
(2.25808 -0.827046 0)
(2.6644 -0.501847 0)
(3.03686 -0.0910684 0)
(3.05578 0.0239368 0)
(3.00403 0.00467713 0)
(0.88886 0.433595 0)
(1.73596 0.181371 0)
(2.19324 0.701907 0)
(2.29604 0.147942 0)
(2.34807 -0.0122052 0)
(2.34645 -0.313016 0)
(2.27006 -0.573416 0)
(2.18598 -0.724859 0)
(2.13455 -0.800356 0)
(2.07566 -0.921379 0)
(1.96783 -1.0184 0)
(1.91078 -1.06757 0)
(1.88072 -1.08279 0)
(1.86658 -1.08808 0)
(1.87293 -1.05548 0)
(1.89904 -1.0472 0)
(1.96311 -1.0208 0)
(2.16259 -0.905549 0)
(2.37955 -0.796685 0)
(2.77883 -0.444539 0)
(0.670445 0.606916 0)
(1.25343 0.968743 0)
(2.36081 0.526171 0)
(2.32835 0.67738 0)
(2.36468 0.599971 0)
(2.43495 0.305112 0)
(2.42278 -0.0294314 0)
(2.38792 -0.220284 0)
(2.33277 -0.389705 0)
(2.31558 -0.537768 0)
(2.21818 -0.703205 0)
(2.14171 -0.816077 0)
(2.08514 -0.884636 0)
(2.02642 -0.949133 0)
(1.98879 -0.965932 0)
(1.95401 -0.991922 0)
(1.95503 -1.01978 0)
(1.9691 -0.999489 0)
(1.99444 -0.998361 0)
(2.07255 -0.978909 0)
(0.868859 0.932972 0)
(1.24805 1.0109 0)
(1.8253 1.03089 0)
(2.3914 1.21544 0)
(2.62028 0.606561 0)
(2.5281 0.672988 0)
(2.54138 0.479278 0)
(2.5122 0.130304 0)
(2.48121 -0.0106081 0)
(2.46825 -0.195813 0)
(2.42372 -0.383867 0)
(2.34235 -0.563884 0)
(2.28919 -0.675747 0)
(2.20956 -0.790877 0)
(2.15635 -0.838147 0)
(2.11267 -0.857414 0)
(2.06786 -0.902157 0)
(2.06574 -0.896018 0)
(2.04265 -0.923302 0)
(2.06224 -0.949224 0)
(1.09679 1.15703 0)
(1.35368 1.16064 0)
(1.75148 1.20966 0)
(1.81112 1.66052 0)
(2.30383 1.06136 0)
(2.625 0.902824 0)
(2.73086 0.520799 0)
(2.6683 0.15545 0)
(2.62427 0.0873944 0)
(2.58608 -0.0824715 0)
(2.55661 -0.233931 0)
(2.49259 -0.392143 0)
(2.44838 -0.484114 0)
(2.39048 -0.572795 0)
(2.34685 -0.599722 0)
(2.31328 -0.600791 0)
(2.27151 -0.625116 0)
(2.23891 -0.661157 0)
(2.17088 -0.752114 0)
(2.13116 -0.795098 0)
(1.31443 1.38565 0)
(1.43252 1.44023 0)
(1.65315 1.40556 0)
(1.75878 1.6537 0)
(2.0044 1.42337 0)
(2.19792 1.22812 0)
(2.44831 1.01213 0)
(2.60142 0.773003 0)
(2.60522 0.460633 0)
(2.61 0.378559 0)
(2.60962 0.194671 0)
(2.5941 0.0545779 0)
(2.56618 -0.0604342 0)
(2.54656 -0.140867 0)
(2.49468 -0.248551 0)
(2.48149 -0.292416 0)
(2.42075 -0.408871 0)
(2.3571 -0.528205 0)
(2.29442 -0.608784 0)
(2.3011 -0.56649 0)
(1.51255 1.64451 0)
(1.46582 1.77682 0)
(1.42246 1.80523 0)
(1.69755 1.75894 0)
(1.9638 1.64117 0)
(2.1502 1.35944 0)
(2.21054 1.45498 0)
(2.34525 1.25057 0)
(2.42922 1.01228 0)
(2.47613 0.884209 0)
(2.54187 0.688844 0)
(2.57933 0.490288 0)
(2.60134 0.302788 0)
(2.63757 0.158075 0)
(2.58998 -0.0701638 0)
(2.58243 -0.185569 0)
(2.51846 -0.362468 0)
(2.47855 -0.358917 0)
(2.43515 -0.375339 0)
(2.47078 -0.289427 0)
(1.71397 1.79609 0)
(1.6045 2.01388 0)
(1.50938 2.17527 0)
(1.68461 2.0337 0)
(1.8956 1.86076 0)
(2.05723 1.5897 0)
(2.13871 1.55338 0)
(2.28486 1.365 0)
(2.38104 1.23432 0)
(2.48622 1.05576 0)
(2.60503 0.825107 0)
(2.66382 0.577499 0)
(2.69408 0.360998 0)
(2.71132 0.187368 0)
(2.675 0.00260297 0)
(2.6503 -0.0544352 0)
(2.6231 -0.115884 0)
(2.61219 -0.0147963 0)
(2.55577 -0.0939431 0)
(2.58602 -0.0491474 0)
(1.827 1.84077 0)
(1.74673 2.05977 0)
(1.65457 2.28613 0)
(1.73886 2.15894 0)
(1.94301 1.93612 0)
(2.10725 1.71585 0)
(2.26795 1.61367 0)
(2.44621 1.41103 0)
(2.60157 1.33817 0)
(2.69802 0.983035 0)
(2.764 0.819616 0)
(2.77459 0.596858 0)
(2.7635 0.542001 0)
(2.75685 0.439213 0)
(2.74209 0.370439 0)
(2.7084 0.331177 0)
(2.68394 0.304412 0)
(2.6902 0.301873 0)
(2.64928 0.145904 0)
(2.61649 -0.0216134 0)
(1.74115 1.78137 0)
(1.87503 2.04963 0)
(1.87463 2.30889 0)
(1.99775 2.30223 0)
(2.17318 2.04215 0)
(2.30488 1.87972 0)
(2.49922 1.60134 0)
(2.62516 1.4214 0)
(2.67551 1.41585 0)
(2.73625 1.2048 0)
(2.72985 1.26768 0)
(2.74461 1.05919 0)
(2.69675 1.00155 0)
(2.69966 0.896062 0)
(2.69494 0.771373 0)
(2.69507 0.66149 0)
(2.72453 0.573821 0)
(2.74937 0.418531 0)
(2.73511 0.219886 0)
(2.68728 0.0932591 0)
(1.55492 1.65387 0)
(1.86115 2.02027 0)
(1.97463 2.27169 0)
(2.10807 2.294 0)
(2.30045 2.16314 0)
(2.38681 2.10988 0)
(2.45504 1.7338 0)
(2.44417 1.66026 0)
(2.46143 1.6571 0)
(2.47828 1.614 0)
(2.48975 1.53157 0)
(2.55405 1.38454 0)
(2.57608 1.21877 0)
(2.64775 1.13179 0)
(2.68245 0.948841 0)
(2.74207 0.804554 0)
(2.792 0.64521 0)
(2.81938 0.419802 0)
(2.78497 0.372592 0)
(2.72381 0.347872 0)
(1.41099 1.55548 0)
(1.6374 1.90575 0)
(1.91105 2.20962 0)
(2.04356 2.28018 0)
(2.25276 2.22058 0)
(2.26422 2.2317 0)
(2.28457 1.94129 0)
(2.18702 1.92454 0)
(2.21285 1.84478 0)
(2.24516 1.76114 0)
(2.35328 1.58479 0)
(2.5049 1.48238 0)
(2.57279 1.29039 0)
(2.7171 1.20089 0)
(2.74865 0.990503 0)
(2.81281 0.807061 0)
(2.80346 0.716241 0)
(2.79826 0.609508 0)
(2.74198 0.741839 0)
(2.71593 0.701301 0)
(1.31788 1.42737 0)
(1.52654 1.80504 0)
(1.72709 2.10593 0)
(1.78097 2.23931 0)
(1.93111 2.31183 0)
(2.0069 2.30201 0)
(2.02999 2.0727 0)
(2.01959 1.96813 0)
(2.07572 1.89157 0)
(2.23028 1.78809 0)
(2.37254 1.60427 0)
(2.56866 1.53328 0)
(2.66335 1.35887 0)
(2.75474 1.25101 0)
(2.7725 1.13274 0)
(2.73949 1.14189 0)
(2.71843 1.14226 0)
(2.70638 1.05834 0)
(2.6779 1.14947 0)
(2.70191 0.98688 0)
(1.36262 1.38224 0)
(1.50807 1.69401 0)
(1.6825 1.9945 0)
(1.70043 2.20535 0)
(1.69959 2.29962 0)
(1.76881 2.28234 0)
(1.89461 2.11934 0)
(2.016 1.97763 0)
(2.1009 1.91727 0)
(2.30983 1.8447 0)
(2.47528 1.63731 0)
(2.57486 1.58 0)
(2.63262 1.50701 0)
(2.58452 1.56301 0)
(2.5889 1.51995 0)
(2.57827 1.54077 0)
(2.58584 1.41766 0)
(2.61512 1.33194 0)
(2.68138 1.2884 0)
(2.77666 1.04955 0)
(1.46334 1.39684 0)
(1.58432 1.58928 0)
(1.691 1.87125 0)
(1.73276 2.11892 0)
(1.77675 2.20991 0)
(1.81926 2.25424 0)
(1.91165 2.24351 0)
(2.05975 2.06492 0)
(2.12475 2.05255 0)
(2.33873 1.92958 0)
(2.36152 1.93908 0)
(2.39486 1.87993 0)
(2.39683 1.84336 0)
(2.37351 1.83209 0)
(2.41687 1.72566 0)
(2.50471 1.65125 0)
(2.57023 1.52345 0)
(2.66353 1.42477 0)
(2.74324 1.27248 0)
(2.84339 1.16737 0)
(1.6089 1.34575 0)
(1.67714 1.46061 0)
(1.77036 1.55009 0)
(1.84008 1.74822 0)
(1.88522 2.0059 0)
(1.89041 2.19652 0)
(1.95744 2.28411 0)
(2.00649 2.21124 0)
(1.96862 2.24611 0)
(2.06434 2.11239 0)
(2.07093 2.13855 0)
(2.15342 2.0076 0)
(2.20798 1.94017 0)
(2.2772 1.89163 0)
(2.36615 1.80841 0)
(2.48944 1.75879 0)
(2.59281 1.68887 0)
(2.67041 1.61497 0)
(2.71404 1.55802 0)
(2.70565 1.55682 0)
(1.77113 1.31407 0)
(1.66907 1.30921 0)
(1.69521 1.25404 0)
(1.76629 1.11568 0)
(1.9058 1.27058 0)
(1.89642 1.41236 0)
(1.77554 1.4042 0)
(1.68982 1.26505 0)
(1.60461 1.13687 0)
(1.73278 1.07643 0)
(1.83406 1.30411 0)
(1.92257 1.35817 0)
(1.97877 1.33643 0)
(2.04487 1.24487 0)
(2.14992 1.20519 0)
(2.22376 1.16471 0)
(2.25377 1.09738 0)
(2.27898 1.02014 0)
(2.32886 1.0127 0)
(2.42349 1.1782 0)
(1.45699 0.392658 0)
(1.32988 0.554032 0)
(1.34384 0.340783 0)
(1.35289 0.281822 0)
(1.47161 0.264108 0)
(1.60007 0.303237 0)
(1.5818 0.264662 0)
(1.51317 0.225008 0)
(1.43978 0.113965 0)
(1.48308 0.0718827 0)
(1.54267 0.155391 0)
(1.61336 0.215547 0)
(1.63954 0.202572 0)
(1.67685 0.163551 0)
(1.71101 0.178979 0)
(1.75064 0.205188 0)
(1.74817 0.167831 0)
(1.77298 0.109974 0)
(1.84723 0.089235 0)
(1.91038 0.179505 0)
(1.91051 -0.076046 0)
(2.0614 -0.146409 0)
(2.07316 -0.0930626 0)
(2.1114 -0.0724083 0)
(2.13486 -0.0101125 0)
(2.14173 -0.0278519 0)
(2.15631 -0.00614922 0)
(2.17045 0.00156539 0)
(2.20023 -0.000740445 0)
(2.21467 -0.0109793 0)
(2.21285 -0.0138751 0)
(2.21032 -0.0120459 0)
(2.21447 -0.00212812 0)
(2.23522 0.00487842 0)
(2.2603 0.00297385 0)
(2.27282 -0.00315153 0)
(2.29003 -0.0115811 0)
(2.31673 -0.0135673 0)
(2.35462 -0.00415061 0)
(2.39878 -0.000951376 0)
(2.27087 -0.707296 0)
(2.42216 -0.600944 0)
(2.30758 -0.334112 0)
(2.31089 -0.23748 0)
(2.2804 -0.0543213 0)
(2.27203 -0.0489629 0)
(2.2429 0.00898621 0)
(2.24287 0.0155816 0)
(2.26044 -0.0127047 0)
(2.28641 -0.0495581 0)
(2.28917 -0.0563794 0)
(2.28001 -0.0454667 0)
(2.27209 -0.00628422 0)
(2.28359 0.0211041 0)
(2.3011 0.0119326 0)
(2.31676 -0.0188786 0)
(2.32807 -0.0387783 0)
(2.34962 -0.0432595 0)
(2.37794 -0.0195829 0)
(2.42741 -0.00445431 0)
(2.64952 -1.48273 0)
(2.68549 -1.42978 0)
(2.58581 -1.10257 0)
(2.59309 -0.899018 0)
(2.57893 -0.517437 0)
(2.65243 -0.293765 0)
(2.48555 -0.0169966 0)
(2.41636 0.0200189 0)
(2.38159 -0.0134176 0)
(2.4004 -0.0388909 0)
(2.43317 -0.0574417 0)
(2.41893 -0.0509174 0)
(2.3967 -0.014965 0)
(2.38612 0.0228598 0)
(2.39001 0.0227276 0)
(2.40523 0.000879023 0)
(2.4206 -0.0284539 0)
(2.4355 -0.0337149 0)
(2.45388 -0.0215255 0)
(2.49568 -0.00358517 0)
(2.73031 -1.25749 0)
(2.72116 -1.17706 0)
(2.72121 -1.2467 0)
(2.69663 -1.20618 0)
(2.71057 -1.11533 0)
(2.78338 -0.840496 0)
(2.74271 -0.388354 0)
(2.7161 -0.206374 0)
(2.61052 -0.0464198 0)
(2.55284 -0.0507041 0)
(2.52372 -0.0626952 0)
(2.53294 -0.0439375 0)
(2.52362 -0.0193939 0)
(2.49984 0.00741036 0)
(2.4879 0.00896279 0)
(2.49831 -0.00717395 0)
(2.51616 -0.0295364 0)
(2.52672 -0.0315378 0)
(2.54562 -0.0180651 0)
(2.57429 -0.00602127 0)
(2.77454 -1.00396 0)
(2.72326 -1.04031 0)
(2.71167 -1.04158 0)
(2.70726 -1.03679 0)
(2.7451 -1.01763 0)
(2.78743 -1.0035 0)
(2.80268 -0.911814 0)
(2.8213 -0.67108 0)
(2.77756 -0.349732 0)
(2.69731 -0.168002 0)
(2.63389 -0.0866441 0)
(2.60636 -0.0490622 0)
(2.59552 -0.0218554 0)
(2.58202 -0.0093278 0)
(2.55818 0.00197368 0)
(2.55303 -0.00476353 0)
(2.56705 -0.0187473 0)
(2.58255 -0.0218383 0)
(2.60136 -0.0141079 0)
(2.6286 -0.00739784 0)
(2.76137 -0.873522 0)
(2.73366 -0.901636 0)
(2.72757 -0.892123 0)
(2.74064 -0.883785 0)
(2.75463 -0.907026 0)
(2.78827 -0.93153 0)
(2.81771 -0.940018 0)
(2.82124 -0.906564 0)
(2.79688 -0.805025 0)
(2.73007 -0.531914 0)
(2.67377 -0.20038 0)
(2.65675 -0.111832 0)
(2.63761 -0.0574897 0)
(2.60863 -0.0344003 0)
(2.58647 -0.017123 0)
(2.57369 -0.00762723 0)
(2.58562 -0.0136781 0)
(2.60143 -0.0153059 0)
(2.62657 -0.0143009 0)
(2.65514 -0.0200613 0)
(2.7361 -0.709284 0)
(2.73845 -0.72576 0)
(2.739 -0.732605 0)
(2.774 -0.748674 0)
(2.78394 -0.776313 0)
(2.78397 -0.815469 0)
(2.78782 -0.834116 0)
(2.79218 -0.836291 0)
(2.76408 -0.792155 0)
(2.73975 -0.762727 0)
(2.6917 -0.636153 0)
(2.63719 -0.24054 0)
(2.64583 -0.131149 0)
(2.60708 -0.0751446 0)
(2.59278 -0.039171 0)
(2.57725 -0.0214725 0)
(2.58976 -0.0162206 0)
(2.61094 -0.00886867 0)
(2.63868 -0.0194181 0)
(2.66753 -0.0320421 0)
(2.71369 -0.525886 0)
(2.71269 -0.602477 0)
(2.75238 -0.587405 0)
(2.81234 -0.620391 0)
(2.81241 -0.649604 0)
(2.78284 -0.718554 0)
(2.74871 -0.775231 0)
(2.7473 -0.780277 0)
(2.7483 -0.761156 0)
(2.70728 -0.716674 0)
(2.69631 -0.722959 0)
(2.6854 -0.657714 0)
(2.64221 -0.303968 0)
(2.6276 -0.152414 0)
(2.59091 -0.071837 0)
(2.57905 -0.0288967 0)
(2.58892 -0.0168092 0)
(2.61903 -0.00263782 0)
(2.64272 -0.0245141 0)
(2.66652 -0.0383181 0)
(2.68786 -0.293523 0)
(2.68872 -0.4273 0)
(2.74705 -0.453744 0)
(2.82943 -0.469713 0)
(2.81608 -0.503546 0)
(2.77541 -0.57668 0)
(2.71966 -0.676304 0)
(2.70035 -0.714434 0)
(2.7249 -0.693908 0)
(2.71748 -0.681472 0)
(2.70424 -0.684271 0)
(2.70404 -0.700895 0)
(2.70546 -0.66367 0)
(2.66535 -0.344303 0)
(2.61183 -0.144213 0)
(2.60193 -0.0484065 0)
(2.60006 -0.00884266 0)
(2.6187 -0.0132186 0)
(2.63368 -0.0348604 0)
(2.65532 -0.0446336 0)
(2.65119 -0.119215 0)
(2.65892 -0.254649 0)
(2.70915 -0.310384 0)
(2.80346 -0.389321 0)
(2.78329 -0.435987 0)
(2.74188 -0.483992 0)
(2.70521 -0.569625 0)
(2.68158 -0.630241 0)
(2.70619 -0.655343 0)
(2.72841 -0.634649 0)
(2.71226 -0.632132 0)
(2.71794 -0.663953 0)
(2.71917 -0.680549 0)
(2.71092 -0.641377 0)
(2.67217 -0.370605 0)
(2.6489 -0.1267 0)
(2.63627 0.0308453 0)
(2.5999 -0.00600418 0)
(2.62788 -0.0436962 0)
(2.65679 -0.0458511 0)
(2.49051 0.242205 0)
(2.58246 -0.0925695 0)
(2.6255 -0.143267 0)
(2.63744 -0.0944954 0)
(2.5885 -0.182774 0)
(2.59465 -0.281452 0)
(2.65066 -0.374817 0)
(2.67899 -0.489859 0)
(2.70172 -0.525017 0)
(2.73658 -0.552011 0)
(2.73199 -0.567514 0)
(2.71986 -0.583153 0)
(2.72308 -0.616594 0)
(2.73224 -0.63321 0)
(2.73468 -0.604531 0)
(2.72378 -0.432467 0)
(2.70871 -0.221725 0)
(2.69326 -0.15832 0)
(2.70973 -0.0768479 0)
(2.71773 -0.0474376 0)
(2.33749 0.579133 0)
(2.41639 0.401231 0)
(2.55215 0.0375839 0)
(2.58482 -0.0741603 0)
(2.59276 -0.134172 0)
(2.61952 -0.249089 0)
(2.67681 -0.314985 0)
(2.69367 -0.365835 0)
(2.71009 -0.411232 0)
(2.73774 -0.445491 0)
(2.73339 -0.474809 0)
(2.71734 -0.498134 0)
(2.7262 -0.522341 0)
(2.74058 -0.545927 0)
(2.77543 -0.574538 0)
(2.78733 -0.565429 0)
(2.77718 -0.510001 0)
(2.7717 -0.357527 0)
(2.78411 -0.235133 0)
(2.79599 -0.0969244 0)
(2.34729 0.707337 0)
(2.38261 0.61276 0)
(2.43646 0.463139 0)
(2.53143 0.231682 0)
(2.59908 0.00305657 0)
(2.62687 -0.0106428 0)
(2.58099 0.0172912 0)
(2.62435 -0.0990201 0)
(2.67173 -0.194578 0)
(2.69147 -0.254553 0)
(2.7184 -0.347975 0)
(2.73552 -0.396848 0)
(2.75213 -0.423206 0)
(2.77554 -0.438076 0)
(2.8033 -0.480614 0)
(2.81414 -0.510527 0)
(2.81887 -0.532092 0)
(2.83459 -0.523416 0)
(2.83685 -0.483338 0)
(2.85416 -0.315033 0)
(2.43389 0.687052 0)
(2.43214 0.679908 0)
(2.43554 0.637253 0)
(2.46295 0.550526 0)
(2.52884 0.375095 0)
(2.60729 0.135919 0)
(2.61056 0.0979248 0)
(2.64645 -0.0175387 0)
(2.70211 -0.175455 0)
(2.71394 -0.245956 0)
(2.73667 -0.301524 0)
(2.77023 -0.329865 0)
(2.78849 -0.335206 0)
(2.80771 -0.373386 0)
(2.81125 -0.391228 0)
(2.82389 -0.423967 0)
(2.83132 -0.470879 0)
(2.85372 -0.492226 0)
(2.88568 -0.496111 0)
(2.90993 -0.47228 0)
(2.72084 0.446945 0)
(2.59692 0.598077 0)
(2.52685 0.62787 0)
(2.52322 0.616936 0)
(2.52948 0.56813 0)
(2.55168 0.483917 0)
(2.62177 0.281132 0)
(2.6651 0.162871 0)
(2.6765 0.10748 0)
(2.70989 -0.0127074 0)
(2.73794 -0.0708989 0)
(2.75894 -0.0958063 0)
(2.76781 -0.13318 0)
(2.77922 -0.204209 0)
(2.81964 -0.268905 0)
(2.84291 -0.345111 0)
(2.86322 -0.373294 0)
(2.89257 -0.400102 0)
(2.92077 -0.423002 0)
(2.95845 -0.420678 0)
(2.96849 0.0707131 0)
(2.85051 0.308097 0)
(2.73646 0.474142 0)
(2.61172 0.580553 0)
(2.60861 0.581411 0)
(2.60704 0.567165 0)
(2.62109 0.511467 0)
(2.65547 0.408889 0)
(2.69056 0.290006 0)
(2.74267 0.124012 0)
(2.76385 0.0710909 0)
(2.79592 -0.0470652 0)
(2.81112 -0.161838 0)
(2.829 -0.208778 0)
(2.8558 -0.251937 0)
(2.87969 -0.299172 0)
(2.90788 -0.303822 0)
(2.92658 -0.311465 0)
(2.93018 -0.326199 0)
(2.96193 -0.394139 0)
(2.99896 0.00344038 0)
(2.98589 0.0358525 0)
(2.94764 0.136462 0)
(2.8231 0.366522 0)
(2.74427 0.489463 0)
(2.66692 0.553362 0)
(2.66692 0.550173 0)
(2.67051 0.531968 0)
(2.68456 0.484608 0)
(2.72497 0.377856 0)
(2.75697 0.276822 0)
(2.78728 0.177548 0)
(2.8237 0.0344345 0)
(2.83779 0.0244277 0)
(2.84567 -0.00669841 0)
(2.86337 -0.0730305 0)
(2.85519 -0.0827967 0)
(2.89707 -0.156778 0)
(2.92241 -0.250537 0)
(2.96602 -0.294964 0)
(2.99998 7.27591e-05 0)
(2.99965 0.000882837 0)
(2.9973 0.00785349 0)
(2.97563 0.0620404 0)
(2.92907 0.179605 0)
(2.82563 0.381853 0)
(2.7758 0.464816 0)
(2.71306 0.522292 0)
(2.71264 0.521879 0)
(2.71978 0.5029 0)
(2.73574 0.45682 0)
(2.76742 0.375007 0)
(2.81266 0.249565 0)
(2.82851 0.183021 0)
(2.86765 0.0481586 0)
(2.89476 -0.0541862 0)
(2.89343 -0.0880444 0)
(2.91964 -0.176293 0)
(2.94026 -0.231526 0)
(2.98645 -0.263861 0)
(3 1.09429e-06 0)
(3 9.63382e-06 0)
(2.99995 0.000112456 0)
(2.9992 0.00199986 0)
(2.99493 0.0135477 0)
(2.96783 0.0808749 0)
(2.92561 0.191975 0)
(2.84051 0.365583 0)
(2.79147 0.454996 0)
(2.75283 0.492091 0)
(2.75335 0.489598 0)
(2.75899 0.475186 0)
(2.77662 0.433867 0)
(2.8037 0.359778 0)
(2.83615 0.266847 0)
(2.86727 0.173299 0)
(2.88816 0.0945093 0)
(2.90728 0.0385899 0)
(2.91844 0.00318254 0)
(2.95479 -0.0662707 0)
(3 1.23592e-08 0)
(3 8.24066e-08 0)
(3 9.23897e-07 0)
(2.99999 2.03705e-05 0)
(2.99989 0.000251606 0)
(2.99872 0.00303703 0)
(2.99292 0.0183042 0)
(2.9671 0.081646 0)
(2.92067 0.198062 0)
(2.85345 0.347591 0)
(2.81725 0.418866 0)
(2.78392 0.464306 0)
(2.78433 0.463719 0)
(2.78889 0.452604 0)
(2.80502 0.415173 0)
(2.82352 0.367426 0)
(2.8691 0.237367 0)
(2.89451 0.175981 0)
(2.91678 0.118141 0)
(2.96463 -0.0212721 0)
(3 1.08166e-10 0)
(3 6.31418e-10 0)
(3 6.40114e-09 0)
(3 1.4172e-07 0)
(3 2.07931e-06 0)
(2.99998 3.64666e-05 0)
(2.99984 0.000361937 0)
(2.99842 0.00375042 0)
(2.99195 0.0193938 0)
(2.96645 0.0827082 0)
(2.92762 0.181743 0)
(2.87059 0.313449 0)
(2.83096 0.397266 0)
(2.80784 0.437601 0)
(2.80891 0.435718 0)
(2.81284 0.426885 0)
(2.82511 0.400996 0)
(2.84786 0.35181 0)
(2.88494 0.264512 0)
(2.93216 0.162151 0)
(3 7.02046e-13 0)
(3 4.46183e-12 0)
(3 4.00738e-11 0)
(3 8.4524e-10 0)
(3 1.37286e-08 0)
(3 2.55665e-07 0)
(3 3.33798e-06 0)
(2.99998 4.60422e-05 0)
(2.9998 0.000454901 0)
(2.99837 0.00374632 0)
(2.99225 0.0186633 0)
(2.97009 0.0722255 0)
(2.93326 0.161971 0)
(2.8804 0.290703 0)
(2.85006 0.359678 0)
(2.82768 0.408392 0)
(2.82824 0.40932 0)
(2.83317 0.40485 0)
(2.84618 0.38975 0)
(2.89186 0.315987 0)
(3 3.84704e-15 0)
(3 2.72445e-14 0)
(3 2.2738e-13 0)
(3 4.5725e-12 0)
(3 7.87081e-11 0)
(3 1.53323e-09 0)
(3 2.23957e-08 0)
(3 3.44675e-07 0)
(3 4.252e-06 0)
(2.99998 4.88738e-05 0)
(2.99981 0.00043659 0)
(2.99855 0.00325221 0)
(2.99282 0.0167243 0)
(2.97454 0.0602781 0)
(2.94048 0.143328 0)
(2.89752 0.249065 0)
(2.8619 0.329584 0)
(2.84752 0.3823 0)
(2.85099 0.383095 0)
(2.87409 0.370032 0)
(3 -2.37007e-15 0)
(3 -7.25734e-16 0)
(3 2.20984e-15 0)
(3 2.30249e-14 0)
(3 4.02231e-13 0)
(3 8.39433e-12 0)
(3 1.27721e-10 0)
(3 2.16653e-09 0)
(3 2.85142e-08 0)
(3 3.69075e-07 0)
(3 4.22363e-06 0)
(2.99998 4.21011e-05 0)
(2.99982 0.00040581 0)
(2.99889 0.00249178 0)
(2.99391 0.0143045 0)
(2.98089 0.044686 0)
(2.94662 0.126126 0)
(2.91781 0.20984 0)
(2.88474 0.301598 0)
(2.89777 0.334087 0)
(3 -3.80164e-15 0)
(3 -2.89053e-15 0)
(3 -1.8126e-15 0)
(3 -3.14288e-15 0)
(3 -9.59511e-16 0)
(3 3.42784e-14 0)
(3 5.96355e-13 0)
(3 1.03002e-11 0)
(3 1.46841e-10 0)
(3 1.99364e-09 0)
(3 2.48988e-08 0)
(3 2.84745e-07 0)
(3 3.22946e-06 0)
(2.99998 2.85113e-05 0)
(2.99984 0.00025864 0)
(2.99902 0.00153494 0)
(2.99422 0.00887484 0)
(2.98095 0.0283454 0)
(2.94923 0.0787068 0)
(2.90279 0.14599 0)
(2.4202 0.387795 0)
(2.27013 0.703367 0)
(2.33961 0.736609 0)
(2.54696 0.60398 0)
(2.85871 0.241647 0)
(2.98707 0.032428 0)
(2.99956 0.00158145 0)
(2.99999 3.86891e-05 0)
(3 5.84215e-07 0)
(3 5.93878e-09 0)
(3 4.27942e-11 0)
(3 2.3036e-13 0)
(3 1.33814e-15 0)
(3 -2.03801e-15 0)
(3 -4.13778e-15 0)
(2.29086 0.636335 0)
(2.25588 0.787071 0)
(2.39571 0.741939 0)
(2.77781 0.375438 0)
(2.98973 0.0360973 0)
(3.00004 0.000481528 0)
(3 -1.06365e-06 0)
(3 -8.26962e-08 0)
(3 -1.51114e-08 0)
(3 -6.27599e-10 0)
(3 -8.28036e-12 0)
(3 -5.8076e-14 0)
(3 3.38856e-16 0)
(3 -2.36719e-15 0)
(3 -4.65886e-15 0)
(2.20368 0.811519 0)
(2.25036 0.803628 0)
(2.5857 0.554992 0)
(2.94341 0.119391 0)
(2.99892 0.00501411 0)
(2.99999 7.07167e-05 0)
(3 8.76983e-07 0)
(3 1.15357e-08 0)
(3 6.47003e-11 0)
(3 5.16024e-13 0)
(3 1.0052e-14 0)
(3 3.18856e-15 0)
(3 1.22872e-15 0)
(3 -3.38666e-15 0)
(3 -5.23903e-15 0)
(2.17383 0.882649 0)
(2.41499 0.742011 0)
(2.84666 0.271955 0)
(2.99566 0.0153741 0)
(3.00001 8.73881e-05 0)
(3 -9.66008e-07 0)
(3 -8.60656e-09 0)
(3 -1.39583e-09 0)
(3 -6.43182e-11 0)
(3 -1.03536e-12 0)
(3 -8.61688e-15 0)
(3 2.8554e-15 0)
(3 1.13777e-15 0)
(3 -4.2046e-15 0)
(3 -5.80874e-15 0)
(2.17767 0.897185 0)
(2.66368 0.455751 0)
(2.98436 0.0348228 0)
(2.99997 0.000433068 0)
(3 3.22509e-06 0)
(3 -9.07867e-10 0)
(3 -2.53818e-09 0)
(3 -2.52117e-11 0)
(3 3.52441e-15 0)
(3 3.13863e-15 0)
(3 8.23979e-16 0)
(3 2.9708e-15 0)
(3 9.38473e-16 0)
(3 -4.76278e-15 0)
(3 -6.58034e-15 0)
(2.57419 0.571802 0)
(2.99196 0.0362362 0)
(3.00026 0.000278294 0)
(3 -1.98368e-06 0)
(3 -3.76553e-07 0)
(3 -3.37633e-08 0)
(3 -2.23196e-10 0)
(3 -5.1748e-13 0)
(3 -4.2316e-15 0)
(3 7.11818e-16 0)
(3 1.20675e-15 0)
(3 2.89107e-15 0)
(3 2.91194e-16 0)
(3 -5.62284e-15 0)
(3 -6.0918e-15 0)
(2.99344 0.0505153 0)
(2.99998 0.0011109 0)
(3 7.20877e-07 0)
(3 -3.23837e-08 0)
(3 3.03268e-10 0)
(3 7.03906e-11 0)
(3 8.75524e-12 0)
(3 1.22119e-13 0)
(3 7.26424e-16 0)
(3 8.48433e-16 0)
(3 1.41004e-15 0)
(3 3.05878e-15 0)
(3 -8.95022e-17 0)
(3 -6.23385e-15 0)
(3 -5.69555e-15 0)
(3.00074 -0.00152566 0)
(3.00003 -0.000106518 0)
(3 -3.49331e-06 0)
(3 -8.44314e-08 0)
(3 -5.37306e-10 0)
(3 -4.60739e-12 0)
(3 -1.26589e-14 0)
(3 1.78047e-15 0)
(3 -1.56586e-16 0)
(3 9.84674e-16 0)
(3 1.46482e-15 0)
(3 3.477e-15 0)
(3 1.24691e-17 0)
(3 -7.0378e-15 0)
(3 -5.77691e-15 0)
(3.00001 -2.19757e-05 0)
(3 1.1943e-07 0)
(3 2.36774e-08 0)
(3 1.15955e-09 0)
(3 1.90557e-11 0)
(3 1.43802e-13 0)
(3 1.63507e-15 0)
(3 3.51662e-16 0)
(3 -3.33138e-16 0)
(3 9.2655e-16 0)
(3 1.79199e-15 0)
(3 3.72304e-15 0)
(3 6.12815e-17 0)
(3 -7.59218e-15 0)
(3 -5.52904e-15 0)
(3 1.23174e-06 0)
(3 1.41225e-08 0)
(3 -7.61022e-11 0)
(3 -1.26467e-11 0)
(3 -4.02004e-13 0)
(3 -2.11008e-15 0)
(3 1.93711e-15 0)
(3 8.50837e-16 0)
(3 -4.71795e-16 0)
(3 1.06741e-15 0)
(3 1.65937e-15 0)
(3 3.93138e-15 0)
(3 2.33226e-16 0)
(3 -7.58786e-15 0)
(3 -5.76247e-15 0)
(3 2.31764e-16 0)
(3 -3.57664e-15 0)
(3 -3.87742e-15 0)
(3 -2.54167e-15 0)
(3 -5.38888e-16 0)
(3 1.31307e-15 0)
(3 2.24842e-15 0)
(3 6.5006e-16 0)
(3 -5.77209e-16 0)
(3 1.13951e-15 0)
(3 1.7016e-15 0)
(3 3.19707e-15 0)
(3 5.90247e-16 0)
(3 -6.65327e-15 0)
(3 -5.53122e-15 0)
(3 -2.45004e-15 0)
(3 -2.68821e-15 0)
(3 -3.82066e-15 0)
(3 -2.48515e-15 0)
(3 -8.51452e-16 0)
(3 1.13441e-15 0)
(3 2.37037e-15 0)
(3 6.73064e-16 0)
(3 -1.41739e-15 0)
(3 1.10531e-15 0)
(3 2.34431e-15 0)
(3 2.45927e-15 0)
(3 1.17848e-15 0)
(3 -5.59518e-15 0)
(3 -5.2204e-15 0)
(3 -1.78942e-15 0)
(3 -2.5891e-15 0)
(3 -3.72747e-15 0)
(3 -2.42687e-15 0)
(3 -3.65558e-16 0)
(3 1.04258e-15 0)
(3 2.35474e-15 0)
(3 6.06116e-16 0)
(3 -2.0358e-15 0)
(3 1.62898e-15 0)
(3 2.41743e-15 0)
(3 2.31947e-15 0)
(3 1.42238e-15 0)
(3 -2.97934e-15 0)
(3 -4.10646e-15 0)
(3 -1.91453e-15 0)
(3 -2.25841e-15 0)
(3 -3.32952e-15 0)
(3 -2.37999e-15 0)
(3 -6.4779e-17 0)
(3 9.31756e-16 0)
(3 2.1205e-15 0)
(3 4.36254e-16 0)
(3 -2.54695e-15 0)
(3 2.679e-15 0)
(3 2.59681e-15 0)
(3 2.12367e-15 0)
(3 1.98423e-15 0)
(3 -1.49412e-15 0)
(3 -2.74754e-15 0)
(3 -2.35967e-15 0)
(3 -1.62048e-15 0)
(3 -2.79009e-15 0)
(3 -2.3787e-15 0)
(3 2.066e-16 0)
(3 8.51036e-16 0)
(3 1.95776e-15 0)
(3 2.30354e-16 0)
(3 -2.9758e-15 0)
(3 2.69866e-15 0)
(3 2.77209e-15 0)
(3 2.20352e-15 0)
(3 2.19666e-15 0)
(3 -1.69849e-15 0)
(3 -2.83976e-15 0)
(3 -2.44668e-15 0)
(3 -1.49021e-15 0)
(3 -2.28188e-15 0)
(3 -2.12725e-15 0)
(3 4.21948e-16 0)
(3 7.36502e-16 0)
(3 1.22515e-15 0)
(3 1.80333e-16 0)
(3 -2.99114e-15 0)
(3 2.14806e-15 0)
(3 3.04778e-15 0)
(3 2.10333e-15 0)
(3 2.09747e-15 0)
(3 -1.54569e-15 0)
(3 -2.41065e-15 0)
(3 -2.26403e-15 0)
(3 -1.39145e-15 0)
(3 -2.29157e-15 0)
(3 -1.55664e-15 0)
(3 1.06693e-15 0)
(3 3.35577e-16 0)
(3 3.34738e-16 0)
(3 8.41686e-16 0)
(3 -2.76001e-15 0)
(3 1.55364e-15 0)
(3 3.1153e-15 0)
(3 1.58711e-15 0)
(3 1.80912e-15 0)
(3 -1.2375e-15 0)
(3 -2.12388e-15 0)
(3 -2.39228e-15 0)
(3 -1.24644e-15 0)
(3 -1.40555e-15 0)
(3 -1.10668e-15 0)
(3 9.44394e-16 0)
(3 1.35255e-16 0)
(3 -2.29848e-16 0)
(3 8.08461e-16 0)
(3 -2.6282e-15 0)
(3 1.26887e-15 0)
(3 2.96826e-15 0)
(3 1.51365e-15 0)
(3 1.8267e-15 0)
(3 -6.99473e-16 0)
(3 -2.03609e-15 0)
(3 -3.00911e-15 0)
(3 -1.23148e-15 0)
(3 -6.82313e-16 0)
(3 -5.73476e-16 0)
(3 9.67562e-16 0)
(3 -3.31327e-18 0)
(3 -1.37699e-16 0)
(3 4.76036e-16 0)
(3 -2.28806e-15 0)
(3 9.58698e-16 0)
(3 2.22775e-15 0)
(3 1.14735e-15 0)
(3 1.86666e-15 0)
(3 -3.68898e-16 0)
(3 -1.89821e-15 0)
(3 -3.81712e-15 0)
(3 -1.25709e-15 0)
(3 -1.01403e-15 0)
(3 9.71263e-17 0)
(3 8.87857e-16 0)
(3 -1.33822e-16 0)
(3 -3.21034e-16 0)
(3 4.57184e-16 0)
(3 -2.0888e-15 0)
(3 6.87058e-16 0)
(3 1.09851e-15 0)
(3 1.2084e-15 0)
(3 1.85139e-15 0)
(3 -7.08956e-17 0)
(3 -1.73066e-15 0)
(3 -4.01775e-15 0)
(3 -3.09671e-15 0)
(3 -9.66843e-16 0)
(3 5.45752e-16 0)
(3 1.22812e-15 0)
(3 -2.50066e-16 0)
(3 -3.75562e-16 0)
(3 7.80748e-16 0)
(3 -2.09465e-15 0)
(3 5.5356e-16 0)
(3 5.16992e-16 0)
(3 1.24574e-15 0)
(3 1.86007e-15 0)
(3 1.14929e-16 0)
(3 -1.6999e-15 0)
(3 -4.62842e-15 0)
(3 -3.93574e-15 0)
(3 -1.09066e-15 0)
(3 1.87969e-15 0)
(3 2.53424e-15 0)
(3 -3.94985e-16 0)
(3 -5.82048e-16 0)
(3 8.92171e-17 0)
(3 -1.65518e-15 0)
(3 1.26885e-15 0)
(3 -3.72081e-16 0)
(3 -2.62608e-16 0)
(3 2.05549e-15 0)
(3 2.52231e-16 0)
(3 -1.89032e-15 0)
(3 -4.41321e-15 0)
(3 -4.9859e-15 0)
(3 -1.39705e-15 0)
(3 2.47985e-15 0)
(3 3.83135e-15 0)
(3 -2.07092e-16 0)
(3 -8.93759e-16 0)
(3 3.6632e-16 0)
(3 -1.03693e-15 0)
(3 1.54422e-15 0)
(3 -1.66512e-15 0)
(3 -6.42421e-16 0)
(3 2.30364e-15 0)
(3 5.93349e-16 0)
(3 -2.01158e-15 0)
(3 -5.19995e-15 0)
(3 -5.92475e-15 0)
(3 -6.49513e-17 0)
(3 1.96653e-15 0)
(3 4.76184e-15 0)
(3 5.78951e-16 0)
(3 -2.0852e-15 0)
(3 3.45952e-16 0)
(3 2.02892e-16 0)
(3 1.84556e-15 0)
(3 -2.64859e-15 0)
(3 -1.59339e-15 0)
(3 2.46217e-15 0)
(3 1.23453e-15 0)
(3 -1.61929e-15 0)
(3 -6.31796e-15 0)
(3 -6.89943e-15 0)
(3 5.6679e-16 0)
(3 3.51097e-15 0)
(3 6.02058e-15 0)
(3 -1.81067e-15 0)
(3 -3.0254e-15 0)
(3 1.7704e-15 0)
(3 2.90649e-15 0)
(3 1.51503e-15 0)
(3 -4.03123e-15 0)
(3 -2.67181e-15 0)
(3 2.56027e-15 0)
(3 1.36266e-15 0)
(3 -1.76696e-15 0)
(3 -5.89078e-15 0)
(3 -5.32819e-15 0)
(3 8.61853e-16 0)
(3 3.92051e-15 0)
(3 5.91713e-15 0)
(3 -1.33903e-15 0)
(3 -2.73234e-15 0)
(3 1.15509e-15 0)
(3 6.35809e-15 0)
(3 2.82265e-15 0)
(3 -6.11743e-15 0)
(3 -5.2021e-15 0)
(3 -8.92908e-16 0)
(3 1.84776e-15 0)
(3 -1.71688e-15 0)
(3 -4.19405e-15 0)
(3 1.81587e-15 0)
(3 1.91448e-15 0)
(3 2.08863e-15 0)
(3 1.12121e-15 0)
(3 1.28429e-15 0)
(3 -1.74487e-15 0)
(3 1.59974e-15 0)
(3 6.88909e-15 0)
(3 5.05357e-15 0)
(3 -6.96893e-15 0)
(3 -7.78475e-15 0)
(3 1.70472e-16 0)
(3 -6.97127e-16 0)
(3 -1.40468e-15 0)
(3 -2.55394e-15 0)
(3 4.01682e-15 0)
(3 5.04624e-15 0)
(3 6.2206e-16 0)
(3 -5.06631e-16 0)
(3 1.04542e-15 0)
(3 5.46709e-16 0)
(3 5.75401e-16 0)
(3 5.22537e-15 0)
(3 7.97013e-15 0)
(3 -7.41777e-15 0)
(3 -8.70036e-15 0)
(3 -8.43183e-16 0)
(3 1.21096e-16 0)
(3 -7.45917e-16 0)
(3 -1.11735e-15 0)
(3 6.08935e-15 0)
(3 4.85644e-15 0)
(3 3.83385e-16 0)
(3 -2.81326e-15 0)
(3 -1.64145e-15 0)
(3 4.30314e-15 0)
(3 2.17602e-15 0)
(3 3.72536e-15 0)
(3 5.60698e-16 0)
(3 -5.77589e-15 0)
(3 -5.97968e-15 0)
(3 -2.6289e-15 0)
(3 -2.01552e-15 0)
(3 -9.90226e-16 0)
(3 -3.5265e-15 0)
(3 -3.31904e-15 0)
(3 1.58143e-15 0)
(3 2.17841e-15 0)
(3 2.90221e-15 0)
(3 -3.75896e-16 0)
(3 -2.3498e-15 0)
(3 -1.01288e-15 0)
(3 5.05279e-16 0)
(3 4.16844e-17 0)
(3 -2.51649e-15 0)
(3 5.43451e-16 0)
(3 7.51603e-16 0)
(3 1.80058e-16 0)
(3 1.31912e-17 0)
(3 -2.92764e-15 0)
(3 -3.46039e-15 0)
(3 -2.66821e-15 0)
(3 -8.38212e-16 0)
(3 1.84963e-16 0)
(3 -2.34911e-15 0)
(3 -1.92595e-15 0)
(3 -5.24417e-15 0)
(3 -5.25371e-15 0)
(3 -5.48963e-15 0)
(3 -2.30255e-15 0)
(3 -2.35091e-15 0)
(3 -2.00259e-15 0)
(3 8.63288e-16 0)
(3 2.71266e-15 0)
(3 1.44798e-15 0)
(3 -1.1811e-15 0)
(3 -6.65757e-15 0)
(3 -4.92937e-15 0)
(3 -4.5724e-15 0)
(3 -1.84088e-15 0)
(3 -1.55643e-15 0)
(3 5.03744e-16 0)
(3 3.3035e-15 0)
(3 2.65349e-15 0)
(3 1.35107e-15 0)
(3 -4.03692e-16 0)
(3 -9.49668e-16 0)
(3 -3.93083e-15 0)
(3 -3.08602e-15 0)
(3 -1.47605e-15 0)
(3 7.32686e-17 0)
(3 -1.77875e-16 0)
(3 2.22066e-15 0)
(3 2.27974e-15 0)
(3 1.76336e-15 0)
(3 -2.17934e-15 0)
(3 -1.23215e-15 0)
(3 -3.10539e-15 0)
(3 -2.87191e-15 0)
(3 -1.43942e-15 0)
(3 -6.0315e-16 0)
(3 -2.34855e-16 0)
(3 3.13769e-16 0)
(3 -4.3246e-16 0)
(3 -5.40428e-16 0)
(3 9.15012e-16 0)
(3 -1.90043e-15 0)
(3 -1.77237e-15 0)
(3 -1.91335e-15 0)
(3 -1.11508e-15 0)
(3 -1.80515e-15 0)
(3 -1.71418e-15 0)
(3 -1.03182e-15 0)
(3 -6.80143e-16 0)
(3 -1.65968e-16 0)
(3 2.64586e-16 0)
(3 -6.54653e-16 0)
(3 -1.79844e-16 0)
(3 7.71242e-17 0)
(3 -1.37481e-15 0)
(3 -1.40657e-15 0)
(3 -2.47988e-15 0)
(3 -3.63154e-15 0)
(3 -1.53719e-15 0)
(3 -6.6255e-16 0)
(3 -7.71505e-16 0)
(3 -1.98324e-15 0)
(3 -7.42541e-16 0)
(3 2.07561e-15 0)
(3 -1.39034e-15 0)
(3 -1.00215e-15 0)
(3 -5.82486e-16 0)
(3 -2.66849e-15 0)
(3 8.34254e-16 0)
(3 1.46452e-15 0)
(3 1.44371e-15 0)
(3 -8.71208e-16 0)
(3 -1.48969e-15 0)
(3 9.95436e-16 0)
(3 -1.6375e-15 0)
(3 -1.32259e-15 0)
(3 -1.28253e-15 0)
(3 -1.08435e-15 0)
(3 1.7569e-15 0)
(3 3.80778e-15 0)
(3 3.18218e-15 0)
(3 2.3984e-15 0)
(3 7.09065e-16 0)
(3 -3.08179e-16 0)
(3 -3.51639e-16 0)
(3 -7.76557e-16 0)
(3 1.8924e-18 0)
(3 6.12953e-16 0)
(3 -3.28836e-16 0)
(3 1.78091e-15 0)
(3 3.94889e-15 0)
(3 4.47217e-15 0)
(3 1.38844e-15 0)
(3 1.39427e-15 0)
(3 7.73104e-16 0)
(3 1.18836e-15 0)
(3 2.27668e-15 0)
(3 3.04154e-15 0)
(3 2.22973e-15 0)
(3 8.5983e-16 0)
(3 3.32002e-15 0)
(3 5.94641e-15 0)
(3 3.79344e-15 0)
(3 -7.48554e-16 0)
(3 1.01583e-17 0)
(3 9.16228e-17 0)
(3 1.17578e-15 0)
(3 2.08677e-15 0)
(3 3.33238e-15 0)
(3 2.70092e-15 0)
(3 2.09814e-15 0)
(3 6.04402e-15 0)
(3 3.92048e-15 0)
(3 1.5041e-15 0)
(3 3.69477e-16 0)
(3 8.37591e-16 0)
(3 1.59458e-15 0)
(3 2.29981e-15 0)
(3 1.51936e-15 0)
(3 1.96492e-15 0)
(3 2.46621e-15 0)
(3 3.96418e-15 0)
(3 1.97238e-15 0)
(3 3.62665e-15 0)
(3 1.3984e-15 0)
(3 1.42815e-15 0)
(3 3.57683e-15 0)
(3 3.84722e-15 0)
(3 2.61217e-15 0)
(3 1.44519e-15 0)
(3 1.8064e-15 0)
(3 2.18567e-15 0)
(3 1.7544e-15 0)
(3 2.69274e-15 0)
(3 2.40033e-15 0)
(3 2.95223e-15 0)
(3 1.6947e-15 0)
(3 2.06872e-15 0)
(3 3.1117e-15 0)
(3 2.92214e-15 0)
(3 1.83967e-15 0)
(3 7.03856e-16 0)
(3 6.44735e-16 0)
(3 1.07253e-15 0)
(3 3.39697e-15 0)
(3 3.61398e-15 0)
(3 3.64995e-15 0)
(3 3.56485e-15 0)
(3 1.59077e-15 0)
(3 1.19506e-15 0)
(3 -1.02875e-15 0)
(3 -1.50138e-15 0)
(3 2.4916e-15 0)
(3 2.47782e-18 0)
(3 6.73006e-16 0)
(3 8.75259e-16 0)
(3 1.50178e-15 0)
(3 1.09071e-15 0)
(3 2.40933e-16 0)
(3 9.10207e-16 0)
(3 4.89165e-16 0)
(3 -2.40875e-15 0)
(3 -7.35168e-16 0)
(3 8.69674e-17 0)
(3 -2.97421e-15 0)
(3 -1.74734e-15 0)
(3 -1.96616e-15 0)
(3 -3.07877e-15 0)
(3 -1.70362e-15 0)
(3 1.23112e-15 0)
(3 -5.15159e-16 0)
(3 -7.04108e-16 0)
(3 -2.97848e-16 0)
(3 8.79961e-16 0)
(3 -2.80834e-15 0)
(3 -1.35932e-15 0)
(3 -1.7997e-15 0)
(3 -3.79969e-15 0)
(3 -4.08919e-15 0)
(3 -3.9191e-15 0)
(3 -2.45284e-15 0)
(3 3.76633e-15 0)
(3 4.71105e-15 0)
(3 2.35759e-15 0)
(3 -2.40985e-15 0)
(3 -2.31016e-15 0)
(3 -3.98785e-15 0)
(3 -3.08385e-15 0)
(3 -2.92015e-15 0)
(3 -4.91481e-15 0)
(3 -5.69486e-15 0)
(3 5.14995e-16 0)
(3 3.52895e-15 0)
(3 3.64009e-15 0)
(3 -2.87761e-15 0)
(3 -3.21633e-15 0)
(3 -4.25797e-15 0)
(3 -2.15096e-15 0)
(3 -2.1322e-15 0)
(3 -2.53117e-15 0)
(3 -4.9724e-15 0)
(3 -5.14169e-15 0)
(3 -1.1899e-15 0)
(3 6.84189e-15 0)
(3 1.53981e-15 0)
(3 2.13242e-15 0)
(3 2.31612e-15 0)
(3 1.30085e-15 0)
(3 1.0657e-15 0)
(3 -8.12865e-16 0)
(3 -3.24686e-15 0)
(3 -5.27654e-15 0)
(3 -2.70017e-15 0)
(3 3.44783e-15 0)
(3 5.00913e-15 0)
(3 4.66908e-15 0)
(3 4.29572e-15 0)
(3 2.58122e-15 0)
(3 2.27868e-15 0)
(3 5.81809e-16 0)
(3 6.4422e-16 0)
(3 -3.65907e-15 0)
(3 -2.61823e-16 0)
(3 -1.49269e-15 0)
(3 2.62967e-15 0)
(3 1.62099e-15 0)
(3 1.15745e-15 0)
(3 1.33015e-15 0)
(3 7.01747e-16 0)
(3 -1.22237e-15 0)
(3 -2.78847e-15 0)
(3 -3.781e-15 0)
(3 -4.53718e-16 0)
(3 -2.78167e-15 0)
(3 7.6923e-17 0)
(3 -4.44504e-16 0)
(3 -1.34929e-15 0)
(3 -2.46516e-15 0)
(3 -5.0215e-15 0)
(3 -4.07088e-15 0)
(3 -3.24831e-15 0)
(3 -2.19165e-15 0)
(3 -1.62072e-15 0)
(3 -3.60879e-15 0)
(3 1.71507e-15 0)
(3 1.70209e-15 0)
(3 1.62886e-15 0)
(3 -5.26091e-17 0)
(3 -1.15901e-15 0)
(3 -2.2234e-15 0)
(3 -1.73681e-15 0)
(3 1.41988e-15 0)
(3 4.37753e-17 0)
(3 -5.52462e-16 0)
(3 1.88473e-15 0)
(3 2.21765e-15 0)
(3 2.09637e-15 0)
(3 1.58778e-15 0)
(3 1.82578e-15 0)
(3 1.92666e-15 0)
(3 1.932e-15 0)
(3 2.46484e-15 0)
(3 2.22699e-15 0)
(3 3.70865e-15 0)
(3 9.00881e-16 0)
(3 1.00148e-15 0)
(3 8.68675e-16 0)
(3 -2.75188e-16 0)
(3 1.51522e-16 0)
(3 2.00368e-15 0)
(3 3.8144e-15 0)
(3 2.36555e-15 0)
(3 1.2636e-15 0)
(3 4.10129e-16 0)
(3 -7.57144e-16 0)
(3 -8.50388e-16 0)
(3 -1.07798e-16 0)
(3 7.8089e-16 0)
(3 8.98768e-16 0)
(3 1.67625e-15 0)
(3 2.50804e-15 0)
(3 3.9208e-15 0)
(3 1.60211e-15 0)
(3 -6.50579e-16 0)
(3 -4.08363e-15 0)
(3 -4.68376e-15 0)
(3 -5.08161e-15 0)
(3 -3.60165e-15 0)
(3 -2.39563e-15 0)
(3 -2.60864e-15 0)
(3 -1.64883e-15 0)
(3 -1.34039e-15 0)
(3 1.87284e-15 0)
(3 2.19072e-15 0)
(3 -4.15626e-15 0)
(3 -3.4713e-15 0)
(3 -3.37169e-15 0)
(3 -3.20636e-15 0)
(3 -3.3443e-15 0)
(3 -2.22816e-15 0)
(3 -8.66683e-16 0)
(3 3.12848e-15 0)
(3 1.33239e-15 0)
(3 3.38444e-15 0)
(3 9.54039e-16 0)
(3 1.13937e-15 0)
(3 1.74522e-15 0)
(3 2.98951e-15 0)
(3 4.29756e-15 0)
(3 5.61541e-15 0)
(3 3.7238e-15 0)
(3 -1.68063e-15 0)
(3 -1.16615e-16 0)
(3 -8.51078e-17 0)
(3 3.49379e-15 0)
(3 3.19845e-15 0)
(3 3.89238e-15 0)
(3 4.2594e-15 0)
(3 3.80607e-15 0)
(3 1.49577e-15 0)
(3 -2.64878e-16 0)
(3 -2.49991e-15 0)
(3 -3.77128e-15 0)
(3 1.81143e-15 0)
(3 2.16227e-15 0)
(3 2.16891e-15 0)
(3 1.85607e-15 0)
(3 1.41739e-15 0)
(3 1.23422e-15 0)
(3 3.73964e-15 0)
(3 4.80882e-15 0)
(3 4.18752e-15 0)
(3 -3.21009e-15 0)
(3 -2.81174e-16 0)
(3 -6.63636e-16 0)
(3 -3.77702e-16 0)
(3 -3.90876e-16 0)
(3 -4.05258e-16 0)
(3 1.0605e-15 0)
(3 1.86505e-15 0)
(3 2.29928e-15 0)
(3 5.32436e-16 0)
(3 -2.28819e-15 0)
(3 -1.11216e-15 0)
(3 -1.10462e-15 0)
(3 2.54951e-15 0)
(3 4.849e-15 0)
(3 2.20233e-15 0)
(3 4.73702e-16 0)
(3 1.6232e-15 0)
(3 1.51841e-15 0)
(3 4.01426e-16 0)
(3 -8.97003e-16 0)
(3 -4.34771e-15 0)
(3 -4.3535e-15 0)
(3 1.19545e-15 0)
(3 3.558e-15 0)
(3 2.06073e-15 0)
(3 -6.92768e-16 0)
(3 5.61283e-16 0)
(3 2.82899e-15 0)
(3 4.75752e-15 0)
(3 2.0475e-15 0)
(3 7.37075e-16 0)
(3 1.61005e-15 0)
(3 1.47906e-15 0)
(3 -1.9936e-16 0)
(3 -8.73779e-16 0)
(3 -4.40174e-15 0)
(3 -4.65054e-15 0)
(3 1.43675e-15 0)
(3 3.72176e-15 0)
(3 2.02898e-15 0)
(3 -5.8304e-16 0)
(3 1.62053e-15 0)
(3 3.1467e-15 0)
(3 4.66345e-15 0)
(3 1.77916e-15 0)
(3 9.55478e-16 0)
(3 1.58616e-15 0)
(3 1.46872e-15 0)
(3 -2.80177e-16 0)
(3 -9.4563e-16 0)
(3 -4.39202e-15 0)
(3 -5.02072e-15 0)
(3 1.62909e-15 0)
(3 4.07709e-15 0)
(3 2.04056e-15 0)
(3 -7.60113e-16 0)
(3 2.12557e-15 0)
(3 3.84562e-15 0)
(3 4.73717e-15 0)
(3 1.70286e-15 0)
(3 8.6058e-16 0)
(3 1.41585e-15 0)
(3 1.22893e-15 0)
(3 -2.80755e-16 0)
(3 -7.41196e-16 0)
(3 -4.17715e-15 0)
(3 -5.11083e-15 0)
(3 1.77024e-15 0)
(3 4.35008e-15 0)
(3 2.1563e-15 0)
(3 -7.08399e-16 0)
(3 2.24832e-15 0)
(3 4.19472e-15 0)
(3 5.02513e-15 0)
(3 1.81662e-15 0)
(3 7.59572e-16 0)
(3 6.52691e-16 0)
(3 1.75808e-16 0)
(3 1.37442e-16 0)
(3 -7.92569e-16 0)
(3 -4.58364e-15 0)
(3 -5.11105e-15 0)
(3 1.75651e-15 0)
(3 4.38751e-15 0)
(3 2.37949e-15 0)
(3 -5.96863e-16 0)
(3 2.37189e-15 0)
(3 4.23627e-15 0)
(3 4.92931e-15 0)
(3 1.73078e-15 0)
(3 1.19031e-15 0)
(3 -4.69907e-16 0)
(3 -4.70039e-16 0)
(3 -1.06599e-16 0)
(3 -7.33738e-16 0)
(3 -4.65478e-15 0)
(3 -4.95235e-15 0)
(3 1.54642e-15 0)
(3 4.46011e-15 0)
(3 2.74552e-15 0)
(3 -5.30105e-16 0)
(3 2.343e-15 0)
(3 4.15416e-15 0)
(3 4.70861e-15 0)
(3 2.14712e-15 0)
(3 1.43233e-15 0)
(3 -7.70545e-16 0)
(3 -8.01123e-16 0)
(3 -2.02075e-16 0)
(3 -5.12703e-16 0)
(3 -4.69982e-15 0)
(3 -4.95534e-15 0)
(3 1.50031e-15 0)
(3 4.67794e-15 0)
(3 3.18814e-15 0)
(3 -5.88318e-16 0)
(3 2.91641e-15 0)
(3 3.99333e-15 0)
(3 4.5282e-15 0)
(3 2.16336e-15 0)
(3 1.35661e-15 0)
(3 -1.10828e-15 0)
(3 -8.43669e-16 0)
(3 -2.28022e-16 0)
(3 -6.74961e-16 0)
(3 -4.54945e-15 0)
(3 -5.12834e-15 0)
(3 1.14523e-15 0)
(3 4.89765e-15 0)
(3 3.59293e-15 0)
(3 -7.7221e-16 0)
(3 3.20882e-15 0)
(3 3.8917e-15 0)
(3 4.00646e-15 0)
(3 1.83691e-15 0)
(3 5.89311e-16 0)
(3 -8.16381e-16 0)
(3 -8.06648e-16 0)
(3 -4.89399e-16 0)
(3 -6.00829e-16 0)
(3 -4.41106e-15 0)
(3 -5.08399e-15 0)
(3 6.87079e-16 0)
(3 5.2772e-15 0)
(3 3.53345e-15 0)
(3 -8.00818e-16 0)
(3 1.05733e-15 0)
(3 5.83126e-15 0)
(3 3.52164e-15 0)
(3 2.16203e-15 0)
(3 -6.14168e-16 0)
(3 -1.82394e-15 0)
(3 -6.94893e-16 0)
(3 -4.76758e-16 0)
(3 -4.42018e-16 0)
(3 -4.30604e-15 0)
(3 -4.78922e-15 0)
(3 6.01141e-16 0)
(3 5.33341e-15 0)
(3 3.00917e-15 0)
(3 -7.73593e-16 0)
(3 -1.23005e-06 0)
(3 -1.41192e-08 0)
(3 7.61852e-11 0)
(3 1.26659e-11 0)
(3 4.0166e-13 0)
(3 2.51833e-15 0)
(3 -7.9163e-16 0)
(3 -6.4869e-16 0)
(3 -3.17033e-16 0)
(3 -4.06481e-15 0)
(3 -4.5255e-15 0)
(3 8.99137e-18 0)
(3 5.33323e-15 0)
(3 2.68094e-15 0)
(3 -7.64578e-16 0)
(3.00001 2.1946e-05 0)
(3 -1.19204e-07 0)
(3 -2.36568e-08 0)
(3 -1.16108e-09 0)
(3 -1.89662e-11 0)
(3 -1.34896e-13 0)
(3 -1.54128e-15 0)
(3 -9.67361e-16 0)
(3 -4.01695e-16 0)
(3 -3.62535e-15 0)
(3 -4.18218e-15 0)
(3 -2.50302e-16 0)
(3 5.15591e-15 0)
(3 2.81193e-15 0)
(3 -6.98585e-16 0)
(3.00073 0.00152385 0)
(3.00003 0.000106473 0)
(3 3.49927e-06 0)
(3 7.67898e-08 0)
(3 4.59278e-10 0)
(3 3.76844e-12 0)
(3 5.86285e-15 0)
(3 -2.43904e-15 0)
(3 -3.58544e-16 0)
(3 -3.63396e-15 0)
(3 -3.94222e-15 0)
(3 -6.95337e-16 0)
(3 5.10878e-15 0)
(3 3.34702e-15 0)
(3 -6.11102e-16 0)
(2.99346 -0.0503862 0)
(2.99998 -0.00109996 0)
(3 -5.31919e-07 0)
(3 3.54469e-08 0)
(3 -3.14431e-10 0)
(3 -6.58197e-11 0)
(3 -7.71501e-12 0)
(3 -1.14711e-13 0)
(3 -1.03946e-15 0)
(3 -3.33076e-15 0)
(3 -3.75764e-15 0)
(3 -9.36527e-16 0)
(3 4.63576e-15 0)
(3 4.73851e-15 0)
(3 -3.93347e-16 0)
(2.57432 -0.571526 0)
(2.99186 -0.0363477 0)
(3.00026 -0.000281638 0)
(3 2.00639e-06 0)
(3 3.77515e-07 0)
(3 3.30773e-08 0)
(3 2.5965e-10 0)
(3 3.83705e-13 0)
(3 2.57683e-15 0)
(3 -3.5215e-15 0)
(3 -3.65937e-15 0)
(3 -7.65545e-16 0)
(3 4.08816e-15 0)
(3 5.62733e-15 0)
(3 7.12541e-16 0)
(2.17763 -0.897008 0)
(2.66387 -0.455307 0)
(2.98435 -0.034871 0)
(2.99997 -0.000436018 0)
(3 -3.25571e-06 0)
(3 -3.80647e-11 0)
(3 2.44988e-09 0)
(3 2.57435e-11 0)
(3 1.65399e-14 0)
(3 -5.67491e-15 0)
(3 -3.15596e-15 0)
(3 -1.2287e-15 0)
(3 3.6315e-15 0)
(3 5.9644e-15 0)
(3 8.41357e-16 0)
(2.17373 -0.882443 0)
(2.41473 -0.741967 0)
(2.84689 -0.271491 0)
(2.9957 -0.01531 0)
(3.00001 -8.60192e-05 0)
(3 9.7145e-07 0)
(3 8.3995e-09 0)
(3 1.36677e-09 0)
(3 6.37192e-11 0)
(3 1.02875e-12 0)
(3 5.98954e-15 0)
(3 -3.98238e-16 0)
(3 2.8667e-15 0)
(3 6.39874e-15 0)
(3 7.62883e-16 0)
(2.2026 -0.81282 0)
(2.24998 -0.804046 0)
(2.58474 -0.556068 0)
(2.94309 -0.119795 0)
(2.99891 -0.00503589 0)
(2.99999 -7.1045e-05 0)
(3 -8.80441e-07 0)
(3 -1.1592e-08 0)
(3 -6.59402e-11 0)
(3 -5.32038e-13 0)
(3 -1.30605e-14 0)
(3 -1.84015e-15 0)
(3 2.32734e-15 0)
(3 6.53827e-15 0)
(3 7.15446e-16 0)
(2.29262 -0.632685 0)
(2.25591 -0.786985 0)
(2.39613 -0.741342 0)
(2.77788 -0.375326 0)
(2.98973 -0.0361034 0)
(3.00004 -0.000481826 0)
(3 1.05807e-06 0)
(3 8.25938e-08 0)
(3 1.50995e-08 0)
(3 6.27613e-10 0)
(3 8.28318e-12 0)
(3 5.9331e-14 0)
(3 2.9437e-15 0)
(3 6.52052e-15 0)
(3 9.13092e-16 0)
(2.41744 -0.39498 0)
(2.27062 -0.703021 0)
(2.33957 -0.73687 0)
(2.54697 -0.604094 0)
(2.85874 -0.241655 0)
(2.98707 -0.0324239 0)
(2.99956 -0.00158083 0)
(2.99999 -3.86708e-05 0)
(3 -5.84024e-07 0)
(3 -5.93795e-09 0)
(3 -4.27934e-11 0)
(3 -2.29552e-13 0)
(3 1.97844e-15 0)
(3 6.18396e-15 0)
(3 9.84579e-16 0)
(2.50116 -0.215992 0)
(2.33283 -0.587075 0)
(2.34714 -0.707416 0)
(2.43397 -0.687053 0)
(2.72082 -0.447058 0)
(2.9685 -0.0706831 0)
(2.99896 -0.00343908 0)
(2.99998 -7.27179e-05 0)
(3 -1.0942e-06 0)
(3 -1.23622e-08 0)
(3 -1.0818e-10 0)
(3 -7.03532e-13 0)
(3 -5.03189e-16 0)
(3 5.56295e-15 0)
(3 1.86837e-15 0)
(2.57972 0.0785157 0)
(2.42542 -0.38818 0)
(2.38302 -0.61259 0)
(2.43216 -0.679798 0)
(2.59744 -0.597704 0)
(2.85066 -0.308085 0)
(2.98589 -0.0358424 0)
(2.99965 -0.00088307 0)
(3 -9.63369e-06 0)
(3 -8.24266e-08 0)
(3 -6.31705e-10 0)
(3 -4.46333e-12 0)
(3 -2.46159e-14 0)
(3 5.59443e-15 0)
(3 2.12158e-15 0)
(2.62159 0.105673 0)
(2.55278 -0.0239755 0)
(2.43216 -0.468294 0)
(2.43546 -0.636823 0)
(2.5265 -0.627729 0)
(2.73648 -0.474124 0)
(2.94767 -0.136494 0)
(2.9973 -0.00785445 0)
(2.99995 -0.000112565 0)
(3 -9.24358e-07 0)
(3 -6.40347e-09 0)
(3 -4.00865e-11 0)
(3 -2.2847e-13 0)
(3 2.58722e-15 0)
(3 2.10512e-15 0)
(2.62418 0.0704798 0)
(2.58211 0.0700772 0)
(2.53374 -0.224665 0)
(2.46206 -0.550736 0)
(2.52275 -0.616899 0)
(2.61154 -0.580551 0)
(2.82311 -0.36665 0)
(2.97562 -0.0620985 0)
(2.9992 -0.00200068 0)
(2.99999 -2.03874e-05 0)
(3 -1.4177e-07 0)
(3 -8.4533e-10 0)
(3 -4.57306e-12 0)
(3 -1.98153e-14 0)
(3 2.32696e-15 0)
(2.59134 0.189027 0)
(2.59206 0.122366 0)
(2.60081 0.00715403 0)
(2.52653 -0.376966 0)
(2.52901 -0.568152 0)
(2.60848 -0.581408 0)
(2.7443 -0.489447 0)
(2.92908 -0.179665 0)
(2.99492 -0.013561 0)
(2.99989 -0.000251612 0)
(3 -2.07976e-06 0)
(3 -1.37281e-08 0)
(3 -7.86968e-11 0)
(3 -3.98453e-13 0)
(3 -5.52186e-16 0)
(2.611 0.282128 0)
(2.63009 0.239811 0)
(2.62776 0.0106913 0)
(2.60579 -0.135276 0)
(2.551 -0.484208 0)
(2.60695 -0.567139 0)
(2.6669 -0.553322 0)
(2.82568 -0.381781 0)
(2.96784 -0.0808484 0)
(2.99872 -0.00303783 0)
(2.99998 -3.64542e-05 0)
(3 -2.55647e-07 0)
(3 -1.53314e-09 0)
(3 -8.38824e-12 0)
(3 -3.37731e-14 0)
(2.66654 0.401039 0)
(2.68269 0.303488 0)
(2.58017 -0.0235665 0)
(2.60988 -0.0954929 0)
(2.62122 -0.281814 0)
(2.62113 -0.511281 0)
(2.66691 -0.550145 0)
(2.77572 -0.464905 0)
(2.92557 -0.192021 0)
(2.99292 -0.0183013 0)
(2.99984 -0.000362118 0)
(3 -3.33861e-06 0)
(3 -2.24022e-08 0)
(3 -1.27738e-10 0)
(3 -5.93401e-13 0)
(2.68016 0.505857 0)
(2.6942 0.358884 0)
(2.62171 0.0943245 0)
(2.64605 0.0200295 0)
(2.6649 -0.162688 0)
(2.65555 -0.408661 0)
(2.6705 -0.531977 0)
(2.71307 -0.522283 0)
(2.84047 -0.365638 0)
(2.96709 -0.0816747 0)
(2.99842 -0.00375003 0)
(2.99998 -4.60496e-05 0)
(3 -3.44645e-07 0)
(3 -2.16636e-09 0)
(3 -1.02956e-11 0)
(2.70037 0.53372 0)
(2.70698 0.410237 0)
(2.6692 0.192245 0)
(2.70051 0.175614 0)
(2.67758 -0.103977 0)
(2.69026 -0.291072 0)
(2.68464 -0.484488 0)
(2.71266 -0.521851 0)
(2.79153 -0.454868 0)
(2.92069 -0.19802 0)
(2.99196 -0.0193925 0)
(2.9998 -0.00045473 0)
(3 -4.25126e-06 0)
(3 -2.85093e-08 0)
(3 -1.46826e-10 0)
(2.73429 0.555003 0)
(2.7352 0.450193 0)
(2.68838 0.253416 0)
(2.71309 0.245791 0)
(2.7105 0.0145346 0)
(2.74304 -0.122845 0)
(2.72488 -0.37814 0)
(2.7198 -0.502864 0)
(2.75282 -0.492093 0)
(2.85347 -0.347539 0)
(2.96646 -0.0826985 0)
(2.99837 -0.00374636 0)
(2.99998 -4.88716e-05 0)
(3 -3.69103e-07 0)
(3 -1.9938e-09 0)
(2.72926 0.566912 0)
(2.73201 0.479923 0)
(2.718 0.349977 0)
(2.73666 0.300025 0)
(2.73867 0.0717596 0)
(2.76374 -0.0719253 0)
(2.75698 -0.276662 0)
(2.73573 -0.456825 0)
(2.75334 -0.489623 0)
(2.8172 -0.418944 0)
(2.92761 -0.181737 0)
(2.99225 -0.0186653 0)
(2.99981 -0.000436679 0)
(3 -4.22429e-06 0)
(3 -2.49022e-08 0)
(2.71738 0.581244 0)
(2.71617 0.498917 0)
(2.7359 0.399485 0)
(2.77088 0.327026 0)
(2.75916 0.0949199 0)
(2.79571 0.0463433 0)
(2.78743 -0.177156 0)
(2.76743 -0.375022 0)
(2.75898 -0.475246 0)
(2.78393 -0.464312 0)
(2.87056 -0.313528 0)
(2.97009 -0.0722344 0)
(2.99855 -0.00325243 0)
(2.99998 -4.20992e-05 0)
(3 -2.8471e-07 0)
(2.72119 0.613217 0)
(2.72604 0.523025 0)
(2.75306 0.424125 0)
(2.78924 0.334133 0)
(2.76766 0.133043 0)
(2.81098 0.162494 0)
(2.82362 -0.0344928 0)
(2.81267 -0.24975 0)
(2.77665 -0.433886 0)
(2.78435 -0.4637 0)
(2.83099 -0.397224 0)
(2.93328 -0.161957 0)
(2.99282 -0.0167204 0)
(2.99982 -0.000405697 0)
(3 -3.22857e-06 0)
(2.73127 0.635158 0)
(2.74079 0.544494 0)
(2.7765 0.439026 0)
(2.80798 0.370969 0)
(2.77906 0.204498 0)
(2.82908 0.210025 0)
(2.83754 -0.0249112 0)
(2.8285 -0.182969 0)
(2.80377 -0.35968 0)
(2.78888 -0.452634 0)
(2.80784 -0.437582 0)
(2.88041 -0.290669 0)
(2.97454 -0.0602676 0)
(2.99889 -0.00249112 0)
(2.99998 -2.85062e-05 0)
(2.73333 0.605419 0)
(2.77676 0.571859 0)
(2.80446 0.483852 0)
(2.8128 0.39094 0)
(2.82037 0.269877 0)
(2.85614 0.251715 0)
(2.84493 0.00480047 0)
(2.86747 -0.0478694 0)
(2.836 -0.267092 0)
(2.80507 -0.41504 0)
(2.8089 -0.435713 0)
(2.85003 -0.35968 0)
(2.94047 -0.143318 0)
(2.99391 -0.0143047 0)
(2.99984 -0.000258659 0)
(2.72278 0.432542 0)
(2.787 0.56391 0)
(2.81423 0.510915 0)
(2.82414 0.424193 0)
(2.84327 0.34585 0)
(2.87989 0.29952 0)
(2.86334 0.073745 0)
(2.89482 0.0549218 0)
(2.86706 -0.173847 0)
(2.82351 -0.367455 0)
(2.81282 -0.42691 0)
(2.82766 -0.408416 0)
(2.89751 -0.249082 0)
(2.98089 -0.0446886 0)
(2.99902 -0.00153516 0)
(2.70838 0.221202 0)
(2.7773 0.509732 0)
(2.81936 0.532214 0)
(2.83069 0.472587 0)
(2.86376 0.373028 0)
(2.90819 0.303796 0)
(2.8546 0.0823863 0)
(2.89328 0.088764 0)
(2.88812 -0.0944155 0)
(2.86904 -0.23785 0)
(2.82514 -0.400977 0)
(2.82822 -0.409341 0)
(2.8619 -0.3296 0)
(2.94661 -0.126137 0)
(2.99422 -0.00887586 0)
(2.69353 0.158574 0)
(2.7717 0.357795 0)
(2.83501 0.523206 0)
(2.85303 0.495066 0)
(2.89278 0.39916 0)
(2.92687 0.310628 0)
(2.89685 0.156191 0)
(2.91924 0.176192 0)
(2.90742 -0.0379818 0)
(2.89475 -0.175357 0)
(2.84785 -0.351907 0)
(2.83317 -0.40486 0)
(2.84752 -0.382307 0)
(2.91781 -0.209849 0)
(2.98095 -0.0283477 0)
(2.70986 0.0765616 0)
(2.78405 0.234367 0)
(2.83448 0.483534 0)
(2.88466 0.498405 0)
(2.92099 0.422862 0)
(2.93017 0.325431 0)
(2.92256 0.250832 0)
(2.94028 0.231657 0)
(2.91863 -0.00318555 0)
(2.91687 -0.118036 0)
(2.88496 -0.264549 0)
(2.84618 -0.389751 0)
(2.85099 -0.383102 0)
(2.88473 -0.301609 0)
(2.94923 -0.0787136 0)
(2.71806 0.0481063 0)
(2.79554 0.097271 0)
(2.85273 0.314832 0)
(2.91119 0.471955 0)
(2.95843 0.421168 0)
(2.96165 0.3937 0)
(2.96606 0.295245 0)
(2.98658 0.263832 0)
(2.95473 0.0660057 0)
(2.96457 0.021043 0)
(2.93222 -0.16207 0)
(2.89185 -0.316022 0)
(2.87408 -0.370052 0)
(2.89776 -0.334113 0)
(2.90278 -0.146004 0)
(2.6451 0.100143 0)
(2.65822 0.266883 0)
(2.72154 0.317335 0)
(2.80963 0.371093 0)
(2.79915 0.425625 0)
(2.73292 0.479599 0)
(2.68999 0.559412 0)
(2.67925 0.627562 0)
(2.7044 0.642786 0)
(2.72293 0.621564 0)
(2.70858 0.630302 0)
(2.71588 0.664119 0)
(2.71767 0.679777 0)
(2.71065 0.638895 0)
(2.67265 0.371127 0)
(2.64853 0.127517 0)
(2.63666 -0.0301578 0)
(2.60061 0.00589132 0)
(2.62899 0.0434513 0)
(2.65757 0.0459374 0)
(2.68699 0.292644 0)
(2.68909 0.423995 0)
(2.75501 0.436178 0)
(2.82879 0.469716 0)
(2.82351 0.510963 0)
(2.76144 0.591826 0)
(2.70972 0.674358 0)
(2.70127 0.712662 0)
(2.72561 0.679111 0)
(2.71587 0.671664 0)
(2.70202 0.675566 0)
(2.70234 0.699495 0)
(2.70438 0.663245 0)
(2.66421 0.338648 0)
(2.61411 0.142715 0)
(2.60228 0.0480152 0)
(2.60011 0.00915597 0)
(2.6188 0.0136083 0)
(2.63451 0.0348225 0)
(2.65608 0.0443621 0)
(2.71297 0.527911 0)
(2.71554 0.593044 0)
(2.75924 0.593033 0)
(2.80698 0.642703 0)
(2.80351 0.675251 0)
(2.76771 0.72617 0)
(2.74642 0.761477 0)
(2.75177 0.764461 0)
(2.75425 0.747054 0)
(2.71438 0.71053 0)
(2.70301 0.721301 0)
(2.68617 0.660821 0)
(2.63913 0.307773 0)
(2.62479 0.148524 0)
(2.59371 0.0726683 0)
(2.57999 0.0285766 0)
(2.58872 0.0176156 0)
(2.61889 0.0043313 0)
(2.64299 0.0250838 0)
(2.66675 0.0378786 0)
(2.73549 0.713045 0)
(2.73345 0.738618 0)
(2.74601 0.716963 0)
(2.76939 0.733546 0)
(2.77252 0.77063 0)
(2.77181 0.820387 0)
(2.78623 0.837682 0)
(2.797 0.836665 0)
(2.77568 0.792088 0)
(2.75047 0.766922 0)
(2.69512 0.640978 0)
(2.63672 0.251564 0)
(2.64327 0.136114 0)
(2.60554 0.0734147 0)
(2.5931 0.0384612 0)
(2.57811 0.0203771 0)
(2.59003 0.0156064 0)
(2.61128 0.00939286 0)
(2.63847 0.0196398 0)
(2.66745 0.0314123 0)
(2.75614 0.879914 0)
(2.73794 0.885378 0)
(2.72037 0.92474 0)
(2.74082 0.908871 0)
(2.75059 0.917912 0)
(2.77723 0.932024 0)
(2.81123 0.934579 0)
(2.8266 0.904549 0)
(2.80182 0.808859 0)
(2.73383 0.536779 0)
(2.67248 0.200891 0)
(2.65786 0.120519 0)
(2.64048 0.0628198 0)
(2.60715 0.033953 0)
(2.5852 0.0166796 0)
(2.57451 0.00654971 0)
(2.58632 0.0123884 0)
(2.60182 0.0151375 0)
(2.62693 0.0142058 0)
(2.65622 0.0196097 0)
(2.77209 0.997655 0)
(2.72452 1.06756 0)
(2.71572 1.0023 0)
(2.70556 1.01652 0)
(2.74398 1.02443 0)
(2.78455 1.01255 0)
(2.80523 0.914196 0)
(2.82809 0.679898 0)
(2.77668 0.352696 0)
(2.69525 0.164953 0)
(2.63317 0.0874134 0)
(2.60777 0.0505452 0)
(2.59842 0.0241125 0)
(2.5834 0.0115323 0)
(2.55833 -0.0021982 0)
(2.55385 0.00273939 0)
(2.56836 0.0175725 0)
(2.58404 0.0215078 0)
(2.60351 0.0136792 0)
(2.63237 0.00672658 0)
(2.73527 1.24233 0)
(2.71323 1.21258 0)
(2.70942 1.24908 0)
(2.69663 1.18221 0)
(2.71344 1.10805 0)
(2.77402 0.821091 0)
(2.74932 0.38629 0)
(2.73153 0.215554 0)
(2.62212 0.0579126 0)
(2.55749 0.0495182 0)
(2.52413 0.0600258 0)
(2.53272 0.0415396 0)
(2.52633 0.0188686 0)
(2.50544 -0.00792671 0)
(2.49571 -0.00893086 0)
(2.50251 0.00581682 0)
(2.51902 0.0275406 0)
(2.53057 0.0303071 0)
(2.55062 0.0171388 0)
(2.58184 0.00517741 0)
(2.64979 1.49867 0)
(2.64985 1.30006 0)
(2.62979 1.10112 0)
(2.63837 0.918057 0)
(2.57203 0.532111 0)
(2.59829 0.270745 0)
(2.48026 0.00521257 0)
(2.43657 -0.0139688 0)
(2.40955 0.0221855 0)
(2.41553 0.0432638 0)
(2.43534 0.0558755 0)
(2.42263 0.0480838 0)
(2.40173 0.0144837 0)
(2.39226 -0.0191819 0)
(2.39993 -0.0185402 0)
(2.41695 0.00434281 0)
(2.42753 0.0284368 0)
(2.44213 0.0325508 0)
(2.46196 0.0212743 0)
(2.50643 0.00431188 0)
(2.27654 0.867823 0)
(2.25376 0.421204 0)
(2.34392 0.347387 0)
(2.41858 0.27688 0)
(2.27391 0.0634831 0)
(2.22573 0.0362294 0)
(2.22511 -0.0208687 0)
(2.2497 -0.0216189 0)
(2.28897 0.0102607 0)
(2.31331 0.0483973 0)
(2.30541 0.0506236 0)
(2.29227 0.0370431 0)
(2.28211 0.000559742 0)
(2.2915 -0.0207911 0)
(2.30794 -0.0157699 0)
(2.3285 0.0147992 0)
(2.34128 0.0350724 0)
(2.35888 0.0406427 0)
(2.38478 0.0191803 0)
(2.43597 0.00461703 0)
(1.93014 0.220517 0)
(1.97051 0.0847293 0)
(2.0643 0.0761772 0)
(2.15104 0.0733794 0)
(2.13589 0.0371286 0)
(2.13008 0.00356859 0)
(2.14193 -0.0117772 0)
(2.16503 -0.001696 0)
(2.20598 0.017861 0)
(2.22679 0.0275129 0)
(2.22383 0.0271259 0)
(2.21803 0.0180907 0)
(2.22238 0.000626299 0)
(2.23978 -0.00907436 0)
(2.2619 0.000144549 0)
(2.27691 0.011411 0)
(2.2963 0.017179 0)
(2.32204 0.0172571 0)
(2.35635 0.00300696 0)
(2.40193 -0.000284869 0)
)
;

boundaryField
{
    inlet
    {
        type            fixedValue;
        value           uniform (3 0 0);
    }
    outlet
    {
        type            inletOutlet;
        inletValue      uniform (3 0 0);
        value           nonuniform List<vector> 
50
(
(2.71773 -0.0474376 0)
(2.79599 -0.0969244 0)
(2.85416 -0.315033 0)
(2.90993 -0.47228 0)
(2.95845 -0.420678 0)
(2.96193 -0.394139 0)
(2.96602 -0.294964 0)
(2.98645 -0.263861 0)
(2.95479 -0.0662707 0)
(2.96463 -0.0212721 0)
(2.93216 0.162151 0)
(2.89186 0.315987 0)
(2.87409 0.370032 0)
(2.89777 0.334087 0)
(2.90279 0.14599 0)
(2.39878 -0.000951376 0)
(2.42741 -0.00445431 0)
(2.49568 -0.00358517 0)
(2.57429 -0.00602127 0)
(2.6286 -0.00739784 0)
(2.65514 -0.0200613 0)
(2.66753 -0.0320421 0)
(2.66652 -0.0383181 0)
(2.65532 -0.0446336 0)
(2.65679 -0.0458511 0)
(2.65757 0.0459374 0)
(2.65608 0.0443621 0)
(2.66675 0.0378786 0)
(2.66745 0.0314123 0)
(2.65622 0.0196097 0)
(2.63237 0.00672658 0)
(2.58184 0.00517741 0)
(2.50643 0.00431188 0)
(2.43597 0.00461703 0)
(2.40193 -0.000284869 0)
(2.71806 0.0481063 0)
(2.79554 0.097271 0)
(2.85273 0.314832 0)
(2.91119 0.471955 0)
(2.95843 0.421168 0)
(2.96165 0.3937 0)
(2.96606 0.295245 0)
(2.98658 0.263832 0)
(2.95473 0.0660057 0)
(2.96457 0.021043 0)
(2.93222 -0.16207 0)
(2.89185 -0.316022 0)
(2.87408 -0.370052 0)
(2.89776 -0.334113 0)
(2.90278 -0.146004 0)
)
;
    }
    airfoil
    {
        type            slip;
    }
    top
    {
        type            symmetryPlane;
    }
    bottom
    {
        type            symmetryPlane;
    }
    defaultFaces
    {
        type            empty;
    }
}


// ************************************************************************* //
