/*--------------------------------*- C++ -*----------------------------------*\
  =========                 |
  \\      /  F ield         | OpenFOAM: The Open Source CFD Toolbox
   \\    /   O peration     | Website:  https://openfoam.org
    \\  /    A nd           | Version:  7
     \\/     M anipulation  |
\*---------------------------------------------------------------------------*/
FoamFile
{
    version     2.0;
    format      ascii;
    class       volVectorField;
    location    "1.6";
    object      U;
}
// * * * * * * * * * * * * * * * * * * * * * * * * * * * * * * * * * * * * * //

dimensions      [0 1 -1 0 0 0 0];

internalField   nonuniform List<vector> 
3700
(
(1.44724 -0.335607 0)
(1.43598 -0.521612 0)
(1.41253 -0.250783 0)
(1.52093 -0.212628 0)
(1.59818 -0.237075 0)
(1.57531 -0.238039 0)
(1.5304 -0.231578 0)
(1.49793 -0.214901 0)
(1.54183 -0.273261 0)
(1.60822 -0.345995 0)
(1.5778 -0.312843 0)
(1.58327 -0.184683 0)
(1.65329 -0.166627 0)
(1.70472 -0.228265 0)
(1.69812 -0.208011 0)
(1.72603 -0.198388 0)
(1.75396 -0.246704 0)
(1.79539 -0.266118 0)
(1.83361 -0.20617 0)
(1.89366 -0.216491 0)
(2.02346 -1.37432 0)
(1.9262 -1.27746 0)
(1.89189 -1.1032 0)
(2.04157 -1.12205 0)
(2.12098 -1.38132 0)
(1.95646 -1.49073 0)
(1.78676 -1.45994 0)
(1.74821 -1.47035 0)
(1.83271 -1.6248 0)
(1.88757 -1.70224 0)
(1.90188 -1.63482 0)
(1.90291 -1.31974 0)
(2.03884 -1.22321 0)
(2.13215 -1.22682 0)
(2.15577 -1.20841 0)
(2.21217 -1.19029 0)
(2.25116 -1.26375 0)
(2.26604 -1.28726 0)
(2.26886 -1.23586 0)
(2.30929 -1.20383 0)
(1.8902 -1.38803 0)
(2.00278 -1.25952 0)
(2.07897 -1.31348 0)
(2.20723 -1.44689 0)
(2.2007 -1.84133 0)
(2.05654 -2.12113 0)
(2.01205 -2.21102 0)
(1.98754 -2.23842 0)
(2.01787 -2.19738 0)
(2.05667 -2.12248 0)
(2.12126 -2.12089 0)
(2.18461 -1.9954 0)
(2.27514 -1.92096 0)
(2.38401 -1.84542 0)
(2.48872 -1.78999 0)
(2.59973 -1.72191 0)
(2.64605 -1.70906 0)
(2.64687 -1.66322 0)
(2.60603 -1.64167 0)
(2.5765 -1.5808 0)
(1.80366 -1.43105 0)
(1.86857 -1.3798 0)
(1.89832 -1.53205 0)
(1.93463 -1.8394 0)
(1.93186 -2.07904 0)
(2.00011 -2.17615 0)
(2.01202 -2.22982 0)
(2.02837 -2.19438 0)
(2.0959 -2.08915 0)
(2.20646 -2.01432 0)
(2.18083 -2.1161 0)
(2.26669 -1.9366 0)
(2.30786 -1.8368 0)
(2.37955 -1.74372 0)
(2.47623 -1.63244 0)
(2.62636 -1.5138 0)
(2.68959 -1.35089 0)
(2.77465 -1.27286 0)
(2.8057 -1.26455 0)
(2.74739 -1.32256 0)
(1.57544 -1.41078 0)
(1.68091 -1.41878 0)
(1.6927 -1.80873 0)
(1.75476 -2.08156 0)
(1.72412 -2.24591 0)
(1.75047 -2.26901 0)
(1.94726 -2.17505 0)
(2.13172 -1.97803 0)
(2.20577 -1.97768 0)
(2.3311 -1.86364 0)
(2.37746 -1.84674 0)
(2.4529 -1.77837 0)
(2.43019 -1.74225 0)
(2.42492 -1.68489 0)
(2.46435 -1.57482 0)
(2.55906 -1.4796 0)
(2.59622 -1.31 0)
(2.7235 -1.18794 0)
(2.79023 -0.960126 0)
(2.83628 -0.858311 0)
(1.39756 -1.30184 0)
(1.52277 -1.49308 0)
(1.57866 -1.87076 0)
(1.58281 -2.2043 0)
(1.51706 -2.30663 0)
(1.72112 -2.21371 0)
(1.93769 -2.07721 0)
(2.11278 -1.82236 0)
(2.2792 -1.74512 0)
(2.47379 -1.7151 0)
(2.56819 -1.5242 0)
(2.61249 -1.49038 0)
(2.62857 -1.45009 0)
(2.59238 -1.48616 0)
(2.59939 -1.3817 0)
(2.58645 -1.36044 0)
(2.58938 -1.21522 0)
(2.64982 -1.16894 0)
(2.70591 -1.05594 0)
(2.79661 -0.801342 0)
(1.27606 -1.17831 0)
(1.42209 -1.54613 0)
(1.5044 -1.97138 0)
(1.60564 -2.25152 0)
(1.64423 -2.31526 0)
(1.79159 -2.22712 0)
(1.96537 -2.08629 0)
(2.08922 -1.84759 0)
(2.20844 -1.7439 0)
(2.40264 -1.62881 0)
(2.53048 -1.42722 0)
(2.68017 -1.34325 0)
(2.72968 -1.1134 0)
(2.72889 -1.09527 0)
(2.74139 -0.96938 0)
(2.7223 -0.978287 0)
(2.70733 -0.905079 0)
(2.69028 -0.882505 0)
(2.69416 -0.912904 0)
(2.71357 -0.712026 0)
(1.16818 -1.18968 0)
(1.37258 -1.68431 0)
(1.67611 -2.07643 0)
(1.81098 -2.28493 0)
(1.92656 -2.35105 0)
(2.00718 -2.28737 0)
(2.17824 -2.02393 0)
(2.22943 -1.84181 0)
(2.26772 -1.72412 0)
(2.36129 -1.61975 0)
(2.46345 -1.43116 0)
(2.60066 -1.34607 0)
(2.64784 -1.07158 0)
(2.75642 -0.967159 0)
(2.77071 -0.710675 0)
(2.78414 -0.616662 0)
(2.77279 -0.522069 0)
(2.75604 -0.448817 0)
(2.71798 -0.576895 0)
(2.68472 -0.493891 0)
(1.15822 -1.27176 0)
(1.44402 -1.88673 0)
(1.85906 -2.17192 0)
(2.05613 -2.34943 0)
(2.32373 -2.212 0)
(2.42558 -2.17175 0)
(2.46574 -1.74003 0)
(2.51568 -1.64358 0)
(2.50171 -1.62197 0)
(2.51504 -1.45782 0)
(2.52893 -1.3502 0)
(2.58618 -1.20488 0)
(2.6098 -1.00833 0)
(2.68713 -0.923702 0)
(2.70265 -0.698687 0)
(2.75141 -0.562645 0)
(2.76411 -0.390354 0)
(2.75488 -0.201536 0)
(2.71082 -0.197296 0)
(2.67304 -0.181093 0)
(1.21489 -1.42318 0)
(1.60796 -2.10537 0)
(2.05538 -2.33952 0)
(2.26106 -2.4214 0)
(2.45147 -2.08719 0)
(2.52219 -1.91314 0)
(2.62162 -1.49471 0)
(2.68693 -1.34566 0)
(2.72284 -1.26297 0)
(2.70315 -1.05074 0)
(2.6933 -1.04354 0)
(2.70332 -0.826583 0)
(2.68677 -0.742599 0)
(2.70083 -0.648367 0)
(2.68809 -0.517958 0)
(2.6881 -0.432711 0)
(2.70017 -0.331866 0)
(2.6885 -0.172791 0)
(2.65592 -0.00529152 0)
(2.61982 0.0476436 0)
(1.35164 -1.61981 0)
(1.75532 -2.26929 0)
(2.07935 -2.32392 0)
(2.03891 -2.20009 0)
(2.08771 -1.96626 0)
(2.21404 -1.72944 0)
(2.39406 -1.43477 0)
(2.54796 -1.22138 0)
(2.63176 -0.961872 0)
(2.65053 -0.767875 0)
(2.69748 -0.619528 0)
(2.69774 -0.38964 0)
(2.71387 -0.317263 0)
(2.7014 -0.186401 0)
(2.68486 -0.121437 0)
(2.65565 -0.0933978 0)
(2.63182 -0.079283 0)
(2.62024 -0.0502283 0)
(2.55636 0.121041 0)
(2.57413 0.123233 0)
(1.39783 -1.70649 0)
(1.76346 -2.32324 0)
(1.82795 -2.11664 0)
(1.82976 -1.98834 0)
(1.99669 -1.83335 0)
(2.16178 -1.54527 0)
(2.26122 -1.35984 0)
(2.36055 -1.2148 0)
(2.45181 -1.00141 0)
(2.52022 -0.802982 0)
(2.60942 -0.579512 0)
(2.62531 -0.311218 0)
(2.65326 -0.135027 0)
(2.62624 0.0602066 0)
(2.58737 0.215438 0)
(2.55993 0.263449 0)
(2.52454 0.305111 0)
(2.52222 0.223975 0)
(2.45127 0.317647 0)
(2.47289 0.277749 0)
(1.35115 -1.70754 0)
(1.67319 -2.26949 0)
(1.7182 -2.01448 0)
(1.91333 -1.76759 0)
(2.13796 -1.68833 0)
(2.29314 -1.08664 0)
(2.37871 -1.1044 0)
(2.45064 -0.961817 0)
(2.48901 -0.761387 0)
(2.52481 -0.562613 0)
(2.56375 -0.366564 0)
(2.56243 -0.168615 0)
(2.56498 -0.00678358 0)
(2.54146 0.15257 0)
(2.4835 0.331897 0)
(2.46362 0.409985 0)
(2.38941 0.54068 0)
(2.35111 0.549947 0)
(2.30922 0.5786 0)
(2.32304 0.523482 0)
(1.10411 -1.64966 0)
(1.66459 -2.0798 0)
(1.85254 -1.87018 0)
(2.10262 -1.126 0)
(2.32011 -1.19845 0)
(2.38897 -0.709986 0)
(2.54681 -0.414661 0)
(2.6022 -0.20787 0)
(2.5868 -0.0628039 0)
(2.57539 0.0240571 0)
(2.54116 0.169793 0)
(2.49969 0.282163 0)
(2.45894 0.369259 0)
(2.41211 0.449956 0)
(2.35414 0.5283 0)
(2.32852 0.560617 0)
(2.26149 0.641667 0)
(2.20696 0.715845 0)
(2.15661 0.786205 0)
(2.13336 0.799995 0)
(0.898229 -1.45794 0)
(1.77054 -1.80672 0)
(2.20761 -1.49092 0)
(2.17851 -0.846235 0)
(2.38954 -0.644919 0)
(2.51124 -0.411241 0)
(2.56252 -0.315878 0)
(2.54446 -0.0256847 0)
(2.49994 0.180066 0)
(2.47194 0.342191 0)
(2.40831 0.506355 0)
(2.3254 0.651405 0)
(2.2703 0.725423 0)
(2.2044 0.801092 0)
(2.16035 0.819545 0)
(2.1251 0.830061 0)
(2.08511 0.863405 0)
(2.07165 0.875895 0)
(2.03583 0.923684 0)
(2.05671 0.95501 0)
(1.23332 -1.08355 0)
(1.59545 -1.73148 0)
(2.24929 -0.806123 0)
(2.50921 -0.52164 0)
(2.50187 0.0370738 0)
(2.43578 -0.215484 0)
(2.43377 -0.0161588 0)
(2.38152 0.209805 0)
(2.34115 0.33963 0)
(2.31492 0.517266 0)
(2.22494 0.692379 0)
(2.14446 0.822679 0)
(2.07967 0.903314 0)
(2.01618 0.972632 0)
(1.97304 0.987454 0)
(1.94793 1.00093 0)
(1.95393 1.01701 0)
(1.97016 0.993511 0)
(1.99622 0.992509 0)
(2.07039 0.976764 0)
(1.46782 -0.622177 0)
(2.00823 -0.947946 0)
(2.35975 0.248745 0)
(2.31301 -0.139558 0)
(2.34044 -0.00347931 0)
(2.35641 0.275184 0)
(2.28021 0.537211 0)
(2.1889 0.700949 0)
(2.12678 0.786708 0)
(2.07893 0.906183 0)
(1.97154 1.0055 0)
(1.92165 1.05241 0)
(1.89234 1.06979 0)
(1.87223 1.08432 0)
(1.87125 1.05503 0)
(1.8951 1.0482 0)
(1.96033 1.02117 0)
(2.16286 0.903051 0)
(2.38078 0.790558 0)
(2.77896 0.438823 0)
(1.09252 -0.00894371 0)
(1.84899 -0.165052 0)
(2.25609 0.0451057 0)
(2.22464 0.534671 0)
(2.19975 0.628258 0)
(2.1401 0.758649 0)
(2.04853 0.890041 0)
(1.96835 0.968026 0)
(1.90934 1.03988 0)
(1.84338 1.133 0)
(1.7841 1.16278 0)
(1.78858 1.15433 0)
(1.81109 1.13166 0)
(1.85159 1.08724 0)
(2.04291 0.949466 0)
(2.26418 0.825384 0)
(2.66919 0.499571 0)
(3.03685 0.090052 0)
(3.05487 -0.0239144 0)
(3.00403 -0.00465998 0)
(1.02853 0.00994117 0)
(1.92263 0.802698 0)
(2.08274 0.894346 0)
(2.01642 0.939217 0)
(1.9583 0.993607 0)
(1.87121 1.09203 0)
(1.79576 1.14287 0)
(1.76183 1.14903 0)
(1.75766 1.16481 0)
(1.73201 1.20666 0)
(1.7113 1.19998 0)
(1.86661 1.07191 0)
(2.10361 0.886309 0)
(2.50755 0.576126 0)
(2.98728 0.135233 0)
(3.07238 -0.0290249 0)
(3.00799 -0.00760231 0)
(3.0029 -0.0038178 0)
(3.00122 -0.00218934 0)
(3.00008 -0.000483821 0)
(1.16024 0.765394 0)
(1.82233 1.15604 0)
(1.84628 1.14123 0)
(1.7424 1.19566 0)
(1.71614 1.20563 0)
(1.67222 1.24467 0)
(1.66768 1.21814 0)
(1.73082 1.16729 0)
(1.75854 1.22644 0)
(1.78178 1.1418 0)
(2.26268 0.747797 0)
(2.85198 0.216124 0)
(3.09631 -0.026101 0)
(3.02075 -0.0123307 0)
(3.00454 -0.00540486 0)
(3.00185 -0.00300154 0)
(3.00006 -0.00059445 0)
(2.99998 -2.33072e-05 0)
(2.99999 1.43423e-05 0)
(3 5.91796e-06 0)
(1.57686 1.25455 0)
(1.58282 1.26147 0)
(1.59087 1.27008 0)
(1.60432 1.27167 0)
(1.6215 1.26302 0)
(1.62594 1.26083 0)
(1.88478 1.15742 0)
(2.97633 0.322985 0)
(3.31634 -0.53534 0)
(3 7.07617e-11 0)
(3 9.71854e-12 0)
(3 -2.86731e-13 0)
(3 1.65135e-12 0)
(3 -1.49048e-12 0)
(3 2.75924e-15 0)
(3 2.98469e-15 0)
(3 3.42067e-16 0)
(3 -3.10519e-16 0)
(3 4.37658e-16 0)
(3 -1.32974e-16 0)
(1.57559 1.24572 0)
(1.58851 1.2593 0)
(1.59891 1.27505 0)
(1.60629 1.27998 0)
(1.64717 1.25661 0)
(1.7401 1.20807 0)
(2.29612 0.715783 0)
(3.00104 0.0115604 0)
(3 3.3236e-08 0)
(3 8.39971e-12 0)
(3 -3.64965e-14 0)
(3 8.41708e-15 0)
(3 -2.85918e-15 0)
(3 5.90408e-15 0)
(3 2.05014e-15 0)
(3 2.24649e-15 0)
(3 3.11615e-15 0)
(3 1.56152e-15 0)
(3 1.55628e-15 0)
(3 1.13693e-15 0)
(1.58179 1.25526 0)
(1.59894 1.25942 0)
(1.60491 1.26869 0)
(1.59109 1.29017 0)
(1.74965 1.19905 0)
(2.1643 0.843509 0)
(2.98505 0.00652583 0)
(3.00044 -0.000809803 0)
(3 7.84639e-07 0)
(3 5.64977e-11 0)
(3 2.91191e-14 0)
(3 9.89789e-16 0)
(3 2.19046e-15 0)
(3 3.9059e-15 0)
(3 2.77585e-15 0)
(3 2.32067e-15 0)
(3 2.0798e-15 0)
(3 1.32055e-15 0)
(3 1.58758e-15 0)
(3 2.05797e-15 0)
(1.58702 1.2595 0)
(1.60411 1.26394 0)
(1.62242 1.26426 0)
(1.57706 1.30608 0)
(1.8886 1.0606 0)
(2.76527 0.21167 0)
(3.00446 -0.00200031 0)
(2.99992 7.59301e-05 0)
(3 -8.69976e-07 0)
(3 7.39268e-10 0)
(3 -6.49739e-14 0)
(3 2.27123e-15 0)
(3 4.06934e-15 0)
(3 3.91819e-15 0)
(3 2.77816e-15 0)
(3 2.01159e-15 0)
(3 1.88432e-15 0)
(3 2.22491e-16 0)
(3 2.80148e-15 0)
(3 3.01816e-15 0)
(1.59046 1.27049 0)
(1.60694 1.26806 0)
(1.63637 1.25165 0)
(1.64417 1.24627 0)
(2.28756 0.667593 0)
(3.02286 -0.0183989 0)
(2.99971 0.000175529 0)
(3 -4.32583e-06 0)
(3 8.42446e-08 0)
(3 -8.21673e-10 0)
(3 1.60808e-13 0)
(3 2.81437e-15 0)
(3 3.31011e-15 0)
(3 3.09566e-15 0)
(3 2.36169e-15 0)
(3 1.21783e-15 0)
(3 4.30915e-16 0)
(3 2.17137e-15 0)
(3 3.21455e-15 0)
(3 2.33553e-15 0)
(1.58749 1.28273 0)
(1.5906 1.2745 0)
(1.64623 1.24503 0)
(1.90459 1.07197 0)
(2.7622 0.203508 0)
(3 -5.89472e-10 0)
(3 1.40736e-08 0)
(3 -1.2693e-08 0)
(3 5.47321e-10 0)
(3 3.79841e-12 0)
(3 -8.4433e-14 0)
(3 2.71685e-15 0)
(3 2.36405e-15 0)
(3 2.66039e-15 0)
(3 2.05653e-15 0)
(3 8.57222e-16 0)
(3 3.82277e-16 0)
(3 2.94373e-15 0)
(3 3.38059e-15 0)
(3 7.50391e-16 0)
(1.58591 1.29445 0)
(1.55147 1.28634 0)
(1.66435 1.23518 0)
(2.09726 0.854964 0)
(3.02063 -0.0152571 0)
(3 -1.43839e-12 0)
(3 -1.94006e-11 0)
(3 2.60534e-11 0)
(3 -3.66357e-12 0)
(3 -4.36057e-15 0)
(3 1.74546e-15 0)
(3 1.25631e-15 0)
(3 1.67853e-15 0)
(3 1.37557e-15 0)
(3 1.68573e-15 0)
(3 1.09692e-15 0)
(3 8.77623e-16 0)
(3 3.29517e-15 0)
(3 3.4933e-15 0)
(3 1.24852e-15 0)
(1.58298 1.32241 0)
(1.50366 1.32111 0)
(1.75015 1.19212 0)
(2.41398 0.551505 0)
(3 -3.25198e-10 0)
(3 4.79623e-15 0)
(3 3.784e-15 0)
(3 -1.42518e-14 0)
(3 1.73209e-14 0)
(3 2.5767e-15 0)
(3 1.06432e-15 0)
(3 1.08912e-15 0)
(3 1.52442e-15 0)
(3 1.13485e-15 0)
(3 1.19133e-15 0)
(3 1.2197e-15 0)
(3 1.01317e-15 0)
(3 2.75176e-15 0)
(3 2.73957e-15 0)
(3 1.91384e-15 0)
(1.58655 1.30541 0)
(1.47574 1.33853 0)
(1.99111 1.04175 0)
(2.88322 0.124033 0)
(3 -3.03656e-10 0)
(3 -9.76495e-16 0)
(3 3.59568e-15 0)
(3 4.07421e-15 0)
(3 4.48015e-15 0)
(3 4.39004e-15 0)
(3 2.53221e-15 0)
(3 2.88425e-16 0)
(3 1.35714e-15 0)
(3 1.59182e-15 0)
(3 1.46733e-15 0)
(3 1.74414e-15 0)
(3 1.57431e-15 0)
(3 2.74608e-15 0)
(3 2.94784e-15 0)
(3 2.41549e-15 0)
(1.60311 1.29758 0)
(1.48139 1.39791 0)
(2.1063 0.863963 0)
(3.01139 -0.00948075 0)
(3 1.88878e-09 0)
(3 2.39197e-15 0)
(3 3.12089e-15 0)
(3 3.65761e-15 0)
(3 3.4004e-15 0)
(3 3.88789e-15 0)
(3 4.0104e-15 0)
(3 1.56483e-15 0)
(3 7.83625e-16 0)
(3 1.38972e-15 0)
(3 1.78048e-15 0)
(3 2.07005e-15 0)
(3 2.45776e-15 0)
(3 2.4582e-15 0)
(3 2.51851e-15 0)
(3 2.51813e-15 0)
(1.62015 1.2811 0)
(1.57281 1.30567 0)
(2.42845 0.523032 0)
(3 7.27143e-14 0)
(3 -1.28306e-12 0)
(3 5.40871e-15 0)
(3 3.09277e-15 0)
(3 3.52428e-15 0)
(3 3.29764e-15 0)
(3 3.46292e-15 0)
(3 3.56949e-15 0)
(3 2.41011e-15 0)
(3 2.23818e-15 0)
(3 1.15079e-15 0)
(3 1.82204e-15 0)
(3 2.16698e-15 0)
(3 3.27514e-15 0)
(3 3.73744e-15 0)
(3 4.12756e-15 0)
(3 5.25585e-15 0)
(1.63869 1.2644 0)
(1.6327 1.23922 0)
(2.64942 0.285208 0)
(3 1.26415e-13 0)
(3 4.09591e-15 0)
(3 2.68732e-15 0)
(3 3.71787e-15 0)
(3 3.86504e-15 0)
(3 3.6746e-15 0)
(3 3.601e-15 0)
(3 3.30532e-15 0)
(3 2.73202e-15 0)
(3 2.10194e-15 0)
(3 1.15023e-15 0)
(3 -4.12899e-16 0)
(3 7.56451e-16 0)
(3 1.63222e-15 0)
(3 2.96546e-15 0)
(3 2.72514e-15 0)
(3 3.9881e-15 0)
(1.66015 1.24245 0)
(1.83305 1.08983 0)
(2.88655 0.0809801 0)
(3 -2.07227e-13 0)
(3 2.72825e-15 0)
(3 2.81118e-15 0)
(3 3.62887e-15 0)
(3 3.87101e-15 0)
(3 3.7355e-15 0)
(3 3.8786e-15 0)
(3 4.07764e-15 0)
(3 3.61065e-15 0)
(3 3.09111e-15 0)
(3 2.8754e-15 0)
(3 1.23556e-15 0)
(3 5.63731e-16 0)
(3 1.20867e-15 0)
(3 1.68026e-15 0)
(3 1.17289e-15 0)
(3 2.20971e-15 0)
(1.68583 1.19421 0)
(1.91081 0.972698 0)
(2.9999 2.59187e-05 0)
(3 5.04404e-15 0)
(3 3.40329e-15 0)
(3 2.85509e-15 0)
(3 2.43675e-15 0)
(3 2.79587e-15 0)
(3 3.44113e-15 0)
(3 3.74344e-15 0)
(3 3.87603e-15 0)
(3 3.76021e-15 0)
(3 3.51396e-15 0)
(3 3.43654e-15 0)
(3 3.27659e-15 0)
(3 2.22635e-15 0)
(3 1.4442e-15 0)
(3 1.3853e-15 0)
(3 9.86075e-16 0)
(3 1.76741e-15 0)
(1.70921 1.1642 0)
(2.06132 0.828112 0)
(3 1.15765e-15 0)
(3 2.70267e-15 0)
(3 3.71316e-15 0)
(3 3.38922e-15 0)
(3 2.86289e-15 0)
(3 2.74e-15 0)
(3 3.02813e-15 0)
(3 3.37212e-15 0)
(3 3.27293e-15 0)
(3 2.71747e-15 0)
(3 2.18932e-15 0)
(3 2.0763e-15 0)
(3 2.20905e-15 0)
(3 2.08441e-15 0)
(3 1.74252e-15 0)
(3 1.5206e-15 0)
(3 8.56964e-16 0)
(3 6.97016e-16 0)
(1.73581 1.10867 0)
(2.2001 0.673674 0)
(3 3.43127e-16 0)
(3 2.03931e-15 0)
(3 2.66697e-15 0)
(3 2.7345e-15 0)
(3 2.42305e-15 0)
(3 1.54645e-15 0)
(3 2.63618e-15 0)
(3 3.79483e-15 0)
(3 3.84326e-15 0)
(3 3.8093e-15 0)
(3 2.77532e-15 0)
(3 2.00133e-15 0)
(3 1.77431e-15 0)
(3 1.79305e-15 0)
(3 1.73684e-15 0)
(3 1.76668e-15 0)
(3 1.44707e-15 0)
(3 3.68862e-16 0)
(1.82609 1.01578 0)
(2.41994 0.470997 0)
(3 -2.24238e-15 0)
(3 -3.39295e-15 0)
(3 -3.33606e-15 0)
(3 -1.6031e-15 0)
(3 -4.30201e-16 0)
(3 8.59501e-16 0)
(3 3.19163e-15 0)
(3 3.62992e-15 0)
(3 2.31238e-15 0)
(3 2.82514e-15 0)
(3 3.48187e-15 0)
(3 3.49809e-15 0)
(3 3.30463e-15 0)
(3 3.1423e-15 0)
(3 3.13053e-15 0)
(3 3.22013e-15 0)
(3 3.24552e-15 0)
(3 3.1156e-15 0)
(1.90311 0.874502 0)
(2.67836 0.224654 0)
(3 -3.83114e-15 0)
(3 -4.89009e-15 0)
(3 -4.98989e-15 0)
(3 -3.85451e-15 0)
(3 -2.56757e-15 0)
(3 -8.42762e-16 0)
(3 -6.52648e-16 0)
(3 -4.14916e-16 0)
(3 6.74934e-16 0)
(3 1.91626e-15 0)
(3 2.62577e-15 0)
(3 2.84563e-15 0)
(3 2.99772e-15 0)
(3 3.00403e-15 0)
(3 3.1443e-15 0)
(3 2.39868e-15 0)
(3 2.1496e-15 0)
(3 2.51799e-15 0)
(2.12885 0.7041 0)
(2.98878 9.11756e-05 0)
(3 -2.49461e-16 0)
(3 -1.15545e-15 0)
(3 -8.90669e-16 0)
(3 -5.62336e-16 0)
(3 -3.0747e-17 0)
(3 -1.09415e-16 0)
(3 8.88721e-17 0)
(3 -1.46843e-16 0)
(3 -1.79167e-16 0)
(3 -2.8743e-16 0)
(3 -6.05118e-16 0)
(3 -5.90956e-16 0)
(3 -8.32649e-16 0)
(3 -7.40841e-16 0)
(3 -6.01088e-16 0)
(3 -6.90845e-16 0)
(3 -7.02012e-16 0)
(3 -7.04906e-16 0)
(2.00932 0.358921 0)
(2.99994 -1.18947e-05 0)
(3 6.41777e-16 0)
(3 -6.55388e-16 0)
(3 -9.6197e-16 0)
(3 -1.31395e-15 0)
(3 -9.67767e-16 0)
(3 -4.85221e-16 0)
(3 -2.62446e-16 0)
(3 -4.5847e-16 0)
(3 -7.19829e-16 0)
(3 -7.61456e-16 0)
(3 -6.10932e-16 0)
(3 -4.93891e-16 0)
(3 -5.25795e-16 0)
(3 -4.36778e-16 0)
(3 -2.75421e-16 0)
(3 -3.10447e-16 0)
(3 -4.4413e-16 0)
(3 -6.77637e-16 0)
(2.00932 -0.358921 0)
(2.99994 1.18948e-05 0)
(3 3.18455e-16 0)
(3 6.59271e-16 0)
(3 8.69734e-16 0)
(3 8.69557e-16 0)
(3 3.88418e-16 0)
(3 -3.97408e-17 0)
(3 -4.70851e-16 0)
(3 -5.12687e-16 0)
(3 -4.4667e-16 0)
(3 -3.68295e-16 0)
(3 -4.72465e-16 0)
(3 -6.54676e-16 0)
(3 -8.23179e-16 0)
(3 -1.19453e-15 0)
(3 -1.40103e-15 0)
(3 -1.30361e-15 0)
(3 -1.36186e-15 0)
(3 -1.3232e-15 0)
(2.12885 -0.7041 0)
(2.98878 -9.11743e-05 0)
(3 3.95222e-15 0)
(3 4.30508e-15 0)
(3 4.50874e-15 0)
(3 3.09232e-15 0)
(3 1.23441e-15 0)
(3 4.21429e-18 0)
(3 -3.29202e-16 0)
(3 -6.74047e-16 0)
(3 -7.70058e-16 0)
(3 -7.98139e-16 0)
(3 -1.20957e-15 0)
(3 -1.56845e-15 0)
(3 -1.84931e-15 0)
(3 -2.22642e-15 0)
(3 -2.36302e-15 0)
(3 -2.16292e-15 0)
(3 -1.36332e-15 0)
(3 -1.22085e-15 0)
(1.90311 -0.874502 0)
(2.67836 -0.224654 0)
(3 5.46058e-15 0)
(3 4.30428e-15 0)
(3 4.59954e-15 0)
(3 3.89253e-15 0)
(3 3.14503e-15 0)
(3 9.78664e-16 0)
(3 -2.35372e-18 0)
(3 -3.96362e-16 0)
(3 -8.34079e-16 0)
(3 -1.07048e-15 0)
(3 -1.40139e-15 0)
(3 -1.65093e-15 0)
(3 -1.49502e-15 0)
(3 -1.21569e-15 0)
(3 -8.72239e-16 0)
(3 -6.8718e-16 0)
(3 -5.33476e-16 0)
(3 -2.11684e-16 0)
(1.82609 -1.01578 0)
(2.41994 -0.470996 0)
(3 -2.89424e-15 0)
(3 1.96741e-15 0)
(3 1.76479e-15 0)
(3 8.61349e-16 0)
(3 2.22928e-16 0)
(3 7.01061e-16 0)
(3 1.35227e-15 0)
(3 1.63302e-15 0)
(3 1.57557e-15 0)
(3 1.16379e-15 0)
(3 1.02006e-16 0)
(3 -1.99212e-16 0)
(3 -2.74456e-16 0)
(3 -3.58445e-16 0)
(3 -1.4308e-16 0)
(3 -2.66392e-17 0)
(3 4.40944e-17 0)
(3 3.82375e-16 0)
(1.73581 -1.10867 0)
(2.2001 -0.673675 0)
(3 -2.1076e-15 0)
(3 -1.31006e-15 0)
(3 1.5008e-16 0)
(3 8.73187e-17 0)
(3 3.20335e-16 0)
(3 9.13645e-16 0)
(3 9.46293e-16 0)
(3 2.5052e-17 0)
(3 -5.0618e-16 0)
(3 -7.40708e-16 0)
(3 -7.58897e-16 0)
(3 -5.49615e-16 0)
(3 -2.50463e-16 0)
(3 -1.93927e-17 0)
(3 -7.09638e-16 0)
(3 -5.57032e-16 0)
(3 -9.98284e-17 0)
(3 7.86614e-16 0)
(1.70921 -1.1642 0)
(2.06133 -0.82811 0)
(3 -2.99581e-15 0)
(3 -3.59645e-15 0)
(3 -3.96995e-15 0)
(3 -4.13579e-15 0)
(3 -3.03173e-15 0)
(3 -4.78243e-16 0)
(3 -6.54517e-16 0)
(3 -1.50955e-15 0)
(3 -1.74183e-15 0)
(3 -1.8188e-15 0)
(3 -1.25331e-15 0)
(3 -8.09203e-16 0)
(3 -6.78796e-16 0)
(3 -1.11072e-15 0)
(3 -5.38718e-16 0)
(3 4.49049e-16 0)
(3 1.15315e-15 0)
(3 9.78066e-16 0)
(1.68583 -1.19421 0)
(1.91081 -0.972702 0)
(2.9999 -2.59218e-05 0)
(3 -5.20292e-15 0)
(3 -3.72264e-15 0)
(3 -3.5943e-15 0)
(3 -2.89297e-15 0)
(3 -3.10759e-15 0)
(3 -3.90272e-15 0)
(3 -5.10266e-15 0)
(3 -4.97483e-15 0)
(3 -4.20751e-15 0)
(3 -3.41766e-15 0)
(3 -3.90454e-15 0)
(3 -3.25935e-15 0)
(3 -2.90444e-15 0)
(3 -1.69661e-15 0)
(3 -8.64149e-16 0)
(3 -8.10555e-16 0)
(3 -9.59255e-16 0)
(1.66015 -1.24246 0)
(1.83306 -1.08983 0)
(2.88656 -0.0809802 0)
(3 2.03598e-13 0)
(3 -2.65714e-15 0)
(3 -2.42247e-15 0)
(3 -2.51705e-15 0)
(3 -2.43888e-15 0)
(3 -2.53528e-15 0)
(3 -2.96533e-15 0)
(3 -3.18795e-15 0)
(3 -3.31995e-15 0)
(3 -3.39574e-15 0)
(3 -3.11673e-15 0)
(3 -2.75173e-15 0)
(3 -2.6718e-15 0)
(3 -2.80158e-15 0)
(3 -1.15932e-15 0)
(3 -8.33517e-16 0)
(3 -1.24275e-15 0)
(1.63869 -1.2644 0)
(1.6327 -1.23922 0)
(2.64941 -0.285211 0)
(3 -1.24293e-13 0)
(3 -3.3345e-15 0)
(3 -1.4754e-15 0)
(3 -1.75163e-15 0)
(3 -1.36139e-15 0)
(3 -1.18928e-15 0)
(3 -1.97237e-15 0)
(3 -2.03507e-15 0)
(3 -2.47989e-15 0)
(3 -2.55035e-15 0)
(3 -2.19387e-15 0)
(3 -2.16814e-15 0)
(3 -2.30396e-15 0)
(3 -9.2428e-16 0)
(3 -6.97139e-16 0)
(3 -1.34219e-15 0)
(3 -1.96323e-15 0)
(1.62015 -1.2811 0)
(1.5728 -1.30568 0)
(2.42845 -0.523036 0)
(3 -7.2177e-14 0)
(3 1.26981e-12 0)
(3 -5.35386e-15 0)
(3 -1.56345e-15 0)
(3 -1.17944e-15 0)
(3 -1.10825e-15 0)
(3 -1.59062e-15 0)
(3 -1.78238e-15 0)
(3 -2.17533e-15 0)
(3 -2.42878e-15 0)
(3 -1.84312e-15 0)
(3 -1.82128e-15 0)
(3 -1.52693e-15 0)
(3 -9.99112e-16 0)
(3 -1.34456e-15 0)
(3 -2.62848e-15 0)
(3 -3.53665e-15 0)
(1.60311 -1.29758 0)
(1.48139 -1.39791 0)
(2.1063 -0.863962 0)
(3.01139 0.00948067 0)
(3 -1.87337e-09 0)
(3 -9.6929e-16 0)
(3 -8.75357e-16 0)
(3 -1.58557e-15 0)
(3 -1.74239e-15 0)
(3 -2.05923e-15 0)
(3 -2.28175e-15 0)
(3 -2.6252e-15 0)
(3 -2.79628e-15 0)
(3 -1.75266e-15 0)
(3 -1.26842e-15 0)
(3 -9.269e-16 0)
(3 -1.59531e-15 0)
(3 -2.66594e-15 0)
(3 -3.83692e-15 0)
(3 -3.9494e-15 0)
(1.58655 -1.30541 0)
(1.47574 -1.33853 0)
(1.99111 -1.04175 0)
(2.88322 -0.12403 0)
(3 3.01179e-10 0)
(3 7.72361e-16 0)
(3 -7.62322e-16 0)
(3 -2.45148e-16 0)
(3 -2.11858e-15 0)
(3 -2.7774e-15 0)
(3 -3.1803e-15 0)
(3 -3.46218e-15 0)
(3 -2.53838e-15 0)
(3 -1.55992e-15 0)
(3 -7.43119e-16 0)
(3 -1.22065e-15 0)
(3 -2.22455e-15 0)
(3 -3.21167e-15 0)
(3 -3.91341e-15 0)
(3 -3.13125e-15 0)
(1.58298 -1.32241 0)
(1.50366 -1.32111 0)
(1.75016 -1.19212 0)
(2.41398 -0.551501 0)
(3 3.22516e-10 0)
(3 -3.12639e-15 0)
(3 -1.92513e-15 0)
(3 2.00203e-14 0)
(3 -1.71563e-14 0)
(3 -3.04665e-15 0)
(3 -3.14729e-15 0)
(3 -3.04264e-15 0)
(3 -1.3048e-15 0)
(3 -1.46342e-15 0)
(3 -4.36992e-16 0)
(3 -7.81498e-16 0)
(3 -2.00383e-15 0)
(3 -3.91817e-15 0)
(3 -4.11965e-15 0)
(3 -3.38496e-15 0)
(1.58591 -1.29445 0)
(1.55147 -1.28633 0)
(1.66434 -1.23519 0)
(2.09724 -0.854976 0)
(3.02063 0.0152534 0)
(3 1.43916e-12 0)
(3 1.93986e-11 0)
(3 -2.60467e-11 0)
(3 3.66492e-12 0)
(3 5.4492e-15 0)
(3 -3.4646e-15 0)
(3 -2.14995e-15 0)
(3 -6.34664e-16 0)
(3 -3.00622e-16 0)
(3 3.35238e-16 0)
(3 -1.16129e-15 0)
(3 -2.17482e-15 0)
(3 -4.29485e-15 0)
(3 -3.55314e-15 0)
(3 -2.18399e-15 0)
(1.58749 -1.28273 0)
(1.59059 -1.2745 0)
(1.64623 -1.24503 0)
(1.90463 -1.07196 0)
(2.76221 -0.203507 0)
(3 5.89469e-10 0)
(3 -1.40735e-08 0)
(3 1.26929e-08 0)
(3 -5.47316e-10 0)
(3 -3.7929e-12 0)
(3 8.36843e-14 0)
(3 -8.29552e-16 0)
(3 -9.13633e-17 0)
(3 2.26173e-16 0)
(3 -4.50654e-16 0)
(3 -1.39879e-15 0)
(3 -2.04181e-15 0)
(3 -3.65737e-15 0)
(3 -2.69841e-15 0)
(3 -1.22847e-15 0)
(1.59046 -1.27048 0)
(1.60695 -1.26806 0)
(1.63638 -1.25165 0)
(1.64414 -1.24629 0)
(2.28754 -0.667609 0)
(3.02286 0.0183991 0)
(2.99971 -0.000175511 0)
(3 4.326e-06 0)
(3 -8.42431e-08 0)
(3 8.21808e-10 0)
(3 -1.55257e-13 0)
(3 5.28982e-16 0)
(3 -5.40254e-16 0)
(3 1.51799e-16 0)
(3 -1.12142e-15 0)
(3 -1.74673e-15 0)
(3 -2.01922e-15 0)
(3 -2.37009e-15 0)
(3 -2.71071e-15 0)
(3 -5.50861e-16 0)
(1.58702 -1.25949 0)
(1.60412 -1.26394 0)
(1.62243 -1.26426 0)
(1.57706 -1.30608 0)
(1.88859 -1.0606 0)
(2.76528 -0.211663 0)
(3.00446 0.0019995 0)
(2.99992 -7.59311e-05 0)
(3 8.70095e-07 0)
(3 -7.39499e-10 0)
(3 7.43148e-14 0)
(3 -1.73332e-15 0)
(3 -1.56125e-15 0)
(3 -1.20958e-15 0)
(3 -1.09656e-15 0)
(3 -1.54982e-15 0)
(3 -2.79885e-15 0)
(3 -1.54353e-15 0)
(3 -2.74758e-15 0)
(3 -8.89593e-16 0)
(1.58179 -1.25526 0)
(1.59894 -1.25941 0)
(1.60491 -1.26868 0)
(1.59111 -1.29015 0)
(1.7497 -1.19903 0)
(2.16437 -0.843489 0)
(2.98506 -0.00651518 0)
(3.00044 0.000809876 0)
(3 -7.84732e-07 0)
(3 -5.64897e-11 0)
(3 -3.03953e-14 0)
(3 3.66459e-17 0)
(3 -6.7115e-16 0)
(3 -1.83564e-15 0)
(3 -9.52844e-16 0)
(3 -1.25483e-15 0)
(3 -2.46348e-15 0)
(3 -7.17743e-16 0)
(3 -2.18498e-15 0)
(3 -9.15209e-16 0)
(1.57559 -1.24573 0)
(1.58851 -1.2593 0)
(1.59891 -1.27505 0)
(1.60629 -1.27998 0)
(1.64715 -1.25661 0)
(1.74001 -1.20811 0)
(2.29604 -0.715826 0)
(3.00103 -0.0115741 0)
(3 -3.32693e-08 0)
(3 -8.3913e-12 0)
(3 3.70145e-14 0)
(3 -4.60297e-15 0)
(3 4.91736e-15 0)
(3 -5.69226e-15 0)
(3 -7.27864e-16 0)
(3 1.84678e-16 0)
(3 -2.28617e-15 0)
(3 -2.0801e-16 0)
(3 -1.57983e-15 0)
(3 -9.08218e-16 0)
(1.57686 -1.25456 0)
(1.58282 -1.26147 0)
(1.59087 -1.27008 0)
(1.60432 -1.27168 0)
(1.6215 -1.26302 0)
(1.62595 -1.26083 0)
(1.88484 -1.15739 0)
(2.97643 -0.322933 0)
(3.3163 0.535295 0)
(3 -7.07558e-11 0)
(3 -9.7018e-12 0)
(3 2.88318e-13 0)
(3 -1.64074e-12 0)
(3 1.48315e-12 0)
(3 -1.40245e-15 0)
(3 1.75454e-16 0)
(3 3.39163e-16 0)
(3 1.07679e-15 0)
(3 -3.90229e-16 0)
(3 4.60502e-16 0)
(1.16038 -0.765185 0)
(1.8222 -1.15635 0)
(1.84643 -1.14131 0)
(1.74215 -1.19603 0)
(1.71615 -1.20566 0)
(1.67224 -1.24465 0)
(1.6677 -1.21814 0)
(1.73082 -1.16729 0)
(1.75851 -1.22648 0)
(1.78171 -1.14186 0)
(2.26255 -0.747909 0)
(2.85189 -0.216222 0)
(3.09631 0.0260787 0)
(3.02075 0.0123302 0)
(3.00454 0.00540423 0)
(3.00185 0.00300118 0)
(3.00006 0.000594568 0)
(2.99998 2.33109e-05 0)
(2.99999 -1.43393e-05 0)
(3 -5.9172e-06 0)
(1.02769 -0.010837 0)
(1.92294 -0.799661 0)
(2.0823 -0.893927 0)
(2.01724 -0.9376 0)
(1.95794 -0.993997 0)
(1.87088 -1.09247 0)
(1.79581 -1.14285 0)
(1.76189 -1.14899 0)
(1.75773 -1.16476 0)
(1.73206 -1.20661 0)
(1.7113 -1.19996 0)
(1.86657 -1.07193 0)
(2.10361 -0.886326 0)
(2.50756 -0.576137 0)
(2.98729 -0.135236 0)
(3.07237 0.0290166 0)
(3.00799 0.00760029 0)
(3.0029 0.00381694 0)
(3.00122 0.00218892 0)
(3.00008 0.00048379 0)
(1.08809 0.0039146 0)
(1.85081 0.153251 0)
(2.25763 -0.0434569 0)
(2.22388 -0.538085 0)
(2.19993 -0.625954 0)
(2.14033 -0.756919 0)
(2.0484 -0.8896 0)
(1.96834 -0.968016 0)
(1.9092 -1.03985 0)
(1.84345 -1.133 0)
(1.78415 -1.16276 0)
(1.7886 -1.1543 0)
(1.8111 -1.13165 0)
(1.85162 -1.08723 0)
(2.04293 -0.949467 0)
(2.26419 -0.825378 0)
(2.66924 -0.499513 0)
(3.03688 -0.0900045 0)
(3.05487 0.0239182 0)
(3.00403 0.00465905 0)
(1.45095 0.630239 0)
(1.99544 0.942772 0)
(2.35952 -0.257499 0)
(2.31423 0.145105 0)
(2.342 0.00086752 0)
(2.35652 -0.277263 0)
(2.28 -0.537419 0)
(2.18919 -0.699913 0)
(2.12691 -0.78596 0)
(2.07907 -0.905904 0)
(1.97158 -1.00541 0)
(1.92165 -1.05243 0)
(1.89232 -1.06983 0)
(1.87224 -1.08433 0)
(1.87128 -1.05503 0)
(1.89513 -1.04819 0)
(1.96036 -1.02115 0)
(2.16288 -0.903029 0)
(2.38078 -0.790531 0)
(2.77897 -0.438781 0)
(1.19893 1.06648 0)
(1.58965 1.71373 0)
(2.2556 0.795669 0)
(2.51669 0.527657 0)
(2.50202 -0.0561796 0)
(2.43439 0.213556 0)
(2.43394 0.0161095 0)
(2.38178 -0.210826 0)
(2.34126 -0.340506 0)
(2.31495 -0.517921 0)
(2.22494 -0.692818 0)
(2.14443 -0.82294 0)
(2.07967 -0.903419 0)
(2.0162 -0.972648 0)
(1.97308 -0.987429 0)
(1.94796 -1.0009 0)
(1.95394 -1.017 0)
(1.97015 -0.993523 0)
(1.99621 -0.992524 0)
(2.07039 -0.976776 0)
(0.891774 1.45625 0)
(1.76408 1.80559 0)
(2.19954 1.5253 0)
(2.18022 0.848301 0)
(2.39552 0.678063 0)
(2.51159 0.404052 0)
(2.56208 0.308211 0)
(2.54418 0.0222465 0)
(2.49967 -0.181727 0)
(2.47184 -0.342867 0)
(2.4083 -0.506675 0)
(2.32543 -0.651499 0)
(2.2703 -0.72544 0)
(2.20439 -0.801061 0)
(2.16035 -0.819479 0)
(2.12509 -0.830031 0)
(2.08509 -0.863394 0)
(2.07164 -0.875909 0)
(2.03582 -0.923707 0)
(2.05671 -0.955034 0)
(1.10636 1.6453 0)
(1.65423 2.08795 0)
(1.8328 1.88668 0)
(2.11067 1.14959 0)
(2.33551 1.2098 0)
(2.38787 0.709498 0)
(2.54181 0.419558 0)
(2.59939 0.211848 0)
(2.58539 0.0651401 0)
(2.5746 -0.0227836 0)
(2.54074 -0.169062 0)
(2.49946 -0.281674 0)
(2.45879 -0.368945 0)
(2.41198 -0.449773 0)
(2.35407 -0.528195 0)
(2.32852 -0.560521 0)
(2.26149 -0.641643 0)
(2.20698 -0.715815 0)
(2.15659 -0.786269 0)
(2.13341 -0.799955 0)
(1.35456 1.70198 0)
(1.67487 2.26831 0)
(1.72223 2.01763 0)
(1.9084 1.78746 0)
(2.13364 1.69395 0)
(2.29722 1.09149 0)
(2.3784 1.10851 0)
(2.44928 0.961807 0)
(2.48763 0.761778 0)
(2.52383 0.563036 0)
(2.56313 0.367076 0)
(2.56202 0.168903 0)
(2.56474 0.00697405 0)
(2.54131 -0.152499 0)
(2.48351 -0.331812 0)
(2.46372 -0.40989 0)
(2.38951 -0.54064 0)
(2.35119 -0.549951 0)
(2.30923 -0.578638 0)
(2.32301 -0.523696 0)
(1.39713 1.69868 0)
(1.76447 2.31854 0)
(1.84462 2.12598 0)
(1.83682 1.99184 0)
(1.99997 1.83303 0)
(2.16277 1.55232 0)
(2.26591 1.35675 0)
(2.36238 1.21341 0)
(2.45262 1.00037 0)
(2.52067 0.802577 0)
(2.60966 0.579113 0)
(2.6255 0.311086 0)
(2.65341 0.134836 0)
(2.62647 -0.0603403 0)
(2.58768 -0.215497 0)
(2.56021 -0.263564 0)
(2.52473 -0.305202 0)
(2.52236 -0.224008 0)
(2.45133 -0.317652 0)
(2.47306 -0.277488 0)
(1.34773 1.60888 0)
(1.75162 2.2591 0)
(2.08652 2.32433 0)
(2.05389 2.21049 0)
(2.09795 1.97174 0)
(2.21888 1.73739 0)
(2.39996 1.43421 0)
(2.55293 1.2242 0)
(2.63639 0.96206 0)
(2.65357 0.767678 0)
(2.69914 0.619185 0)
(2.69867 0.389154 0)
(2.71444 0.316844 0)
(2.70192 0.186215 0)
(2.68528 0.121405 0)
(2.65594 0.0934691 0)
(2.63199 0.0794576 0)
(2.62035 0.0504514 0)
(2.55639 -0.120929 0)
(2.57406 -0.123291 0)
(1.21448 1.41524 0)
(1.60347 2.09518 0)
(2.05425 2.33393 0)
(2.26361 2.42777 0)
(2.46937 2.09302 0)
(2.52714 1.91447 0)
(2.62293 1.49841 0)
(2.68498 1.34615 0)
(2.72047 1.26355 0)
(2.70267 1.05109 0)
(2.69308 1.04443 0)
(2.70323 0.826775 0)
(2.68674 0.742794 0)
(2.70089 0.648642 0)
(2.68815 0.518224 0)
(2.68813 0.433009 0)
(2.70021 0.332218 0)
(2.68845 0.172922 0)
(2.65587 0.00546772 0)
(2.61974 -0.0474764 0)
(1.16393 1.26956 0)
(1.4445 1.8757 0)
(1.85836 2.16006 0)
(2.05211 2.34735 0)
(2.32164 2.22449 0)
(2.42285 2.17322 0)
(2.45394 1.74058 0)
(2.50652 1.64331 0)
(2.49507 1.62251 0)
(2.51053 1.45802 0)
(2.52659 1.35011 0)
(2.58488 1.20505 0)
(2.60918 1.00823 0)
(2.68684 0.9237 0)
(2.70243 0.698667 0)
(2.75119 0.562684 0)
(2.76391 0.390454 0)
(2.75465 0.201419 0)
(2.71061 0.19721 0)
(2.67277 0.181325 0)
(1.17643 1.18774 0)
(1.37881 1.67426 0)
(1.67994 2.06659 0)
(1.80953 2.28084 0)
(1.91359 2.35213 0)
(1.99506 2.2833 0)
(2.16673 2.021 0)
(2.22117 1.84064 0)
(2.26228 1.72099 0)
(2.35765 1.61751 0)
(2.46161 1.42895 0)
(2.59975 1.34443 0)
(2.6471 1.07021 0)
(2.75554 0.96627 0)
(2.76985 0.71036 0)
(2.78339 0.616752 0)
(2.77233 0.52194 0)
(2.75586 0.448869 0)
(2.71795 0.576751 0)
(2.68462 0.494117 0)
(1.28315 1.1817 0)
(1.42937 1.54417 0)
(1.51032 1.96285 0)
(1.6088 2.2462 0)
(1.63579 2.31042 0)
(1.78596 2.22503 0)
(1.95919 2.08132 0)
(2.08424 1.84564 0)
(2.20554 1.73879 0)
(2.40107 1.62532 0)
(2.52984 1.42422 0)
(2.67869 1.34134 0)
(2.72811 1.11376 0)
(2.72772 1.09648 0)
(2.74084 0.970204 0)
(2.72226 0.978461 0)
(2.70764 0.904926 0)
(2.69069 0.882734 0)
(2.69437 0.912523 0)
(2.71363 0.712142 0)
(1.40425 1.30753 0)
(1.52952 1.49079 0)
(1.58543 1.86965 0)
(1.59389 2.19926 0)
(1.52098 2.30422 0)
(1.72036 2.21283 0)
(1.93611 2.07533 0)
(2.11151 1.82136 0)
(2.27969 1.74225 0)
(2.47353 1.7132 0)
(2.56731 1.52423 0)
(2.61062 1.49128 0)
(2.6281 1.44983 0)
(2.59304 1.48531 0)
(2.60049 1.381 0)
(2.58754 1.35991 0)
(2.59026 1.21482 0)
(2.65049 1.16872 0)
(2.70608 1.05572 0)
(2.79694 0.801901 0)
(1.58284 1.41665 0)
(1.69136 1.41973 0)
(1.69754 1.81005 0)
(1.75635 2.08542 0)
(1.72917 2.24551 0)
(1.75431 2.26849 0)
(1.94989 2.17596 0)
(2.13384 1.9795 0)
(2.20922 1.97578 0)
(2.33076 1.86258 0)
(2.37659 1.84535 0)
(2.45421 1.77631 0)
(2.432 1.74039 0)
(2.42663 1.68378 0)
(2.46563 1.57434 0)
(2.55992 1.47934 0)
(2.59703 1.3106 0)
(2.7237 1.18826 0)
(2.79084 0.960607 0)
(2.83677 0.858535 0)
(1.81017 1.4372 0)
(1.8778 1.38073 0)
(1.90445 1.54273 0)
(1.94522 1.83951 0)
(1.93757 2.07878 0)
(2.00121 2.1741 0)
(2.01574 2.23158 0)
(2.03022 2.19334 0)
(2.09856 2.08614 0)
(2.2073 2.01224 0)
(2.18258 2.11356 0)
(2.26847 1.93476 0)
(2.30927 1.83527 0)
(2.38058 1.74354 0)
(2.4767 1.63205 0)
(2.62691 1.51372 0)
(2.69037 1.35139 0)
(2.77508 1.27328 0)
(2.8062 1.26473 0)
(2.74785 1.32275 0)
(1.89613 1.39168 0)
(1.99941 1.26447 0)
(2.08943 1.31201 0)
(2.23125 1.44063 0)
(2.18681 1.87334 0)
(2.05094 2.12826 0)
(2.01431 2.21614 0)
(1.98653 2.23993 0)
(2.01837 2.19328 0)
(2.05687 2.11868 0)
(2.12298 2.11887 0)
(2.18473 1.99394 0)
(2.2755 1.91974 0)
(2.38514 1.8453 0)
(2.48918 1.78947 0)
(2.59998 1.72231 0)
(2.64554 1.70854 0)
(2.64613 1.66225 0)
(2.60584 1.64143 0)
(2.5761 1.5811 0)
(1.998 1.3695 0)
(1.90833 1.18879 0)
(1.98387 1.15144 0)
(2.04637 1.22285 0)
(2.01177 1.28995 0)
(1.93415 1.30267 0)
(1.87335 1.51715 0)
(1.84285 1.74392 0)
(1.82036 1.75865 0)
(1.81918 1.55131 0)
(1.9099 1.55306 0)
(1.97341 1.45686 0)
(1.9991 1.28449 0)
(2.07767 1.12903 0)
(2.17512 1.17056 0)
(2.23505 1.22223 0)
(2.24702 1.27208 0)
(2.27125 1.27906 0)
(2.28387 1.27776 0)
(2.29088 1.21938 0)
(1.35935 0.34594 0)
(1.39273 0.435919 0)
(1.48799 0.319152 0)
(1.53518 0.276141 0)
(1.54552 0.207912 0)
(1.5425 0.174922 0)
(1.55344 0.203674 0)
(1.57141 0.320727 0)
(1.55741 0.330875 0)
(1.55597 0.233242 0)
(1.59099 0.270706 0)
(1.62876 0.300939 0)
(1.62494 0.226262 0)
(1.67075 0.146292 0)
(1.71357 0.177138 0)
(1.73866 0.228265 0)
(1.7522 0.227917 0)
(1.79706 0.248356 0)
(1.84321 0.273047 0)
(1.8792 0.230541 0)
(1.96462 -0.17725 0)
(2.03502 -0.126122 0)
(2.10297 -0.109747 0)
(2.17668 -0.0653068 0)
(2.21849 -0.0267699 0)
(2.26354 -0.0148911 0)
(2.33868 -0.00969054 0)
(2.35472 -0.00252086 0)
(2.33032 0.00167581 0)
(2.26979 0.00841288 0)
(2.15252 0.013918 0)
(2.09676 0.00588655 0)
(2.11424 -0.00502173 0)
(2.21471 -0.0171 0)
(2.39883 -0.0187277 0)
(2.56488 -0.0160166 0)
(2.63585 -0.0145569 0)
(2.71305 -0.0143771 0)
(2.77629 -0.0110568 0)
(2.86781 -0.00619991 0)
(2.28625 -0.808225 0)
(2.28382 -0.499354 0)
(2.32101 -0.354393 0)
(2.36374 -0.238035 0)
(2.33298 -0.0451452 0)
(2.36283 -0.0138722 0)
(2.41355 -0.0260716 0)
(2.40985 -0.0121307 0)
(2.39268 0.00123329 0)
(2.32999 0.0257335 0)
(2.21767 0.0367416 0)
(2.15805 0.019613 0)
(2.16602 -0.00565631 0)
(2.24653 -0.0406147 0)
(2.4049 -0.0410915 0)
(2.55959 -0.0331865 0)
(2.63129 -0.0316317 0)
(2.7079 -0.0314301 0)
(2.7673 -0.0247742 0)
(2.86598 -0.0171884 0)
(2.6328 -1.4607 0)
(2.64031 -1.39434 0)
(2.60283 -1.14941 0)
(2.62604 -0.900989 0)
(2.63539 -0.51715 0)
(2.6475 -0.302883 0)
(2.68136 -0.184722 0)
(2.59503 -0.0226026 0)
(2.49888 0.0112693 0)
(2.44334 0.0400965 0)
(2.36356 0.0391726 0)
(2.31314 0.00890256 0)
(2.30615 -0.0203398 0)
(2.34104 -0.0711036 0)
(2.45136 -0.0819909 0)
(2.59036 -0.0632501 0)
(2.64718 -0.0516354 0)
(2.7195 -0.0496559 0)
(2.77457 -0.0400729 0)
(2.8656 -0.0279191 0)
(2.68381 -1.25511 0)
(2.69714 -1.20772 0)
(2.71068 -1.22978 0)
(2.73013 -1.19542 0)
(2.75799 -1.08051 0)
(2.81232 -0.87403 0)
(2.83159 -0.606345 0)
(2.80967 -0.289275 0)
(2.69029 -0.0109923 0)
(2.57786 0.0376583 0)
(2.54111 0.0340027 0)
(2.5242 0.00811533 0)
(2.50493 -0.0323862 0)
(2.50092 -0.0935624 0)
(2.55636 -0.113234 0)
(2.64296 -0.0895269 0)
(2.67933 -0.0767482 0)
(2.7393 -0.0666895 0)
(2.78029 -0.0563447 0)
(2.86879 -0.0366358 0)
(2.72654 -1.04368 0)
(2.71711 -1.06559 0)
(2.69526 -1.02803 0)
(2.72951 -1.01569 0)
(2.77599 -0.995321 0)
(2.84545 -0.984105 0)
(2.86338 -0.96908 0)
(2.87953 -0.77916 0)
(2.88679 -0.355438 0)
(2.78147 -0.0417405 0)
(2.68373 0.00466752 0)
(2.67204 0.00440823 0)
(2.66944 -0.0318561 0)
(2.65439 -0.102843 0)
(2.66711 -0.123205 0)
(2.69211 -0.115378 0)
(2.71691 -0.102008 0)
(2.76109 -0.0803895 0)
(2.7903 -0.0700409 0)
(2.87124 -0.047004 0)
(2.75807 -0.817852 0)
(2.72644 -0.888102 0)
(2.71359 -0.937993 0)
(2.73042 -0.936583 0)
(2.79579 -0.920943 0)
(2.83637 -0.89365 0)
(2.85293 -0.896547 0)
(2.90349 -0.868403 0)
(2.93207 -0.734472 0)
(2.9163 -0.349395 0)
(2.8585 -0.146686 0)
(2.79512 -0.014349 0)
(2.76186 -0.0451497 0)
(2.72581 -0.0970895 0)
(2.71663 -0.134074 0)
(2.72844 -0.134403 0)
(2.74729 -0.122301 0)
(2.78117 -0.0950553 0)
(2.80561 -0.0824141 0)
(2.87224 -0.0554453 0)
(2.7417 -0.652067 0)
(2.73199 -0.706566 0)
(2.73189 -0.768144 0)
(2.74564 -0.779163 0)
(2.80265 -0.769988 0)
(2.82961 -0.81972 0)
(2.84122 -0.820317 0)
(2.87226 -0.805436 0)
(2.94349 -0.762838 0)
(2.95183 -0.699023 0)
(2.92834 -0.371973 0)
(2.88412 -0.138698 0)
(2.84959 -0.0924391 0)
(2.80761 -0.0698673 0)
(2.76032 -0.13117 0)
(2.75574 -0.154467 0)
(2.76411 -0.144801 0)
(2.79645 -0.113579 0)
(2.82061 -0.0956242 0)
(2.8808 -0.0623945 0)
(2.70978 -0.492817 0)
(2.7227 -0.555733 0)
(2.75245 -0.642326 0)
(2.76606 -0.693004 0)
(2.79392 -0.706336 0)
(2.81329 -0.73216 0)
(2.81181 -0.753552 0)
(2.83731 -0.730901 0)
(2.88119 -0.715804 0)
(2.9521 -0.715027 0)
(2.94221 -0.681727 0)
(2.9057 -0.452138 0)
(2.88185 -0.185089 0)
(2.86017 -0.0359663 0)
(2.80632 -0.0926727 0)
(2.76819 -0.161057 0)
(2.76987 -0.164483 0)
(2.79782 -0.133699 0)
(2.82615 -0.107787 0)
(2.88786 -0.0720304 0)
(2.67411 -0.30235 0)
(2.70462 -0.404162 0)
(2.76417 -0.428283 0)
(2.79616 -0.512248 0)
(2.7806 -0.575121 0)
(2.77855 -0.608474 0)
(2.78103 -0.674982 0)
(2.79592 -0.685528 0)
(2.83065 -0.671487 0)
(2.90117 -0.671738 0)
(2.9337 -0.672385 0)
(2.9259 -0.667228 0)
(2.9026 -0.580424 0)
(2.90229 -0.452116 0)
(2.85319 -0.289297 0)
(2.788 -0.236431 0)
(2.78017 -0.191158 0)
(2.80032 -0.157629 0)
(2.83154 -0.123765 0)
(2.90051 -0.0773294 0)
(2.63336 -0.114772 0)
(2.66525 -0.243356 0)
(2.76127 -0.305955 0)
(2.78721 -0.381797 0)
(2.74976 -0.475033 0)
(2.73502 -0.489949 0)
(2.75797 -0.557503 0)
(2.769 -0.627249 0)
(2.79728 -0.634536 0)
(2.85481 -0.627538 0)
(2.88566 -0.618336 0)
(2.88901 -0.639803 0)
(2.90855 -0.672043 0)
(2.92053 -0.710788 0)
(2.91249 -0.62406 0)
(2.82953 -0.408747 0)
(2.7889 -0.247477 0)
(2.8067 -0.175131 0)
(2.83935 -0.133765 0)
(2.90739 -0.081135 0)
(2.51045 0.173863 0)
(2.57625 -0.0501944 0)
(2.59901 0.0198083 0)
(2.57997 -0.0826074 0)
(2.6376 -0.262794 0)
(2.67566 -0.370399 0)
(2.73494 -0.4154 0)
(2.76925 -0.482967 0)
(2.78831 -0.533659 0)
(2.82636 -0.521573 0)
(2.87101 -0.581419 0)
(2.92965 -0.608321 0)
(2.95041 -0.635664 0)
(2.96884 -0.656528 0)
(2.94785 -0.654156 0)
(2.89118 -0.55925 0)
(2.83961 -0.37851 0)
(2.83541 -0.237305 0)
(2.85891 -0.151371 0)
(2.91953 -0.0768933 0)
(2.31764 0.610068 0)
(2.46606 0.289526 0)
(2.54958 0.0668433 0)
(2.56046 0.021173 0)
(2.61354 -0.154358 0)
(2.66795 -0.195906 0)
(2.71259 -0.215335 0)
(2.78264 -0.327804 0)
(2.79951 -0.405132 0)
(2.84598 -0.417141 0)
(2.91499 -0.498812 0)
(2.97045 -0.577356 0)
(2.98428 -0.587353 0)
(2.99562 -0.595644 0)
(2.99147 -0.591585 0)
(2.94678 -0.536297 0)
(2.88418 -0.411128 0)
(2.86505 -0.268538 0)
(2.88537 -0.169512 0)
(2.9382 -0.0749999 0)
(2.34435 0.710476 0)
(2.39013 0.597414 0)
(2.43605 0.477898 0)
(2.54432 0.220854 0)
(2.61785 -0.0269025 0)
(2.65932 -0.0154615 0)
(2.64973 0.0491972 0)
(2.71937 -0.0634662 0)
(2.78728 -0.208578 0)
(2.8527 -0.263958 0)
(2.93416 -0.34442 0)
(2.96021 -0.42347 0)
(2.98638 -0.472211 0)
(3.01389 -0.535251 0)
(3.03181 -0.562134 0)
(3.01439 -0.504564 0)
(2.96253 -0.373129 0)
(2.9241 -0.238906 0)
(2.92167 -0.147186 0)
(2.95677 -0.05821 0)
(2.43392 0.685819 0)
(2.43276 0.679552 0)
(2.44145 0.640784 0)
(2.48216 0.543374 0)
(2.53494 0.408576 0)
(2.62192 0.19852 0)
(2.6816 0.0128443 0)
(2.74705 -0.130815 0)
(2.80798 -0.110943 0)
(2.83582 -0.0705545 0)
(2.9078 -0.176009 0)
(2.97071 -0.31839 0)
(3.00596 -0.420982 0)
(3.04889 -0.46067 0)
(3.06637 -0.473479 0)
(3.04934 -0.45787 0)
(3.01307 -0.380955 0)
(2.98286 -0.262607 0)
(2.97056 -0.150495 0)
(2.98166 -0.0501731 0)
(2.74624 0.411671 0)
(2.58117 0.625599 0)
(2.51388 0.624054 0)
(2.52087 0.613988 0)
(2.53748 0.577145 0)
(2.59165 0.470792 0)
(2.65375 0.342702 0)
(2.69938 0.267241 0)
(2.81673 0.0334581 0)
(2.87596 -0.0996572 0)
(2.94036 -0.119779 0)
(2.99998 -0.155497 0)
(3.0322 -0.183745 0)
(3.03519 -0.184842 0)
(3.03438 -0.183533 0)
(3.02399 -0.176011 0)
(3.01479 -0.156314 0)
(3.00918 -0.116608 0)
(3.00244 -0.0680908 0)
(2.99809 -0.0188559 0)
(2.97299 0.0669658 0)
(2.83713 0.323996 0)
(2.73457 0.473042 0)
(2.62073 0.578074 0)
(2.62878 0.577154 0)
(2.64808 0.560988 0)
(2.67741 0.52202 0)
(2.73553 0.429792 0)
(2.79311 0.344581 0)
(2.87416 0.202699 0)
(2.93806 0.123157 0)
(3.00308 0.0253584 0)
(3.06704 -0.120512 0)
(3.08451 -0.15778 0)
(3.09364 -0.168558 0)
(3.08733 -0.14262 0)
(3.07011 -0.0877961 0)
(3.04508 -0.0362037 0)
(3.02256 -0.00985989 0)
(3.00872 -0.00244834 0)
(2.99891 0.00362966 0)
(2.98534 0.0352166 0)
(2.94269 0.146747 0)
(2.83153 0.369046 0)
(2.75996 0.467942 0)
(2.71922 0.533881 0)
(2.73862 0.528804 0)
(2.77215 0.512197 0)
(2.81432 0.478843 0)
(2.87176 0.416344 0)
(2.93654 0.331281 0)
(3.00275 0.241439 0)
(3.0496 0.162168 0)
(3.09276 0.0810119 0)
(3.10109 0.0566373 0)
(3.09734 0.0456706 0)
(3.08101 0.0433987 0)
(3.05821 0.0333037 0)
(3.02588 0.0150367 0)
(3.00436 0.00252854 0)
(2.99998 7.69252e-05 0)
(2.99968 0.000815693 0)
(2.99646 0.00984425 0)
(2.98146 0.0521911 0)
(2.92005 0.201114 0)
(2.87754 0.32327 0)
(2.807 0.434154 0)
(2.82978 0.473085 0)
(2.8526 0.460428 0)
(2.89136 0.434391 0)
(2.94061 0.395084 0)
(2.9935 0.345887 0)
(3.04217 0.28411 0)
(3.07881 0.218969 0)
(3.09511 0.163105 0)
(3.0913 0.117137 0)
(3.07151 0.0768253 0)
(3.04151 0.0410709 0)
(3.01385 0.013368 0)
(3.00141 0.0012708 0)
(3 1.14812e-06 0)
(3 9.03585e-06 0)
(2.99994 0.000134948 0)
(2.99938 0.00175215 0)
(2.99449 0.0141968 0)
(2.98077 0.0593483 0)
(2.93544 0.170869 0)
(2.92209 0.255128 0)
(2.88347 0.363306 0)
(2.93203 0.366312 0)
(2.95461 0.350638 0)
(2.9897 0.316846 0)
(3.02418 0.27312 0)
(3.05238 0.220559 0)
(3.06789 0.165857 0)
(3.06405 0.114703 0)
(3.0438 0.0662159 0)
(3.0183 0.0253545 0)
(3.00355 0.00460022 0)
(3.00019 0.00021638 0)
(3 1.31561e-08 0)
(3 7.54201e-08 0)
(3 1.10312e-06 0)
(2.99999 1.66546e-05 0)
(2.9999 0.000236502 0)
(2.9993 0.00194804 0)
(2.99569 0.0118349 0)
(2.98655 0.0419634 0)
(2.9676 0.10172 0)
(2.96242 0.165924 0)
(2.97223 0.208522 0)
(2.98936 0.207693 0)
(3.00116 0.194197 0)
(3.01815 0.162438 0)
(3.02747 0.11707 0)
(3.02537 0.0676325 0)
(3.01394 0.0271033 0)
(3.00363 0.0056878 0)
(3.00033 0.000449974 0)
(3.00001 8.88322e-06 0)
(3 1.12246e-10 0)
(3 6.01482e-10 0)
(3 7.11951e-09 0)
(3 1.10117e-07 0)
(3 1.73674e-06 0)
(2.99999 1.88299e-05 0)
(2.99993 0.000179799 0)
(2.9996 0.00113189 0)
(2.99825 0.00539527 0)
(2.99554 0.0158301 0)
(2.99364 0.0332757 0)
(2.99538 0.0465098 0)
(2.99791 0.0480019 0)
(3.00042 0.0429135 0)
(3.00376 0.0293225 0)
(3.00398 0.013286 0)
(3.00163 0.00329718 0)
(3.00023 0.000342077 0)
(3.00001 1.17251e-05 0)
(3 1.13542e-07 0)
(3 7.38614e-13 0)
(3 4.27249e-12 0)
(3 4.23333e-11 0)
(3 6.17103e-10 0)
(3 9.82282e-09 0)
(3 1.14855e-07 0)
(3 1.21379e-06 0)
(3 9.57e-06 0)
(2.99998 6.15692e-05 0)
(2.99992 0.000276212 0)
(2.9998 0.000869235 0)
(2.99975 0.00178878 0)
(2.99988 0.00221413 0)
(2.99995 0.00209814 0)
(3.00012 0.00146024 0)
(3.00016 0.000577477 0)
(3.00005 0.000102065 0)
(3 6.39622e-06 0)
(3 1.28563e-07 0)
(3 8.08422e-10 0)
(3 7.45524e-16 0)
(3 2.27005e-14 0)
(3 2.27981e-13 0)
(3 3.10383e-12 0)
(3 4.83408e-11 0)
(3 5.85098e-10 0)
(3 6.2967e-09 0)
(3 5.24215e-08 0)
(3 3.53122e-07 0)
(3 1.77941e-06 0)
(3 6.5269e-06 0)
(3 1.62246e-05 0)
(3 2.30129e-05 0)
(3 2.25151e-05 0)
(3 1.65488e-05 0)
(3 6.67924e-06 0)
(3 1.12198e-06 0)
(3 6.22014e-08 0)
(3 1.01941e-09 0)
(3 -1.67777e-11 0)
(3 -2.62236e-15 0)
(3 -2.0619e-15 0)
(3 -3.78268e-16 0)
(3 1.5004e-14 0)
(3 2.14274e-13 0)
(3 2.61825e-12 0)
(3 2.83355e-11 0)
(3 2.40404e-10 0)
(3 1.61859e-09 0)
(3 8.31697e-09 0)
(3 3.15731e-08 0)
(3 8.26131e-08 0)
(3 1.23461e-07 0)
(3 1.22217e-07 0)
(3 9.3841e-08 0)
(3 4.09469e-08 0)
(3 7.53797e-09 0)
(3 4.41828e-10 0)
(3 -2.0513e-12 0)
(3 -7.94906e-12 0)
(3 -1.7893e-15 0)
(3 -1.4821e-15 0)
(3 -8.35848e-16 0)
(3 -3.37786e-16 0)
(3 9.73719e-16 0)
(3 7.43969e-15 0)
(3 9.97809e-14 0)
(3 8.76499e-13 0)
(3 5.90835e-12 0)
(3 3.05185e-11 0)
(3 1.17756e-10 0)
(3 3.15956e-10 0)
(3 4.84473e-10 0)
(3 4.83051e-10 0)
(3 3.82121e-10 0)
(3 1.77498e-10 0)
(3 3.53695e-11 0)
(3 1.01503e-12 0)
(3 -1.83208e-12 0)
(3 -9.70264e-13 0)
(2.40884 0.423859 0)
(2.2713 0.704843 0)
(2.34125 0.735386 0)
(2.54965 0.599526 0)
(2.85451 0.247534 0)
(2.98646 0.0326733 0)
(2.99953 0.00161278 0)
(2.99999 4.00166e-05 0)
(3 6.06496e-07 0)
(3 6.14292e-09 0)
(3 4.41334e-11 0)
(3 2.35521e-13 0)
(3 -3.08564e-15 0)
(3 -2.98501e-15 0)
(3 -7.67189e-17 0)
(2.29008 0.636855 0)
(2.25603 0.788664 0)
(2.39913 0.740803 0)
(2.77879 0.374576 0)
(2.99131 0.0330786 0)
(3.00009 0.000400697 0)
(3 -1.67478e-06 0)
(3 -8.68192e-08 0)
(3 -1.58232e-08 0)
(3 -6.53797e-10 0)
(3 -8.54414e-12 0)
(3 -6.16602e-14 0)
(3 -4.02734e-15 0)
(3 -2.414e-15 0)
(3 3.98183e-16 0)
(2.20872 0.807158 0)
(2.2514 0.803681 0)
(2.58112 0.560314 0)
(2.94125 0.121517 0)
(2.99871 0.00562011 0)
(2.99998 8.74296e-05 0)
(3 1.04263e-06 0)
(3 1.36319e-08 0)
(3 7.41257e-11 0)
(3 4.7495e-13 0)
(3 9.12629e-15 0)
(3 2.64148e-15 0)
(3 -2.66501e-15 0)
(3 -2.14512e-15 0)
(3 5.94969e-16 0)
(2.17701 0.883655 0)
(2.42018 0.740001 0)
(2.85241 0.264338 0)
(2.99622 0.014262 0)
(3.00003 3.43967e-05 0)
(3 -1.27681e-06 0)
(3 -8.70658e-09 0)
(3 -1.0544e-09 0)
(3 -6.89358e-11 0)
(3 -1.17373e-12 0)
(3 -9.59892e-15 0)
(3 1.06537e-15 0)
(3 -2.51453e-15 0)
(3 -6.31054e-16 0)
(3 1.59847e-15 0)
(2.17596 0.902208 0)
(2.66412 0.459483 0)
(2.98421 0.0358351 0)
(2.99996 0.000451239 0)
(3 4.51166e-06 0)
(3 1.60074e-08 0)
(3 -9.46203e-11 0)
(3 -4.54347e-12 0)
(3 6.59065e-14 0)
(3 4.05715e-15 0)
(3 -1.12851e-16 0)
(3 8.63653e-16 0)
(3 -2.21947e-15 0)
(3 4.62215e-16 0)
(3 1.74335e-15 0)
(2.56844 0.575974 0)
(2.99063 0.0384401 0)
(3.00024 0.00033083 0)
(3 -1.90475e-06 0)
(3 -2.98821e-07 0)
(3 -1.54468e-08 0)
(3 -2.05087e-10 0)
(3 -7.98077e-13 0)
(3 -9.31115e-15 0)
(3 -1.53967e-15 0)
(3 -2.03171e-16 0)
(3 -3.14671e-16 0)
(3 -2.00947e-15 0)
(3 1.29984e-15 0)
(3 1.95449e-15 0)
(2.994 0.0488043 0)
(2.99999 0.00106 0)
(3 -8.58219e-07 0)
(3 -2.7017e-07 0)
(3 -4.78908e-09 0)
(3 1.43979e-11 0)
(3 2.35525e-12 0)
(3 7.41967e-14 0)
(3 -5.4137e-17 0)
(3 -4.64473e-16 0)
(3 -6.50517e-16 0)
(3 -7.13446e-16 0)
(3 -1.08221e-15 0)
(3 1.93049e-15 0)
(3 1.85463e-15 0)
(3.00075 -0.0015418 0)
(3.00003 -0.000107763 0)
(3 -3.48258e-06 0)
(3 6.049e-09 0)
(3 5.99695e-11 0)
(3 1.47018e-11 0)
(3 1.93124e-13 0)
(3 -3.68016e-15 0)
(3 -1.71745e-15 0)
(3 -7.88408e-16 0)
(3 -1.26499e-15 0)
(3 -1.65256e-15 0)
(3 -8.47233e-17 0)
(3 2.0547e-15 0)
(3 1.76424e-15 0)
(3.00001 -2.17562e-05 0)
(3 1.20434e-07 0)
(3 2.3778e-08 0)
(3 1.15412e-09 0)
(3 1.28094e-12 0)
(3 -2.01326e-14 0)
(3 1.54908e-15 0)
(3 -8.65023e-16 0)
(3 -1.99878e-15 0)
(3 -7.89278e-16 0)
(3 -1.93695e-15 0)
(3 -1.48207e-15 0)
(3 -3.2967e-17 0)
(3 1.9772e-15 0)
(3 1.6476e-15 0)
(3 1.23776e-06 0)
(3 1.42845e-08 0)
(3 -7.60387e-11 0)
(3 -1.25764e-11 0)
(3 -4.01421e-13 0)
(3 2.39362e-15 0)
(3 4.78981e-15 0)
(3 -1.87115e-15 0)
(3 -2.66565e-15 0)
(3 -9.789e-16 0)
(3 -2.22612e-15 0)
(3 -9.76775e-17 0)
(3 5.50784e-16 0)
(3 1.9338e-15 0)
(3 1.63263e-15 0)
(3 6.36001e-16 0)
(3 -1.62765e-15 0)
(3 2.93891e-16 0)
(3 -1.30366e-15 0)
(3 -3.04607e-15 0)
(3 1.02241e-15 0)
(3 4.56761e-15 0)
(3 -2.24742e-15 0)
(3 -2.28329e-15 0)
(3 -8.9177e-16 0)
(3 -2.17791e-15 0)
(3 -3.00044e-16 0)
(3 4.7883e-16 0)
(3 2.08827e-15 0)
(3 1.58527e-15 0)
(3 -4.32513e-16 0)
(3 -1.54599e-15 0)
(3 6.54865e-16 0)
(3 -9.00375e-16 0)
(3 -2.55563e-15 0)
(3 8.35297e-16 0)
(3 3.35877e-15 0)
(3 -2.72338e-15 0)
(3 -2.03525e-15 0)
(3 -5.47814e-16 0)
(3 -1.85118e-15 0)
(3 -1.93474e-17 0)
(3 4.40987e-16 0)
(3 2.47921e-15 0)
(3 1.70203e-15 0)
(3 -4.60339e-17 0)
(3 -1.47233e-15 0)
(3 1.35162e-15 0)
(3 -9.54758e-16 0)
(3 -2.29127e-15 0)
(3 8.02297e-16 0)
(3 2.43357e-15 0)
(3 -2.83553e-15 0)
(3 -2.32554e-15 0)
(3 -1.10681e-16 0)
(3 -1.16006e-15 0)
(3 3.97752e-16 0)
(3 3.104e-16 0)
(3 2.5481e-15 0)
(3 1.54642e-15 0)
(3 -1.9126e-16 0)
(3 -1.37308e-15 0)
(3 1.30436e-15 0)
(3 -7.65125e-16 0)
(3 -2.04309e-15 0)
(3 8.58629e-16 0)
(3 1.6231e-15 0)
(3 -3.05914e-15 0)
(3 -2.60605e-15 0)
(3 2.41627e-16 0)
(3 -7.45149e-16 0)
(3 6.70293e-16 0)
(3 2.2959e-16 0)
(3 2.26309e-15 0)
(3 1.20919e-15 0)
(3 -3.58755e-17 0)
(3 -1.06511e-15 0)
(3 -2.30738e-16 0)
(3 -3.92048e-16 0)
(3 -1.65536e-15 0)
(3 8.12422e-16 0)
(3 9.68049e-16 0)
(3 -3.25272e-15 0)
(3 -2.34133e-15 0)
(3 8.76943e-16 0)
(3 -4.06439e-16 0)
(3 8.78255e-16 0)
(3 2.51151e-16 0)
(3 1.67434e-15 0)
(3 8.59587e-16 0)
(3 8.85578e-17 0)
(3 -1.06457e-15 0)
(3 -9.29835e-16 0)
(3 2.88587e-18 0)
(3 -1.31204e-15 0)
(3 1.4824e-16 0)
(3 1.221e-15 0)
(3 -3.2326e-15 0)
(3 -1.87164e-15 0)
(3 6.39044e-16 0)
(3 -2.81103e-17 0)
(3 1.18024e-15 0)
(3 2.57133e-16 0)
(3 8.34731e-16 0)
(3 6.35322e-16 0)
(3 -2.76383e-16 0)
(3 -1.5452e-15 0)
(3 -6.71631e-16 0)
(3 -2.57364e-16 0)
(3 -9.3089e-16 0)
(3 -2.20883e-16 0)
(3 1.21489e-15 0)
(3 -2.76505e-15 0)
(3 -1.72136e-15 0)
(3 2.16348e-16 0)
(3 1.52423e-17 0)
(3 1.47031e-15 0)
(3 2.709e-16 0)
(3 5.09123e-16 0)
(3 4.38882e-16 0)
(3 -2.67428e-16 0)
(3 -2.49148e-15 0)
(3 -5.26642e-16 0)
(3 -3.29914e-16 0)
(3 -1.20218e-15 0)
(3 -6.3651e-16 0)
(3 1.3131e-15 0)
(3 -1.84427e-15 0)
(3 -1.66049e-15 0)
(3 1.47217e-16 0)
(3 -1.03584e-16 0)
(3 1.77499e-15 0)
(3 2.32864e-16 0)
(3 -1.27861e-16 0)
(3 2.00357e-16 0)
(3 8.79727e-18 0)
(3 -2.51559e-15 0)
(3 -1.39498e-15 0)
(3 3.30151e-16 0)
(3 -1.35913e-15 0)
(3 -4.93174e-16 0)
(3 1.14949e-15 0)
(3 -9.68136e-16 0)
(3 -1.7122e-15 0)
(3 1.72142e-16 0)
(3 -2.02212e-16 0)
(3 1.43368e-15 0)
(3 3.65233e-16 0)
(3 -1.11764e-16 0)
(3 -1.74988e-16 0)
(3 6.56565e-16 0)
(3 -2.94753e-15 0)
(3 -1.99019e-15 0)
(3 2.24001e-17 0)
(3 -1.17397e-15 0)
(3 -7.15941e-16 0)
(3 6.55344e-16 0)
(3 -2.269e-16 0)
(3 -1.50546e-15 0)
(3 3.49457e-17 0)
(3 -4.41549e-17 0)
(3 7.73698e-16 0)
(3 8.60955e-16 0)
(3 -3.1607e-16 0)
(3 -3.43055e-16 0)
(3 3.71357e-15 0)
(3 -2.84304e-15 0)
(3 -3.47199e-15 0)
(3 -2.50881e-16 0)
(3 -9.76909e-16 0)
(3 -1.79073e-15 0)
(3 -1.03469e-15 0)
(3 6.51844e-17 0)
(3 -1.30962e-15 0)
(3 -1.26489e-16 0)
(3 3.22209e-17 0)
(3 1.26991e-16 0)
(3 9.34465e-16 0)
(3 -5.2682e-16 0)
(3 -7.32473e-16 0)
(3 2.50756e-15 0)
(3 -3.17347e-15 0)
(3 -2.66854e-15 0)
(3 -2.76754e-16 0)
(3 -1.19298e-15 0)
(3 -1.32197e-15 0)
(3 -1.26345e-15 0)
(3 3.71606e-16 0)
(3 1.02045e-15 0)
(3 -1.65386e-16 0)
(3 7.02025e-18 0)
(3 6.95718e-18 0)
(3 6.48121e-16 0)
(3 -1.33169e-15 0)
(3 -1.21247e-15 0)
(3 -4.16315e-16 0)
(3 -3.00139e-15 0)
(3 -7.58442e-16 0)
(3 -5.30041e-16 0)
(3 -6.24127e-16 0)
(3 -2.79797e-16 0)
(3 -2.29306e-15 0)
(3 -4.79682e-16 0)
(3 1.73343e-15 0)
(3 5.7083e-16 0)
(3 -1.2631e-16 0)
(3 -5.91182e-16 0)
(3 -1.87806e-16 0)
(3 -1.32437e-15 0)
(3 -1.31409e-15 0)
(3 -3.30567e-15 0)
(3 -3.55275e-15 0)
(3 8.53579e-16 0)
(3 2.01087e-15 0)
(3 -3.8147e-16 0)
(3 -1.15609e-15 0)
(3 -2.68181e-15 0)
(3 1.52421e-17 0)
(3 2.27993e-15 0)
(3 1.0866e-15 0)
(3 -3.68989e-16 0)
(3 -6.01361e-16 0)
(3 -4.02843e-16 0)
(3 -1.54768e-15 0)
(3 -1.44924e-15 0)
(3 -5.59778e-15 0)
(3 -3.63837e-15 0)
(3 2.82773e-15 0)
(3 2.388e-15 0)
(3 1.71248e-15 0)
(3 -1.13039e-15 0)
(3 -3.1497e-15 0)
(3 4.69467e-16 0)
(3 1.97669e-15 0)
(3 5.99375e-16 0)
(3 -4.38038e-16 0)
(3 -1.8737e-16 0)
(3 -4.38365e-16 0)
(3 -1.22622e-15 0)
(3 -9.59114e-16 0)
(3 -5.9918e-15 0)
(3 -2.76405e-15 0)
(3 1.09362e-15 0)
(3 1.12817e-15 0)
(3 2.94836e-15 0)
(3 2.20287e-16 0)
(3 -2.56007e-15 0)
(3 2.07478e-15 0)
(3 2.50225e-15 0)
(3 -7.56152e-16 0)
(3 -2.61199e-15 0)
(3 -8.42978e-16 0)
(3 5.49315e-16 0)
(3 -8.37197e-16 0)
(3 -1.5677e-15 0)
(3 -1.68872e-15 0)
(3 -3.08873e-16 0)
(3 1.41073e-15 0)
(3 3.11735e-16 0)
(3 6.9927e-16 0)
(3 -5.31299e-16 0)
(3 -1.94979e-15 0)
(3 2.1533e-15 0)
(3 3.50777e-15 0)
(3 4.04618e-16 0)
(3 -1.40435e-15 0)
(3 -2.04256e-15 0)
(3 -1.40543e-15 0)
(3 -1.85324e-15 0)
(3 -2.31179e-15 0)
(3 1.24905e-15 0)
(3 1.98726e-15 0)
(3 -1.16756e-15 0)
(3 5.97622e-16 0)
(3 8.57977e-16 0)
(3 -1.50999e-15 0)
(3 -7.73368e-16 0)
(3 9.88141e-16 0)
(3 4.01651e-15 0)
(3 2.44859e-15 0)
(3 -2.38726e-15 0)
(3 -4.40221e-15 0)
(3 -1.26117e-15 0)
(3 -5.10214e-17 0)
(3 -1.66097e-15 0)
(3 2.32164e-15 0)
(3 4.67402e-15 0)
(3 -2.38168e-15 0)
(3 -1.55304e-15 0)
(3 -1.43963e-15 0)
(3 -1.23089e-15 0)
(3 7.62554e-16 0)
(3 2.34704e-15 0)
(3 4.74786e-15 0)
(3 1.67291e-15 0)
(3 -2.48412e-15 0)
(3 -3.69468e-15 0)
(3 1.44852e-15 0)
(3 3.96489e-16 0)
(3 -2.14004e-15 0)
(3 -3.05876e-15 0)
(3 2.78065e-16 0)
(3 9.19727e-16 0)
(3 5.39789e-16 0)
(3 2.57509e-15 0)
(3 -1.49858e-15 0)
(3 1.08662e-15 0)
(3 1.98439e-15 0)
(3 2.80971e-15 0)
(3 -4.71897e-17 0)
(3 -4.56895e-15 0)
(3 4.23172e-16 0)
(3 1.58045e-16 0)
(3 -5.62144e-16 0)
(3 8.64462e-16 0)
(3 6.12977e-15 0)
(3 4.89331e-15 0)
(3 4.31932e-15 0)
(3 2.9828e-15 0)
(3 1.50278e-15 0)
(3 -4.81232e-16 0)
(3 1.41871e-16 0)
(3 -2.59214e-15 0)
(3 -5.60576e-15 0)
(3 -4.50045e-15 0)
(3 4.69428e-15 0)
(3 3.85449e-15 0)
(3 3.71658e-15 0)
(3 3.8188e-15 0)
(3 3.42791e-15 0)
(3 8.32345e-16 0)
(3 1.3265e-16 0)
(3 -2.75378e-15 0)
(3 -6.06858e-15 0)
(3 -2.58971e-15 0)
(3 3.03844e-15 0)
(3 2.96887e-15 0)
(3 2.06546e-15 0)
(3 3.06473e-15 0)
(3 4.66882e-15 0)
(3 1.79621e-16 0)
(3 -5.22639e-16 0)
(3 -2.2975e-15 0)
(3 -4.37313e-15 0)
(3 -3.55912e-15 0)
(3 1.13763e-15 0)
(3 3.19488e-16 0)
(3 -2.67656e-16 0)
(3 -2.5311e-16 0)
(3 1.69507e-15 0)
(3 2.26344e-16 0)
(3 -2.78413e-15 0)
(3 3.11721e-16 0)
(3 -1.21804e-16 0)
(3 -4.42247e-15 0)
(3 7.56383e-16 0)
(3 1.06994e-15 0)
(3 6.54668e-16 0)
(3 -4.484e-16 0)
(3 -1.26883e-15 0)
(3 -6.92798e-16 0)
(3 -2.78359e-15 0)
(3 -4.03935e-16 0)
(3 -9.47055e-16 0)
(3 -4.73794e-15 0)
(3 -5.15631e-16 0)
(3 -5.86616e-16 0)
(3 -2.94872e-15 0)
(3 -3.27053e-15 0)
(3 -4.95084e-15 0)
(3 -3.68451e-15 0)
(3 -1.27271e-16 0)
(3 5.56281e-16 0)
(3 -1.96173e-16 0)
(3 -3.19917e-15 0)
(3 2.14079e-15 0)
(3 1.02432e-15 0)
(3 -5.82362e-16 0)
(3 -1.11751e-15 0)
(3 -1.22635e-15 0)
(3 -1.41219e-15 0)
(3 2.24226e-15 0)
(3 1.14583e-15 0)
(3 2.31561e-15 0)
(3 1.11055e-15 0)
(3 2.67218e-15 0)
(3 1.73697e-15 0)
(3 1.46926e-15 0)
(3 1.03605e-15 0)
(3 9.66778e-16 0)
(3 1.98726e-15 0)
(3 3.00681e-16 0)
(3 1.43041e-15 0)
(3 2.13845e-15 0)
(3 3.71237e-15 0)
(3 -6.98346e-16 0)
(3 -1.22478e-16 0)
(3 -4.27796e-17 0)
(3 -1.03695e-15 0)
(3 -8.89008e-16 0)
(3 9.92474e-17 0)
(3 3.44488e-16 0)
(3 -6.52581e-16 0)
(3 3.72036e-17 0)
(3 7.37301e-15 0)
(3 -4.71622e-16 0)
(3 -1.14328e-16 0)
(3 -4.77579e-16 0)
(3 -5.45458e-16 0)
(3 -8.57889e-17 0)
(3 -5.38068e-16 0)
(3 -1.16974e-15 0)
(3 -7.47091e-16 0)
(3 5.34849e-16 0)
(3 1.05957e-14 0)
(3 -1.17768e-15 0)
(3 -7.34238e-16 0)
(3 1.05403e-15 0)
(3 3.15603e-15 0)
(3 6.30752e-15 0)
(3 3.11991e-15 0)
(3 1.38142e-15 0)
(3 4.29622e-15 0)
(3 4.43844e-15 0)
(3 -2.3363e-16 0)
(3 -5.38273e-16 0)
(3 -2.8692e-16 0)
(3 1.1155e-15 0)
(3 2.13755e-15 0)
(3 2.32143e-15 0)
(3 2.14096e-15 0)
(3 4.44312e-15 0)
(3 3.40285e-15 0)
(3 2.84609e-15 0)
(3 -6.89011e-15 0)
(3 8.05363e-16 0)
(3 5.54858e-16 0)
(3 2.61436e-15 0)
(3 1.83653e-15 0)
(3 3.97229e-16 0)
(3 6.17959e-16 0)
(3 3.22686e-15 0)
(3 1.95528e-15 0)
(3 9.99448e-16 0)
(3 -5.09887e-15 0)
(3 7.90238e-16 0)
(3 1.77121e-15 0)
(3 3.08335e-15 0)
(3 2.2996e-15 0)
(3 1.89855e-15 0)
(3 3.30947e-15 0)
(3 1.94113e-15 0)
(3 2.87908e-15 0)
(3 2.27324e-15 0)
(3 -2.35151e-16 0)
(3 1.77835e-15 0)
(3 2.04714e-15 0)
(3 1.63561e-15 0)
(3 1.87936e-15 0)
(3 6.47956e-15 0)
(3 5.71503e-15 0)
(3 1.77681e-15 0)
(3 -3.2905e-16 0)
(3 -1.50768e-15 0)
(3 2.98172e-15 0)
(3 2.47482e-16 0)
(3 5.31078e-16 0)
(3 2.39384e-16 0)
(3 1.46344e-15 0)
(3 3.62174e-15 0)
(3 2.70224e-15 0)
(3 1.76061e-15 0)
(3 -4.68758e-16 0)
(3 -5.3752e-16 0)
(3 -5.51242e-16 0)
(3 -1.21187e-15 0)
(3 -9.49183e-16 0)
(3 -8.50879e-17 0)
(3 4.47008e-16 0)
(3 2.26566e-17 0)
(3 -8.67785e-17 0)
(3 5.51757e-15 0)
(3 -1.73376e-15 0)
(3 -2.62338e-15 0)
(3 2.32694e-15 0)
(3 -1.36354e-15 0)
(3 -9.55619e-16 0)
(3 -8.15911e-16 0)
(3 -1.66557e-15 0)
(3 -4.57048e-15 0)
(3 -4.28494e-15 0)
(3 2.23068e-17 0)
(3 2.9314e-16 0)
(3 3.93987e-16 0)
(3 2.58116e-15 0)
(3 -2.25239e-15 0)
(3 -1.2037e-15 0)
(3 -2.70751e-15 0)
(3 -4.19497e-15 0)
(3 -6.21989e-15 0)
(3 -4.89478e-15 0)
(3 -3.0838e-15 0)
(3 9.74755e-16 0)
(3 4.37978e-15 0)
(3 2.82653e-15 0)
(3 -4.0471e-15 0)
(3 -1.99481e-15 0)
(3 -3.63991e-15 0)
(3 -3.59772e-15 0)
(3 -3.5363e-15 0)
(3 -3.20069e-15 0)
(3 -3.97168e-15 0)
(3 1.49501e-15 0)
(3 6.44015e-15 0)
(3 3.53901e-15 0)
(3 -2.81106e-15 0)
(3 -2.61627e-15 0)
(3 -2.53502e-15 0)
(3 -2.10799e-15 0)
(3 -1.14138e-15 0)
(3 -4.29049e-16 0)
(3 -2.47883e-15 0)
(3 -2.74794e-15 0)
(3 -2.10666e-15 0)
(3 3.14749e-15 0)
(3 -1.94238e-15 0)
(3 -3.19168e-15 0)
(3 -2.80426e-15 0)
(3 -2.00399e-15 0)
(3 -5.14751e-16 0)
(3 7.29856e-16 0)
(3 -7.4179e-16 0)
(3 -4.16958e-15 0)
(3 -5.8319e-15 0)
(3 -2.44092e-16 0)
(3 -7.71396e-16 0)
(3 -8.91807e-16 0)
(3 -3.82139e-16 0)
(3 -9.73534e-16 0)
(3 -3.10394e-16 0)
(3 -3.53748e-16 0)
(3 8.85509e-16 0)
(3 8.00683e-16 0)
(3 -3.29014e-15 0)
(3 -6.04364e-16 0)
(3 5.07561e-16 0)
(3 9.64461e-16 0)
(3 1.40108e-15 0)
(3 1.52594e-15 0)
(3 1.38505e-15 0)
(3 1.0461e-15 0)
(3 -2.20537e-16 0)
(3 -1.21948e-15 0)
(3 -4.02899e-16 0)
(3 -2.23083e-17 0)
(3 2.23372e-15 0)
(3 2.48438e-15 0)
(3 1.84001e-15 0)
(3 1.52374e-15 0)
(3 -1.17344e-16 0)
(3 -1.76903e-15 0)
(3 8.78871e-16 0)
(3 5.60683e-16 0)
(3 2.98694e-15 0)
(3 -1.49718e-15 0)
(3 1.45745e-15 0)
(3 1.87914e-15 0)
(3 1.06321e-15 0)
(3 6.97681e-16 0)
(3 -7.21098e-16 0)
(3 -1.25953e-15 0)
(3 -7.42257e-16 0)
(3 -2.96658e-16 0)
(3 4.4835e-16 0)
(3 -1.60395e-17 0)
(3 -2.16306e-15 0)
(3 -1.64021e-15 0)
(3 -2.9243e-16 0)
(3 9.68335e-16 0)
(3 2.61736e-15 0)
(3 4.42678e-15 0)
(3 3.88984e-15 0)
(3 1.55408e-15 0)
(3 2.03159e-16 0)
(3 3.21434e-16 0)
(3 8.6801e-19 0)
(3 -5.97399e-17 0)
(3 1.92045e-16 0)
(3 4.46758e-17 0)
(3 3.18812e-16 0)
(3 8.45385e-16 0)
(3 5.08479e-16 0)
(3 8.75624e-16 0)
(3 -1.0431e-15 0)
(3 5.32879e-16 0)
(3 1.23895e-15 0)
(3 1.27097e-15 0)
(3 1.04879e-15 0)
(3 6.34493e-16 0)
(3 -8.96393e-16 0)
(3 -9.12553e-16 0)
(3 -1.17507e-15 0)
(3 -3.24284e-16 0)
(3 -2.03565e-15 0)
(3 -4.50242e-15 0)
(3 1.19689e-15 0)
(3 4.15489e-16 0)
(3 7.60587e-17 0)
(3 9.02752e-16 0)
(3 9.29756e-16 0)
(3 6.56199e-16 0)
(3 -5.51246e-16 0)
(3 -1.82359e-15 0)
(3 -1.85163e-16 0)
(3 7.98358e-16 0)
(3 2.33266e-15 0)
(3 1.8825e-15 0)
(3 1.43264e-15 0)
(3 6.82375e-16 0)
(3 8.18404e-16 0)
(3 -1.37467e-15 0)
(3 -1.20233e-15 0)
(3 -1.31147e-15 0)
(3 -1.97742e-16 0)
(3 4.50909e-15 0)
(3 1.083e-15 0)
(3 1.46472e-15 0)
(3 4.28191e-16 0)
(3 -3.12271e-16 0)
(3 2.36834e-16 0)
(3 1.12634e-15 0)
(3 8.00181e-16 0)
(3 9.7057e-16 0)
(3 1.43997e-15 0)
(3 -1.10957e-16 0)
(3 -1.03647e-15 0)
(3 -7.07813e-16 0)
(3 -2.40982e-16 0)
(3 1.85009e-16 0)
(3 5.80784e-17 0)
(3 -9.54229e-17 0)
(3 8.05969e-16 0)
(3 2.38557e-15 0)
(3 2.70513e-15 0)
(3 1.02766e-15 0)
(3 -1.29298e-16 0)
(3 1.9869e-16 0)
(3 1.34681e-15 0)
(3 1.71932e-15 0)
(3 3.3066e-16 0)
(3 -6.14313e-17 0)
(3 1.74467e-15 0)
(3 3.85255e-15 0)
(3 1.08596e-17 0)
(3 -1.48421e-15 0)
(3 -1.19867e-16 0)
(3 1.291e-16 0)
(3 1.76882e-16 0)
(3 4.34001e-16 0)
(3 3.13564e-16 0)
(3 8.74508e-16 0)
(3 1.99382e-15 0)
(3 6.83257e-16 0)
(3 -1.30986e-15 0)
(3 -2.56625e-15 0)
(3 -1.97919e-15 0)
(3 -8.51108e-16 0)
(3 -6.21006e-16 0)
(3 4.56944e-16 0)
(3 2.33083e-15 0)
(3 8.22106e-16 0)
(3 -2.36331e-15 0)
(3 4.77978e-16 0)
(3 1.20385e-15 0)
(3 1.48015e-15 0)
(3 1.74369e-15 0)
(3 5.03347e-16 0)
(3 -4.35045e-16 0)
(3 -1.72108e-16 0)
(3 -2.06379e-16 0)
(3 -2.46485e-15 0)
(3 -6.04581e-16 0)
(3 -5.78894e-16 0)
(3 1.16307e-15 0)
(3 2.33853e-15 0)
(3 2.64877e-16 0)
(3 -2.27799e-15 0)
(3 9.52887e-16 0)
(3 1.15384e-15 0)
(3 1.98076e-15 0)
(3 1.45533e-15 0)
(3 -1.699e-16 0)
(3 -3.68896e-16 0)
(3 1.47722e-16 0)
(3 3.10785e-17 0)
(3 -9.51825e-16 0)
(3 -6.19215e-16 0)
(3 -8.6736e-16 0)
(3 2.31029e-15 0)
(3 2.11115e-15 0)
(3 -5.59701e-16 0)
(3 -2.16745e-15 0)
(3 1.16759e-15 0)
(3 1.20351e-15 0)
(3 2.54302e-15 0)
(3 1.37592e-15 0)
(3 -6.15943e-16 0)
(3 -2.41312e-16 0)
(3 3.6573e-16 0)
(3 1.2859e-16 0)
(3 -2.2795e-16 0)
(3 -1.38299e-15 0)
(3 -1.29704e-15 0)
(3 2.94973e-15 0)
(3 2.54488e-15 0)
(3 -1.3763e-15 0)
(3 -2.03455e-15 0)
(3 1.71911e-15 0)
(3 1.1408e-15 0)
(3 2.6021e-15 0)
(3 1.43152e-15 0)
(3 -7.92021e-16 0)
(3 -4.89306e-16 0)
(3 2.99203e-16 0)
(3 9.25914e-17 0)
(3 -4.23168e-16 0)
(3 -1.46284e-15 0)
(3 -1.46256e-15 0)
(3 2.91617e-15 0)
(3 2.65273e-15 0)
(3 -1.7946e-15 0)
(3 -1.95668e-15 0)
(3 2.21209e-15 0)
(3 1.62913e-15 0)
(3 2.46376e-15 0)
(3 1.29658e-15 0)
(3 -4.32866e-16 0)
(3 -6.38092e-16 0)
(3 2.28925e-18 0)
(3 2.58648e-16 0)
(3 -1.54333e-16 0)
(3 -1.19708e-15 0)
(3 -1.40199e-15 0)
(3 2.62667e-15 0)
(3 2.63337e-15 0)
(3 -2.39019e-15 0)
(3 -1.7558e-15 0)
(3 2.51403e-15 0)
(3 2.13563e-15 0)
(3 2.00056e-15 0)
(3 1.25886e-15 0)
(3 3.53483e-16 0)
(3 -1.37246e-15 0)
(3 -8.51264e-16 0)
(3 -2.60889e-17 0)
(3 2.89094e-16 0)
(3 -8.94079e-16 0)
(3 -8.63563e-16 0)
(3 2.34228e-15 0)
(3 2.62835e-15 0)
(3 -2.71757e-15 0)
(3 -2.39936e-15 0)
(3 2.58826e-15 0)
(3 2.74117e-15 0)
(3 1.76533e-15 0)
(3 8.58001e-16 0)
(3 1.28228e-15 0)
(3 -1.59107e-15 0)
(3 -1.49887e-15 0)
(3 -1.38665e-16 0)
(3 4.92616e-16 0)
(3 -8.13429e-16 0)
(3 -4.67945e-16 0)
(3 2.33505e-15 0)
(3 2.37361e-15 0)
(3 -2.08636e-15 0)
(3 -3.1936e-15 0)
(3 2.61657e-15 0)
(3 2.69702e-15 0)
(3 1.84395e-15 0)
(3 6.88427e-16 0)
(3 1.95092e-15 0)
(3 -1.7339e-15 0)
(3 -1.89189e-15 0)
(3 -1.37926e-16 0)
(3 7.40858e-16 0)
(3 1.84976e-16 0)
(3 -2.92136e-16 0)
(3 1.95795e-15 0)
(3 2.13794e-15 0)
(3 -2.25154e-15 0)
(3 -3.34593e-15 0)
(3 2.30697e-15 0)
(3 2.84681e-15 0)
(3 2.07485e-15 0)
(3 6.7912e-16 0)
(3 1.8436e-15 0)
(3 -1.83517e-15 0)
(3 -2.00999e-15 0)
(3 -1.24131e-16 0)
(3 1.25465e-16 0)
(3 1.77918e-15 0)
(3 -1.07273e-15 0)
(3 1.36129e-15 0)
(3 1.09978e-15 0)
(3 -2.56939e-15 0)
(3 -3.6652e-15 0)
(3 1.61001e-15 0)
(3 3.45968e-15 0)
(3 2.5841e-15 0)
(3 1.39452e-15 0)
(3 1.55615e-15 0)
(3 -2.04899e-15 0)
(3 -1.97668e-15 0)
(3 -9.4999e-17 0)
(3 -1.23766e-06 0)
(3 -1.42848e-08 0)
(3 7.60364e-11 0)
(3 1.25751e-11 0)
(3 3.99798e-13 0)
(3 -4.47116e-15 0)
(3 -6.0071e-15 0)
(3 8.18357e-16 0)
(3 4.19402e-15 0)
(3 2.95086e-15 0)
(3 1.48538e-15 0)
(3 1.46159e-15 0)
(3 -2.2214e-15 0)
(3 -1.89976e-15 0)
(3 1.00091e-16 0)
(3.00001 2.17546e-05 0)
(3 -1.20409e-07 0)
(3 -2.37743e-08 0)
(3 -1.15393e-09 0)
(3 -1.20589e-12 0)
(3 2.2932e-14 0)
(3 -1.70122e-15 0)
(3 9.54675e-16 0)
(3 4.00738e-15 0)
(3 3.13044e-15 0)
(3 1.57316e-15 0)
(3 1.51042e-15 0)
(3 -1.57248e-15 0)
(3 -2.80612e-15 0)
(3 -8.49485e-17 0)
(3.00075 0.00154168 0)
(3.00003 0.000107751 0)
(3 3.4818e-06 0)
(3 -4.33164e-09 0)
(3 -4.72396e-11 0)
(3 -1.23175e-11 0)
(3 -1.3808e-13 0)
(3 1.59304e-15 0)
(3 4.30956e-15 0)
(3 3.30751e-15 0)
(3 1.40263e-15 0)
(3 1.82576e-15 0)
(3 -1.07219e-15 0)
(3 -3.93754e-15 0)
(3 -7.88116e-16 0)
(2.994 -0.048796 0)
(2.99999 -0.00105958 0)
(3 8.71212e-07 0)
(3 2.6789e-07 0)
(3 4.60154e-09 0)
(3 -1.39303e-11 0)
(3 -2.38125e-12 0)
(3 -9.10147e-14 0)
(3 1.39778e-15 0)
(3 3.29857e-15 0)
(3 1.11824e-15 0)
(3 2.0328e-15 0)
(3 -1.04489e-15 0)
(3 -4.8735e-15 0)
(3 -9.78254e-16 0)
(2.56844 -0.575969 0)
(2.99062 -0.0384504 0)
(3.00024 -0.000333104 0)
(3 1.87059e-06 0)
(3 2.95849e-07 0)
(3 1.55951e-08 0)
(3 2.04e-10 0)
(3 6.53934e-13 0)
(3 1.15225e-14 0)
(3 4.07371e-15 0)
(3 9.98833e-16 0)
(3 1.89062e-15 0)
(3 -3.40747e-16 0)
(3 -5.21564e-15 0)
(3 -1.70025e-15 0)
(2.17596 -0.90222 0)
(2.66418 -0.459415 0)
(2.98425 -0.0357605 0)
(2.99997 -0.000448728 0)
(3 -4.49247e-06 0)
(3 -1.53452e-08 0)
(3 1.35894e-10 0)
(3 7.96343e-12 0)
(3 -6.33702e-14 0)
(3 6.92378e-16 0)
(3 3.7898e-16 0)
(3 1.84924e-15 0)
(3 1.97252e-16 0)
(3 -5.15522e-15 0)
(3 -1.99717e-15 0)
(2.17701 -0.883675 0)
(2.42011 -0.740055 0)
(2.85218 -0.264621 0)
(2.9962 -0.0142963 0)
(3.00003 -3.48875e-05 0)
(3 1.27718e-06 0)
(3 8.75772e-09 0)
(3 1.09995e-09 0)
(3 7.16655e-11 0)
(3 1.21954e-12 0)
(3 9.17251e-15 0)
(3 2.08439e-15 0)
(3 8.80261e-16 0)
(3 -4.66242e-15 0)
(3 -1.08518e-15 0)
(2.20882 -0.807052 0)
(2.25145 -0.803653 0)
(2.58137 -0.559997 0)
(2.94133 -0.121409 0)
(2.99871 -0.00561523 0)
(2.99998 -8.73719e-05 0)
(3 -1.04205e-06 0)
(3 -1.35817e-08 0)
(3 -7.07454e-11 0)
(3 -4.16342e-13 0)
(3 -1.10289e-14 0)
(3 1.72676e-15 0)
(3 4.93745e-16 0)
(3 -3.65958e-15 0)
(3 -9.13026e-16 0)
(2.28987 -0.637302 0)
(2.25604 -0.788702 0)
(2.39898 -0.741029 0)
(2.77876 -0.374628 0)
(2.99131 -0.0330796 0)
(3.00009 -0.000400598 0)
(3 1.67723e-06 0)
(3 8.68954e-08 0)
(3 1.58366e-08 0)
(3 6.54138e-10 0)
(3 8.54316e-12 0)
(3 6.42237e-14 0)
(3 2.23271e-15 0)
(3 -2.74812e-15 0)
(3 -4.91713e-16 0)
(2.40909 -0.423159 0)
(2.27136 -0.70471 0)
(2.34125 -0.735362 0)
(2.54962 -0.599546 0)
(2.85449 -0.247561 0)
(2.98646 -0.032679 0)
(2.99953 -0.00161311 0)
(2.99999 -4.00249e-05 0)
(3 -6.06593e-07 0)
(3 -6.14344e-09 0)
(3 -4.41396e-11 0)
(3 -2.33935e-13 0)
(3 6.74806e-16 0)
(3 -8.17959e-16 0)
(3 -2.492e-16 0)
(2.51031 -0.176297 0)
(2.31771 -0.610138 0)
(2.34437 -0.710426 0)
(2.4339 -0.685872 0)
(2.74628 -0.411644 0)
(2.97299 -0.0669627 0)
(2.99891 -0.00362942 0)
(2.99998 -7.69355e-05 0)
(3 -1.14824e-06 0)
(3 -1.31563e-08 0)
(3 -1.12244e-10 0)
(3 -7.39652e-13 0)
(3 -2.36188e-15 0)
(3 -1.41732e-15 0)
(3 -1.02472e-15 0)
(2.57597 0.0508519 0)
(2.466 -0.289706 0)
(2.39045 -0.596932 0)
(2.43279 -0.679567 0)
(2.58124 -0.625601 0)
(2.83719 -0.323944 0)
(2.98535 -0.0352038 0)
(2.99968 -0.000815326 0)
(3 -9.03366e-06 0)
(3 -7.54118e-08 0)
(3 -6.01451e-10 0)
(3 -4.27728e-12 0)
(3 -2.37583e-14 0)
(3 -1.16774e-15 0)
(3 -9.57104e-16 0)
(2.60013 -0.0162808 0)
(2.5507 -0.0671255 0)
(2.43513 -0.479731 0)
(2.44137 -0.640806 0)
(2.51391 -0.623964 0)
(2.73472 -0.472905 0)
(2.94273 -0.146682 0)
(2.99646 -0.00984004 0)
(2.99994 -0.000134915 0)
(3 -1.10317e-06 0)
(3 -7.12093e-09 0)
(3 -4.23489e-11 0)
(3 -2.30742e-13 0)
(3 -4.45672e-16 0)
(3 -8.68765e-16 0)
(2.57948 0.0824532 0)
(2.56064 -0.0214624 0)
(2.54464 -0.219616 0)
(2.48201 -0.543245 0)
(2.5209 -0.613866 0)
(2.62075 -0.577985 0)
(2.83154 -0.368967 0)
(2.98145 -0.0521827 0)
(2.99938 -0.00175237 0)
(2.99999 -1.66595e-05 0)
(3 -1.10153e-07 0)
(3 -6.17276e-10 0)
(3 -3.10511e-12 0)
(3 -1.54814e-14 0)
(3 -5.75486e-16 0)
(2.63782 0.262918 0)
(2.61376 0.157565 0)
(2.61807 0.0261012 0)
(2.53487 -0.408316 0)
(2.53728 -0.577223 0)
(2.62875 -0.577114 0)
(2.75989 -0.467949 0)
(2.92002 -0.201138 0)
(2.99448 -0.0142014 0)
(2.9999 -0.000236593 0)
(3 -1.73719e-06 0)
(3 -9.82395e-09 0)
(3 -4.83382e-11 0)
(3 -2.1624e-13 0)
(3 -1.7763e-15 0)
(2.67599 0.370865 0)
(2.66873 0.194941 0)
(2.6595 0.0165152 0)
(2.62046 -0.201564 0)
(2.59163 -0.470331 0)
(2.64802 -0.561031 0)
(2.71919 -0.533926 0)
(2.87752 -0.323318 0)
(2.98076 -0.0593636 0)
(2.9993 -0.00194846 0)
(2.99999 -1.88314e-05 0)
(3 -1.14849e-07 0)
(3 -5.85021e-10 0)
(3 -2.62595e-12 0)
(3 -8.38978e-15 0)
(2.73457 0.411381 0)
(2.71263 0.214008 0)
(2.65087 -0.0479745 0)
(2.68158 -0.0102369 0)
(2.65298 -0.343585 0)
(2.67735 -0.52201 0)
(2.7386 -0.528839 0)
(2.807 -0.43419 0)
(2.93544 -0.170886 0)
(2.99569 -0.0118356 0)
(2.99993 -0.000179784 0)
(3 -1.2136e-06 0)
(3 -6.29568e-09 0)
(3 -2.83402e-11 0)
(3 -1.01725e-13 0)
(2.77044 0.48239 0)
(2.78325 0.327158 0)
(2.72063 0.0650374 0)
(2.74664 0.135085 0)
(2.69713 -0.269434 0)
(2.73536 -0.429546 0)
(2.77215 -0.512204 0)
(2.82979 -0.47309 0)
(2.92209 -0.255136 0)
(2.98655 -0.0419619 0)
(2.9996 -0.00113175 0)
(3 -9.56865e-06 0)
(3 -5.24161e-08 0)
(3 -2.40396e-10 0)
(3 -8.788e-13 0)
(2.78769 0.537909 0)
(2.80093 0.403315 0)
(2.78706 0.206023 0)
(2.80811 0.110144 0)
(2.81632 -0.033464 0)
(2.79292 -0.344308 0)
(2.81431 -0.478839 0)
(2.85262 -0.460425 0)
(2.88348 -0.363295 0)
(2.9676 -0.101711 0)
(2.99825 -0.00539461 0)
(2.99998 -6.15639e-05 0)
(3 -3.53115e-07 0)
(3 -1.61865e-09 0)
(3 -5.90724e-12 0)
(2.82912 0.531297 0)
(2.84813 0.414765 0)
(2.85146 0.252192 0)
(2.83792 0.0711963 0)
(2.87601 0.102337 0)
(2.87335 -0.203688 0)
(2.87174 -0.416297 0)
(2.89137 -0.434378 0)
(2.93204 -0.366298 0)
(2.96242 -0.165915 0)
(2.99554 -0.0158293 0)
(2.99992 -0.000276215 0)
(3 -1.77954e-06 0)
(3 -8.31781e-09 0)
(3 -3.05142e-11 0)
(2.8719 0.584425 0)
(2.91596 0.501504 0)
(2.9361 0.343989 0)
(2.90683 0.173536 0)
(2.94056 0.126155 0)
(2.93733 -0.12432 0)
(2.93654 -0.331192 0)
(2.94061 -0.395066 0)
(2.95462 -0.350624 0)
(2.97223 -0.208516 0)
(2.99364 -0.0332759 0)
(2.9998 -0.000869288 0)
(3 -6.5275e-06 0)
(3 -3.15761e-08 0)
(3 -1.17758e-10 0)
(2.93271 0.612289 0)
(2.97064 0.57923 0)
(2.95763 0.421645 0)
(2.96862 0.313029 0)
(3.00021 0.160146 0)
(3.00283 -0.0260336 0)
(3.00279 -0.241343 0)
(2.9935 -0.345879 0)
(2.98969 -0.31684 0)
(2.98936 -0.207689 0)
(2.99538 -0.0465094 0)
(2.99975 -0.00178882 0)
(3 -1.62252e-05 0)
(3 -8.26162e-08 0)
(3 -3.15973e-10 0)
(2.95118 0.637693 0)
(2.98131 0.589677 0)
(2.98505 0.472918 0)
(3.00519 0.414449 0)
(3.03283 0.185095 0)
(3.06654 0.120466 0)
(3.04956 -0.162274 0)
(3.04217 -0.284134 0)
(3.02418 -0.273119 0)
(3.00116 -0.194194 0)
(2.99791 -0.0480007 0)
(2.99988 -0.00221411 0)
(3 -2.30132e-05 0)
(3 -1.23465e-07 0)
(3 -4.84499e-10 0)
(2.96724 0.657008 0)
(2.99336 0.601548 0)
(3.01217 0.537747 0)
(3.04899 0.453307 0)
(3.03607 0.185692 0)
(3.08443 0.15871 0)
(3.09257 -0.0813695 0)
(3.07883 -0.218975 0)
(3.05239 -0.220557 0)
(3.01815 -0.162434 0)
(3.00042 -0.0429124 0)
(2.99995 -0.00209814 0)
(3 -2.25158e-05 0)
(3 -1.22223e-07 0)
(3 -4.83087e-10 0)
(2.94558 0.65291 0)
(2.98975 0.598327 0)
(3.03045 0.564465 0)
(3.06746 0.466163 0)
(3.03485 0.183082 0)
(3.09346 0.17004 0)
(3.10097 -0.0566041 0)
(3.09514 -0.163058 0)
(3.0679 -0.165837 0)
(3.02747 -0.117063 0)
(3.00376 -0.029323 0)
(3.00012 -0.00146038 0)
(3 -1.6551e-05 0)
(3 -9.38545e-08 0)
(3 -3.82173e-10 0)
(2.88463 0.555164 0)
(2.94653 0.535582 0)
(3.01444 0.50718 0)
(3.05082 0.452989 0)
(3.02308 0.174136 0)
(3.08686 0.144453 0)
(3.09726 -0.0454147 0)
(3.09132 -0.117048 0)
(3.06406 -0.114663 0)
(3.02536 -0.0676274 0)
(3.00397 -0.0132884 0)
(3.00016 -0.000577668 0)
(3 -6.68166e-06 0)
(3 -4.09608e-08 0)
(3 -1.77552e-10 0)
(2.83642 0.373511 0)
(2.88317 0.407024 0)
(2.96294 0.375189 0)
(3.01368 0.378709 0)
(3.01307 0.154589 0)
(3.06967 0.0896402 0)
(3.08092 -0.0430567 0)
(3.0715 -0.0767189 0)
(3.0438 -0.0661788 0)
(3.01394 -0.0271068 0)
(3.00163 -0.00329911 0)
(3.00005 -0.00010214 0)
(3 -1.12277e-06 0)
(3 -7.54276e-09 0)
(3 -3.53857e-11 0)
(2.83461 0.234313 0)
(2.86398 0.265564 0)
(2.92434 0.239641 0)
(2.98252 0.262497 0)
(3.00793 0.116276 0)
(3.04486 0.037391 0)
(3.05811 -0.0330602 0)
(3.04148 -0.0409752 0)
(3.0183 -0.0253429 0)
(3.00363 -0.00569206 0)
(3.00023 -0.000342516 0)
(3 -6.40452e-06 0)
(3 -6.22723e-08 0)
(3 -4.42278e-10 0)
(3 -1.01307e-12 0)
(2.85914 0.150266 0)
(2.88487 0.167986 0)
(2.92149 0.147161 0)
(2.97004 0.151396 0)
(3.00182 0.0684789 0)
(3.0223 0.0102127 0)
(3.0258 -0.014933 0)
(3.01384 -0.0133362 0)
(3.00355 -0.00460043 0)
(3.00033 -0.000450701 0)
(3.00001 -1.17493e-05 0)
(3 -1.28802e-07 0)
(3 -1.02113e-09 0)
(3 2.02918e-12 0)
(3 1.83093e-12 0)
(2.91969 0.0766721 0)
(2.93806 0.0744351 0)
(2.95644 0.0583366 0)
(2.98138 0.05076 0)
(2.99793 0.0190459 0)
(3.00864 0.00255723 0)
(3.00434 -0.00250665 0)
(3.00141 -0.00126902 0)
(3.00019 -0.000216647 0)
(3.00001 -8.90469e-06 0)
(3 -1.13829e-07 0)
(3 -8.10132e-10 0)
(3 1.67256e-11 0)
(3 7.93007e-12 0)
(3 9.70025e-13 0)
(2.63366 0.114239 0)
(2.66478 0.24279 0)
(2.75974 0.310925 0)
(2.7867 0.380941 0)
(2.75066 0.474238 0)
(2.73595 0.490869 0)
(2.75777 0.551341 0)
(2.76833 0.629174 0)
(2.79574 0.639376 0)
(2.85259 0.630772 0)
(2.88503 0.623639 0)
(2.89523 0.644853 0)
(2.91191 0.67014 0)
(2.92132 0.708941 0)
(2.91069 0.619613 0)
(2.83009 0.406283 0)
(2.78647 0.249625 0)
(2.80656 0.176567 0)
(2.8398 0.134427 0)
(2.90776 0.081394 0)
(2.67402 0.301113 0)
(2.70417 0.403806 0)
(2.76313 0.435272 0)
(2.79533 0.510522 0)
(2.78156 0.574366 0)
(2.77891 0.608464 0)
(2.78146 0.670998 0)
(2.79351 0.688715 0)
(2.83025 0.677042 0)
(2.89424 0.684507 0)
(2.93312 0.669366 0)
(2.92732 0.663483 0)
(2.90502 0.574926 0)
(2.90362 0.453047 0)
(2.85548 0.294821 0)
(2.7871 0.220283 0)
(2.77567 0.185735 0)
(2.79909 0.15029 0)
(2.83186 0.123715 0)
(2.90135 0.0777066 0)
(2.70912 0.491247 0)
(2.72311 0.557526 0)
(2.75114 0.64638 0)
(2.76585 0.691257 0)
(2.79445 0.704098 0)
(2.81202 0.733383 0)
(2.81213 0.750562 0)
(2.83532 0.73498 0)
(2.88247 0.726297 0)
(2.952 0.717119 0)
(2.94465 0.680948 0)
(2.90731 0.455867 0)
(2.8823 0.185925 0)
(2.85813 0.033076 0)
(2.80578 0.0736923 0)
(2.76954 0.160336 0)
(2.77134 0.167839 0)
(2.79954 0.137861 0)
(2.82749 0.108637 0)
(2.88792 0.0729086 0)
(2.74152 0.651394 0)
(2.73196 0.709441 0)
(2.7311 0.769327 0)
(2.74614 0.777558 0)
(2.80278 0.768416 0)
(2.82757 0.819781 0)
(2.84088 0.819316 0)
(2.87356 0.805975 0)
(2.94758 0.764125 0)
(2.95469 0.700131 0)
(2.93236 0.383293 0)
(2.88278 0.11691 0)
(2.8496 0.077189 0)
(2.80716 0.0653587 0)
(2.76205 0.128349 0)
(2.75754 0.158783 0)
(2.7659 0.150359 0)
(2.79714 0.116985 0)
(2.82245 0.0964364 0)
(2.87985 0.0632501 0)
(2.75847 0.817495 0)
(2.7256 0.889634 0)
(2.71368 0.938523 0)
(2.73116 0.936035 0)
(2.79532 0.919155 0)
(2.83463 0.895005 0)
(2.85244 0.896525 0)
(2.90678 0.865933 0)
(2.93591 0.732235 0)
(2.92249 0.347542 0)
(2.86499 0.151959 0)
(2.79808 0.0104943 0)
(2.7633 0.0406106 0)
(2.72839 0.0988537 0)
(2.71889 0.135445 0)
(2.7321 0.138171 0)
(2.74971 0.127197 0)
(2.78269 0.0973126 0)
(2.80799 0.0830223 0)
(2.87172 0.0562432 0)
(2.72694 1.04288 0)
(2.71626 1.06755 0)
(2.69569 1.02824 0)
(2.73033 1.01494 0)
(2.77647 0.993551 0)
(2.84306 0.983879 0)
(2.86422 0.969552 0)
(2.88179 0.776237 0)
(2.88567 0.351824 0)
(2.78453 0.0348669 0)
(2.6865 -0.00520313 0)
(2.67178 -0.000613769 0)
(2.66806 0.0356346 0)
(2.6587 0.104035 0)
(2.6722 0.125331 0)
(2.69614 0.117611 0)
(2.72001 0.104902 0)
(2.76246 0.0811727 0)
(2.79077 0.0699902 0)
(2.86996 0.0472205 0)
(2.68399 1.255 0)
(2.69661 1.20869 0)
(2.7109 1.22908 0)
(2.73032 1.19455 0)
(2.75852 1.08046 0)
(2.81041 0.874291 0)
(2.83417 0.609109 0)
(2.8136 0.285348 0)
(2.68926 0.00828571 0)
(2.57691 -0.0402232 0)
(2.54117 -0.033828 0)
(2.52457 -0.00612581 0)
(2.50529 0.0414679 0)
(2.50604 0.105504 0)
(2.56556 0.121206 0)
(2.64402 0.0947163 0)
(2.67878 0.0803644 0)
(2.73877 0.0665342 0)
(2.77914 0.0562543 0)
(2.86827 0.0374696 0)
(2.63276 1.46048 0)
(2.64093 1.39661 0)
(2.60355 1.1533 0)
(2.62542 0.900664 0)
(2.63672 0.518347 0)
(2.64592 0.301484 0)
(2.68615 0.185563 0)
(2.60374 0.0211354 0)
(2.50165 -0.0102644 0)
(2.44567 -0.0383398 0)
(2.36474 -0.039363 0)
(2.31248 -0.00895992 0)
(2.30194 0.0239736 0)
(2.33619 0.0774774 0)
(2.45098 0.0871754 0)
(2.5942 0.0620137 0)
(2.64826 0.0514271 0)
(2.71983 0.0490786 0)
(2.77412 0.0393189 0)
(2.86688 0.0257786 0)
(2.28245 0.794862 0)
(2.28847 0.500916 0)
(2.3215 0.356869 0)
(2.36267 0.23818 0)
(2.33316 0.0443633 0)
(2.36282 0.0152625 0)
(2.41062 0.0236728 0)
(2.41187 0.00417745 0)
(2.39523 -0.00609414 0)
(2.3346 -0.0246768 0)
(2.2195 -0.0371718 0)
(2.15528 -0.0223082 0)
(2.16033 0.00586295 0)
(2.23688 0.0396602 0)
(2.39721 0.0370673 0)
(2.56009 0.0307909 0)
(2.63273 0.0305208 0)
(2.7081 0.0302336 0)
(2.76802 0.0241514 0)
(2.86322 0.0161924 0)
(1.96238 0.166422 0)
(2.03735 0.125435 0)
(2.10306 0.11145 0)
(2.17633 0.0656426 0)
(2.21831 0.0257372 0)
(2.26317 0.0132407 0)
(2.33282 0.0132326 0)
(2.35065 0.00940346 0)
(2.33256 0.00580765 0)
(2.27148 -0.00366413 0)
(2.15249 -0.0141405 0)
(2.09531 -0.0141367 0)
(2.11239 -0.00698987 0)
(2.21076 0.00475469 0)
(2.39587 0.00953516 0)
(2.56567 0.0111454 0)
(2.63658 0.0130817 0)
(2.71334 0.0131613 0)
(2.7762 0.0106421 0)
(2.86647 0.00685653 0)
)
;

boundaryField
{
    inlet
    {
        type            fixedValue;
        value           uniform (3 0 0);
    }
    outlet
    {
        type            inletOutlet;
        inletValue      uniform (3 0 0);
        value           nonuniform List<vector> 
50
(
(2.91953 -0.0768933 0)
(2.9382 -0.0749999 0)
(2.95677 -0.05821 0)
(2.98166 -0.0501731 0)
(2.99809 -0.0188559 0)
(3.00872 -0.00244834 0)
(3.00436 0.00252854 0)
(3.00141 0.0012708 0)
(3.00019 0.00021638 0)
(3.00001 8.88322e-06 0)
(3 1.13542e-07 0)
(3 8.08422e-10 0)
(3 -1.67777e-11 0)
(3 -7.94906e-12 0)
(3 -9.70264e-13 0)
(2.86781 -0.00619991 0)
(2.86598 -0.0171884 0)
(2.8656 -0.0279191 0)
(2.86879 -0.0366358 0)
(2.87124 -0.047004 0)
(2.87224 -0.0554453 0)
(2.8808 -0.0623945 0)
(2.88786 -0.0720304 0)
(2.90051 -0.0773294 0)
(2.90739 -0.081135 0)
(2.90776 0.081394 0)
(2.90135 0.0777066 0)
(2.88792 0.0729086 0)
(2.87985 0.0632501 0)
(2.87172 0.0562432 0)
(2.86996 0.0472205 0)
(2.86827 0.0374696 0)
(2.86688 0.0257786 0)
(2.86322 0.0161924 0)
(2.86647 0.00685653 0)
(2.91969 0.0766721 0)
(2.93806 0.0744351 0)
(2.95644 0.0583366 0)
(2.98138 0.05076 0)
(2.99793 0.0190459 0)
(3.00864 0.00255723 0)
(3.00434 -0.00250665 0)
(3.00141 -0.00126902 0)
(3.00019 -0.000216647 0)
(3.00001 -8.90469e-06 0)
(3 -1.13829e-07 0)
(3 -8.10132e-10 0)
(3 1.67256e-11 0)
(3 7.93007e-12 0)
(3 9.70025e-13 0)
)
;
    }
    airfoil
    {
        type            slip;
    }
    top
    {
        type            symmetryPlane;
    }
    bottom
    {
        type            symmetryPlane;
    }
    defaultFaces
    {
        type            empty;
    }
}


// ************************************************************************* //
