/*--------------------------------*- C++ -*----------------------------------*\
  =========                 |
  \\      /  F ield         | OpenFOAM: The Open Source CFD Toolbox
   \\    /   O peration     | Website:  https://openfoam.org
    \\  /    A nd           | Version:  7
     \\/     M anipulation  |
\*---------------------------------------------------------------------------*/
FoamFile
{
    version     2.0;
    format      ascii;
    class       volVectorField;
    location    "0.5";
    object      U;
}
// * * * * * * * * * * * * * * * * * * * * * * * * * * * * * * * * * * * * * //

dimensions      [0 1 -1 0 0 0 0];

internalField   nonuniform List<vector> 
3700
(
(0.50398 -0.121794 0)
(0.481941 -0.198529 0)
(0.556475 -0.106884 0)
(0.645091 -0.112897 0)
(0.739415 -0.116948 0)
(0.821038 -0.140006 0)
(0.885451 -0.172228 0)
(0.938979 -0.166885 0)
(1.01784 -0.136963 0)
(1.10562 -0.125762 0)
(1.20367 -0.133817 0)
(1.30873 -0.146929 0)
(1.39707 -0.194349 0)
(1.47319 -0.229029 0)
(1.51891 -0.271873 0)
(1.55824 -0.281615 0)
(1.58978 -0.273517 0)
(1.58153 -0.234686 0)
(1.55855 -0.178187 0)
(1.5715 -0.105479 0)
(1.07838 -0.44157 0)
(0.966895 -0.556302 0)
(0.974843 -0.380077 0)
(1.07662 -0.358279 0)
(1.23415 -0.377665 0)
(1.45601 -0.448948 0)
(1.68235 -0.571682 0)
(1.84751 -0.649854 0)
(1.99345 -0.730947 0)
(2.03069 -0.813392 0)
(2.04479 -0.922035 0)
(2.12325 -1.00705 0)
(2.14834 -1.16089 0)
(2.14701 -1.31043 0)
(2.15741 -1.46104 0)
(2.17697 -1.45524 0)
(2.21178 -1.48859 0)
(2.25076 -1.38629 0)
(2.25871 -1.18782 0)
(2.32896 -0.925446 0)
(1.32069 -1.21706 0)
(1.35252 -1.51112 0)
(1.63825 -1.68367 0)
(1.9053 -1.84693 0)
(1.96939 -2.04384 0)
(2.09161 -2.33541 0)
(2.0982 -2.25913 0)
(2.07974 -2.22455 0)
(2.17885 -2.15516 0)
(2.27703 -2.11548 0)
(2.36693 -2.07847 0)
(2.44281 -2.04851 0)
(2.48811 -2.03705 0)
(2.52261 -2.00028 0)
(2.48341 -2.02258 0)
(2.50931 -1.92579 0)
(2.52092 -1.95526 0)
(2.5652 -1.80138 0)
(2.59947 -1.73452 0)
(2.71617 -1.63728 0)
(1.1925 -1.19278 0)
(1.39142 -1.51143 0)
(1.65923 -1.98289 0)
(1.84989 -2.33764 0)
(1.95286 -2.43463 0)
(2.02668 -2.39391 0)
(2.08403 -2.25006 0)
(2.04494 -2.30747 0)
(2.19819 -2.22683 0)
(2.33468 -2.07954 0)
(2.47216 -1.97376 0)
(2.61444 -1.93422 0)
(2.75627 -1.78595 0)
(2.86429 -1.65647 0)
(2.83588 -1.65706 0)
(2.84 -1.64105 0)
(2.7511 -1.771 0)
(2.72331 -1.65131 0)
(2.69909 -1.5945 0)
(2.70316 -1.46931 0)
(1.16835 -1.21721 0)
(1.47573 -1.55623 0)
(1.78874 -1.98109 0)
(2.06446 -2.22159 0)
(2.27059 -2.36609 0)
(2.31861 -2.43054 0)
(2.37244 -2.24395 0)
(2.29917 -2.28098 0)
(2.37971 -2.2446 0)
(2.46843 -2.04671 0)
(2.54104 -1.9423 0)
(2.60553 -1.87901 0)
(2.66513 -1.82625 0)
(2.73786 -1.68183 0)
(2.80495 -1.44868 0)
(2.93344 -1.30394 0)
(2.93883 -1.20512 0)
(2.92863 -1.20232 0)
(2.89611 -1.19258 0)
(2.8297 -1.18832 0)
(1.22787 -1.25004 0)
(1.57187 -1.54056 0)
(1.95046 -1.96247 0)
(2.20446 -2.19965 0)
(2.46264 -2.2178 0)
(2.52359 -2.30104 0)
(2.60204 -2.06382 0)
(2.52748 -2.13811 0)
(2.6061 -2.07918 0)
(2.65911 -1.98982 0)
(2.69924 -1.8958 0)
(2.76925 -1.76534 0)
(2.78953 -1.68884 0)
(2.7771 -1.60358 0)
(2.76235 -1.47098 0)
(2.84747 -1.40406 0)
(2.85962 -1.15616 0)
(2.94185 -1.03586 0)
(2.94903 -0.866968 0)
(2.93949 -0.726156 0)
(1.39122 -1.3091 0)
(1.76932 -1.53295 0)
(2.15862 -1.9982 0)
(2.27498 -2.24287 0)
(2.49145 -2.20172 0)
(2.54965 -2.28777 0)
(2.66858 -1.96371 0)
(2.7124 -1.99675 0)
(2.76181 -1.80877 0)
(2.816 -1.76834 0)
(2.91665 -1.66799 0)
(2.98598 -1.51629 0)
(3.01417 -1.42297 0)
(2.99426 -1.37597 0)
(2.9437 -1.26615 0)
(2.88753 -1.27011 0)
(2.85126 -1.10223 0)
(2.88625 -1.01072 0)
(2.88569 -0.847755 0)
(2.90281 -0.592163 0)
(1.51567 -1.34625 0)
(1.82618 -1.58688 0)
(2.10683 -2.05624 0)
(2.16431 -2.32976 0)
(2.32834 -2.20992 0)
(2.28698 -2.31036 0)
(2.54523 -1.80697 0)
(2.55546 -1.8429 0)
(2.73787 -1.51712 0)
(2.806 -1.52568 0)
(2.90774 -1.29035 0)
(3.01473 -1.09364 0)
(3.11095 -0.951532 0)
(3.17593 -0.849163 0)
(3.16878 -0.805253 0)
(3.08699 -0.834838 0)
(2.97939 -0.833881 0)
(2.92248 -0.783909 0)
(2.89105 -0.691526 0)
(2.8559 -0.449082 0)
(1.63506 -1.43077 0)
(1.80274 -1.62206 0)
(1.95702 -2.0269 0)
(1.88426 -2.15515 0)
(2.00218 -2.06142 0)
(1.97492 -2.13784 0)
(2.25685 -1.74535 0)
(2.29605 -1.78367 0)
(2.50408 -1.48344 0)
(2.5976 -1.46011 0)
(2.72831 -1.26475 0)
(2.84984 -1.05986 0)
(2.98533 -0.866569 0)
(3.03588 -0.551461 0)
(3.09928 -0.335081 0)
(3.09932 -0.229535 0)
(3.05136 -0.293975 0)
(2.98365 -0.360374 0)
(2.93204 -0.38071 0)
(2.86925 -0.256265 0)
(1.70728 -1.50005 0)
(1.65796 -1.68532 0)
(1.69849 -1.95861 0)
(1.76399 -2.06027 0)
(1.9458 -1.92279 0)
(2.01031 -1.98228 0)
(2.22898 -1.68517 0)
(2.31006 -1.62816 0)
(2.4369 -1.49597 0)
(2.54909 -1.30638 0)
(2.6555 -1.18301 0)
(2.73815 -0.985779 0)
(2.82507 -0.872056 0)
(2.88208 -0.661947 0)
(2.94977 -0.456086 0)
(2.97575 -0.209843 0)
(2.95938 0.0278948 0)
(2.92216 0.0472486 0)
(2.86748 0.122129 0)
(2.84807 0.0864997 0)
(1.60293 -1.47618 0)
(1.50287 -1.61617 0)
(1.4394 -1.8507 0)
(1.72861 -1.89489 0)
(2.02149 -1.75963 0)
(2.21197 -1.75463 0)
(2.34947 -1.69415 0)
(2.54324 -1.26289 0)
(2.56789 -1.36363 0)
(2.67201 -0.946114 0)
(2.75368 -0.88317 0)
(2.79432 -0.6559 0)
(2.81706 -0.583657 0)
(2.81644 -0.44335 0)
(2.82349 -0.349323 0)
(2.84004 -0.217784 0)
(2.81977 -0.0101072 0)
(2.80075 0.150721 0)
(2.74884 0.300058 0)
(2.74902 0.310615 0)
(1.59567 -1.52381 0)
(1.55214 -1.548 0)
(1.38602 -1.69231 0)
(1.72189 -1.82039 0)
(2.06928 -1.71313 0)
(2.35351 -1.54183 0)
(2.68308 -1.42094 0)
(2.71362 -0.797245 0)
(2.7769 -0.793223 0)
(2.79356 -0.463091 0)
(2.84911 -0.363623 0)
(2.82703 -0.12252 0)
(2.82168 -0.0553485 0)
(2.79495 0.0378451 0)
(2.76049 0.0859089 0)
(2.74193 0.0874826 0)
(2.69661 0.179036 0)
(2.68156 0.248221 0)
(2.62499 0.418941 0)
(2.60518 0.410967 0)
(1.68311 -1.57764 0)
(1.76471 -1.53895 0)
(1.6374 -1.40999 0)
(1.80357 -1.77781 0)
(2.44549 -1.58583 0)
(2.76987 -1.3372 0)
(2.84185 -0.620224 0)
(2.69669 -0.791288 0)
(2.72663 -0.554674 0)
(2.73713 -0.349357 0)
(2.77011 -0.161634 0)
(2.72887 0.0865514 0)
(2.70798 0.245669 0)
(2.67801 0.364177 0)
(2.61796 0.485427 0)
(2.59104 0.499601 0)
(2.53617 0.570707 0)
(2.53665 0.573753 0)
(2.4933 0.646569 0)
(2.4514 0.737366 0)
(1.66004 -1.59485 0)
(1.83005 -1.59306 0)
(1.87739 -1.21889 0)
(2.20643 -1.52808 0)
(2.38947 -1.40521 0)
(2.55618 -1.14952 0)
(2.61979 -0.644241 0)
(2.56248 -0.576251 0)
(2.60681 -0.386714 0)
(2.61902 -0.140868 0)
(2.62194 0.0538083 0)
(2.57495 0.252531 0)
(2.54842 0.382145 0)
(2.52232 0.491855 0)
(2.45209 0.636884 0)
(2.42394 0.710133 0)
(2.34448 0.815977 0)
(2.35406 0.852314 0)
(2.32895 0.902222 0)
(2.38425 0.921256 0)
(1.5182 -1.52761 0)
(1.74746 -1.82903 0)
(2.41175 -0.802361 0)
(2.29834 -1.31736 0)
(2.31579 -1.10606 0)
(2.43673 -0.796626 0)
(2.48265 -0.480335 0)
(2.51159 -0.155635 0)
(2.54489 0.0565439 0)
(2.51046 0.282531 0)
(2.4687 0.454184 0)
(2.39801 0.610754 0)
(2.34808 0.703076 0)
(2.32225 0.745366 0)
(2.26392 0.830578 0)
(2.2589 0.872242 0)
(2.19814 0.946712 0)
(2.2504 0.975012 0)
(2.26605 0.973107 0)
(2.33893 0.960528 0)
(1.19848 -1.44799 0)
(1.45695 -1.88284 0)
(2.21454 -0.880735 0)
(2.16257 -1.1259 0)
(2.40576 -0.413207 0)
(2.48743 -0.0666891 0)
(2.45595 0.162553 0)
(2.42905 0.29461 0)
(2.41858 0.474317 0)
(2.32951 0.677131 0)
(2.25869 0.815682 0)
(2.18843 0.920863 0)
(2.13731 0.9783 0)
(2.12235 0.994498 0)
(2.09396 1.03122 0)
(2.14488 1.00647 0)
(2.16149 1.00606 0)
(2.23213 0.98372 0)
(2.43765 0.858096 0)
(2.70808 0.649935 0)
(0.93048 -0.912528 0)
(1.33069 -1.37996 0)
(2.09788 -0.729456 0)
(2.34044 -0.0818732 0)
(2.4052 0.151463 0)
(2.39935 0.37391 0)
(2.28859 0.638347 0)
(2.23695 0.721521 0)
(2.2017 0.828401 0)
(2.10104 0.969826 0)
(2.03763 1.05578 0)
(2.00356 1.10285 0)
(1.991 1.11124 0)
(2.03067 1.08676 0)
(2.06455 1.06312 0)
(2.17102 0.999327 0)
(2.39746 0.846011 0)
(2.73849 0.544663 0)
(3.01856 0.154386 0)
(3.0226 0.00837429 0)
(0.923325 0.125151 0)
(2.00982 0.483592 0)
(2.29921 0.386816 0)
(2.25207 0.614264 0)
(2.23654 0.694551 0)
(2.15484 0.817565 0)
(2.07564 0.898029 0)
(2.02367 0.983288 0)
(1.95493 1.09046 0)
(1.90091 1.17434 0)
(1.89462 1.17695 0)
(1.92055 1.16493 0)
(1.97442 1.11982 0)
(2.14589 0.979341 0)
(2.3962 0.794599 0)
(2.81119 0.395132 0)
(3.04282 0.0513141 0)
(3.0116 -0.00402991 0)
(2.99953 -0.00106685 0)
(3 -0.000626177 0)
(0.96661 0.109271 0)
(1.96567 0.686403 0)
(2.10424 0.837626 0)
(2.02138 0.951023 0)
(2.0054 0.980217 0)
(1.89039 1.11343 0)
(1.82891 1.1464 0)
(1.81914 1.18287 0)
(1.82784 1.19937 0)
(1.81117 1.24178 0)
(1.87469 1.17426 0)
(2.09798 0.977779 0)
(2.45526 0.67308 0)
(2.92689 0.213947 0)
(3.04961 -0.00122715 0)
(3.00419 -0.00426239 0)
(3.00094 -0.00197877 0)
(2.99999 -0.00098835 0)
(2.99994 -0.000180597 0)
(3 -9.33029e-07 0)
(1.18145 0.768563 0)
(1.84785 1.16371 0)
(1.848 1.17332 0)
(1.76989 1.20667 0)
(1.73398 1.22546 0)
(1.70172 1.2683 0)
(1.71825 1.22098 0)
(1.78785 1.19584 0)
(1.83642 1.23795 0)
(2.00575 1.04604 0)
(2.62235 0.476839 0)
(3.05013 0.0496156 0)
(3.04207 -0.0164682 0)
(3.00064 -0.00233797 0)
(3.00029 -0.00143647 0)
(2.99999 -0.000281307 0)
(3 -6.66096e-06 0)
(3 4.4515e-06 0)
(3 1.76003e-06 0)
(3 3.40239e-07 0)
(1.59689 1.26573 0)
(1.60371 1.27142 0)
(1.61013 1.27725 0)
(1.62383 1.28086 0)
(1.6492 1.27378 0)
(1.63831 1.28277 0)
(2.10205 1.1013 0)
(3.19217 0.0607594 0)
(3.08569 -0.133763 0)
(3.00001 -3.0574e-05 0)
(2.99999 5.27815e-05 0)
(3 -1.07899e-08 0)
(3 4.28253e-09 0)
(3 2.5499e-09 0)
(3 -2.5954e-09 0)
(3 1.4594e-11 0)
(3 5.58392e-12 0)
(3 4.22365e-12 0)
(3 -9.63304e-13 0)
(3 3.87413e-13 0)
(1.59137 1.25932 0)
(1.60538 1.26596 0)
(1.61397 1.27702 0)
(1.61825 1.27915 0)
(1.6683 1.25426 0)
(1.71134 1.28549 0)
(2.22778 0.826023 0)
(2.97599 0.0575195 0)
(3 -8.91455e-07 0)
(3 1.1431e-08 0)
(3 -3.36408e-10 0)
(3 2.64324e-11 0)
(3 -1.69867e-12 0)
(3 -5.39704e-13 0)
(3 6.05081e-15 0)
(3 2.11917e-15 0)
(3 1.03792e-15 0)
(3 -4.00051e-16 0)
(3 6.93815e-16 0)
(3 3.7997e-17 0)
(1.59171 1.25451 0)
(1.61046 1.26092 0)
(1.61861 1.26784 0)
(1.60496 1.29139 0)
(1.78397 1.21275 0)
(2.4071 0.78165 0)
(3.02047 -0.0177055 0)
(3.00053 0.000349421 0)
(3 7.82573e-07 0)
(3 -6.66016e-09 0)
(3 6.47115e-12 0)
(3 -2.6824e-13 0)
(3 -2.90569e-15 0)
(3 8.13058e-16 0)
(3 4.20908e-16 0)
(3 5.91548e-16 0)
(3 1.73244e-16 0)
(3 6.33655e-16 0)
(3 -8.38e-16 0)
(3 -1.67726e-17 0)
(1.58967 1.25762 0)
(1.61029 1.26216 0)
(1.63132 1.26196 0)
(1.61256 1.29661 0)
(1.8104 1.12358 0)
(2.69239 0.26793 0)
(2.99977 0.00390649 0)
(3.00002 -4.23754e-05 0)
(3 -8.6723e-08 0)
(3 1.44732e-09 0)
(3 -1.34606e-13 0)
(3 -8.84665e-16 0)
(3 4.67259e-16 0)
(3 8.81743e-18 0)
(3 3.02774e-16 0)
(3 3.56002e-16 0)
(3 -1.32316e-15 0)
(3 1.15454e-16 0)
(3 -2.66246e-15 0)
(3 9.56232e-17 0)
(1.58622 1.26968 0)
(1.60068 1.27249 0)
(1.63439 1.25788 0)
(1.72447 1.22153 0)
(2.41285 0.632635 0)
(3.01963 -0.0220579 0)
(2.99971 -0.000203465 0)
(3 5.32577e-07 0)
(3 3.02263e-09 0)
(3 -8.14376e-11 0)
(3 2.86361e-15 0)
(3 1.64905e-15 0)
(3 6.91687e-16 0)
(3 1.89707e-16 0)
(3 1.46178e-16 0)
(3 -1.25505e-16 0)
(3 -1.12061e-15 0)
(3 -2.76582e-16 0)
(3 -2.19241e-15 0)
(3 -2.61855e-16 0)
(1.58449 1.28518 0)
(1.58475 1.28479 0)
(1.6404 1.2587 0)
(1.75675 1.17279 0)
(2.66514 0.287018 0)
(3 -9.91103e-11 0)
(3 4.14208e-11 0)
(3 5.36141e-13 0)
(3 -1.14014e-13 0)
(3 2.0535e-15 0)
(3 1.25038e-15 0)
(3 1.02425e-15 0)
(3 9.06469e-16 0)
(3 3.26597e-16 0)
(3 2.91983e-16 0)
(3 2.6413e-16 0)
(3 -8.0747e-16 0)
(3 -7.13832e-16 0)
(3 -1.24564e-15 0)
(3 -6.43356e-17 0)
(1.58539 1.29824 0)
(1.55474 1.30063 0)
(1.67912 1.23376 0)
(2.20501 0.830296 0)
(3.02342 -0.0237646 0)
(3 4.29511e-10 0)
(3 -2.76304e-12 0)
(3 5.41185e-15 0)
(3 8.73805e-16 0)
(3 -4.61262e-17 0)
(3 9.93784e-17 0)
(3 2.92736e-17 0)
(3 6.22005e-16 0)
(3 4.35039e-16 0)
(3 4.48534e-16 0)
(3 9.93045e-16 0)
(3 -6.60867e-16 0)
(3 -9.4769e-16 0)
(3 -9.55764e-17 0)
(3 -8.04741e-17 0)
(1.59018 1.32794 0)
(1.50186 1.32625 0)
(1.72218 1.19681 0)
(2.37076 0.572882 0)
(3 2.30418e-12 0)
(3 -1.50643e-12 0)
(3 2.13089e-14 0)
(3 -5.9567e-16 0)
(3 2.86452e-16 0)
(3 -3.09674e-17 0)
(3 -1.53087e-15 0)
(3 -5.14772e-16 0)
(3 -3.0867e-16 0)
(3 3.75836e-16 0)
(3 3.40097e-16 0)
(3 3.89685e-16 0)
(3 -4.25471e-16 0)
(3 -5.59817e-16 0)
(3 2.29396e-16 0)
(3 3.95826e-16 0)
(1.59049 1.3042 0)
(1.47701 1.33457 0)
(2.00942 1.0258 0)
(2.89837 0.105603 0)
(3 -2.27049e-10 0)
(3 1.52476e-12 0)
(3 -8.23875e-15 0)
(3 1.96759e-16 0)
(3 -2.75774e-17 0)
(3 -5.7411e-17 0)
(3 -8.77009e-16 0)
(3 -1.63836e-15 0)
(3 -1.70327e-16 0)
(3 8.45516e-16 0)
(3 8.68355e-16 0)
(3 1.77517e-16 0)
(3 -4.64021e-16 0)
(3 2.48973e-16 0)
(3 4.28856e-16 0)
(3 4.32271e-16 0)
(1.60555 1.29505 0)
(1.4816 1.39407 0)
(2.12277 0.847144 0)
(3.01098 -0.00865723 0)
(3 2.15707e-10 0)
(3 -7.97927e-13 0)
(3 4.20767e-15 0)
(3 3.20202e-16 0)
(3 3.33222e-16 0)
(3 6.75993e-16 0)
(3 1.5423e-16 0)
(3 -4.08879e-16 0)
(3 -1.95305e-16 0)
(3 1.13866e-15 0)
(3 1.40561e-15 0)
(3 1.82992e-16 0)
(3 -6.51383e-16 0)
(3 4.62991e-16 0)
(3 5.78351e-17 0)
(3 -4.39806e-17 0)
(1.62195 1.27895 0)
(1.57925 1.3067 0)
(2.43967 0.518513 0)
(3 1.19582e-13 0)
(3 -2.05851e-13 0)
(3 4.09842e-15 0)
(3 7.90527e-16 0)
(3 4.97863e-16 0)
(3 8.22156e-17 0)
(3 4.45332e-16 0)
(3 3.94185e-16 0)
(3 -7.65478e-16 0)
(3 -4.59332e-17 0)
(3 9.52968e-16 0)
(3 1.31395e-15 0)
(3 4.33357e-16 0)
(3 -3.66327e-16 0)
(3 -4.8572e-16 0)
(3 5.6601e-17 0)
(3 1.64193e-16 0)
(1.6365 1.26416 0)
(1.63064 1.2479 0)
(2.64639 0.295295 0)
(3 -2.84796e-13 0)
(3 2.68962e-15 0)
(3 -2.71281e-17 0)
(3 8.56819e-17 0)
(3 -7.35708e-16 0)
(3 -1.93958e-15 0)
(3 -1.31045e-15 0)
(3 -1.03154e-15 0)
(3 -6.02639e-16 0)
(3 2.36386e-16 0)
(3 8.38146e-16 0)
(3 4.99285e-16 0)
(3 1.05163e-16 0)
(3 -8.02125e-16 0)
(3 -8.38325e-16 0)
(3 -3.99263e-16 0)
(3 -1.32106e-16 0)
(1.65327 1.24776 0)
(1.83563 1.10109 0)
(2.87611 0.0933933 0)
(3 -7.27604e-16 0)
(3 -4.99829e-16 0)
(3 -1.05638e-15 0)
(3 -1.30947e-15 0)
(3 -1.92564e-15 0)
(3 -2.34407e-15 0)
(3 -1.68744e-15 0)
(3 -1.04743e-15 0)
(3 -3.21474e-16 0)
(3 3.24153e-16 0)
(3 1.17027e-15 0)
(3 1.32685e-15 0)
(3 1.03103e-15 0)
(3 1.10837e-16 0)
(3 7.32385e-17 0)
(3 3.83136e-16 0)
(3 5.65986e-16 0)
(1.6769 1.19749 0)
(1.89282 0.983599 0)
(2.99391 0.0049614 0)
(3 -4.84674e-16 0)
(3 -5.57168e-16 0)
(3 -9.54929e-16 0)
(3 -9.56804e-16 0)
(3 -1.54033e-15 0)
(3 -1.33242e-15 0)
(3 -1.48246e-15 0)
(3 -1.49133e-15 0)
(3 -1.3207e-15 0)
(3 -2.74172e-16 0)
(3 4.21054e-17 0)
(3 7.6768e-16 0)
(3 9.20022e-16 0)
(3 3.86013e-16 0)
(3 3.70707e-16 0)
(3 4.96312e-16 0)
(3 6.66607e-16 0)
(1.71378 1.15859 0)
(2.05381 0.8293 0)
(3 -4.61721e-17 0)
(3 9.33203e-16 0)
(3 9.62057e-16 0)
(3 6.37021e-16 0)
(3 6.47927e-17 0)
(3 -2.8157e-16 0)
(3 -5.01306e-16 0)
(3 -8.64909e-16 0)
(3 -1.02516e-15 0)
(3 -9.63061e-16 0)
(3 -6.92906e-16 0)
(3 -8.40932e-16 0)
(3 -1.01652e-15 0)
(3 -5.82101e-16 0)
(3 -4.43608e-16 0)
(3 -8.99422e-16 0)
(3 -7.94315e-16 0)
(3 -4.75565e-16 0)
(1.72687 1.10482 0)
(2.19837 0.664699 0)
(3 2.90036e-15 0)
(3 1.95226e-15 0)
(3 1.13839e-15 0)
(3 -6.25896e-17 0)
(3 -1.22663e-15 0)
(3 -1.73569e-15 0)
(3 -1.56688e-15 0)
(3 -1.54049e-15 0)
(3 -1.27674e-15 0)
(3 -1.41875e-15 0)
(3 -1.41499e-15 0)
(3 -4.10226e-16 0)
(3 -8.8186e-16 0)
(3 -7.31987e-16 0)
(3 -3.20699e-16 0)
(3 -6.51444e-16 0)
(3 -6.05357e-16 0)
(3 -5.11784e-16 0)
(1.82914 1.01546 0)
(2.43298 0.458033 0)
(3 7.4828e-16 0)
(3 1.10912e-15 0)
(3 6.42225e-16 0)
(3 1.30608e-16 0)
(3 -3.28702e-16 0)
(3 -1.39711e-15 0)
(3 -1.91281e-15 0)
(3 -1.78898e-15 0)
(3 -1.27773e-15 0)
(3 -1.01883e-15 0)
(3 -9.75187e-16 0)
(3 -1.15358e-15 0)
(3 -1.3406e-15 0)
(3 -1.35054e-15 0)
(3 -1.24154e-15 0)
(3 -1.3084e-15 0)
(3 -1.28063e-15 0)
(3 -1.05055e-15 0)
(1.92793 0.874837 0)
(2.70054 0.213143 0)
(3 2.14542e-15 0)
(3 3.11222e-15 0)
(3 3.61082e-15 0)
(3 3.6817e-15 0)
(3 3.30864e-15 0)
(3 2.78655e-15 0)
(3 1.99507e-15 0)
(3 1.29042e-15 0)
(3 9.42228e-16 0)
(3 6.63027e-16 0)
(3 9.92449e-16 0)
(3 9.22645e-16 0)
(3 3.68088e-16 0)
(3 3.73777e-16 0)
(3 4.06917e-16 0)
(3 2.39178e-16 0)
(3 -1.59223e-16 0)
(3 -6.27667e-16 0)
(2.13653 0.679734 0)
(2.9904 9.7097e-05 0)
(3 2.92864e-15 0)
(3 2.16327e-15 0)
(3 2.59444e-15 0)
(3 2.30978e-15 0)
(3 2.34553e-15 0)
(3 2.06936e-15 0)
(3 1.93057e-15 0)
(3 1.57777e-15 0)
(3 1.26206e-15 0)
(3 1.07688e-15 0)
(3 8.64116e-16 0)
(3 1.0666e-15 0)
(3 8.99015e-16 0)
(3 8.49036e-16 0)
(3 9.21961e-16 0)
(3 8.24602e-16 0)
(3 8.87216e-16 0)
(3 8.92744e-16 0)
(2.00603 0.365154 0)
(2.99993 -1.28707e-05 0)
(3 2.77733e-15 0)
(3 2.24376e-15 0)
(3 1.80129e-15 0)
(3 1.0011e-15 0)
(3 5.24491e-16 0)
(3 3.06725e-16 0)
(3 4.8109e-17 0)
(3 1.04618e-17 0)
(3 -6.39265e-18 0)
(3 -5.6307e-17 0)
(3 -2.49194e-16 0)
(3 3.16783e-17 0)
(3 3.76575e-16 0)
(3 6.91058e-16 0)
(3 8.28706e-16 0)
(3 8.41047e-16 0)
(3 1.01705e-15 0)
(3 1.34827e-15 0)
(2.00603 -0.365154 0)
(2.99993 1.28707e-05 0)
(3 1.61054e-16 0)
(3 -4.69738e-16 0)
(3 -8.3633e-16 0)
(3 -7.70187e-16 0)
(3 -6.02944e-16 0)
(3 -9.51909e-16 0)
(3 -9.29312e-16 0)
(3 -1.00694e-15 0)
(3 -1.17242e-15 0)
(3 -1.1432e-15 0)
(3 -8.39173e-16 0)
(3 -8.7881e-16 0)
(3 -3.7003e-16 0)
(3 -1.43565e-16 0)
(3 -2.11355e-16 0)
(3 -1.92609e-16 0)
(3 -2.37196e-16 0)
(3 -4.978e-16 0)
(2.13653 -0.679734 0)
(2.9904 -9.7097e-05 0)
(3 4.95862e-17 0)
(3 -1.55981e-16 0)
(3 -1.30247e-15 0)
(3 -1.87553e-15 0)
(3 -2.02276e-15 0)
(3 -1.43782e-15 0)
(3 -1.07503e-15 0)
(3 -9.66263e-16 0)
(3 -1.05445e-15 0)
(3 -7.22023e-16 0)
(3 -3.65175e-16 0)
(3 -6.17319e-16 0)
(3 -3.57159e-16 0)
(3 -2.48595e-16 0)
(3 -3.57378e-16 0)
(3 -5.76337e-17 0)
(3 -2.45903e-16 0)
(3 -4.88517e-16 0)
(1.92793 -0.874837 0)
(2.70054 -0.213143 0)
(3 4.33357e-16 0)
(3 -2.38894e-16 0)
(3 -2.31624e-15 0)
(3 -1.88187e-15 0)
(3 -1.69194e-15 0)
(3 -1.45046e-15 0)
(3 -7.69855e-16 0)
(3 -5.79286e-16 0)
(3 1.28357e-16 0)
(3 6.49248e-16 0)
(3 1.03492e-15 0)
(3 1.85551e-15 0)
(3 1.58866e-15 0)
(3 8.42966e-16 0)
(3 4.01996e-16 0)
(3 3.07716e-16 0)
(3 5.74307e-16 0)
(3 7.97311e-16 0)
(1.82914 -1.01546 0)
(2.43298 -0.458033 0)
(3 -2.17522e-15 0)
(3 -4.00015e-15 0)
(3 -3.35068e-15 0)
(3 -2.53692e-15 0)
(3 -2.00852e-15 0)
(3 -1.29867e-15 0)
(3 -4.04303e-16 0)
(3 5.87625e-16 0)
(3 9.72885e-16 0)
(3 2.09022e-15 0)
(3 2.29303e-15 0)
(3 2.21164e-15 0)
(3 1.81656e-15 0)
(3 1.8128e-15 0)
(3 1.82701e-15 0)
(3 1.18326e-15 0)
(3 5.14996e-16 0)
(3 3.21209e-16 0)
(1.72687 -1.10482 0)
(2.19837 -0.664699 0)
(3 -3.36582e-15 0)
(3 -2.92009e-15 0)
(3 -2.7767e-15 0)
(3 -1.8884e-15 0)
(3 -1.25117e-15 0)
(3 -4.05909e-16 0)
(3 2.71713e-16 0)
(3 1.67234e-15 0)
(3 2.3523e-15 0)
(3 2.40011e-15 0)
(3 2.14046e-15 0)
(3 1.6217e-15 0)
(3 1.00266e-15 0)
(3 2.81072e-16 0)
(3 9.03367e-17 0)
(3 -1.20398e-17 0)
(3 -4.77908e-16 0)
(3 -3.27872e-16 0)
(1.71378 -1.15859 0)
(2.05381 -0.8293 0)
(3 -2.33932e-15 0)
(3 -2.57414e-15 0)
(3 -1.74089e-15 0)
(3 -1.40007e-15 0)
(3 -1.32542e-15 0)
(3 -1.17178e-15 0)
(3 -8.61871e-16 0)
(3 2.31276e-16 0)
(3 1.93554e-15 0)
(3 9.83085e-16 0)
(3 3.21461e-16 0)
(3 -7.51264e-16 0)
(3 -9.46197e-16 0)
(3 -9.33693e-16 0)
(3 -8.0886e-16 0)
(3 -6.01902e-16 0)
(3 -5.66107e-16 0)
(3 -5.36671e-16 0)
(1.6769 -1.19749 0)
(1.89282 -0.983599 0)
(2.99391 -0.0049614 0)
(3 -2.85921e-15 0)
(3 -2.81303e-15 0)
(3 -2.29054e-15 0)
(3 -1.87675e-15 0)
(3 -1.15046e-15 0)
(3 -4.29786e-16 0)
(3 3.19884e-16 0)
(3 1.14407e-15 0)
(3 1.41761e-16 0)
(3 -8.77186e-16 0)
(3 -1.40484e-15 0)
(3 -1.36996e-15 0)
(3 -1.19577e-15 0)
(3 -6.6158e-16 0)
(3 -6.00199e-16 0)
(3 -4.66127e-16 0)
(3 -7.30617e-16 0)
(1.65327 -1.24776 0)
(1.83563 -1.10109 0)
(2.87611 -0.0933933 0)
(3 -1.33991e-15 0)
(3 -1.64609e-15 0)
(3 -1.47821e-15 0)
(3 -1.2719e-15 0)
(3 -6.63835e-16 0)
(3 2.92929e-16 0)
(3 9.61766e-16 0)
(3 9.99624e-16 0)
(3 -1.8536e-16 0)
(3 -8.32612e-16 0)
(3 -8.94762e-16 0)
(3 -4.786e-16 0)
(3 -7.04368e-16 0)
(3 -7.22032e-16 0)
(3 -3.48432e-16 0)
(3 -1.29285e-15 0)
(3 -1.3909e-15 0)
(1.6365 -1.26416 0)
(1.63064 -1.2479 0)
(2.64639 -0.295295 0)
(3 2.84231e-13 0)
(3 -1.85105e-15 0)
(3 4.37609e-16 0)
(3 -5.44929e-16 0)
(3 -4.13888e-16 0)
(3 2.81297e-16 0)
(3 8.42512e-16 0)
(3 1.33849e-15 0)
(3 -1.15076e-16 0)
(3 -3.87441e-16 0)
(3 -3.77858e-16 0)
(3 -1.40745e-16 0)
(3 -4.2774e-16 0)
(3 -5.2786e-16 0)
(3 -1.87676e-15 0)
(3 -1.49412e-15 0)
(3 -1.27949e-15 0)
(1.62195 -1.27895 0)
(1.57925 -1.3067 0)
(2.43967 -0.518513 0)
(3 -1.19801e-13 0)
(3 2.11711e-13 0)
(3 -2.74499e-15 0)
(3 6.59911e-16 0)
(3 -4.19434e-16 0)
(3 5.34913e-16 0)
(3 9.34611e-16 0)
(3 5.85608e-16 0)
(3 4.76835e-17 0)
(3 -4.30713e-17 0)
(3 -2.15661e-17 0)
(3 -1.03993e-15 0)
(3 -1.68641e-15 0)
(3 -1.8689e-15 0)
(3 -2.15469e-15 0)
(3 -2.08798e-15 0)
(3 -1.67159e-15 0)
(1.60555 -1.29505 0)
(1.4816 -1.39407 0)
(2.12277 -0.847144 0)
(3.01098 0.00865723 0)
(3 -2.15876e-10 0)
(3 7.98504e-13 0)
(3 -3.80553e-15 0)
(3 6.51776e-16 0)
(3 7.25595e-16 0)
(3 8.20412e-16 0)
(3 7.61277e-16 0)
(3 2.44679e-16 0)
(3 3.82142e-17 0)
(3 -2.95493e-16 0)
(3 -1.1018e-15 0)
(3 -1.89705e-15 0)
(3 -2.09025e-15 0)
(3 -1.06862e-15 0)
(3 -8.60844e-17 0)
(3 7.42648e-17 0)
(1.59049 -1.3042 0)
(1.47701 -1.33457 0)
(2.00942 -1.0258 0)
(2.89837 -0.105603 0)
(3 2.27227e-10 0)
(3 -1.52561e-12 0)
(3 7.9639e-15 0)
(3 -3.21551e-16 0)
(3 -8.9447e-17 0)
(3 -1.22152e-16 0)
(3 3.56107e-16 0)
(3 1.68092e-16 0)
(3 -2.6177e-16 0)
(3 -4.45505e-16 0)
(3 -1.02756e-15 0)
(3 -1.417e-15 0)
(3 -8.28672e-16 0)
(3 -6.94167e-16 0)
(3 4.97543e-16 0)
(3 6.58378e-16 0)
(1.59018 -1.32794 0)
(1.50186 -1.32625 0)
(1.72218 -1.19681 0)
(2.37076 -0.572882 0)
(3 -2.30684e-12 0)
(3 1.5053e-12 0)
(3 -2.18104e-14 0)
(3 4.15743e-17 0)
(3 -6.04004e-16 0)
(3 -4.63054e-16 0)
(3 5.60305e-17 0)
(3 2.64455e-17 0)
(3 -6.61515e-16 0)
(3 -4.17774e-16 0)
(3 -3.67247e-16 0)
(3 -9.30041e-18 0)
(3 2.15533e-16 0)
(3 9.11787e-16 0)
(3 1.10314e-15 0)
(3 1.45196e-15 0)
(1.58539 -1.29824 0)
(1.55474 -1.30063 0)
(1.67912 -1.23376 0)
(2.20501 -0.830296 0)
(3.02342 0.0237646 0)
(3 -4.29508e-10 0)
(3 2.76308e-12 0)
(3 -4.63537e-15 0)
(3 -5.12518e-16 0)
(3 -9.66674e-17 0)
(3 -3.23851e-16 0)
(3 -2.39487e-16 0)
(3 -7.98564e-16 0)
(3 -1.13749e-16 0)
(3 -1.47338e-17 0)
(3 6.64598e-16 0)
(3 4.16971e-16 0)
(3 1.35878e-15 0)
(3 1.27513e-15 0)
(3 2.0343e-15 0)
(1.58449 -1.28518 0)
(1.58475 -1.28479 0)
(1.6404 -1.2587 0)
(1.75675 -1.17279 0)
(2.66514 -0.287018 0)
(3 9.91082e-11 0)
(3 -4.14253e-11 0)
(3 -5.32111e-13 0)
(3 1.15249e-13 0)
(3 -7.94001e-16 0)
(3 -5.79377e-16 0)
(3 -4.11862e-16 0)
(3 -3.63329e-16 0)
(3 3.2228e-16 0)
(3 1.82285e-16 0)
(3 4.51334e-16 0)
(3 7.81573e-16 0)
(3 1.32888e-15 0)
(3 1.50547e-15 0)
(3 1.54527e-15 0)
(1.58622 -1.26968 0)
(1.60068 -1.27249 0)
(1.63439 -1.25788 0)
(1.72447 -1.22153 0)
(2.41285 -0.632635 0)
(3.01963 0.0220579 0)
(2.99971 0.000203465 0)
(3 -5.32577e-07 0)
(3 -3.02263e-09 0)
(3 8.14393e-11 0)
(3 -3.63164e-16 0)
(3 7.99837e-16 0)
(3 7.1603e-16 0)
(3 1.96253e-16 0)
(3 -5.25931e-16 0)
(3 4.66546e-16 0)
(3 8.10878e-16 0)
(3 1.44328e-15 0)
(3 2.02469e-15 0)
(3 1.41616e-15 0)
(1.58967 -1.25762 0)
(1.61029 -1.26216 0)
(1.63132 -1.26196 0)
(1.61256 -1.29661 0)
(1.8104 -1.12358 0)
(2.69239 -0.26793 0)
(2.99977 -0.00390649 0)
(3.00002 4.23754e-05 0)
(3 8.6723e-08 0)
(3 -1.44732e-09 0)
(3 1.37167e-13 0)
(3 2.96457e-15 0)
(3 6.35099e-16 0)
(3 6.4313e-17 0)
(3 -2.56523e-16 0)
(3 2.94498e-16 0)
(3 8.24701e-16 0)
(3 1.13451e-15 0)
(3 1.23526e-15 0)
(3 1.48475e-15 0)
(1.59171 -1.25451 0)
(1.61046 -1.26092 0)
(1.61861 -1.26784 0)
(1.60496 -1.29139 0)
(1.78397 -1.21275 0)
(2.4071 -0.78165 0)
(3.02047 0.0177055 0)
(3.00053 -0.000349421 0)
(3 -7.82573e-07 0)
(3 6.66017e-09 0)
(3 -6.46908e-12 0)
(3 2.69273e-13 0)
(3 3.47726e-15 0)
(3 -3.7109e-16 0)
(3 -4.14648e-16 0)
(3 3.84135e-16 0)
(3 1.40891e-16 0)
(3 4.26472e-16 0)
(3 1.75971e-15 0)
(3 1.28681e-15 0)
(1.59137 -1.25932 0)
(1.60538 -1.26596 0)
(1.61397 -1.27702 0)
(1.61825 -1.27915 0)
(1.6683 -1.25426 0)
(1.71134 -1.28549 0)
(2.22778 -0.826023 0)
(2.97599 -0.0575195 0)
(3 8.91455e-07 0)
(3 -1.1431e-08 0)
(3 3.36409e-10 0)
(3 -2.64317e-11 0)
(3 1.69913e-12 0)
(3 5.41765e-13 0)
(3 -3.97361e-15 0)
(3 -2.3629e-15 0)
(3 -5.38408e-16 0)
(3 2.48726e-16 0)
(3 -6.38543e-16 0)
(3 7.09466e-16 0)
(1.59689 -1.26573 0)
(1.60371 -1.27142 0)
(1.61013 -1.27725 0)
(1.62383 -1.28086 0)
(1.6492 -1.27378 0)
(1.63831 -1.28277 0)
(2.10205 -1.1013 0)
(3.19217 -0.0607594 0)
(3.08569 0.133763 0)
(3.00001 3.0574e-05 0)
(2.99999 -5.27815e-05 0)
(3 1.079e-08 0)
(3 -4.28259e-09 0)
(3 -2.5499e-09 0)
(3 2.5954e-09 0)
(3 -1.45935e-11 0)
(3 -5.58312e-12 0)
(3 -4.2173e-12 0)
(3 9.64288e-13 0)
(3 -3.93677e-13 0)
(1.18145 -0.768563 0)
(1.84785 -1.16371 0)
(1.848 -1.17332 0)
(1.76989 -1.20667 0)
(1.73398 -1.22546 0)
(1.70172 -1.2683 0)
(1.71825 -1.22098 0)
(1.78785 -1.19584 0)
(1.83642 -1.23795 0)
(2.00575 -1.04604 0)
(2.62235 -0.476839 0)
(3.05013 -0.0496155 0)
(3.04207 0.0164682 0)
(3.00064 0.00233797 0)
(3.00029 0.00143647 0)
(2.99999 0.000281307 0)
(3 6.66095e-06 0)
(3 -4.45151e-06 0)
(3 -1.76003e-06 0)
(3 -3.4024e-07 0)
(0.96661 -0.109271 0)
(1.96567 -0.686402 0)
(2.10424 -0.837626 0)
(2.02138 -0.951022 0)
(2.0054 -0.980218 0)
(1.89039 -1.11343 0)
(1.82891 -1.1464 0)
(1.81914 -1.18287 0)
(1.82784 -1.19937 0)
(1.81117 -1.24178 0)
(1.87469 -1.17426 0)
(2.09798 -0.977779 0)
(2.45526 -0.67308 0)
(2.92689 -0.213947 0)
(3.04961 0.00122725 0)
(3.00419 0.00426239 0)
(3.00094 0.00197877 0)
(2.99999 0.000988351 0)
(2.99994 0.000180598 0)
(3 9.33054e-07 0)
(0.923325 -0.125151 0)
(2.00982 -0.483594 0)
(2.29921 -0.386813 0)
(2.25207 -0.61427 0)
(2.23654 -0.694541 0)
(2.15483 -0.817577 0)
(2.07565 -0.898015 0)
(2.02366 -0.983296 0)
(1.95493 -1.09047 0)
(1.90091 -1.17434 0)
(1.89463 -1.17695 0)
(1.92055 -1.16493 0)
(1.97442 -1.11982 0)
(2.14589 -0.979341 0)
(2.3962 -0.794599 0)
(2.81119 -0.395132 0)
(3.04282 -0.051314 0)
(3.0116 0.00402991 0)
(2.99953 0.00106685 0)
(3 0.000626177 0)
(0.930481 0.912528 0)
(1.33069 1.37996 0)
(2.09788 0.729457 0)
(2.34044 0.0818744 0)
(2.4052 -0.151472 0)
(2.39936 -0.37389 0)
(2.28856 -0.638387 0)
(2.23699 -0.721474 0)
(2.20164 -0.828427 0)
(2.10106 -0.969813 0)
(2.03764 -1.05578 0)
(2.00356 -1.10286 0)
(1.991 -1.11124 0)
(2.03067 -1.08676 0)
(2.06455 -1.06312 0)
(2.17102 -0.999327 0)
(2.39746 -0.846011 0)
(2.73849 -0.544663 0)
(3.01857 -0.154385 0)
(3.0226 -0.00837425 0)
(1.19848 1.44799 0)
(1.45695 1.88284 0)
(2.21454 0.880736 0)
(2.16257 1.12591 0)
(2.40575 0.413195 0)
(2.48744 0.0667049 0)
(2.45595 -0.16257 0)
(2.42906 -0.294601 0)
(2.41857 -0.474313 0)
(2.3295 -0.677131 0)
(2.25867 -0.815702 0)
(2.18846 -0.920825 0)
(2.13729 -0.978347 0)
(2.12237 -0.994476 0)
(2.09396 -1.03121 0)
(2.14488 -1.00647 0)
(2.16149 -1.00606 0)
(2.23213 -0.98372 0)
(2.43765 -0.858096 0)
(2.70808 -0.649935 0)
(1.5182 1.52761 0)
(1.74746 1.82903 0)
(2.41175 0.802361 0)
(2.29834 1.31736 0)
(2.31578 1.10606 0)
(2.43673 0.796613 0)
(2.48266 0.480373 0)
(2.51156 0.155541 0)
(2.54496 -0.0564225 0)
(2.51038 -0.282652 0)
(2.46877 -0.454073 0)
(2.39794 -0.610875 0)
(2.34816 -0.702912 0)
(2.32217 -0.745493 0)
(2.26394 -0.830538 0)
(2.25893 -0.872209 0)
(2.19813 -0.946738 0)
(2.25039 -0.975012 0)
(2.26605 -0.973107 0)
(2.33893 -0.960527 0)
(1.66004 1.59485 0)
(1.83005 1.59306 0)
(1.87739 1.21889 0)
(2.20643 1.52807 0)
(2.38946 1.40522 0)
(2.55617 1.14951 0)
(2.6198 0.644248 0)
(2.56248 0.576271 0)
(2.60681 0.386668 0)
(2.61906 0.140986 0)
(2.62186 -0.0539695 0)
(2.57503 -0.252325 0)
(2.54829 -0.382396 0)
(2.52246 -0.491631 0)
(2.45207 -0.636922 0)
(2.42378 -0.710354 0)
(2.34458 -0.815755 0)
(2.35408 -0.852311 0)
(2.32894 -0.902285 0)
(2.38424 -0.921266 0)
(1.68311 1.57764 0)
(1.76471 1.53895 0)
(1.6374 1.40999 0)
(1.80357 1.77781 0)
(2.44549 1.58583 0)
(2.76986 1.33721 0)
(2.84186 0.620203 0)
(2.69671 0.7914 0)
(2.72659 0.554511 0)
(2.73717 0.349474 0)
(2.77007 0.161605 0)
(2.72887 -0.0866262 0)
(2.70799 -0.245578 0)
(2.67804 -0.364159 0)
(2.61785 -0.485722 0)
(2.59138 -0.498943 0)
(2.53596 -0.571275 0)
(2.53656 -0.573818 0)
(2.49341 -0.646299 0)
(2.4514 -0.737326 0)
(1.59567 1.52381 0)
(1.55214 1.548 0)
(1.38602 1.69231 0)
(1.72189 1.82039 0)
(2.06928 1.71313 0)
(2.3535 1.54184 0)
(2.68307 1.4209 0)
(2.71363 0.797285 0)
(2.7769 0.793235 0)
(2.79357 0.462974 0)
(2.84918 0.363856 0)
(2.827 0.122248 0)
(2.82176 0.0557323 0)
(2.79483 -0.0384333 0)
(2.76067 -0.0851212 0)
(2.74161 -0.0882777 0)
(2.69683 -0.17854 0)
(2.68163 -0.248038 0)
(2.62489 -0.41947 0)
(2.60516 -0.410943 0)
(1.60293 1.47618 0)
(1.50287 1.61617 0)
(1.4394 1.85069 0)
(1.72861 1.89489 0)
(2.02149 1.75963 0)
(2.21196 1.75462 0)
(2.34945 1.69414 0)
(2.54325 1.2629 0)
(2.56791 1.3637 0)
(2.67203 0.94599 0)
(2.75367 0.883151 0)
(2.79435 0.65612 0)
(2.81698 0.583265 0)
(2.81653 0.443854 0)
(2.82339 0.348912 0)
(2.84 0.217939 0)
(2.81987 0.0102201 0)
(2.80077 -0.150855 0)
(2.74885 -0.300122 0)
(2.74904 -0.310543 0)
(1.70728 1.50005 0)
(1.65796 1.68532 0)
(1.69849 1.95861 0)
(1.76399 2.06027 0)
(1.9458 1.92278 0)
(2.01031 1.98228 0)
(2.22898 1.68516 0)
(2.31007 1.62816 0)
(2.43692 1.49599 0)
(2.54911 1.30637 0)
(2.6555 1.18293 0)
(2.73818 0.985867 0)
(2.82493 0.871859 0)
(2.88231 0.662327 0)
(2.94941 0.455533 0)
(2.97593 0.210424 0)
(2.95941 -0.0282277 0)
(2.92219 -0.0473299 0)
(2.8675 -0.122061 0)
(2.84805 -0.0865376 0)
(1.63506 1.43077 0)
(1.80274 1.62206 0)
(1.95702 2.0269 0)
(1.88426 2.15515 0)
(2.00218 2.06142 0)
(1.97493 2.13783 0)
(2.25686 1.74534 0)
(2.29605 1.78369 0)
(2.50409 1.48343 0)
(2.59761 1.46014 0)
(2.7283 1.26483 0)
(2.8498 1.05953 0)
(2.98539 0.866894 0)
(3.03597 0.551188 0)
(3.09911 0.335445 0)
(3.0993 0.229226 0)
(3.0513 0.293911 0)
(2.98371 0.360812 0)
(2.93204 0.380672 0)
(2.86927 0.256122 0)
(1.51566 1.34625 0)
(1.82618 1.58688 0)
(2.10683 2.05624 0)
(2.16431 2.32976 0)
(2.32834 2.20992 0)
(2.28699 2.31036 0)
(2.54524 1.80697 0)
(2.55547 1.84291 0)
(2.73787 1.51711 0)
(2.80607 1.52578 0)
(2.90771 1.29023 0)
(3.01467 1.0938 0)
(3.11096 0.95123 0)
(3.17602 0.849186 0)
(3.16861 0.805677 0)
(3.08707 0.834294 0)
(2.97938 0.834133 0)
(2.92246 0.783918 0)
(2.891 0.691193 0)
(2.85597 0.449294 0)
(1.39122 1.3091 0)
(1.76932 1.53294 0)
(2.15862 1.9982 0)
(2.27498 2.24287 0)
(2.49146 2.20172 0)
(2.54966 2.28777 0)
(2.66858 1.96372 0)
(2.7124 1.99675 0)
(2.76182 1.80877 0)
(2.81598 1.76842 0)
(2.91673 1.66775 0)
(2.9858 1.51677 0)
(3.01441 1.42235 0)
(2.99415 1.37653 0)
(2.94371 1.26578 0)
(2.8876 1.27017 0)
(2.85136 1.1024 0)
(2.88615 1.0104 0)
(2.88568 0.847678 0)
(2.90282 0.592058 0)
(1.22787 1.25005 0)
(1.57187 1.54056 0)
(1.95046 1.96247 0)
(2.20446 2.19965 0)
(2.46264 2.2178 0)
(2.52359 2.30104 0)
(2.60204 2.06382 0)
(2.52749 2.13811 0)
(2.60611 2.0792 0)
(2.65913 1.98978 0)
(2.69928 1.89589 0)
(2.76924 1.76515 0)
(2.78951 1.68908 0)
(2.7772 1.60357 0)
(2.76239 1.47062 0)
(2.84766 1.40425 0)
(2.85982 1.15633 0)
(2.94179 1.03597 0)
(2.94891 0.867017 0)
(2.93941 0.726369 0)
(1.16834 1.2172 0)
(1.47572 1.55622 0)
(1.78874 1.98107 0)
(2.06447 2.22158 0)
(2.27059 2.3661 0)
(2.31861 2.43054 0)
(2.37244 2.24395 0)
(2.29918 2.281 0)
(2.37972 2.24462 0)
(2.4685 2.04659 0)
(2.54105 1.94255 0)
(2.60556 1.87848 0)
(2.66537 1.82697 0)
(2.73768 1.68121 0)
(2.80501 1.44849 0)
(2.93361 1.30418 0)
(2.93921 1.20482 0)
(2.92863 1.20261 0)
(2.89613 1.19255 0)
(2.82956 1.18856 0)
(1.19249 1.19278 0)
(1.39141 1.51146 0)
(1.65925 1.98295 0)
(1.8499 2.33769 0)
(1.95287 2.43463 0)
(2.02669 2.3939 0)
(2.08403 2.25005 0)
(2.04486 2.30743 0)
(2.19813 2.22685 0)
(2.33464 2.07956 0)
(2.47218 1.97396 0)
(2.61414 1.93372 0)
(2.75664 1.78681 0)
(2.8642 1.65645 0)
(2.83575 1.65705 0)
(2.83994 1.64098 0)
(2.75134 1.77116 0)
(2.72352 1.65134 0)
(2.69922 1.59441 0)
(2.70312 1.46895 0)
(1.32073 1.21701 0)
(1.35252 1.51109 0)
(1.63813 1.68341 0)
(1.90523 1.84645 0)
(1.96932 2.04326 0)
(2.09189 2.33505 0)
(2.0984 2.25937 0)
(2.07992 2.2246 0)
(2.1789 2.15511 0)
(2.27705 2.11548 0)
(2.36695 2.07845 0)
(2.4426 2.04843 0)
(2.48815 2.03672 0)
(2.52243 2.0006 0)
(2.48341 2.02242 0)
(2.50917 1.92557 0)
(2.52098 1.95562 0)
(2.56539 1.80142 0)
(2.59959 1.73448 0)
(2.71616 1.63719 0)
(1.07821 0.441447 0)
(0.966771 0.556165 0)
(0.97471 0.380013 0)
(1.07641 0.358238 0)
(1.23402 0.377522 0)
(1.45533 0.448611 0)
(1.68246 0.571734 0)
(1.84791 0.649686 0)
(1.99408 0.731081 0)
(2.02969 0.813602 0)
(2.04527 0.922131 0)
(2.1231 1.00728 0)
(2.14576 1.15873 0)
(2.14639 1.30842 0)
(2.15749 1.45942 0)
(2.17787 1.4547 0)
(2.21235 1.48881 0)
(2.25112 1.38793 0)
(2.25825 1.18868 0)
(2.32836 0.925418 0)
(0.503924 0.121844 0)
(0.481959 0.198493 0)
(0.556482 0.106859 0)
(0.645038 0.112892 0)
(0.739395 0.116954 0)
(0.82094 0.139952 0)
(0.885518 0.172108 0)
(0.939292 0.167073 0)
(1.01792 0.137219 0)
(1.10546 0.1254 0)
(1.20338 0.134354 0)
(1.30824 0.147369 0)
(1.39624 0.194213 0)
(1.47261 0.22773 0)
(1.51882 0.27052 0)
(1.55881 0.281265 0)
(1.59053 0.274265 0)
(1.58167 0.235675 0)
(1.55844 0.178591 0)
(1.5714 0.105478 0)
(1.67629 -0.151273 0)
(2.02217 -0.148728 0)
(2.19754 -0.102605 0)
(2.34508 -0.0722834 0)
(2.48529 -0.0533361 0)
(2.69466 -0.0336299 0)
(2.87123 -0.0135574 0)
(2.9672 -0.00270978 0)
(2.99676 -0.000225473 0)
(2.99992 -6.70758e-06 0)
(3 -6.52991e-08 0)
(3 -3.19087e-10 0)
(3 -1.31956e-12 0)
(3 -1.27438e-13 0)
(3 -5.46777e-14 0)
(3 -4.40383e-15 0)
(3 -9.64046e-16 0)
(3 -1.50671e-15 0)
(3 1.92133e-16 0)
(3 -3.897e-16 0)
(2.13993 -0.747651 0)
(2.11031 -0.498062 0)
(2.19771 -0.300344 0)
(2.35532 -0.203286 0)
(2.51953 -0.15121 0)
(2.69811 -0.0887603 0)
(2.86243 -0.0347283 0)
(2.96448 -0.00759081 0)
(2.99652 -0.000639081 0)
(2.99991 -1.47548e-05 0)
(3 -9.77902e-08 0)
(3 -3.41427e-10 0)
(3 -2.11139e-12 0)
(3 -5.12345e-13 0)
(3 -1.9352e-13 0)
(3 -1.49665e-14 0)
(3 -2.27951e-15 0)
(3 6.87147e-16 0)
(3 9.46725e-17 0)
(3 1.6598e-16 0)
(2.67527 -1.62828 0)
(2.42537 -1.37659 0)
(2.41961 -0.844084 0)
(2.4507 -0.46811 0)
(2.5499 -0.265037 0)
(2.70343 -0.148296 0)
(2.8653 -0.0603606 0)
(2.96725 -0.0137022 0)
(2.9971 -0.0011733 0)
(2.99993 -2.60634e-05 0)
(3 -1.6973e-07 0)
(3 -6.00064e-10 0)
(3 -3.35381e-12 0)
(3 -8.57364e-13 0)
(3 -2.70116e-13 0)
(3 -1.85074e-14 0)
(3 4.73633e-15 0)
(3 3.19005e-15 0)
(3 1.8743e-15 0)
(3 1.80269e-15 0)
(2.77632 -1.29107 0)
(2.72866 -1.25664 0)
(2.5974 -1.02051 0)
(2.57219 -0.656773 0)
(2.62867 -0.374082 0)
(2.75215 -0.186524 0)
(2.88732 -0.0702489 0)
(2.97324 -0.0148513 0)
(2.99779 -0.00115928 0)
(2.99995 -2.34125e-05 0)
(3 -1.41395e-07 0)
(3 -4.85067e-10 0)
(3 -3.72306e-12 0)
(3 -1.29658e-12 0)
(3 -3.11913e-13 0)
(3 -1.16425e-14 0)
(3 3.8534e-15 0)
(3 2.8985e-15 0)
(3 2.56161e-15 0)
(3 9.95118e-16 0)
(2.78146 -1.16669 0)
(2.78036 -1.09428 0)
(2.7527 -0.906886 0)
(2.72303 -0.636503 0)
(2.74142 -0.394326 0)
(2.81461 -0.204921 0)
(2.91356 -0.0764728 0)
(2.9802 -0.0152809 0)
(2.99851 -0.00107338 0)
(2.99997 -1.94287e-05 0)
(3 -1.0833e-07 0)
(3 -3.63179e-10 0)
(3 -3.56615e-12 0)
(3 -1.43502e-12 0)
(3 -2.42595e-13 0)
(3 -1.38117e-15 0)
(3 -1.6541e-16 0)
(3 7.29735e-16 0)
(3 1.1596e-15 0)
(3 8.65069e-17 0)
(2.84926 -0.897128 0)
(2.83307 -0.970693 0)
(2.82154 -0.86838 0)
(2.7986 -0.610398 0)
(2.80879 -0.371812 0)
(2.86197 -0.190943 0)
(2.93668 -0.0685918 0)
(2.98655 -0.0125327 0)
(2.99913 -0.000759102 0)
(2.99999 -1.17507e-05 0)
(3 -6.29461e-08 0)
(3 -2.12428e-10 0)
(3 -2.35396e-12 0)
(3 -8.16703e-13 0)
(3 -5.18033e-14 0)
(3 7.24316e-16 0)
(3 -1.07989e-15 0)
(3 3.01719e-17 0)
(3 5.43293e-17 0)
(3 -1.21484e-15 0)
(2.88942 -0.685908 0)
(2.88439 -0.753063 0)
(2.89395 -0.72768 0)
(2.87216 -0.541179 0)
(2.86565 -0.328488 0)
(2.90174 -0.165536 0)
(2.95683 -0.0566804 0)
(2.99174 -0.00924968 0)
(2.99955 -0.000467488 0)
(2.99999 -5.98516e-06 0)
(3 -2.9743e-08 0)
(3 -9.72304e-11 0)
(3 1.80646e-12 0)
(3 1.29068e-12 0)
(3 2.41933e-13 0)
(3 2.00034e-15 0)
(3 -1.82187e-15 0)
(3 -5.17321e-16 0)
(3 -6.14735e-16 0)
(3 -3.01309e-15 0)
(2.88221 -0.480392 0)
(2.91241 -0.562892 0)
(2.94626 -0.581001 0)
(2.94267 -0.452524 0)
(2.9228 -0.265133 0)
(2.93787 -0.124554 0)
(2.97303 -0.0393919 0)
(2.99529 -0.00571453 0)
(2.99978 -0.000244902 0)
(3 -2.62771e-06 0)
(3 -1.08533e-08 0)
(3 -1.27473e-11 0)
(3 9.71733e-12 0)
(3 4.10262e-12 0)
(3 3.59705e-13 0)
(3 4.29509e-15 0)
(3 7.60667e-16 0)
(3 7.59382e-16 0)
(3 9.98184e-16 0)
(3 5.64958e-16 0)
(2.8516 -0.311079 0)
(2.94886 -0.414222 0)
(2.99005 -0.444983 0)
(3.00902 -0.378036 0)
(2.9796 -0.222099 0)
(2.97104 -0.0963185 0)
(2.98547 -0.026483 0)
(2.99733 -0.00316992 0)
(2.99986 -0.000111367 0)
(3 -1.01243e-06 0)
(3 -2.46552e-09 0)
(3 2.8725e-11 0)
(3 1.2674e-11 0)
(3 5.17997e-12 0)
(3 4.17952e-13 0)
(3 5.02031e-15 0)
(3 1.83437e-15 0)
(3 -3.40578e-16 0)
(3 3.83144e-16 0)
(3 2.90262e-15 0)
(2.81418 -0.0696217 0)
(2.98442 -0.247954 0)
(3.04394 -0.30423 0)
(3.06277 -0.275538 0)
(3.02021 -0.157154 0)
(2.9938 -0.0626609 0)
(2.99445 -0.0169297 0)
(2.99843 -0.00233296 0)
(2.99985 -0.000121408 0)
(3 -2.39047e-06 0)
(3 -2.23132e-08 0)
(3 -1.01928e-10 0)
(3 7.26704e-12 0)
(3 3.75486e-12 0)
(3 4.33196e-13 0)
(3 6.59342e-15 0)
(3 1.11941e-15 0)
(3 6.61083e-16 0)
(3 -3.56098e-16 0)
(3 7.95902e-16 0)
(2.75131 0.487371 0)
(2.98649 0.22161 0)
(3.104 0.0479106 0)
(3.08984 -0.00866823 0)
(3.04579 -0.0137413 0)
(3.00652 -0.00874689 0)
(3.00125 -0.00434969 0)
(2.99949 -0.00132294 0)
(2.99983 -0.000149518 0)
(2.99999 -4.88009e-06 0)
(3 -4.23972e-08 0)
(3 -1.36559e-10 0)
(3 1.86564e-12 0)
(3 9.32527e-13 0)
(3 1.65378e-13 0)
(3 4.02149e-15 0)
(3 -1.05964e-15 0)
(3 1.08451e-18 0)
(3 -4.0963e-16 0)
(3 -4.06592e-16 0)
(2.8651 0.568978 0)
(3.01799 0.383322 0)
(3.09009 0.220376 0)
(3.08312 0.098702 0)
(3.03363 0.0247842 0)
(3.00425 0.00198682 0)
(3.00013 -0.000202324 0)
(2.99999 -0.000170663 0)
(2.99997 -6.30296e-05 0)
(2.99999 -4.9516e-06 0)
(3 -7.23331e-08 0)
(3 -2.81494e-10 0)
(3 -5.08155e-13 0)
(3 3.25786e-14 0)
(3 9.58043e-15 0)
(3 -3.43185e-16 0)
(3 -1.07396e-15 0)
(3 -7.59883e-16 0)
(3 -5.40649e-16 0)
(3 1.33559e-16 0)
(2.93135 0.435627 0)
(3.01941 0.305901 0)
(3.05772 0.177505 0)
(3.0437 0.0730561 0)
(3.01239 0.0149999 0)
(3.00103 0.000984358 0)
(3.00002 4.97416e-06 0)
(3 -7.25763e-06 0)
(3 -4.48814e-06 0)
(3 -7.36632e-07 0)
(3 -2.02717e-08 0)
(3 -1.00568e-10 0)
(3 -2.14234e-13 0)
(3 6.09002e-16 0)
(3 3.08098e-16 0)
(3 -9.87852e-16 0)
(3 -9.22034e-16 0)
(3 -9.14038e-17 0)
(3 -1.15808e-16 0)
(3 8.13948e-18 0)
(2.99148 0.154957 0)
(3.00762 0.116713 0)
(3.01362 0.0593396 0)
(3.0066 0.0164474 0)
(3.00098 0.00182473 0)
(3.00004 6.04852e-05 0)
(3 3.27921e-07 0)
(3 -1.51921e-07 0)
(3 -8.90306e-08 0)
(3 -1.54153e-08 0)
(3 -4.91911e-10 0)
(3 -2.79371e-12 0)
(3 -5.0825e-15 0)
(3 7.0884e-16 0)
(3 1.3158e-16 0)
(3 -2.26199e-16 0)
(3 -5.42164e-16 0)
(3 -4.60849e-16 0)
(3 8.48192e-16 0)
(3 2.87165e-16 0)
(3.00053 0.0127114 0)
(3.00097 0.0080282 0)
(3.00064 0.00313427 0)
(3.00017 0.000542978 0)
(3.00001 3.13693e-05 0)
(3 4.562e-07 0)
(3 -4.42921e-08 0)
(3 -2.36174e-08 0)
(3 -3.21551e-09 0)
(3 -1.10187e-10 0)
(3 -1.56227e-12 0)
(3 -9.3406e-15 0)
(3 -7.19482e-17 0)
(3 -9.02902e-16 0)
(3 -6.54924e-16 0)
(3 -5.33534e-16 0)
(3 6.59956e-16 0)
(3 6.5409e-17 0)
(3 7.92485e-16 0)
(3 6.98401e-16 0)
(3.00004 0.000280127 0)
(3.00002 0.000109233 0)
(3.00001 2.80894e-05 0)
(3 3.26731e-06 0)
(3 7.71239e-08 0)
(3 -3.90106e-08 0)
(3 -2.48636e-08 0)
(3 -4.32116e-09 0)
(3 -1.3483e-10 0)
(3 -8.78582e-13 0)
(3 -3.71535e-15 0)
(3 -1.0352e-16 0)
(3 5.24473e-17 0)
(3 -5.3607e-16 0)
(3 -2.3685e-16 0)
(3 -1.25727e-16 0)
(3 -1.72101e-16 0)
(3 -2.11641e-16 0)
(3 -1.39918e-15 0)
(3 -7.55912e-16 0)
(3 3.16164e-06 0)
(3 8.01039e-07 0)
(3 1.20502e-07 0)
(3 -5.86781e-09 0)
(3 -1.71529e-08 0)
(3 -1.35024e-08 0)
(3 -3.42312e-09 0)
(3 -1.73122e-10 0)
(3 -1.58767e-12 0)
(3 -7.20806e-15 0)
(3 3.69332e-16 0)
(3 5.76902e-16 0)
(3 6.17725e-17 0)
(3 8.45916e-16 0)
(3 5.81434e-16 0)
(3 3.72627e-16 0)
(3 -2.84219e-16 0)
(3 -2.84114e-17 0)
(3 -4.25126e-16 0)
(3 -1.36931e-15 0)
(3 2.62448e-08 0)
(3 5.43054e-09 0)
(3 -1.37077e-09 0)
(3 -3.85483e-09 0)
(3 -3.07986e-09 0)
(3 -8.11873e-10 0)
(3 -5.80331e-11 0)
(3 -9.8845e-13 0)
(3 -6.00506e-15 0)
(3 -8.58077e-16 0)
(3 9.37757e-17 0)
(3 4.03518e-16 0)
(3 8.02581e-17 0)
(3 4.39144e-16 0)
(3 -3.2589e-16 0)
(3 3.09736e-16 0)
(3 4.98974e-16 0)
(3 1.40333e-16 0)
(3 8.10869e-16 0)
(3 -5.55153e-16 0)
(3 1.95019e-10 0)
(3 -4.03696e-11 0)
(3 -3.67336e-10 0)
(3 -2.77486e-10 0)
(3 -7.48578e-11 0)
(3 -6.58684e-12 0)
(3 -1.91808e-13 0)
(3 -1.10676e-15 0)
(3 -8.53393e-17 0)
(3 2.84858e-16 0)
(3 4.09467e-16 0)
(3 -1.20841e-16 0)
(3 -4.59413e-16 0)
(3 -5.19278e-16 0)
(3 -1.16187e-15 0)
(3 -1.69279e-15 0)
(3 1.23195e-16 0)
(3 2.06873e-16 0)
(3 -6.26742e-16 0)
(3 -5.15379e-16 0)
(3 6.70924e-13 0)
(3 -1.53233e-11 0)
(3 -1.39461e-11 0)
(3 -4.22449e-12 0)
(3 -4.5523e-13 0)
(3 -2.0308e-14 0)
(3 -5.00867e-16 0)
(3 -4.27834e-16 0)
(3 -6.50619e-16 0)
(3 -1.25876e-16 0)
(3 3.134e-16 0)
(3 4.21937e-16 0)
(3 7.15871e-16 0)
(3 -4.21646e-16 0)
(3 -8.09149e-16 0)
(3 -1.35169e-15 0)
(3 -1.07531e-15 0)
(3 2.59593e-16 0)
(3 1.90384e-16 0)
(3 6.35358e-16 0)
(3 -2.29161e-13 0)
(3 -4.89933e-13 0)
(3 -1.99564e-13 0)
(3 -3.35205e-14 0)
(3 -1.28589e-15 0)
(3 -1.34948e-15 0)
(3 -1.71325e-16 0)
(3 -3.82701e-16 0)
(3 3.72863e-16 0)
(3 6.30496e-16 0)
(3 4.68787e-17 0)
(3 -9.12085e-16 0)
(3 -6.53448e-16 0)
(3 -2.14955e-17 0)
(3 6.87553e-16 0)
(3 7.19152e-16 0)
(3 -2.89277e-16 0)
(3 -6.03155e-16 0)
(3 9.35768e-16 0)
(3 1.18318e-15 0)
(3 -1.45102e-14 0)
(3 -5.94595e-15 0)
(3 -1.48524e-15 0)
(3 4.53026e-16 0)
(3 7.01602e-16 0)
(3 8.72019e-16 0)
(3 9.29852e-16 0)
(3 5.71153e-16 0)
(3 2.15944e-16 0)
(3 -5.03015e-16 0)
(3 -1.30239e-16 0)
(3 -5.40316e-16 0)
(3 -2.51609e-16 0)
(3 4.73563e-16 0)
(3 6.73406e-16 0)
(3 4.71895e-16 0)
(3 8.56868e-17 0)
(3 -3.2624e-16 0)
(3 -3.45746e-16 0)
(3 -6.4568e-16 0)
(3 -8.66627e-16 0)
(3 -6.23879e-16 0)
(3 -1.17178e-16 0)
(3 5.9969e-16 0)
(3 -2.12708e-16 0)
(3 -6.75478e-17 0)
(3 3.51046e-16 0)
(3 5.77622e-16 0)
(3 3.83063e-16 0)
(3 -4.31182e-16 0)
(3 -1.6397e-16 0)
(3 4.74916e-16 0)
(3 9.19105e-16 0)
(3 8.2743e-16 0)
(3 6.31014e-16 0)
(3 4.01185e-16 0)
(3 1.78808e-17 0)
(3 3.54955e-16 0)
(3 -7.41159e-16 0)
(3 -7.14051e-16 0)
(3 5.13302e-17 0)
(3 -1.79528e-16 0)
(3 -2.12778e-16 0)
(3 -3.15364e-16 0)
(3 -2.85821e-16 0)
(3 -6.22117e-16 0)
(3 -4.06558e-16 0)
(3 7.05663e-17 0)
(3 7.3868e-16 0)
(3 8.53782e-16 0)
(3 3.63332e-16 0)
(3 6.12858e-16 0)
(3 -5.82141e-17 0)
(3 -1.00897e-16 0)
(3 3.51636e-16 0)
(3 -3.15152e-17 0)
(3 3.79096e-16 0)
(3 -2.09012e-16 0)
(3 -2.23046e-16 0)
(3 3.37021e-16 0)
(3 2.17863e-16 0)
(3 -2.56711e-16 0)
(3 -2.96854e-16 0)
(3 -8.09016e-16 0)
(3 -2.04408e-16 0)
(3 -3.26115e-16 0)
(3 -4.03534e-16 0)
(3 -9.19681e-16 0)
(3 2.34636e-16 0)
(3 4.49182e-16 0)
(3 2.59867e-16 0)
(3 4.46962e-16 0)
(3 6.24245e-18 0)
(3 -9.42237e-18 0)
(3 -6.745e-17 0)
(3 1.10406e-16 0)
(3 5.6524e-16 0)
(3 2.98079e-16 0)
(3 -5.94675e-17 0)
(3 2.44079e-16 0)
(2.65126 0.613618 0)
(2.73887 0.658818 0)
(2.85937 0.497442 0)
(2.97286 0.174089 0)
(2.99908 0.0165813 0)
(3.00001 0.000504654 0)
(3 7.08882e-06 0)
(3 6.16691e-08 0)
(3 3.96408e-10 0)
(3 3.78584e-12 0)
(3 9.30104e-14 0)
(3 2.09715e-15 0)
(3 -1.69043e-15 0)
(3 6.5238e-16 0)
(3 6.25036e-16 0)
(2.6254 0.720194 0)
(2.71503 0.678114 0)
(2.91595 0.318648 0)
(2.9977 0.0272304 0)
(3.00002 0.000304013 0)
(3 7.40165e-08 0)
(3 -1.16957e-08 0)
(3 -1.70029e-09 0)
(3 -3.45038e-11 0)
(3 -1.30094e-13 0)
(3 -8.25206e-16 0)
(3 -1.62428e-16 0)
(3 -1.74389e-15 0)
(3 6.56777e-16 0)
(3 6.31796e-16 0)
(2.56418 0.817299 0)
(2.76112 0.582106 0)
(2.96802 0.131848 0)
(2.99953 0.00438321 0)
(3 3.18999e-05 0)
(3 2.41546e-07 0)
(3 1.117e-09 0)
(3 3.20331e-12 0)
(3 3.58913e-14 0)
(3 4.97983e-16 0)
(3 1.43058e-15 0)
(3 -2.10048e-16 0)
(3 -1.65179e-15 0)
(3 8.35557e-16 0)
(3 6.67859e-16 0)
(2.52729 0.84283 0)
(2.87318 0.347802 0)
(2.9971 0.0207377 0)
(3.00001 0.000145278 0)
(3 -1.35224e-07 0)
(3 -9.7138e-10 0)
(3 -1.08898e-10 0)
(3 -3.02226e-12 0)
(3 -1.45315e-14 0)
(3 3.87511e-16 0)
(3 5.42343e-16 0)
(3 -8.37321e-16 0)
(3 -1.01235e-15 0)
(3 1.24187e-15 0)
(3 6.25498e-16 0)
(2.71046 0.579525 0)
(2.98661 0.0586825 0)
(2.99999 0.000731092 0)
(3 1.86774e-06 0)
(3 6.45166e-09 0)
(3 -1.6355e-12 0)
(3 6.5491e-13 0)
(3 1.99209e-13 0)
(3 1.74578e-14 0)
(3 2.1058e-16 0)
(3 2.38944e-16 0)
(3 -1.25304e-15 0)
(3 -4.87493e-16 0)
(3 1.35037e-15 0)
(3 5.28984e-16 0)
(2.96846 0.138662 0)
(2.99993 0.00223942 0)
(3 -7.37365e-07 0)
(3 -1.98242e-07 0)
(3 -5.58992e-09 0)
(3 -3.66489e-11 0)
(3 1.23819e-12 0)
(3 2.50487e-13 0)
(3 2.40198e-15 0)
(3 2.62595e-16 0)
(3 -1.16673e-16 0)
(3 -1.34553e-15 0)
(3 8.0194e-17 0)
(3 1.22576e-15 0)
(3 3.54231e-16 0)
(3.00073 0.000396179 0)
(3 -1.0502e-05 0)
(3 -2.16658e-06 0)
(3 -3.98751e-08 0)
(3 -6.43295e-11 0)
(3 9.36048e-13 0)
(3 2.60869e-15 0)
(3 -1.6746e-15 0)
(3 5.93001e-17 0)
(3 2.61311e-16 0)
(3 -1.32565e-16 0)
(3 -8.02369e-16 0)
(3 2.75566e-16 0)
(3 8.97575e-16 0)
(3 1.47087e-16 0)
(3.00004 -0.000164128 0)
(3 -7.13315e-06 0)
(3 2.13241e-08 0)
(3 1.96343e-10 0)
(3 5.30501e-11 0)
(3 1.63267e-12 0)
(3 6.83198e-15 0)
(3 -6.82591e-16 0)
(3 2.79299e-17 0)
(3 3.68356e-16 0)
(3 7.56111e-17 0)
(3 -3.23021e-16 0)
(3 3.73903e-16 0)
(3 6.38919e-16 0)
(3 3.02794e-17 0)
(3 4.22822e-07 0)
(3 4.87142e-08 0)
(3 3.74275e-10 0)
(3 -1.04931e-12 0)
(3 -1.66462e-13 0)
(3 -3.66131e-15 0)
(3 -3.37782e-16 0)
(3 -5.48358e-16 0)
(3 1.67111e-16 0)
(3 5.79936e-16 0)
(3 5.60068e-16 0)
(3 -2.65215e-16 0)
(3 5.06876e-17 0)
(3 4.63487e-17 0)
(3 1.42676e-16 0)
(3 7.4456e-09 0)
(3 -2.92904e-11 0)
(3 -3.44132e-12 0)
(3 -2.2208e-14 0)
(3 -1.04287e-15 0)
(3 4.56076e-16 0)
(3 1.7513e-16 0)
(3 -6.27369e-16 0)
(3 1.13669e-16 0)
(3 6.66596e-16 0)
(3 9.83348e-16 0)
(3 4.19813e-17 0)
(3 -1.22025e-15 0)
(3 -2.42512e-16 0)
(3 4.3177e-16 0)
(3 2.30447e-15 0)
(3 3.69363e-17 0)
(3 -3.5238e-16 0)
(3 1.51021e-15 0)
(3 -1.07717e-15 0)
(3 -1.40253e-16 0)
(3 1.48436e-16 0)
(3 -5.18188e-16 0)
(3 1.01106e-16 0)
(3 6.75412e-16 0)
(3 1.61971e-15 0)
(3 2.89335e-16 0)
(3 -1.48251e-15 0)
(3 -2.44134e-16 0)
(3 6.14968e-16 0)
(3 4.14015e-16 0)
(3 -1.12244e-15 0)
(3 -1.81465e-15 0)
(3 2.26674e-15 0)
(3 1.54071e-16 0)
(3 -2.436e-16 0)
(3 -5.55995e-17 0)
(3 -4.8426e-16 0)
(3 4.33548e-16 0)
(3 6.26281e-16 0)
(3 1.85854e-15 0)
(3 2.38908e-16 0)
(3 -2.14789e-15 0)
(3 -8.28136e-17 0)
(3 5.28033e-16 0)
(3 3.58892e-16 0)
(3 -1.25094e-15 0)
(3 -1.82124e-15 0)
(3 1.62035e-15 0)
(3 -7.33393e-17 0)
(3 -3.15772e-17 0)
(3 -2.58771e-16 0)
(3 -3.30612e-16 0)
(3 5.11932e-16 0)
(3 6.21907e-16 0)
(3 1.8239e-15 0)
(3 1.36475e-16 0)
(3 -1.86786e-15 0)
(3 1.14676e-16 0)
(3 5.23023e-16 0)
(3 3.61715e-16 0)
(3 -9.86105e-16 0)
(3 -9.11529e-16 0)
(3 2.06048e-16 0)
(3 1.25154e-16 0)
(3 4.12034e-16 0)
(3 -7.98295e-16 0)
(3 -3.40866e-16 0)
(3 6.50922e-16 0)
(3 5.15755e-16 0)
(3 1.76698e-15 0)
(3 1.73106e-16 0)
(3 -1.707e-15 0)
(3 1.32898e-16 0)
(3 5.24307e-16 0)
(3 -2.46346e-16 0)
(3 -7.9792e-16 0)
(3 -5.28682e-16 0)
(3 1.31177e-16 0)
(3 5.37253e-16 0)
(3 4.82012e-16 0)
(3 -1.50265e-15 0)
(3 -1.17396e-16 0)
(3 5.91472e-16 0)
(3 3.57032e-16 0)
(3 1.69785e-15 0)
(3 2.94148e-16 0)
(3 -1.36943e-15 0)
(3 8.8635e-17 0)
(3 3.79399e-16 0)
(3 -5.3334e-16 0)
(3 -8.54018e-16 0)
(3 -6.74236e-16 0)
(3 8.06929e-16 0)
(3 1.03309e-15 0)
(3 3.86488e-16 0)
(3 -1.83616e-15 0)
(3 2.73867e-17 0)
(3 2.95218e-16 0)
(3 1.91336e-16 0)
(3 1.73909e-15 0)
(3 3.45411e-16 0)
(3 -9.19802e-16 0)
(3 -6.47636e-17 0)
(3 2.32116e-16 0)
(3 -7.39993e-16 0)
(3 -1.07794e-15 0)
(3 -5.57128e-16 0)
(3 1.00578e-15 0)
(3 1.0797e-15 0)
(3 4.19367e-16 0)
(3 -1.85983e-15 0)
(3 -1.68361e-16 0)
(3 2.01411e-16 0)
(3 7.60125e-17 0)
(3 1.73811e-15 0)
(3 4.58473e-16 0)
(3 -4.27786e-16 0)
(3 -1.99486e-16 0)
(3 -3.64465e-17 0)
(3 -6.41011e-16 0)
(3 -1.38361e-15 0)
(3 -2.90875e-16 0)
(3 1.09207e-15 0)
(3 1.06655e-15 0)
(3 5.85959e-16 0)
(3 -1.51835e-15 0)
(3 -6.21574e-16 0)
(3 2.34672e-16 0)
(3 -7.81838e-17 0)
(3 1.32596e-15 0)
(3 6.40386e-16 0)
(3 -1.7414e-16 0)
(3 -3.96957e-16 0)
(3 -6.47978e-17 0)
(3 -1.21771e-16 0)
(3 -1.19337e-15 0)
(3 -7.77691e-16 0)
(3 9.75471e-16 0)
(3 1.20704e-15 0)
(3 6.50552e-16 0)
(3 -1.18385e-15 0)
(3 -6.79834e-16 0)
(3 1.42006e-16 0)
(3 -1.92232e-16 0)
(3 1.108e-15 0)
(3 6.87498e-16 0)
(3 -3.05818e-16 0)
(3 -4.08493e-16 0)
(3 -5.15821e-17 0)
(3 -1.79724e-17 0)
(3 -9.15186e-16 0)
(3 -9.56367e-16 0)
(3 4.97911e-16 0)
(3 1.28975e-15 0)
(3 7.44364e-16 0)
(3 -8.48831e-16 0)
(3 -7.78913e-16 0)
(3 5.61344e-17 0)
(3 -2.29697e-16 0)
(3 9.26162e-16 0)
(3 6.91223e-16 0)
(3 -2.36512e-16 0)
(3 -3.06642e-16 0)
(3 -3.34632e-17 0)
(3 4.74407e-17 0)
(3 9.69892e-17 0)
(3 -1.12288e-15 0)
(3 -8.49138e-17 0)
(3 1.39335e-15 0)
(3 9.33909e-16 0)
(3 -5.19708e-16 0)
(3 -7.91368e-16 0)
(3 -3.52513e-17 0)
(3 -1.08896e-16 0)
(3 3.97817e-16 0)
(3 6.49993e-16 0)
(3 -1.5708e-16 0)
(3 -2.04732e-16 0)
(3 -2.71956e-17 0)
(3 -7.75144e-17 0)
(3 -6.52688e-16 0)
(3 -3.85245e-16 0)
(3 -4.03986e-17 0)
(3 7.32186e-16 0)
(3 1.25847e-15 0)
(3 3.46135e-17 0)
(3 -8.03765e-16 0)
(3 -3.91849e-16 0)
(3 1.33563e-16 0)
(3 5.94194e-16 0)
(3 4.49873e-16 0)
(3 -2.72087e-16 0)
(3 -8.62468e-17 0)
(3 1.98096e-17 0)
(3 -3.16971e-16 0)
(3 -2.1784e-16 0)
(3 -5.67583e-16 0)
(3 2.12694e-16 0)
(3 8.60608e-16 0)
(3 8.1555e-16 0)
(3 5.27437e-17 0)
(3 -1.09722e-15 0)
(3 -5.31908e-16 0)
(3 5.11044e-16 0)
(3 1.01589e-15 0)
(3 3.19757e-16 0)
(3 -6.90096e-16 0)
(3 -6.83e-17 0)
(3 1.8497e-16 0)
(3 -1.60512e-15 0)
(3 5.07391e-16 0)
(3 -1.08222e-15 0)
(3 -3.8512e-16 0)
(3 1.08991e-15 0)
(3 1.11595e-15 0)
(3 -5.8859e-16 0)
(3 -1.6388e-15 0)
(3 2.23967e-16 0)
(3 1.5931e-15 0)
(3 7.51092e-16 0)
(3 -1.24379e-16 0)
(3 -2.58049e-16 0)
(3 1.37971e-16 0)
(3 1.66053e-16 0)
(3 1.87546e-16 0)
(3 4.5933e-17 0)
(3 -1.05746e-15 0)
(3 -2.75628e-16 0)
(3 1.09951e-15 0)
(3 8.19453e-16 0)
(3 -8.36031e-16 0)
(3 -1.4747e-15 0)
(3 -2.23247e-16 0)
(3 2.79682e-17 0)
(3 1.37491e-15 0)
(3 4.33288e-17 0)
(3 -7.60445e-16 0)
(3 -2.34875e-16 0)
(3 -6.24405e-17 0)
(3 -2.40013e-17 0)
(3 1.64978e-16 0)
(3 -4.06408e-16 0)
(3 -8.72607e-16 0)
(3 9.03612e-16 0)
(3 1.2234e-15 0)
(3 -3.80975e-16 0)
(3 -1.21872e-15 0)
(3 2.91649e-19 0)
(3 4.6628e-16 0)
(3 7.80279e-16 0)
(3 2.78744e-16 0)
(3 -6.50553e-16 0)
(3 -2.04983e-16 0)
(3 -3.38439e-17 0)
(3 6.17495e-16 0)
(3 3.63108e-16 0)
(3 3.42204e-16 0)
(3 -5.77934e-16 0)
(3 4.11317e-16 0)
(3 9.6132e-16 0)
(3 4.84826e-16 0)
(3 -1.77416e-15 0)
(3 -1.03269e-16 0)
(3 9.45187e-16 0)
(3 -1.1746e-16 0)
(3 1.0882e-15 0)
(3 7.38214e-16 0)
(3 -3.11634e-16 0)
(3 -1.7988e-16 0)
(3 1.56505e-15 0)
(3 4.9271e-16 0)
(3 -1.24651e-15 0)
(3 -6.50309e-16 0)
(3 1.06991e-15 0)
(3 4.88476e-16 0)
(3 -4.9946e-16 0)
(3 -7.29172e-16 0)
(3 -1.1077e-16 0)
(3 3.6194e-16 0)
(3 -1.54247e-16 0)
(3 1.16097e-15 0)
(3 3.68582e-16 0)
(3 -3.00126e-16 0)
(3 -2.6883e-16 0)
(3 1.85532e-15 0)
(3 9.05622e-16 0)
(3 -1.79263e-15 0)
(3 -2.49726e-16 0)
(3 4.83415e-16 0)
(3 -6.72253e-16 0)
(3 4.06786e-16 0)
(3 -9.58884e-17 0)
(3 -3.94809e-16 0)
(3 1.00401e-15 0)
(3 2.36257e-16 0)
(3 -4.28772e-16 0)
(3 -6.16873e-16 0)
(3 2.45376e-16 0)
(3 4.30316e-17 0)
(3 -9.57395e-16 0)
(3 -1.34166e-15 0)
(3 1.15149e-16 0)
(3 7.83442e-16 0)
(3 -1.71206e-17 0)
(3 -5.64428e-16 0)
(3 1.05378e-15 0)
(3 6.61394e-16 0)
(3 -9.76798e-16 0)
(3 -5.40757e-16 0)
(3 6.45663e-17 0)
(3 4.08594e-16 0)
(3 -9.43824e-17 0)
(3 -5.01927e-16 0)
(3 -2.23403e-16 0)
(3 1.13366e-16 0)
(3 1.701e-16 0)
(3 -1.59418e-15 0)
(3 -2.70046e-15 0)
(3 -4.89196e-16 0)
(3 -2.3797e-15 0)
(3 2.15841e-16 0)
(3 2.0521e-17 0)
(3 -9.80575e-16 0)
(3 2.06749e-16 0)
(3 -4.36621e-16 0)
(3 -1.2422e-15 0)
(3 -1.69957e-15 0)
(3 -9.06248e-16 0)
(3 4.11214e-16 0)
(3 -8.60556e-16 0)
(3 -1.20651e-15 0)
(3 -8.83695e-16 0)
(3 -1.87214e-15 0)
(3 9.73757e-17 0)
(3 2.65049e-16 0)
(3 8.89422e-16 0)
(3 9.64264e-16 0)
(3 1.44027e-15 0)
(3 -1.21107e-15 0)
(3 -2.8007e-16 0)
(3 -1.02846e-15 0)
(3 -2.60898e-16 0)
(3 1.2603e-16 0)
(3 3.50206e-16 0)
(3 1.06231e-15 0)
(3 1.80085e-15 0)
(3 2.00372e-15 0)
(3 2.00699e-15 0)
(3 1.54317e-15 0)
(3 5.42735e-16 0)
(3 -7.94678e-16 0)
(3 -3.0428e-16 0)
(3 4.65345e-16 0)
(3 2.58147e-16 0)
(3 -2.61832e-16 0)
(3 -3.49791e-16 0)
(3 3.72818e-16 0)
(3 5.62309e-16 0)
(3 3.55433e-15 0)
(3 1.30001e-15 0)
(3 -1.26371e-16 0)
(3 -7.42176e-17 0)
(3 1.99812e-16 0)
(3 9.8682e-18 0)
(3 -6.03586e-16 0)
(3 -1.14298e-15 0)
(3 -1.63296e-15 0)
(3 -4.38558e-16 0)
(3 1.62693e-15 0)
(3 7.67461e-16 0)
(3 7.08914e-16 0)
(3 1.80604e-15 0)
(3 1.96994e-16 0)
(3 1.4259e-15 0)
(3 -8.05577e-16 0)
(3 -8.38258e-16 0)
(3 -1.31081e-15 0)
(3 -1.29536e-15 0)
(3 -1.87121e-15 0)
(3 -1.59516e-15 0)
(3 -3.9798e-16 0)
(3 1.80227e-15 0)
(3 1.6531e-15 0)
(3 1.7527e-15 0)
(3 -7.53991e-16 0)
(3 -4.47607e-16 0)
(3 -2.51886e-16 0)
(3 -6.9032e-16 0)
(3 -5.22534e-16 0)
(3 8.48694e-16 0)
(3 3.22053e-16 0)
(3 2.78158e-16 0)
(3 3.00883e-15 0)
(3 1.06915e-15 0)
(3 6.61505e-16 0)
(3 3.27264e-16 0)
(3 2.29196e-16 0)
(3 6.06241e-16 0)
(3 2.28871e-15 0)
(3 2.74112e-15 0)
(3 1.48132e-15 0)
(3 1.34039e-15 0)
(3 2.47115e-15 0)
(3 -6.77616e-17 0)
(3 1.40242e-15 0)
(3 8.95196e-16 0)
(3 1.07261e-15 0)
(3 8.29022e-16 0)
(3 -5.2451e-17 0)
(3 -9.47151e-16 0)
(3 -8.95031e-17 0)
(3 -8.01736e-16 0)
(3 -2.31778e-16 0)
(3 1.26211e-16 0)
(3 -5.96505e-16 0)
(3 -4.57698e-17 0)
(3 8.88723e-17 0)
(3 -5.46555e-16 0)
(3 -5.98267e-16 0)
(3 -6.08708e-16 0)
(3 -1.88939e-15 0)
(3 -1.39631e-15 0)
(3 -1.62027e-15 0)
(3 1.99613e-15 0)
(3 -1.94381e-16 0)
(3 -3.51928e-17 0)
(3 -3.29957e-17 0)
(3 2.86169e-16 0)
(3 2.21292e-16 0)
(3 6.49853e-16 0)
(3 -6.18384e-16 0)
(3 6.19125e-16 0)
(3 -8.97289e-16 0)
(3 -2.68086e-16 0)
(3 8.0965e-16 0)
(3 -9.23146e-17 0)
(3 -7.02604e-16 0)
(3 -3.25699e-16 0)
(3 -6.29661e-16 0)
(3 -1.388e-15 0)
(3 -2.92322e-16 0)
(3 5.378e-17 0)
(3 2.03179e-16 0)
(3 -1.27106e-15 0)
(3 -3.79388e-16 0)
(3 -7.28185e-16 0)
(3 2.83963e-16 0)
(3 3.37559e-16 0)
(3 3.35063e-16 0)
(3 -7.49418e-16 0)
(3 -5.65798e-16 0)
(3 -1.30511e-15 0)
(3 -7.75084e-17 0)
(3 -2.08578e-15 0)
(3 -6.75654e-16 0)
(3 6.26395e-16 0)
(3 1.25655e-15 0)
(3 2.84075e-16 0)
(3 -4.02762e-16 0)
(3 1.35248e-15 0)
(3 -4.94187e-16 0)
(3 -3.37078e-16 0)
(3 -1.78458e-15 0)
(3 -3.52322e-15 0)
(3 -1.51955e-16 0)
(3 2.41828e-16 0)
(3 -8.2798e-16 0)
(3 -9.14587e-16 0)
(3 -2.3658e-15 0)
(3 -2.74309e-15 0)
(3 2.52486e-16 0)
(3 -1.23731e-16 0)
(3 -1.82027e-15 0)
(3 -5.64855e-16 0)
(3 -5.20877e-16 0)
(3 -6.98102e-16 0)
(3 -1.60969e-15 0)
(3 -1.39847e-15 0)
(3 -1.2008e-15 0)
(3 -2.10748e-15 0)
(3 7.08776e-16 0)
(3 -1.13875e-15 0)
(3 -1.13945e-15 0)
(3 5.2178e-16 0)
(3 -2.15441e-15 0)
(3 -1.71932e-15 0)
(3 -1.18042e-15 0)
(3 -1.67145e-15 0)
(3 -8.72544e-16 0)
(3 5.86421e-16 0)
(3 5.04813e-16 0)
(3 -1.37327e-15 0)
(3 -1.76915e-15 0)
(3 1.25668e-15 0)
(3 -2.72001e-15 0)
(3 -2.01595e-15 0)
(3 -1.10701e-15 0)
(3 -8.64374e-16 0)
(3 -1.00949e-15 0)
(3 1.48505e-15 0)
(3 3.76318e-16 0)
(3 -6.44554e-17 0)
(3 1.46451e-17 0)
(3 5.58474e-16 0)
(3 -1.74267e-15 0)
(3 -1.07643e-15 0)
(3 1.11048e-15 0)
(3 2.47548e-15 0)
(3 1.42341e-15 0)
(3 2.00701e-15 0)
(3 6.65247e-18 0)
(3 1.50144e-15 0)
(3 1.94454e-15 0)
(3 -1.485e-15 0)
(3 1.15815e-15 0)
(3 1.20046e-15 0)
(3 1.54739e-15 0)
(3 2.1702e-15 0)
(3 1.8176e-16 0)
(3 2.83395e-16 0)
(3 -2.22597e-16 0)
(3 5.35648e-16 0)
(3 4.73715e-16 0)
(3 7.10881e-16 0)
(3 7.78014e-16 0)
(3 4.92737e-16 0)
(3 7.84042e-17 0)
(3 -6.21584e-16 0)
(3 -8.69954e-16 0)
(3 -4.68095e-16 0)
(3 1.0571e-16 0)
(3 1.13627e-17 0)
(3 -2.61421e-16 0)
(3 1.22098e-16 0)
(3 1.02943e-15 0)
(3 8.4288e-16 0)
(3 6.27262e-16 0)
(3 1.39015e-15 0)
(3 2.65019e-15 0)
(3 -7.99938e-17 0)
(3 -3.59474e-17 0)
(3 -1.19327e-15 0)
(3 -1.40301e-15 0)
(3 5.18997e-17 0)
(3 1.02856e-15 0)
(3 1.3228e-15 0)
(3 1.06254e-15 0)
(3 1.43368e-15 0)
(3 1.20506e-15 0)
(3 1.04257e-15 0)
(3 4.81879e-17 0)
(3 -1.22051e-15 0)
(3 -3.97411e-16 0)
(3 -4.61539e-16 0)
(3 -6.52118e-16 0)
(3 -1.00432e-16 0)
(3 -3.08037e-16 0)
(3 -8.58209e-16 0)
(3 -9.60531e-16 0)
(3 9.19314e-17 0)
(3 9.12216e-16 0)
(3 1.26586e-15 0)
(3 1.57047e-16 0)
(3 -6.51866e-17 0)
(3 -1.11229e-15 0)
(3 -1.12342e-15 0)
(3 -7.91364e-16 0)
(3 -6.75946e-16 0)
(3 -3.72868e-16 0)
(3 -9.15149e-16 0)
(3 -5.59468e-17 0)
(3 8.89931e-16 0)
(3 9.84003e-16 0)
(3 1.04113e-15 0)
(3 -3.94396e-16 0)
(3 -5.3674e-16 0)
(3 -5.52644e-16 0)
(3 -3.67865e-16 0)
(3 -2.18422e-16 0)
(3 -9.29532e-17 0)
(3 -1.09411e-15 0)
(3 -7.29143e-16 0)
(3 6.75373e-16 0)
(3 8.46506e-17 0)
(3 -2.91412e-17 0)
(3 -1.20047e-16 0)
(3 -3.04734e-16 0)
(3 -2.70203e-16 0)
(3 -6.73978e-17 0)
(3 4.43842e-16 0)
(3 -1.82888e-16 0)
(3 -1.77406e-16 0)
(3 4.81343e-16 0)
(3 -2.79516e-16 0)
(3 5.60189e-16 0)
(3 3.87889e-16 0)
(3 1.11044e-16 0)
(3 -4.72206e-16 0)
(3 -2.34041e-16 0)
(3 -8.24441e-16 0)
(3 5.02032e-16 0)
(3 2.67012e-16 0)
(3 -1.81899e-16 0)
(3 -3.20908e-16 0)
(3 -1.13816e-16 0)
(3 -3.36586e-17 0)
(3 -1.70193e-17 0)
(3 -3.38306e-16 0)
(3 -3.2144e-16 0)
(3 1.42507e-16 0)
(3 3.50756e-16 0)
(3 3.42507e-16 0)
(3 -6.71461e-16 0)
(3 -1.39067e-16 0)
(3 -3.6442e-16 0)
(3 -4.92401e-17 0)
(3 5.93969e-17 0)
(3 6.0106e-17 0)
(3 -6.05419e-16 0)
(3 1.02954e-16 0)
(3 2.80505e-16 0)
(3 1.7488e-16 0)
(3 -1.10407e-16 0)
(3 4.89878e-17 0)
(3 7.01528e-16 0)
(3 7.66782e-16 0)
(3 1.71069e-16 0)
(3 4.04427e-16 0)
(3 1.84387e-16 0)
(3 1.23209e-16 0)
(3 2.68787e-16 0)
(3 3.66868e-16 0)
(3 -1.28707e-16 0)
(3 1.99005e-16 0)
(3 -2.57554e-16 0)
(3 -4.7386e-16 0)
(3 -1.80074e-16 0)
(3 4.13147e-17 0)
(3 1.04729e-15 0)
(3 2.53647e-16 0)
(3 -3.64833e-16 0)
(3 -6.46135e-16 0)
(3 2.69594e-16 0)
(3 6.82286e-16 0)
(3 -8.3658e-16 0)
(3 -7.03924e-16 0)
(3 -4.38322e-16 0)
(3 -2.54154e-16 0)
(3 -3.04645e-16 0)
(3 -5.63797e-16 0)
(3 -3.25234e-16 0)
(3 -3.02914e-16 0)
(3 4.32028e-16 0)
(3 4.4684e-16 0)
(3 1.94038e-16 0)
(3 1.32034e-16 0)
(3 6.73913e-17 0)
(3 1.98243e-16 0)
(3 -2.31845e-16 0)
(3 -2.02352e-16 0)
(3 1.50913e-16 0)
(3 3.69165e-16 0)
(3 -9.77054e-17 0)
(3 -1.57837e-16 0)
(3 1.18256e-15 0)
(3 7.39925e-16 0)
(3 1.18522e-15 0)
(3 3.59523e-16 0)
(3 -7.56277e-16 0)
(3 -3.96322e-16 0)
(3 -4.76958e-16 0)
(3 1.10191e-16 0)
(3 6.03174e-16 0)
(3 -4.44981e-16 0)
(3 -4.50249e-16 0)
(3 8.43816e-16 0)
(3 -5.24899e-16 0)
(3 -7.48097e-16 0)
(3 1.92148e-16 0)
(3 1.66957e-15 0)
(3 6.7338e-16 0)
(3 1.2029e-15 0)
(3 -4.79996e-16 0)
(3 -7.57754e-16 0)
(3 -2.11298e-16 0)
(3 -2.87377e-16 0)
(3 1.96413e-16 0)
(3 4.14895e-16 0)
(3 -2.51313e-16 0)
(3 -5.65935e-16 0)
(3 4.52712e-16 0)
(3 -4.73577e-16 0)
(3 -5.25409e-16 0)
(3 1.84548e-16 0)
(3 1.39503e-15 0)
(3 4.66286e-16 0)
(3 1.14673e-15 0)
(3 -1.27004e-15 0)
(3 -6.43881e-16 0)
(3 -1.45686e-18 0)
(3 -2.32408e-16 0)
(3 2.21226e-16 0)
(3 2.42811e-16 0)
(3 -1.40451e-16 0)
(3 -5.35949e-16 0)
(3 1.293e-16 0)
(3 -2.23586e-16 0)
(3 -3.08617e-16 0)
(3 1.32121e-16 0)
(3 1.3141e-15 0)
(3 -4.58196e-17 0)
(3 9.07534e-16 0)
(3 -1.03672e-15 0)
(3 -5.60437e-16 0)
(3 1.06533e-16 0)
(3 -2.07072e-16 0)
(3 -1.68545e-16 0)
(3 2.25103e-16 0)
(3 -2.32831e-16 0)
(3 -4.21656e-16 0)
(3 9.72635e-17 0)
(3 -1.09499e-16 0)
(3 -3.07416e-16 0)
(3 2.76284e-16 0)
(3 1.04705e-15 0)
(3 -2.11867e-16 0)
(3 3.52816e-17 0)
(3 -5.87791e-16 0)
(3 -1.94355e-16 0)
(3 -6.56065e-17 0)
(3 -6.15899e-16 0)
(3 8.36156e-17 0)
(3 1.39656e-16 0)
(3 -2.35552e-16 0)
(3 -5.56062e-16 0)
(3 3.80533e-16 0)
(3 1.33133e-16 0)
(3 -4.28485e-16 0)
(3 -1.02494e-16 0)
(3 6.68788e-16 0)
(3 -2.23937e-16 0)
(3 1.60785e-16 0)
(3 -3.7669e-16 0)
(3 6.4849e-17 0)
(3 -2.74073e-16 0)
(3 -8.54592e-16 0)
(3 -1.70016e-16 0)
(3 -1.80625e-16 0)
(3 -3.4983e-16 0)
(3 -5.91168e-16 0)
(3 4.34135e-16 0)
(3 1.82031e-16 0)
(3 -4.48209e-16 0)
(3 -3.60395e-16 0)
(3 6.50088e-16 0)
(3 -6.57616e-16 0)
(3 5.77782e-16 0)
(3 -1.02195e-15 0)
(3 4.63025e-16 0)
(3 -2.67812e-16 0)
(3 -9.08395e-16 0)
(3 -6.0928e-16 0)
(3 -1.29976e-16 0)
(3 -3.96371e-16 0)
(3 -5.81301e-16 0)
(3 8.49229e-16 0)
(3 2.16032e-16 0)
(3 -5.07566e-16 0)
(3 -5.48981e-16 0)
(3 4.53826e-16 0)
(3 -9.62562e-16 0)
(3 6.32211e-16 0)
(3 -1.04335e-15 0)
(3 2.35582e-16 0)
(3 -3.92403e-17 0)
(3 -4.29309e-16 0)
(3 -7.35283e-16 0)
(3 -2.42e-16 0)
(3 -3.92285e-16 0)
(3 -3.84709e-16 0)
(3 9.98371e-16 0)
(3 2.09626e-16 0)
(3 -3.78229e-16 0)
(3 -2.5186e-16 0)
(3 9.11148e-16 0)
(3 -4.31286e-16 0)
(3 1.56181e-16 0)
(3 -1.05674e-15 0)
(3 -5.98357e-17 0)
(3 -5.76767e-17 0)
(3 -8.32321e-17 0)
(3 -7.09309e-16 0)
(3 -3.63901e-16 0)
(3 -2.30274e-16 0)
(3 -1.39579e-16 0)
(3 9.15102e-16 0)
(3 3.53244e-16 0)
(3 -3.02686e-16 0)
(3 -7.76794e-17 0)
(3 -1.08797e-15 0)
(3 -2.56595e-16 0)
(3 -2.96276e-16 0)
(3 -1.05771e-15 0)
(3 2.51871e-16 0)
(3 1.56491e-17 0)
(3 -6.42163e-17 0)
(3 -6.224e-16 0)
(3 -3.07864e-16 0)
(3 -4.33349e-17 0)
(3 -1.87903e-16 0)
(3 6.77411e-16 0)
(3 5.58203e-16 0)
(3 -1.64709e-16 0)
(3 -6.73556e-17 0)
(3 -7.44564e-09 0)
(3 2.92911e-11 0)
(3 3.43941e-12 0)
(3 2.13888e-14 0)
(3 5.38861e-16 0)
(3 -2.31573e-16 0)
(3 -3.26409e-16 0)
(3 -5.62164e-16 0)
(3 -1.97065e-16 0)
(3 1.2556e-16 0)
(3 -5.91838e-19 0)
(3 -7.92447e-18 0)
(3 6.06894e-16 0)
(3 -7.36232e-18 0)
(3 -3.38798e-16 0)
(3 -4.2282e-07 0)
(3 -4.87143e-08 0)
(3 -3.74228e-10 0)
(3 1.04716e-12 0)
(3 1.65721e-13 0)
(3 4.4965e-15 0)
(3 -2.18258e-16 0)
(3 -1.37142e-15 0)
(3 -1.95829e-16 0)
(3 2.69005e-16 0)
(3 -1.93854e-17 0)
(3 -9.61261e-17 0)
(3 7.0279e-16 0)
(3 -1.97665e-16 0)
(3 -6.7438e-16 0)
(3.00004 0.000164128 0)
(3 7.13099e-06 0)
(3 -2.13103e-08 0)
(3 -1.96528e-10 0)
(3 -5.30882e-11 0)
(3 -1.63171e-12 0)
(3 -7.72018e-15 0)
(3 -1.25318e-15 0)
(3 -5.71809e-17 0)
(3 1.63486e-16 0)
(3 -2.27359e-17 0)
(3 -5.90653e-17 0)
(3 7.05345e-16 0)
(3 -5.00553e-16 0)
(3 -7.4847e-16 0)
(3.00073 -0.000396143 0)
(3 1.05032e-05 0)
(3 2.16632e-06 0)
(3 3.99414e-08 0)
(3 6.53308e-11 0)
(3 -9.22383e-13 0)
(3 -2.95177e-15 0)
(3 -6.77038e-17 0)
(3 2.29243e-17 0)
(3 1.44831e-17 0)
(3 -4.10551e-16 0)
(3 1.00114e-16 0)
(3 8.63621e-16 0)
(3 -6.62188e-16 0)
(3 -8.26406e-16 0)
(2.96846 -0.138663 0)
(2.99993 -0.00223938 0)
(3 7.39953e-07 0)
(3 1.98148e-07 0)
(3 5.57631e-09 0)
(3 3.67323e-11 0)
(3 -1.251e-12 0)
(3 -2.53155e-13 0)
(3 -3.14619e-15 0)
(3 5.41925e-17 0)
(3 -1.05048e-16 0)
(3 3.58919e-16 0)
(3 1.20067e-15 0)
(3 -8.1602e-16 0)
(3 -9.06376e-16 0)
(2.71046 -0.579524 0)
(2.9866 -0.0586857 0)
(2.99999 -0.000731209 0)
(3 -1.8691e-06 0)
(3 -6.46895e-09 0)
(3 1.02651e-12 0)
(3 -6.52546e-13 0)
(3 -2.00959e-13 0)
(3 -1.79874e-14 0)
(3 1.41864e-17 0)
(3 3.06816e-16 0)
(3 4.19802e-16 0)
(3 1.236e-15 0)
(3 -7.84765e-16 0)
(3 -1.03461e-15 0)
(2.52728 -0.84283 0)
(2.87319 -0.347783 0)
(2.99711 -0.0207354 0)
(3.00001 -0.000145241 0)
(3 1.35368e-07 0)
(3 9.72257e-10 0)
(3 1.09069e-10 0)
(3 3.02839e-12 0)
(3 1.38879e-14 0)
(3 -1.50651e-16 0)
(3 1.00747e-15 0)
(3 9.70534e-16 0)
(3 6.41933e-16 0)
(3 -1.32474e-15 0)
(3 -9.92688e-16 0)
(2.56417 -0.817305 0)
(2.7611 -0.582128 0)
(2.96801 -0.131855 0)
(2.99953 -0.00438361 0)
(3 -3.19041e-05 0)
(3 -2.41571e-07 0)
(3 -1.11695e-09 0)
(3 -3.19899e-12 0)
(3 -3.69304e-14 0)
(3 -3.26404e-16 0)
(3 1.43167e-15 0)
(3 2.03425e-15 0)
(3 -4.6587e-16 0)
(3 -1.65756e-15 0)
(3 1.11976e-16 0)
(2.6254 -0.720169 0)
(2.71503 -0.678103 0)
(2.91595 -0.318647 0)
(2.9977 -0.0272305 0)
(3.00002 -0.000304015 0)
(3 -7.40115e-08 0)
(3 1.16963e-08 0)
(3 1.70047e-09 0)
(3 3.45059e-11 0)
(3 1.30077e-13 0)
(3 2.39326e-15 0)
(3 1.73967e-15 0)
(3 -1.02324e-15 0)
(3 -1.00404e-15 0)
(3 2.04093e-16 0)
(2.65126 -0.6136 0)
(2.73887 -0.658806 0)
(2.85937 -0.497435 0)
(2.97286 -0.174087 0)
(2.99908 -0.0165811 0)
(3.00001 -0.000504653 0)
(3 -7.08886e-06 0)
(3 -6.16696e-08 0)
(3 -3.96414e-10 0)
(3 -3.78718e-12 0)
(3 -8.98011e-14 0)
(3 -1.83594e-15 0)
(3 -1.26411e-16 0)
(3 -1.63813e-16 0)
(3 1.27312e-16 0)
(2.75131 -0.487399 0)
(2.8651 -0.568973 0)
(2.93135 -0.435623 0)
(2.99148 -0.154956 0)
(3.00053 -0.0127114 0)
(3.00004 -0.000280128 0)
(3 -3.16166e-06 0)
(3 -2.6245e-08 0)
(3 -1.9502e-10 0)
(3 -6.69016e-13 0)
(3 2.29513e-13 0)
(3 1.51668e-14 0)
(3 2.68959e-16 0)
(3 -1.01543e-16 0)
(3 1.56739e-16 0)
(2.98648 -0.221641 0)
(3.01799 -0.383321 0)
(3.01942 -0.305901 0)
(3.00762 -0.116713 0)
(3.00097 -0.00802817 0)
(3.00002 -0.000109233 0)
(3 -8.01038e-07 0)
(3 -5.43055e-09 0)
(3 4.037e-11 0)
(3 1.53221e-11 0)
(3 4.89543e-13 0)
(3 7.16894e-15 0)
(3 -8.52549e-17 0)
(3 -3.39474e-19 0)
(3 2.83449e-16 0)
(3.10398 -0.0479621 0)
(3.09009 -0.220376 0)
(3.05772 -0.177505 0)
(3.01362 -0.0593391 0)
(3.00064 -0.00313421 0)
(3.00001 -2.80887e-05 0)
(3 -1.20499e-07 0)
(3 1.3708e-09 0)
(3 3.67336e-10 0)
(3 1.39441e-11 0)
(3 2.00235e-13 0)
(3 1.45387e-15 0)
(3 -3.75508e-16 0)
(3 1.77432e-16 0)
(3 3.13133e-16 0)
(3.08983 0.00865557 0)
(3.08312 -0.0987008 0)
(3.0437 -0.0730559 0)
(3.0066 -0.0164472 0)
(3.00017 -0.000542962 0)
(3 -3.26718e-06 0)
(3 5.86841e-09 0)
(3 3.85488e-09 0)
(3 2.77479e-10 0)
(3 4.22843e-12 0)
(3 3.17835e-14 0)
(3 1.07862e-15 0)
(3 -5.87929e-16 0)
(3 -7.4894e-17 0)
(3 6.67148e-16 0)
(3.04579 0.0137496 0)
(3.03363 -0.0247832 0)
(3.01239 -0.0149998 0)
(3.00098 -0.00182475 0)
(3.00001 -3.13694e-05 0)
(3 -7.71216e-08 0)
(3 1.7153e-08 0)
(3 3.07989e-09 0)
(3 7.48582e-11 0)
(3 4.52478e-13 0)
(3 2.56435e-15 0)
(3 4.24835e-17 0)
(3 -2.14412e-16 0)
(3 5.9681e-16 0)
(3 6.22467e-16 0)
(3.00652 0.00874873 0)
(3.00425 -0.00198635 0)
(3.00103 -0.000984278 0)
(3.00004 -6.04909e-05 0)
(3 -4.56287e-07 0)
(3 3.90097e-08 0)
(3 1.35026e-08 0)
(3 8.11892e-10 0)
(3 6.58669e-12 0)
(3 2.02826e-14 0)
(3 4.56989e-16 0)
(3 -9.53309e-17 0)
(3 5.31199e-17 0)
(3 9.60404e-16 0)
(3 1.00818e-15 0)
(3.00125 0.00435055 0)
(3.00013 0.00020263 0)
(3.00002 -4.9654e-06 0)
(3 -3.27605e-07 0)
(3 4.42889e-08 0)
(3 2.48635e-08 0)
(3 3.42328e-09 0)
(3 5.80382e-11 0)
(3 1.93237e-13 0)
(3 -4.73954e-16 0)
(3 5.26073e-16 0)
(3 4.28144e-16 0)
(3 8.63592e-18 0)
(3 3.5684e-16 0)
(3 8.35769e-16 0)
(2.99949 0.0013229 0)
(2.99999 0.000170846 0)
(3 7.26478e-06 0)
(3 1.51958e-07 0)
(3 2.36166e-08 0)
(3 4.32126e-09 0)
(3 1.73129e-10 0)
(3 9.8666e-13 0)
(3 3.22905e-15 0)
(3 3.05313e-16 0)
(3 -3.97955e-16 0)
(3 3.75544e-16 0)
(3 -5.22387e-16 0)
(3 1.76234e-16 0)
(3 1.22359e-15 0)
(2.99983 0.000149488 0)
(2.99997 6.30565e-05 0)
(3 4.49068e-06 0)
(3 8.90497e-08 0)
(3 3.2156e-09 0)
(3 1.34836e-10 0)
(3 1.58791e-12 0)
(3 5.57156e-15 0)
(3 6.10526e-16 0)
(3 5.67377e-16 0)
(3 -1.16656e-15 0)
(3 1.68142e-16 0)
(3 -4.97057e-16 0)
(3 -2.49401e-16 0)
(3 9.49887e-16 0)
(2.99999 4.87915e-06 0)
(2.99999 4.95054e-06 0)
(3 7.36562e-07 0)
(3 1.5415e-08 0)
(3 1.10188e-10 0)
(3 8.77665e-13 0)
(3 5.84363e-15 0)
(3 1.71553e-16 0)
(3 1.97908e-16 0)
(3 -2.39978e-16 0)
(3 -7.73569e-16 0)
(3 2.93905e-16 0)
(3 5.16152e-16 0)
(3 -4.37726e-16 0)
(3 1.96127e-16 0)
(3 4.23908e-08 0)
(3 7.22868e-08 0)
(3 2.02571e-08 0)
(3 4.91665e-10 0)
(3 1.56136e-12 0)
(3 4.49302e-15 0)
(3 3.66562e-16 0)
(3 3.79437e-16 0)
(3 -7.35034e-16 0)
(3 -5.07352e-16 0)
(3 -5.43715e-17 0)
(3 -5.75291e-17 0)
(3 -1.53589e-16 0)
(3 -2.21188e-16 0)
(3 -1.01604e-17 0)
(3 1.36523e-10 0)
(3 2.81281e-10 0)
(3 1.00461e-10 0)
(3 2.78803e-12 0)
(3 8.54161e-15 0)
(3 6.33631e-16 0)
(3 -8.72702e-17 0)
(3 1.4832e-16 0)
(3 -3.0288e-16 0)
(3 -2.36583e-16 0)
(3 2.41534e-16 0)
(3 -4.84957e-16 0)
(3 -2.25411e-16 0)
(3 -8.15447e-16 0)
(3 -3.63134e-16 0)
(3 -1.86868e-12 0)
(3 5.09802e-13 0)
(3 2.12268e-13 0)
(3 4.93633e-15 0)
(3 1.02488e-16 0)
(3 5.06036e-16 0)
(3 3.98778e-16 0)
(3 3.43761e-16 0)
(3 4.15577e-16 0)
(3 -5.96719e-16 0)
(3 -2.79932e-16 0)
(3 -2.28715e-16 0)
(3 -4.68159e-16 0)
(3 2.42382e-16 0)
(3 -1.01508e-16 0)
(3 -9.26585e-13 0)
(3 -3.73745e-14 0)
(3 -1.77337e-15 0)
(3 -1.4127e-15 0)
(3 9.03526e-17 0)
(3 1.05669e-15 0)
(3 -4.7606e-16 0)
(3 -2.15941e-16 0)
(3 5.6046e-16 0)
(3 -6.45966e-17 0)
(3 -5.16684e-16 0)
(3 -3.90753e-16 0)
(3 -3.87364e-16 0)
(3 3.11678e-17 0)
(3 3.6207e-16 0)
(3 -1.62127e-13 0)
(3 -1.10701e-14 0)
(3 -8.35071e-16 0)
(3 -1.1338e-15 0)
(3 6.04185e-17 0)
(3 7.15715e-16 0)
(3 -6.84162e-16 0)
(3 -5.5416e-17 0)
(3 1.31316e-15 0)
(3 -5.66908e-16 0)
(3 -6.09025e-16 0)
(3 7.08656e-16 0)
(3 -3.74667e-16 0)
(3 -3.86377e-16 0)
(3 1.18705e-16 0)
(3 -2.86295e-15 0)
(3 1.17897e-15 0)
(3 -1.5088e-16 0)
(3 -1.11689e-16 0)
(3 7.42402e-16 0)
(3 9.49135e-17 0)
(3 -1.14694e-17 0)
(3 1.14686e-15 0)
(3 1.42411e-15 0)
(3 -1.56521e-15 0)
(3 -8.51103e-16 0)
(3 5.21898e-16 0)
(3 -7.76435e-16 0)
(3 -1.71006e-16 0)
(3 4.6432e-16 0)
(3 1.27489e-16 0)
(3 1.47379e-15 0)
(3 6.97009e-16 0)
(3 1.45607e-16 0)
(3 -6.35747e-16 0)
(3 1.03584e-16 0)
(3 5.9424e-16 0)
(3 1.00817e-15 0)
(3 4.49859e-16 0)
(3 -9.48126e-16 0)
(3 -4.58189e-16 0)
(3 7.74995e-16 0)
(3 -4.32929e-16 0)
(3 -1.05787e-15 0)
(3 -1.70273e-16 0)
(3 1.8179e-16 0)
(3 -2.65824e-16 0)
(3 -2.34379e-17 0)
(3 9.09142e-16 0)
(3 2.93246e-17 0)
(3 -2.00202e-16 0)
(3 3.77956e-16 0)
(3 1.90044e-15 0)
(3 5.70485e-16 0)
(3 -1.4411e-15 0)
(3 -5.18551e-16 0)
(3 -3.13683e-16 0)
(3 -1.15788e-16 0)
(3 2.62263e-16 0)
(3 -6.15647e-17 0)
(3 -4.90893e-17 0)
(3 6.10756e-17 0)
(3 2.64225e-16 0)
(3 3.32649e-16 0)
(3 -5.82759e-16 0)
(3 2.58145e-16 0)
(3 5.5539e-16 0)
(3 8.31133e-16 0)
(3 1.40272e-15 0)
(3 -1.46051e-15 0)
(3 -8.00136e-16 0)
(3 -1.8569e-17 0)
(3 -1.66678e-16 0)
(3 6.09414e-16 0)
(3 2.70894e-16 0)
(3 -7.15001e-18 0)
(3 -2.00288e-16 0)
(3 9.02277e-17 0)
(3 2.40138e-16 0)
(3 -2.98158e-16 0)
(3 1.2652e-16 0)
(3 -9.18486e-16 0)
(3 8.33362e-16 0)
(3 2.8834e-15 0)
(3 -3.76405e-16 0)
(3 -1.3139e-15 0)
(3 -4.66479e-17 0)
(3 3.56853e-17 0)
(3 2.81781e-17 0)
(3 -3.30033e-17 0)
(2.81415 0.069467 0)
(2.98447 0.248332 0)
(3.04406 0.305183 0)
(3.06286 0.276038 0)
(3.02024 0.157245 0)
(2.9938 0.0626389 0)
(2.99446 0.0169095 0)
(2.99843 0.00232919 0)
(2.99985 0.000121191 0)
(3 2.38837e-06 0)
(3 2.23243e-08 0)
(3 1.0174e-10 0)
(3 -7.37694e-12 0)
(3 -3.7939e-12 0)
(3 -4.29597e-13 0)
(3 -8.7921e-15 0)
(3 -3.72515e-15 0)
(3 2.40394e-16 0)
(3 2.91726e-16 0)
(3 -8.86026e-16 0)
(2.85157 0.311203 0)
(2.94901 0.413738 0)
(2.9898 0.442802 0)
(3.00876 0.376715 0)
(2.97952 0.221639 0)
(2.97103 0.0961022 0)
(2.98548 0.0263886 0)
(2.99734 0.00315178 0)
(2.99986 0.000110535 0)
(3 1.00212e-06 0)
(3 2.38869e-09 0)
(3 -2.97274e-11 0)
(3 -1.29675e-11 0)
(3 -5.26078e-12 0)
(3 -4.15484e-13 0)
(3 -4.22432e-15 0)
(3 -2.98047e-15 0)
(3 -6.67409e-16 0)
(3 7.65379e-17 0)
(3 -2.00656e-15 0)
(2.88223 0.479941 0)
(2.91204 0.563435 0)
(2.94685 0.584838 0)
(2.94312 0.454903 0)
(2.92293 0.265892 0)
(2.93791 0.124641 0)
(2.97307 0.0393357 0)
(2.99531 0.00569146 0)
(2.99978 0.000243018 0)
(3 2.59426e-06 0)
(3 1.06274e-08 0)
(3 1.09512e-11 0)
(3 -1.02482e-11 0)
(3 -4.25616e-12 0)
(3 -3.68895e-13 0)
(3 -4.9013e-15 0)
(3 3.36472e-16 0)
(3 -3.81432e-16 0)
(3 -2.07619e-16 0)
(3 -6.20889e-16 0)
(2.88927 0.687143 0)
(2.88457 0.753258 0)
(2.89405 0.72348 0)
(2.87185 0.537059 0)
(2.86535 0.326016 0)
(2.90168 0.164649 0)
(2.95684 0.0565211 0)
(2.99175 0.00923394 0)
(2.99955 0.000466001 0)
(2.99999 5.93801e-06 0)
(3 2.93013e-08 0)
(3 9.47126e-11 0)
(3 -2.0595e-12 0)
(3 -1.41048e-12 0)
(3 -2.56253e-13 0)
(3 -4.66855e-15 0)
(3 3.54479e-15 0)
(3 1.99615e-15 0)
(3 1.6199e-15 0)
(3 8.22125e-16 0)
(2.84948 0.896397 0)
(2.83307 0.968819 0)
(2.82059 0.869877 0)
(2.79847 0.615724 0)
(2.80952 0.377043 0)
(2.86278 0.194049 0)
(2.93685 0.0697383 0)
(2.98654 0.0127455 0)
(2.99912 0.000771779 0)
(2.99999 1.1937e-05 0)
(3 6.43011e-08 0)
(3 2.1858e-10 0)
(3 2.37966e-12 0)
(3 8.15164e-13 0)
(3 4.59089e-14 0)
(3 -4.97672e-16 0)
(3 3.27252e-15 0)
(3 1.34957e-15 0)
(3 1.1554e-15 0)
(3 1.7607e-16 0)
(2.78192 1.16606 0)
(2.78043 1.09662 0)
(2.7524 0.907755 0)
(2.72371 0.631595 0)
(2.74088 0.38918 0)
(2.81411 0.202776 0)
(2.91316 0.0761416 0)
(2.98005 0.0153229 0)
(2.9985 0.00108515 0)
(2.99997 1.97946e-05 0)
(3 1.1142e-07 0)
(3 3.75215e-10 0)
(3 3.69492e-12 0)
(3 1.46987e-12 0)
(3 2.46355e-13 0)
(3 4.47157e-15 0)
(3 2.99877e-16 0)
(3 -6.09005e-16 0)
(3 -7.59737e-16 0)
(3 2.46454e-16 0)
(2.77592 1.29197 0)
(2.7275 1.25684 0)
(2.59801 1.01981 0)
(2.57048 0.65785 0)
(2.62658 0.377405 0)
(2.7505 0.1898 0)
(2.88684 0.0721947 0)
(2.97308 0.0154499 0)
(2.99775 0.00122757 0)
(2.99995 2.52422e-05 0)
(3 1.5426e-07 0)
(3 5.35348e-10 0)
(3 3.935e-12 0)
(3 1.30024e-12 0)
(3 3.17461e-13 0)
(3 1.08883e-14 0)
(3 -3.19746e-15 0)
(3 -1.42379e-15 0)
(3 -7.6718e-16 0)
(3 9.6408e-17 0)
(2.67485 1.62826 0)
(2.42616 1.37564 0)
(2.42021 0.843985 0)
(2.45197 0.469365 0)
(2.55207 0.263515 0)
(2.70386 0.146295 0)
(2.86473 0.0594566 0)
(2.96685 0.0135879 0)
(2.99703 0.00117399 0)
(2.99993 2.61619e-05 0)
(3 1.68772e-07 0)
(3 5.88334e-10 0)
(3 3.37375e-12 0)
(3 8.63824e-13 0)
(3 2.75681e-13 0)
(3 1.30752e-14 0)
(3 -2.73685e-15 0)
(3 -1.77996e-15 0)
(3 -1.28535e-15 0)
(3 2.17496e-16 0)
(2.13976 0.747107 0)
(2.11071 0.497365 0)
(2.19805 0.300904 0)
(2.35506 0.203499 0)
(2.51805 0.150642 0)
(2.69682 0.0877375 0)
(2.86083 0.0339861 0)
(2.96387 0.00760983 0)
(2.99645 0.000690797 0)
(2.99991 1.74859e-05 0)
(3 1.33743e-07 0)
(3 5.46188e-10 0)
(3 2.75361e-12 0)
(3 4.87718e-13 0)
(3 1.89264e-13 0)
(3 1.37537e-14 0)
(3 1.42231e-15 0)
(3 -3.48791e-16 0)
(3 -1.42088e-15 0)
(3 1.96326e-16 0)
(1.6763 0.150801 0)
(2.02226 0.147946 0)
(2.19775 0.102342 0)
(2.34443 0.0726534 0)
(2.48433 0.0544365 0)
(2.69319 0.0338187 0)
(2.8703 0.0131529 0)
(2.96675 0.00228456 0)
(2.99665 0.000137469 0)
(2.99991 3.52332e-06 0)
(3 2.8714e-08 0)
(3 1.18419e-10 0)
(3 6.75087e-13 0)
(3 1.53391e-13 0)
(3 6.80548e-14 0)
(3 7.65868e-15 0)
(3 1.97272e-15 0)
(3 -1.14995e-15 0)
(3 -9.76849e-16 0)
(3 2.53615e-16 0)
)
;

boundaryField
{
    inlet
    {
        type            fixedValue;
        value           uniform (3 0 0);
    }
    outlet
    {
        type            inletOutlet;
        inletValue      uniform (3 0 0);
        value           nonuniform List<vector> 
50
(
(3 -4.06592e-16 0)
(3 1.33559e-16 0)
(3 8.13948e-18 0)
(3 2.87165e-16 0)
(3 6.98401e-16 0)
(3 -7.55912e-16 0)
(3 -1.36931e-15 0)
(3 -5.55153e-16 0)
(3 -5.15379e-16 0)
(3 6.35358e-16 0)
(3 1.18318e-15 0)
(3 -6.4568e-16 0)
(3 -7.14051e-16 0)
(3 3.37021e-16 0)
(3 2.44079e-16 0)
(3 -3.897e-16 0)
(3 1.6598e-16 0)
(3 1.80269e-15 0)
(3 9.95118e-16 0)
(3 8.65069e-17 0)
(3 -1.21484e-15 0)
(3 -3.01309e-15 0)
(3 5.64958e-16 0)
(3 2.90262e-15 0)
(3 7.95902e-16 0)
(3 -8.86026e-16 0)
(3 -2.00656e-15 0)
(3 -6.20889e-16 0)
(3 8.22125e-16 0)
(3 1.7607e-16 0)
(3 2.46454e-16 0)
(3 9.6408e-17 0)
(3 2.17496e-16 0)
(3 1.96326e-16 0)
(3 2.53615e-16 0)
(3 -7.15001e-18 0)
(3 -2.00288e-16 0)
(3 9.02277e-17 0)
(3 2.40138e-16 0)
(3 -2.98158e-16 0)
(3 1.2652e-16 0)
(3 -9.18486e-16 0)
(3 8.33362e-16 0)
(3 2.8834e-15 0)
(3 -3.76405e-16 0)
(3 -1.3139e-15 0)
(3 -4.66479e-17 0)
(3 3.56853e-17 0)
(3 2.81781e-17 0)
(3 -3.30033e-17 0)
)
;
    }
    airfoil
    {
        type            slip;
    }
    top
    {
        type            symmetryPlane;
    }
    bottom
    {
        type            symmetryPlane;
    }
    defaultFaces
    {
        type            empty;
    }
}


// ************************************************************************* //
