/*--------------------------------*- C++ -*----------------------------------*\
  =========                 |
  \\      /  F ield         | OpenFOAM: The Open Source CFD Toolbox
   \\    /   O peration     | Website:  https://openfoam.org
    \\  /    A nd           | Version:  7
     \\/     M anipulation  |
\*---------------------------------------------------------------------------*/
FoamFile
{
    version     2.0;
    format      ascii;
    class       volVectorField;
    location    "1.8";
    object      U;
}
// * * * * * * * * * * * * * * * * * * * * * * * * * * * * * * * * * * * * * //

dimensions      [0 1 -1 0 0 0 0];

internalField   nonuniform List<vector> 
3700
(
(1.41593 -0.537191 0)
(1.35274 -0.591753 0)
(1.29331 -0.440936 0)
(1.33507 -0.401528 0)
(1.47786 -0.461277 0)
(1.49578 -0.436719 0)
(1.44884 -0.294976 0)
(1.47756 -0.176988 0)
(1.52641 -0.202736 0)
(1.58328 -0.25824 0)
(1.57089 -0.229382 0)
(1.56051 -0.145961 0)
(1.61143 -0.12816 0)
(1.6519 -0.201953 0)
(1.69845 -0.275081 0)
(1.71584 -0.250017 0)
(1.75809 -0.216557 0)
(1.81625 -0.240357 0)
(1.84539 -0.213884 0)
(1.89278 -0.182331 0)
(1.62535 -1.48462 0)
(1.78145 -1.56767 0)
(1.89637 -1.79698 0)
(1.97564 -1.99571 0)
(2.00425 -2.26687 0)
(1.92324 -2.13496 0)
(1.79989 -1.71772 0)
(1.75478 -1.43966 0)
(1.82453 -1.36618 0)
(1.88523 -1.32495 0)
(1.89065 -1.21693 0)
(1.90427 -1.11114 0)
(1.9739 -1.0956 0)
(2.08038 -1.27132 0)
(2.10762 -1.37948 0)
(2.1131 -1.35896 0)
(2.14384 -1.31849 0)
(2.18346 -1.21954 0)
(2.25247 -1.16771 0)
(2.3397 -1.07973 0)
(1.67901 -1.4462 0)
(2.00363 -1.39803 0)
(2.16436 -1.91892 0)
(2.15769 -2.16644 0)
(2.0746 -2.26565 0)
(2.03313 -2.32799 0)
(2.05491 -2.22376 0)
(2.01212 -2.20214 0)
(2.05301 -2.13728 0)
(2.11991 -2.07699 0)
(2.22365 -1.9901 0)
(2.32791 -1.96243 0)
(2.4343 -1.89062 0)
(2.467 -1.88587 0)
(2.48355 -1.87175 0)
(2.48022 -1.81686 0)
(2.46554 -1.80878 0)
(2.47254 -1.6909 0)
(2.506 -1.66721 0)
(2.58595 -1.54305 0)
(1.79989 -1.46591 0)
(2.12563 -1.33363 0)
(2.26708 -1.82603 0)
(2.14679 -2.14486 0)
(2.10095 -2.22781 0)
(2.0706 -2.28717 0)
(2.1381 -2.15392 0)
(2.0684 -2.15282 0)
(2.1246 -2.08503 0)
(2.16964 -2.01556 0)
(2.22512 -1.91383 0)
(2.35371 -1.81883 0)
(2.47737 -1.67702 0)
(2.61405 -1.59663 0)
(2.69851 -1.52243 0)
(2.73648 -1.48566 0)
(2.69203 -1.54635 0)
(2.66161 -1.47038 0)
(2.5974 -1.50646 0)
(2.60008 -1.37444 0)
(1.93984 -1.52974 0)
(2.16776 -1.36163 0)
(2.12881 -1.838 0)
(1.98197 -2.14557 0)
(2.01053 -2.20539 0)
(2.06754 -2.24259 0)
(2.15068 -2.12904 0)
(2.15582 -2.05048 0)
(2.24216 -1.94961 0)
(2.31056 -1.91084 0)
(2.26302 -1.92813 0)
(2.35255 -1.77438 0)
(2.42478 -1.68321 0)
(2.54224 -1.59621 0)
(2.65654 -1.44737 0)
(2.72168 -1.22808 0)
(2.78889 -1.11349 0)
(2.83209 -1.03296 0)
(2.78163 -1.06556 0)
(2.6965 -1.13753 0)
(1.8838 -1.56812 0)
(1.94336 -1.53793 0)
(1.82309 -1.95635 0)
(1.78889 -2.15803 0)
(1.91329 -2.2043 0)
(2.00558 -2.14934 0)
(2.10642 -2.07141 0)
(2.20879 -1.96685 0)
(2.28783 -1.89541 0)
(2.42485 -1.71593 0)
(2.44051 -1.78794 0)
(2.51128 -1.66167 0)
(2.51501 -1.58163 0)
(2.54159 -1.50979 0)
(2.59129 -1.41746 0)
(2.63564 -1.27225 0)
(2.72178 -1.14683 0)
(2.8232 -0.97908 0)
(2.8528 -0.750966 0)
(2.79016 -0.688917 0)
(1.69159 -1.56951 0)
(1.64167 -1.70709 0)
(1.54997 -2.00611 0)
(1.68456 -2.07333 0)
(1.68924 -2.09684 0)
(1.88305 -1.95101 0)
(1.98685 -1.96256 0)
(2.21174 -1.69841 0)
(2.37039 -1.67006 0)
(2.52249 -1.51585 0)
(2.5696 -1.51663 0)
(2.67172 -1.35327 0)
(2.66609 -1.33701 0)
(2.66116 -1.29819 0)
(2.66752 -1.19317 0)
(2.6644 -1.10689 0)
(2.67707 -1.01465 0)
(2.76296 -0.952766 0)
(2.76298 -0.743152 0)
(2.79681 -0.528651 0)
(1.46174 -1.46298 0)
(1.44016 -1.61443 0)
(1.43464 -1.96269 0)
(1.65274 -2.03198 0)
(1.67404 -2.05868 0)
(1.81985 -1.95368 0)
(1.93017 -1.88795 0)
(2.10461 -1.68432 0)
(2.2576 -1.57875 0)
(2.43371 -1.47893 0)
(2.57331 -1.24656 0)
(2.69548 -1.06492 0)
(2.72077 -0.927551 0)
(2.73536 -0.878218 0)
(2.75451 -0.798899 0)
(2.74233 -0.7824 0)
(2.72477 -0.697577 0)
(2.72553 -0.737071 0)
(2.72695 -0.658382 0)
(2.7198 -0.430491 0)
(1.32608 -1.25253 0)
(1.33646 -1.44474 0)
(1.41635 -1.84217 0)
(1.64527 -1.998 0)
(1.76402 -1.97562 0)
(1.81783 -1.97711 0)
(1.99959 -1.86336 0)
(2.13328 -1.6789 0)
(2.22532 -1.54863 0)
(2.34672 -1.46211 0)
(2.47857 -1.26002 0)
(2.60287 -1.10758 0)
(2.65885 -0.83155 0)
(2.755 -0.704979 0)
(2.75216 -0.466465 0)
(2.75022 -0.404152 0)
(2.73812 -0.302421 0)
(2.7093 -0.335103 0)
(2.70178 -0.410956 0)
(2.65993 -0.260128 0)
(1.25663 -1.04063 0)
(1.24771 -1.3463 0)
(1.45494 -1.7823 0)
(1.67811 -2.00228 0)
(1.86025 -1.93043 0)
(2.03941 -1.94335 0)
(2.22326 -1.67805 0)
(2.38011 -1.52466 0)
(2.40776 -1.44923 0)
(2.4648 -1.32855 0)
(2.52405 -1.14885 0)
(2.57948 -1.00158 0)
(2.60386 -0.794309 0)
(2.69992 -0.696031 0)
(2.69399 -0.439723 0)
(2.72666 -0.303346 0)
(2.70562 -0.105474 0)
(2.67172 -0.0204972 0)
(2.63434 -0.0577121 0)
(2.61095 -0.0449134 0)
(1.13042 -0.929764 0)
(1.18334 -1.29006 0)
(1.55855 -1.82107 0)
(1.76441 -2.15389 0)
(2.38273 -1.90089 0)
(2.4722 -1.98265 0)
(2.64504 -1.47594 0)
(2.67902 -1.16899 0)
(2.73603 -0.992489 0)
(2.72251 -0.909811 0)
(2.71271 -0.762736 0)
(2.70202 -0.615766 0)
(2.67129 -0.488164 0)
(2.68304 -0.41264 0)
(2.6565 -0.274335 0)
(2.66202 -0.200111 0)
(2.64268 -0.0485622 0)
(2.60787 0.103518 0)
(2.54407 0.214483 0)
(2.56061 0.151701 0)
(0.993724 -0.858279 0)
(1.19584 -1.28868 0)
(1.65986 -1.91997 0)
(2.15483 -2.25379 0)
(2.53902 -1.79885 0)
(2.45952 -1.75778 0)
(2.61432 -1.34174 0)
(2.7169 -1.0381 0)
(2.76528 -0.708936 0)
(2.73162 -0.44133 0)
(2.73748 -0.325389 0)
(2.69305 -0.126345 0)
(2.67249 -0.037516 0)
(2.6415 0.061898 0)
(2.61013 0.115486 0)
(2.58013 0.12255 0)
(2.55543 0.133582 0)
(2.523 0.202912 0)
(2.44777 0.358111 0)
(2.46072 0.335288 0)
(0.876816 -0.818088 0)
(1.30172 -1.39217 0)
(1.93042 -2.12037 0)
(2.26762 -1.93876 0)
(2.27227 -1.70874 0)
(2.30643 -1.47876 0)
(2.414 -1.16138 0)
(2.47706 -0.924815 0)
(2.52046 -0.745552 0)
(2.55779 -0.475386 0)
(2.62258 -0.296597 0)
(2.58881 -0.0254966 0)
(2.58448 0.141324 0)
(2.52388 0.325116 0)
(2.4778 0.4357 0)
(2.43981 0.472371 0)
(2.40066 0.489469 0)
(2.39557 0.449146 0)
(2.32575 0.540324 0)
(2.32089 0.524815 0)
(0.835931 -0.89463 0)
(1.63737 -1.95177 0)
(2.02672 -2.0715 0)
(2.1019 -1.66456 0)
(2.14051 -1.55351 0)
(2.32931 -1.13276 0)
(2.43854 -0.869948 0)
(2.49738 -0.576247 0)
(2.49865 -0.391364 0)
(2.50638 -0.229433 0)
(2.5169 -0.0340522 0)
(2.48431 0.15001 0)
(2.46121 0.290137 0)
(2.40447 0.438732 0)
(2.34711 0.564835 0)
(2.30959 0.626079 0)
(2.2253 0.727919 0)
(2.19356 0.741658 0)
(2.17612 0.763938 0)
(2.1486 0.778837 0)
(0.868061 -1.07123 0)
(1.52718 -2.03653 0)
(1.84443 -1.86029 0)
(2.03542 -1.45756 0)
(2.26092 -1.19316 0)
(2.3928 -0.441008 0)
(2.50233 -0.181005 0)
(2.52271 0.0499372 0)
(2.46824 0.247899 0)
(2.45502 0.332767 0)
(2.39533 0.482386 0)
(2.3381 0.587596 0)
(2.28406 0.659781 0)
(2.22666 0.728758 0)
(2.18072 0.763834 0)
(2.14143 0.793508 0)
(2.08066 0.856261 0)
(2.05124 0.89826 0)
(2.02724 0.940993 0)
(2.05691 0.958367 0)
(0.869334 -1.04686 0)
(1.39344 -1.81052 0)
(1.86295 -1.58458 0)
(2.21492 -0.718972 0)
(2.38397 -0.131076 0)
(2.45748 -0.11943 0)
(2.44203 0.143786 0)
(2.40457 0.31922 0)
(2.35316 0.456854 0)
(2.29852 0.637055 0)
(2.2038 0.785247 0)
(2.12311 0.887605 0)
(2.06106 0.941959 0)
(2.00721 0.990991 0)
(1.97806 0.983021 0)
(1.95955 0.987476 0)
(1.95772 1.00645 0)
(1.97086 0.991682 0)
(1.99458 0.992908 0)
(2.06718 0.979463 0)
(1.15142 -0.525772 0)
(1.74895 -0.738679 0)
(2.2441 -0.550409 0)
(2.36714 0.0757303 0)
(2.35956 0.297154 0)
(2.33104 0.354073 0)
(2.28168 0.488697 0)
(2.20474 0.643874 0)
(2.14776 0.72997 0)
(2.09604 0.875247 0)
(1.98184 0.989439 0)
(1.92629 1.05049 0)
(1.88641 1.07786 0)
(1.8691 1.091 0)
(1.86954 1.0578 0)
(1.89594 1.0491 0)
(1.96301 1.01983 0)
(2.16784 0.89796 0)
(2.38439 0.784965 0)
(2.77861 0.436284 0)
(1.14201 -0.0633617 0)
(1.9484 -0.188037 0)
(2.22363 0.421449 0)
(2.22855 0.564689 0)
(2.2045 0.573248 0)
(2.13228 0.740964 0)
(2.03624 0.896534 0)
(1.97038 0.972086 0)
(1.90375 1.04082 0)
(1.8487 1.13388 0)
(1.78893 1.15992 0)
(1.79377 1.15343 0)
(1.81214 1.13139 0)
(1.85327 1.08693 0)
(2.04511 0.948822 0)
(2.26137 0.828085 0)
(2.66598 0.502123 0)
(3.03625 0.0907891 0)
(3.05471 -0.023967 0)
(3.00399 -0.00464264 0)
(1.00633 0.0291328 0)
(1.91221 0.822771 0)
(2.10571 0.819583 0)
(2.01466 0.930106 0)
(1.94461 0.999097 0)
(1.86266 1.09028 0)
(1.80081 1.13262 0)
(1.76809 1.14841 0)
(1.76448 1.16461 0)
(1.73937 1.20537 0)
(1.71522 1.19942 0)
(1.85803 1.0744 0)
(2.09695 0.888211 0)
(2.50555 0.57847 0)
(2.98876 0.136178 0)
(3.07338 -0.029091 0)
(3.00798 -0.00758913 0)
(3.00286 -0.00378876 0)
(3.0012 -0.00217117 0)
(3.00008 -0.000479469 0)
(1.15779 0.782634 0)
(1.83586 1.14854 0)
(1.84234 1.15642 0)
(1.73125 1.20726 0)
(1.71678 1.20144 0)
(1.66328 1.24764 0)
(1.66542 1.21996 0)
(1.73208 1.17162 0)
(1.76465 1.23032 0)
(1.7913 1.14233 0)
(2.27039 0.741368 0)
(2.85921 0.209662 0)
(3.09786 -0.0280232 0)
(3.0208 -0.0124738 0)
(3.00448 -0.00542317 0)
(3.00182 -0.00299311 0)
(3.00006 -0.000594219 0)
(2.99998 -2.32149e-05 0)
(2.99999 1.42131e-05 0)
(3 5.88611e-06 0)
(1.58278 1.25964 0)
(1.58571 1.26756 0)
(1.58968 1.27592 0)
(1.59698 1.26884 0)
(1.61604 1.25802 0)
(1.60652 1.26956 0)
(1.89804 1.16382 0)
(2.95903 0.357788 0)
(3.31975 -0.54834 0)
(3 4.40391e-11 0)
(3 1.37017e-11 0)
(3 5.9365e-15 0)
(3 1.65971e-13 0)
(3 -2.95148e-13 0)
(3 3.69882e-15 0)
(3 2.1974e-15 0)
(3 8.67786e-16 0)
(3 -1.36472e-15 0)
(3 3.70096e-15 0)
(3 3.36633e-15 0)
(1.58597 1.25392 0)
(1.59834 1.25935 0)
(1.60188 1.27049 0)
(1.60077 1.27621 0)
(1.64062 1.25489 0)
(1.68388 1.23429 0)
(2.26727 0.73168 0)
(2.99496 0.0189345 0)
(3 6.18934e-08 0)
(3 1.91782e-11 0)
(3 -1.6585e-12 0)
(3 9.0744e-16 0)
(3 -3.44257e-16 0)
(3 2.53527e-16 0)
(3 4.32954e-16 0)
(3 7.49931e-16 0)
(3 2.93276e-16 0)
(3 2.34694e-15 0)
(3 3.48539e-15 0)
(3 4.13107e-15 0)
(1.58945 1.24768 0)
(1.60775 1.25426 0)
(1.61601 1.25599 0)
(1.60133 1.27931 0)
(1.71789 1.20148 0)
(2.19291 0.802889 0)
(2.98997 0.000869811 0)
(3.00058 -0.000993414 0)
(3 2.41027e-07 0)
(3 7.41514e-11 0)
(3 -1.19868e-12 0)
(3 -9.89897e-16 0)
(3 -7.50687e-16 0)
(3 -5.4187e-16 0)
(3 -1.02273e-15 0)
(3 -8.3276e-17 0)
(3 1.14117e-15 0)
(3 2.82702e-15 0)
(3 1.86843e-15 0)
(3 2.66724e-15 0)
(1.58642 1.2499 0)
(1.60951 1.2557 0)
(1.6273 1.25235 0)
(1.62889 1.27128 0)
(1.89518 1.05127 0)
(2.78607 0.182476 0)
(3.00436 -0.00185491 0)
(2.99991 8.26816e-05 0)
(3 -5.49495e-07 0)
(3 8.0341e-10 0)
(3 -4.46336e-12 0)
(3 -1.2521e-15 0)
(3 2.51932e-16 0)
(3 -2.49255e-16 0)
(3 -1.52471e-15 0)
(3 2.93198e-17 0)
(3 1.1574e-15 0)
(3 2.11404e-15 0)
(3 1.64366e-15 0)
(3 1.9585e-15 0)
(1.58257 1.26265 0)
(1.5983 1.26447 0)
(1.63195 1.25634 0)
(1.70305 1.22572 0)
(2.34039 0.642434 0)
(3.01988 -0.0162174 0)
(2.99975 0.000171574 0)
(3 -4.24819e-06 0)
(3 8.1032e-08 0)
(3 -8.594e-10 0)
(3 7.463e-12 0)
(3 -3.20565e-15 0)
(3 1.0466e-15 0)
(3 2.23544e-16 0)
(3 -5.80169e-16 0)
(3 6.68387e-16 0)
(3 1.83075e-15 0)
(3 8.5505e-16 0)
(3 1.50503e-15 0)
(3 7.4651e-16 0)
(1.58299 1.28206 0)
(1.58421 1.28537 0)
(1.64045 1.26516 0)
(1.77928 1.15486 0)
(2.69219 0.260647 0)
(3 -5.79921e-10 0)
(3 1.38601e-08 0)
(3 -1.24944e-08 0)
(3 5.28351e-10 0)
(3 2.80159e-12 0)
(3 -1.10276e-13 0)
(3 3.30066e-15 0)
(3 1.21117e-15 0)
(3 1.182e-15 0)
(3 1.50726e-15 0)
(3 1.08334e-15 0)
(3 2.18175e-15 0)
(3 2.13673e-15 0)
(3 2.4722e-15 0)
(3 3.58192e-16 0)
(1.58592 1.29732 0)
(1.55515 1.29825 0)
(1.67846 1.22796 0)
(2.17624 0.827718 0)
(3.02365 -0.0218653 0)
(3 4.70737e-12 0)
(3 -2.47934e-12 0)
(3 3.03468e-12 0)
(3 -1.26565e-12 0)
(3 3.81731e-14 0)
(3 3.38441e-15 0)
(3 1.8898e-15 0)
(3 1.63495e-15 0)
(3 1.80917e-15 0)
(3 1.70586e-15 0)
(3 2.03757e-15 0)
(3 3.70828e-15 0)
(3 3.40737e-15 0)
(3 2.77282e-15 0)
(3 7.42434e-16 0)
(1.59199 1.33152 0)
(1.50258 1.32779 0)
(1.72274 1.19262 0)
(2.3805 0.558006 0)
(3 -2.86844e-10 0)
(3 6.30602e-12 0)
(3 -1.31722e-13 0)
(3 -3.16197e-15 0)
(3 1.48522e-14 0)
(3 3.30472e-15 0)
(3 3.53496e-15 0)
(3 2.12437e-15 0)
(3 1.4816e-15 0)
(3 1.2521e-15 0)
(3 1.77328e-15 0)
(3 3.5678e-15 0)
(3 5.0321e-15 0)
(3 4.75667e-15 0)
(3 4.39572e-15 0)
(3 1.99157e-15 0)
(1.5891 1.30219 0)
(1.47622 1.33765 0)
(2.00944 1.0266 0)
(2.89645 0.106516 0)
(3 -7.13812e-11 0)
(3 -1.20058e-13 0)
(3 5.7808e-15 0)
(3 3.99907e-15 0)
(3 4.45122e-15 0)
(3 5.16125e-15 0)
(3 3.19083e-15 0)
(3 2.18508e-15 0)
(3 1.24549e-15 0)
(3 1.28038e-15 0)
(3 2.05673e-15 0)
(3 4.25441e-15 0)
(3 5.11249e-15 0)
(3 5.61631e-15 0)
(3 5.80338e-15 0)
(3 3.76287e-15 0)
(1.60228 1.29556 0)
(1.47557 1.39633 0)
(2.12504 0.853388 0)
(3.01094 -0.00872334 0)
(3 7.02218e-10 0)
(3 -5.17521e-13 0)
(3 4.18055e-15 0)
(3 4.20736e-15 0)
(3 3.93364e-15 0)
(3 3.77106e-15 0)
(3 2.83213e-15 0)
(3 2.57625e-15 0)
(3 2.29003e-15 0)
(3 2.16492e-15 0)
(3 2.48192e-15 0)
(3 4.32601e-15 0)
(3 5.08018e-15 0)
(3 5.80226e-15 0)
(3 6.36615e-15 0)
(3 5.21146e-15 0)
(1.621 1.2796 0)
(1.56539 1.31391 0)
(2.4257 0.533633 0)
(3 7.03677e-14 0)
(3 -9.08631e-13 0)
(3 1.24763e-14 0)
(3 3.86e-15 0)
(3 4.0438e-15 0)
(3 3.4928e-15 0)
(3 2.97292e-15 0)
(3 1.20732e-15 0)
(3 1.19707e-16 0)
(3 7.47109e-16 0)
(3 1.08882e-15 0)
(3 1.98828e-15 0)
(3 2.93201e-15 0)
(3 3.88368e-15 0)
(3 4.27681e-15 0)
(3 4.09918e-15 0)
(3 4.30213e-15 0)
(1.63865 1.26079 0)
(1.61837 1.25284 0)
(2.64278 0.296601 0)
(3 2.14085e-14 0)
(3 4.50067e-15 0)
(3 2.56977e-15 0)
(3 3.39255e-15 0)
(3 3.6324e-15 0)
(3 3.69769e-15 0)
(3 3.23216e-15 0)
(3 2.28531e-15 0)
(3 1.50589e-15 0)
(3 4.94824e-16 0)
(3 1.28008e-17 0)
(3 1.34445e-16 0)
(3 2.50297e-16 0)
(3 8.49485e-16 0)
(3 1.68317e-15 0)
(3 2.0614e-15 0)
(3 2.61156e-15 0)
(1.65457 1.2455 0)
(1.84136 1.09617 0)
(2.8825 0.0868097 0)
(3 -9.84658e-14 0)
(3 2.25791e-15 0)
(3 2.37493e-15 0)
(3 3.19105e-15 0)
(3 3.50039e-15 0)
(3 3.59269e-15 0)
(3 3.44881e-15 0)
(3 3.02128e-15 0)
(3 2.88204e-15 0)
(3 2.03431e-15 0)
(3 1.27152e-15 0)
(3 2.06081e-16 0)
(3 -3.44792e-16 0)
(3 -6.09845e-17 0)
(3 -1.00676e-16 0)
(3 -7.39981e-16 0)
(3 2.87943e-17 0)
(1.68177 1.19911 0)
(1.90023 0.973245 0)
(3 1.91339e-07 0)
(3 2.84017e-15 0)
(3 2.81007e-15 0)
(3 3.45291e-15 0)
(3 3.80518e-15 0)
(3 3.92336e-15 0)
(3 4.18777e-15 0)
(3 3.98602e-15 0)
(3 3.93498e-15 0)
(3 3.64772e-15 0)
(3 3.21992e-15 0)
(3 3.00717e-15 0)
(3 2.65331e-15 0)
(3 1.86986e-15 0)
(3 1.58873e-15 0)
(3 1.40545e-16 0)
(3 -4.67956e-16 0)
(3 -3.51378e-16 0)
(1.71095 1.16668 0)
(2.0717 0.812699 0)
(3 4.15753e-15 0)
(3 3.10592e-15 0)
(3 2.57189e-15 0)
(3 3.90368e-15 0)
(3 4.68356e-15 0)
(3 4.83753e-15 0)
(3 4.48615e-15 0)
(3 4.0214e-15 0)
(3 3.57181e-15 0)
(3 3.10248e-15 0)
(3 2.84916e-15 0)
(3 2.7205e-15 0)
(3 2.38545e-15 0)
(3 2.40429e-15 0)
(3 2.98353e-15 0)
(3 2.12949e-15 0)
(3 1.50011e-15 0)
(3 1.24961e-15 0)
(1.77979 1.09754 0)
(2.24085 0.652683 0)
(3 3.2066e-15 0)
(3 2.51084e-15 0)
(3 3.35978e-15 0)
(3 4.51237e-15 0)
(3 5.15895e-15 0)
(3 5.12974e-15 0)
(3 4.43232e-15 0)
(3 4.12716e-15 0)
(3 4.15736e-15 0)
(3 3.6101e-15 0)
(3 3.0044e-15 0)
(3 2.71658e-15 0)
(3 2.13004e-15 0)
(3 1.72149e-15 0)
(3 2.03097e-15 0)
(3 1.84451e-15 0)
(3 1.17452e-15 0)
(3 6.25499e-16 0)
(1.79396 1.01285 0)
(2.41897 0.460051 0)
(3 2.1767e-15 0)
(3 1.35243e-15 0)
(3 1.37536e-15 0)
(3 3.16461e-15 0)
(3 5.12463e-15 0)
(3 5.83955e-15 0)
(3 5.79389e-15 0)
(3 5.30873e-15 0)
(3 4.95473e-15 0)
(3 4.64124e-15 0)
(3 4.25275e-15 0)
(3 4.19588e-15 0)
(3 4.18789e-15 0)
(3 3.91914e-15 0)
(3 3.77447e-15 0)
(3 3.68613e-15 0)
(3 3.19808e-15 0)
(3 2.8768e-15 0)
(1.92796 0.891857 0)
(2.68419 0.229473 0)
(3 4.84321e-16 0)
(3 -1.94829e-15 0)
(3 -8.05901e-16 0)
(3 1.14649e-15 0)
(3 2.42424e-15 0)
(3 3.26566e-15 0)
(3 3.30965e-15 0)
(3 4.15106e-15 0)
(3 4.46442e-15 0)
(3 4.83e-15 0)
(3 3.76119e-15 0)
(3 3.19078e-15 0)
(3 2.9455e-15 0)
(3 2.76128e-15 0)
(3 2.52935e-15 0)
(3 2.67409e-15 0)
(3 2.50727e-15 0)
(3 2.09617e-15 0)
(2.1121 0.663022 0)
(2.98973 0.000243199 0)
(3 -4.12176e-15 0)
(3 -3.39432e-15 0)
(3 -1.63595e-15 0)
(3 -4.70468e-17 0)
(3 6.96145e-16 0)
(3 1.8508e-15 0)
(3 1.65707e-15 0)
(3 1.63241e-15 0)
(3 1.75033e-15 0)
(3 1.27147e-15 0)
(3 3.48412e-16 0)
(3 -6.29702e-16 0)
(3 -9.67375e-16 0)
(3 -1.1954e-15 0)
(3 -1.4536e-15 0)
(3 -1.06062e-15 0)
(3 -6.48167e-16 0)
(3 -4.82404e-16 0)
(1.99671 0.368733 0)
(2.99993 -7.58013e-06 0)
(3 -6.3536e-15 0)
(3 -4.94843e-15 0)
(3 -2.66322e-15 0)
(3 -9.84472e-16 0)
(3 3.50289e-16 0)
(3 7.56589e-16 0)
(3 4.62205e-16 0)
(3 3.63935e-16 0)
(3 4.34003e-16 0)
(3 9.97984e-16 0)
(3 8.18373e-16 0)
(3 7.68886e-17 0)
(3 -5.50229e-16 0)
(3 -7.59406e-16 0)
(3 -8.07103e-16 0)
(3 -6.63369e-16 0)
(3 -4.76964e-16 0)
(3 -4.11857e-16 0)
(1.99671 -0.368738 0)
(2.99993 7.57842e-06 0)
(3 -1.75703e-15 0)
(3 -2.67448e-15 0)
(3 -3.12493e-15 0)
(3 -2.71407e-15 0)
(3 -2.23549e-15 0)
(3 -1.60854e-15 0)
(3 -1.42819e-15 0)
(3 -1.34112e-15 0)
(3 -1.30247e-15 0)
(3 -1.43191e-15 0)
(3 -1.46755e-15 0)
(3 -1.02146e-15 0)
(3 -8.38215e-16 0)
(3 -8.37584e-16 0)
(3 -1.02932e-15 0)
(3 -1.3696e-15 0)
(3 -1.41571e-15 0)
(3 -1.20422e-15 0)
(2.11209 -0.662999 0)
(2.98973 -0.000243234 0)
(3 -3.57724e-16 0)
(3 -3.2258e-16 0)
(3 -1.4716e-15 0)
(3 -2.2855e-15 0)
(3 -3.17886e-15 0)
(3 -3.45816e-15 0)
(3 -3.71675e-15 0)
(3 -3.80866e-15 0)
(3 -4.01893e-15 0)
(3 -4.4402e-15 0)
(3 -3.64213e-15 0)
(3 -2.3085e-15 0)
(3 -1.51959e-15 0)
(3 -1.10464e-15 0)
(3 -1.29031e-15 0)
(3 -1.58574e-15 0)
(3 -1.32951e-15 0)
(3 -8.10916e-16 0)
(1.92798 -0.891854 0)
(2.68421 -0.229464 0)
(3 2.61062e-17 0)
(3 1.13479e-15 0)
(3 3.12092e-16 0)
(3 -6.75393e-16 0)
(3 -1.74042e-15 0)
(3 -3.45518e-15 0)
(3 -4.44744e-15 0)
(3 -4.65429e-15 0)
(3 -4.62117e-15 0)
(3 -3.88586e-15 0)
(3 -2.51679e-15 0)
(3 -1.55179e-15 0)
(3 -1.20027e-15 0)
(3 -1.12137e-15 0)
(3 -8.06909e-16 0)
(3 -1.57243e-16 0)
(3 5.86369e-16 0)
(3 1.20674e-15 0)
(1.79396 -1.01285 0)
(2.41897 -0.460051 0)
(3 -3.17188e-15 0)
(3 -3.03529e-15 0)
(3 -1.98048e-15 0)
(3 -1.55766e-15 0)
(3 -2.34875e-15 0)
(3 -3.8554e-15 0)
(3 -4.69002e-15 0)
(3 -5.03039e-15 0)
(3 -4.96123e-15 0)
(3 -4.08504e-15 0)
(3 -3.25058e-15 0)
(3 -2.86413e-15 0)
(3 -2.37945e-15 0)
(3 -1.52223e-15 0)
(3 -5.29174e-16 0)
(3 9.80721e-16 0)
(3 1.00203e-15 0)
(3 1.30344e-15 0)
(1.77979 -1.09754 0)
(2.24085 -0.652685 0)
(3 -3.57616e-15 0)
(3 -2.54633e-15 0)
(3 -1.72524e-15 0)
(3 -2.08601e-15 0)
(3 -3.15895e-15 0)
(3 -3.4886e-15 0)
(3 -3.73136e-15 0)
(3 -3.2511e-15 0)
(3 -1.66944e-15 0)
(3 -1.18691e-15 0)
(3 -8.08379e-16 0)
(3 -8.46511e-16 0)
(3 -4.15127e-16 0)
(3 1.01531e-15 0)
(3 1.90456e-15 0)
(3 2.35302e-15 0)
(3 2.51238e-15 0)
(3 2.64826e-15 0)
(1.71094 -1.16669 0)
(2.07169 -0.812708 0)
(3 -3.36566e-15 0)
(3 -1.77619e-15 0)
(3 -1.68049e-15 0)
(3 -2.52256e-15 0)
(3 -2.61741e-15 0)
(3 -2.65892e-15 0)
(3 -2.28523e-15 0)
(3 -1.52317e-15 0)
(3 -1.20678e-15 0)
(3 -1.00644e-15 0)
(3 -1.90824e-16 0)
(3 4.5631e-16 0)
(3 7.70109e-16 0)
(3 1.33011e-15 0)
(3 1.16687e-15 0)
(3 8.10356e-16 0)
(3 6.11723e-16 0)
(3 9.29575e-16 0)
(1.68178 -1.19911 0)
(1.90023 -0.973247 0)
(3 -1.91279e-07 0)
(3 9.08498e-16 0)
(3 1.43642e-15 0)
(3 -2.46506e-16 0)
(3 -1.14646e-15 0)
(3 -1.61119e-15 0)
(3 -9.2335e-16 0)
(3 -9.22833e-17 0)
(3 3.35359e-16 0)
(3 3.61547e-16 0)
(3 -5.56843e-16 0)
(3 -9.65969e-16 0)
(3 -8.89981e-16 0)
(3 -7.83214e-16 0)
(3 -1.0544e-15 0)
(3 -4.56584e-16 0)
(3 -3.16936e-16 0)
(3 -2.153e-16 0)
(1.65457 -1.24551 0)
(1.84136 -1.09617 0)
(2.8825 -0.0868092 0)
(3 1.03258e-13 0)
(3 9.72586e-16 0)
(3 -2.68127e-16 0)
(3 -8.95206e-16 0)
(3 -2.4135e-15 0)
(3 -5.19627e-16 0)
(3 1.62844e-15 0)
(3 1.11122e-15 0)
(3 2.27441e-16 0)
(3 -1.87975e-16 0)
(3 -5.02177e-17 0)
(3 -1.2745e-17 0)
(3 -4.46052e-16 0)
(3 -5.40976e-16 0)
(3 8.26616e-16 0)
(3 9.2366e-16 0)
(3 1.79841e-16 0)
(1.63865 -1.26079 0)
(1.61837 -1.25285 0)
(2.64277 -0.296608 0)
(3 -1.91893e-14 0)
(3 -2.97755e-15 0)
(3 -1.59442e-15 0)
(3 -2.44022e-15 0)
(3 -3.87046e-15 0)
(3 -1.89456e-16 0)
(3 7.67299e-16 0)
(3 1.32949e-16 0)
(3 -2.96868e-16 0)
(3 -5.34727e-16 0)
(3 -9.49232e-16 0)
(3 -4.14055e-16 0)
(3 -6.77891e-16 0)
(3 -4.61031e-16 0)
(3 3.56659e-16 0)
(3 -3.45005e-16 0)
(3 -1.53294e-15 0)
(1.621 -1.2796 0)
(1.56539 -1.31391 0)
(2.4257 -0.533632 0)
(3 -6.77785e-14 0)
(3 9.0716e-13 0)
(3 -1.27306e-14 0)
(3 -2.84217e-15 0)
(3 -2.31295e-15 0)
(3 -2.70222e-16 0)
(3 -9.39405e-16 0)
(3 -1.17273e-15 0)
(3 -1.3563e-15 0)
(3 -1.53749e-15 0)
(3 -1.36282e-15 0)
(3 -1.16491e-15 0)
(3 -1.49776e-15 0)
(3 -1.44816e-15 0)
(3 -2.09968e-15 0)
(3 -2.52652e-15 0)
(3 -4.64219e-15 0)
(1.60228 -1.29556 0)
(1.47557 -1.39634 0)
(2.12503 -0.853393 0)
(3.01094 0.00872324 0)
(3 -7.02778e-10 0)
(3 5.21688e-13 0)
(3 -3.77966e-15 0)
(3 -4.08432e-15 0)
(3 -2.57328e-15 0)
(3 -2.49046e-15 0)
(3 -2.47617e-15 0)
(3 -2.12585e-15 0)
(3 -1.87094e-15 0)
(3 -1.63304e-15 0)
(3 -2.33926e-15 0)
(3 -3.24006e-15 0)
(3 -3.57751e-15 0)
(3 -3.63474e-15 0)
(3 -4.47327e-15 0)
(3 -5.20225e-15 0)
(1.5891 -1.30219 0)
(1.47622 -1.33765 0)
(2.00946 -1.02659 0)
(2.89646 -0.106508 0)
(3 7.14374e-11 0)
(3 1.18788e-13 0)
(3 -6.06246e-15 0)
(3 -5.06525e-15 0)
(3 -4.29996e-15 0)
(3 -4.30913e-15 0)
(3 -3.17535e-15 0)
(3 -2.38582e-15 0)
(3 -2.37259e-15 0)
(3 -3.38632e-15 0)
(3 -3.66404e-15 0)
(3 -3.68803e-15 0)
(3 -2.92176e-15 0)
(3 -3.95938e-15 0)
(3 -4.23247e-15 0)
(3 -4.04133e-15 0)
(1.592 -1.33151 0)
(1.50258 -1.32779 0)
(1.72275 -1.19261 0)
(2.38051 -0.557986 0)
(3 2.87605e-10 0)
(3 -6.32649e-12 0)
(3 1.30714e-13 0)
(3 1.16216e-15 0)
(3 -1.45434e-14 0)
(3 -5.29679e-15 0)
(3 -3.9034e-15 0)
(3 -2.73613e-15 0)
(3 -2.52943e-15 0)
(3 -2.87983e-15 0)
(3 -3.26319e-15 0)
(3 -3.01294e-15 0)
(3 -2.88898e-15 0)
(3 -3.52067e-15 0)
(3 -3.97114e-15 0)
(3 -3.07803e-15 0)
(1.58593 -1.29732 0)
(1.55515 -1.29824 0)
(1.67846 -1.22796 0)
(2.17621 -0.827718 0)
(3.02365 0.0218639 0)
(3 -4.7068e-12 0)
(3 2.47398e-12 0)
(3 -3.02992e-12 0)
(3 1.25484e-12 0)
(3 -3.99209e-14 0)
(3 -4.39065e-15 0)
(3 -2.12827e-15 0)
(3 -1.76243e-15 0)
(3 -2.2655e-15 0)
(3 -1.75646e-15 0)
(3 -2.46467e-15 0)
(3 -3.7184e-15 0)
(3 -3.4852e-15 0)
(3 -3.75595e-15 0)
(3 -2.36213e-15 0)
(1.583 -1.28206 0)
(1.58421 -1.28537 0)
(1.64045 -1.26517 0)
(1.77929 -1.15484 0)
(2.69221 -0.260623 0)
(3 5.79937e-10 0)
(3 -1.38602e-08 0)
(3 1.24945e-08 0)
(3 -5.28349e-10 0)
(3 -2.80279e-12 0)
(3 1.0936e-13 0)
(3 -3.93483e-15 0)
(3 -4.9884e-16 0)
(3 -3.18542e-16 0)
(3 -5.48167e-16 0)
(3 -3.00349e-15 0)
(3 -4.72473e-15 0)
(3 -3.51755e-15 0)
(3 -2.88857e-15 0)
(3 -1.44108e-15 0)
(1.58257 -1.26266 0)
(1.5983 -1.26447 0)
(1.63195 -1.25633 0)
(1.70307 -1.22571 0)
(2.34038 -0.642443 0)
(3.01988 0.0162164 0)
(2.99975 -0.000171582 0)
(3 4.24809e-06 0)
(3 -8.10318e-08 0)
(3 8.59378e-10 0)
(3 -7.43175e-12 0)
(3 1.36687e-14 0)
(3 3.94313e-16 0)
(3 -3.76719e-16 0)
(3 -2.4476e-15 0)
(3 -1.63178e-15 0)
(3 -4.72801e-15 0)
(3 -3.24537e-15 0)
(3 -2.00931e-15 0)
(3 -1.19746e-15 0)
(1.58642 -1.2499 0)
(1.60951 -1.25569 0)
(1.62729 -1.25234 0)
(1.62889 -1.27129 0)
(1.89516 -1.05129 0)
(2.78608 -0.182462 0)
(3.00436 0.00185504 0)
(2.99991 -8.26776e-05 0)
(3 5.49256e-07 0)
(3 -8.03371e-10 0)
(3 4.41716e-12 0)
(3 -1.51472e-15 0)
(3 1.53453e-16 0)
(3 -6.50361e-16 0)
(3 -2.48159e-15 0)
(3 -2.38999e-15 0)
(3 -3.77772e-15 0)
(3 -3.55143e-15 0)
(3 -1.20736e-15 0)
(3 -1.16564e-16 0)
(1.58946 -1.24768 0)
(1.60775 -1.25426 0)
(1.61601 -1.25599 0)
(1.60133 -1.27931 0)
(1.71795 -1.20144 0)
(2.19289 -0.802917 0)
(2.98997 -0.000870354 0)
(3.00058 0.000993451 0)
(3 -2.40768e-07 0)
(3 -7.41685e-11 0)
(3 1.16854e-12 0)
(3 -2.94628e-15 0)
(3 -7.16057e-16 0)
(3 -9.83724e-16 0)
(3 -2.07227e-15 0)
(3 -3.22465e-15 0)
(3 -2.97643e-15 0)
(3 -2.21765e-15 0)
(3 -8.7626e-16 0)
(3 1.01726e-16 0)
(1.58598 -1.25392 0)
(1.59834 -1.25935 0)
(1.60188 -1.27049 0)
(1.60076 -1.27621 0)
(1.64061 -1.25489 0)
(1.68386 -1.23429 0)
(2.26728 -0.731674 0)
(2.99497 -0.0189294 0)
(3 -6.18825e-08 0)
(3 -1.91579e-11 0)
(3 1.67075e-12 0)
(3 -7.18262e-15 0)
(3 -1.38957e-15 0)
(3 -8.43201e-16 0)
(3 3.81356e-16 0)
(3 -7.40566e-16 0)
(3 -3.20188e-15 0)
(3 -2.01512e-15 0)
(3 -2.01864e-15 0)
(3 -1.40454e-15 0)
(1.58278 -1.25965 0)
(1.58571 -1.26756 0)
(1.58967 -1.27592 0)
(1.59697 -1.26884 0)
(1.61604 -1.25802 0)
(1.60654 -1.26956 0)
(1.89802 -1.16383 0)
(2.95895 -0.357887 0)
(3.31983 0.548475 0)
(3 -4.40728e-11 0)
(3 -1.36657e-11 0)
(3 -1.05993e-14 0)
(3 -1.57701e-13 0)
(3 2.87384e-13 0)
(3 -3.01344e-15 0)
(3 -1.16107e-15 0)
(3 -3.39767e-15 0)
(3 3.75489e-15 0)
(3 -3.79864e-15 0)
(3 1.20693e-16 0)
(1.15738 -0.783589 0)
(1.83627 -1.14819 0)
(1.84202 -1.1569 0)
(1.73109 -1.20746 0)
(1.71699 -1.20129 0)
(1.66339 -1.24754 0)
(1.66543 -1.21993 0)
(1.73207 -1.17161 0)
(1.76463 -1.23031 0)
(1.79134 -1.14229 0)
(2.27049 -0.741307 0)
(2.85927 -0.209621 0)
(3.09785 0.0280251 0)
(3.02079 0.0124719 0)
(3.00448 0.00542282 0)
(3.00182 0.00299306 0)
(3.00006 0.000594229 0)
(2.99998 2.32123e-05 0)
(2.99999 -1.42145e-05 0)
(3 -5.88653e-06 0)
(1.00532 -0.0313084 0)
(1.91376 -0.81599 0)
(2.10668 -0.815782 0)
(2.01488 -0.929855 0)
(1.94339 -1.00056 0)
(1.86294 -1.09013 0)
(1.8011 -1.1323 0)
(1.76811 -1.14837 0)
(1.76445 -1.1646 0)
(1.73932 -1.20538 0)
(1.71517 -1.19943 0)
(1.85806 -1.07441 0)
(2.09703 -0.888201 0)
(2.50563 -0.578441 0)
(2.9888 -0.13615 0)
(3.07338 0.0290943 0)
(3.00798 0.00758887 0)
(3.00286 0.00378887 0)
(3.0012 0.0021713 0)
(3.00008 0.00047948 0)
(1.12337 0.0630145 0)
(1.95082 0.116323 0)
(2.22721 -0.425249 0)
(2.22876 -0.56214 0)
(2.20506 -0.569896 0)
(2.13181 -0.741131 0)
(2.03591 -0.897101 0)
(1.97058 -0.971921 0)
(1.90357 -1.04065 0)
(1.84897 -1.13378 0)
(1.78899 -1.15987 0)
(1.79377 -1.15339 0)
(1.81213 -1.13137 0)
(1.85327 -1.08692 0)
(2.04508 -0.948832 0)
(2.26134 -0.828093 0)
(2.66598 -0.502122 0)
(3.03626 -0.0907823 0)
(3.05472 0.0239708 0)
(3.00399 0.00464318 0)
(1.15727 0.595168 0)
(1.69111 0.87884 0)
(2.24193 0.522765 0)
(2.37173 -0.070273 0)
(2.35933 -0.308518 0)
(2.33057 -0.355632 0)
(2.28176 -0.488293 0)
(2.2049 -0.643855 0)
(2.14756 -0.730267 0)
(2.09603 -0.875621 0)
(1.98183 -0.9897 0)
(1.92619 -1.05064 0)
(1.88634 -1.07793 0)
(1.86908 -1.09101 0)
(1.86954 -1.05779 0)
(1.89595 -1.04909 0)
(1.96301 -1.01981 0)
(2.16783 -0.897954 0)
(2.38438 -0.784976 0)
(2.7786 -0.436309 0)
(0.882591 1.06848 0)
(1.39183 1.83224 0)
(1.86465 1.58635 0)
(2.2138 0.698369 0)
(2.38715 0.158663 0)
(2.45758 0.118665 0)
(2.44136 -0.147471 0)
(2.40433 -0.321447 0)
(2.35261 -0.458595 0)
(2.29835 -0.637819 0)
(2.20379 -0.785539 0)
(2.12306 -0.887711 0)
(2.06105 -0.941964 0)
(2.00725 -0.990918 0)
(1.97812 -0.982908 0)
(1.95956 -0.987416 0)
(1.95769 -1.00646 0)
(1.97085 -0.991702 0)
(1.99458 -0.992928 0)
(2.06718 -0.979475 0)
(0.883008 1.07171 0)
(1.55612 2.04769 0)
(1.84598 1.86174 0)
(2.03217 1.45432 0)
(2.25334 1.1995 0)
(2.39168 0.447425 0)
(2.50186 0.185286 0)
(2.52217 -0.0463002 0)
(2.46768 -0.245567 0)
(2.45499 -0.330962 0)
(2.39536 -0.481318 0)
(2.33812 -0.586873 0)
(2.28413 -0.659198 0)
(2.22672 -0.728341 0)
(2.18073 -0.76364 0)
(2.14137 -0.793509 0)
(2.08062 -0.856343 0)
(2.05123 -0.898343 0)
(2.02726 -0.941014 0)
(2.05693 -0.958367 0)
(0.832224 0.875563 0)
(1.65437 1.93485 0)
(2.03188 2.07146 0)
(2.10281 1.66659 0)
(2.14548 1.54561 0)
(2.32924 1.13955 0)
(2.4375 0.874831 0)
(2.49639 0.576924 0)
(2.4979 0.392874 0)
(2.50597 0.229815 0)
(2.51684 0.0346934 0)
(2.48418 -0.149893 0)
(2.46113 -0.290342 0)
(2.40445 -0.439089 0)
(2.34708 -0.565274 0)
(2.30954 -0.626431 0)
(2.22533 -0.728109 0)
(2.19364 -0.741714 0)
(2.17615 -0.763975 0)
(2.14862 -0.778786 0)
(0.875173 0.818874 0)
(1.30815 1.38933 0)
(1.94924 2.13072 0)
(2.27779 1.94779 0)
(2.28792 1.69657 0)
(2.30881 1.48427 0)
(2.41728 1.16058 0)
(2.47974 0.922336 0)
(2.52232 0.743425 0)
(2.55887 0.473642 0)
(2.62313 0.294645 0)
(2.58907 0.0237573 0)
(2.58457 -0.142642 0)
(2.52403 -0.325911 0)
(2.47798 -0.436023 0)
(2.43996 -0.472372 0)
(2.40076 -0.489343 0)
(2.39566 -0.448967 0)
(2.32574 -0.540249 0)
(2.32084 -0.524767 0)
(0.995447 0.863518 0)
(1.20935 1.30078 0)
(1.68025 1.9404 0)
(2.15589 2.26128 0)
(2.55176 1.79075 0)
(2.46271 1.7672 0)
(2.6206 1.33602 0)
(2.72097 1.03928 0)
(2.76714 0.70639 0)
(2.73221 0.440275 0)
(2.73727 0.323769 0)
(2.69319 0.125959 0)
(2.67271 0.0378004 0)
(2.6417 -0.0613303 0)
(2.61017 -0.114767 0)
(2.5801 -0.121845 0)
(2.55534 -0.133125 0)
(2.52286 -0.202806 0)
(2.44768 -0.358129 0)
(2.46063 -0.335379 0)
(1.13276 0.936929 0)
(1.20253 1.30259 0)
(1.58214 1.84589 0)
(1.76809 2.16557 0)
(2.37012 1.89862 0)
(2.45944 1.98403 0)
(2.63061 1.47825 0)
(2.66709 1.17275 0)
(2.72862 0.993501 0)
(2.71873 0.91045 0)
(2.7107 0.76479 0)
(2.70072 0.617031 0)
(2.67037 0.489551 0)
(2.68241 0.413742 0)
(2.656 0.275097 0)
(2.66175 0.200461 0)
(2.64243 0.0482426 0)
(2.60767 -0.103946 0)
(2.5439 -0.214834 0)
(2.56051 -0.151879 0)
(1.26067 1.04904 0)
(1.25496 1.35519 0)
(1.46599 1.79404 0)
(1.6869 2.01436 0)
(1.86123 1.92654 0)
(2.02785 1.92907 0)
(2.21124 1.67644 0)
(2.3744 1.51833 0)
(2.40371 1.44907 0)
(2.46165 1.32786 0)
(2.52175 1.14945 0)
(2.57807 1.00196 0)
(2.6031 0.794257 0)
(2.69967 0.695805 0)
(2.69372 0.439023 0)
(2.72635 0.302323 0)
(2.70541 0.104624 0)
(2.67159 0.0202309 0)
(2.63439 0.0578234 0)
(2.61104 0.0450311 0)
(1.33315 1.26006 0)
(1.33648 1.45336 0)
(1.42069 1.85515 0)
(1.65598 2.00498 0)
(1.77416 1.9667 0)
(1.82492 1.96918 0)
(1.99739 1.85841 0)
(2.13272 1.67235 0)
(2.2235 1.5468 0)
(2.34609 1.46143 0)
(2.47828 1.25738 0)
(2.60307 1.10567 0)
(2.65888 0.829395 0)
(2.75464 0.703527 0)
(2.75205 0.46563 0)
(2.75025 0.404127 0)
(2.73842 0.3029 0)
(2.70962 0.335674 0)
(2.70194 0.411082 0)
(2.66007 0.260289 0)
(1.46955 1.46998 0)
(1.44102 1.62487 0)
(1.43627 1.97309 0)
(1.65905 2.03396 0)
(1.68592 2.05466 0)
(1.8269 1.94892 0)
(1.93272 1.88485 0)
(2.10705 1.68024 0)
(2.25924 1.57697 0)
(2.4366 1.47587 0)
(2.57352 1.24152 0)
(2.69605 1.06393 0)
(2.72088 0.929673 0)
(2.73611 0.880311 0)
(2.75536 0.800494 0)
(2.74283 0.783494 0)
(2.72498 0.698087 0)
(2.72576 0.737175 0)
(2.72714 0.658152 0)
(2.72006 0.430185 0)
(1.7005 1.57647 0)
(1.64644 1.71755 0)
(1.56135 2.01985 0)
(1.68939 2.07972 0)
(1.70093 2.09486 0)
(1.89128 1.94658 0)
(1.99179 1.96199 0)
(2.2157 1.69986 0)
(2.37267 1.67154 0)
(2.5236 1.51648 0)
(2.56948 1.52031 0)
(2.67302 1.35559 0)
(2.66626 1.33845 0)
(2.66113 1.29856 0)
(2.66752 1.19306 0)
(2.66452 1.10682 0)
(2.67719 1.01422 0)
(2.76326 0.95237 0)
(2.76327 0.742935 0)
(2.79701 0.528647 0)
(1.88858 1.57577 0)
(1.94898 1.55207 0)
(1.83018 1.97033 0)
(1.79656 2.16719 0)
(1.92734 2.20219 0)
(2.0107 2.15597 0)
(2.11193 2.0718 0)
(2.20959 1.97019 0)
(2.28901 1.89413 0)
(2.4262 1.71566 0)
(2.44025 1.79098 0)
(2.50987 1.66182 0)
(2.51456 1.5809 0)
(2.54144 1.50916 0)
(2.59127 1.41657 0)
(2.63595 1.27147 0)
(2.722 1.14583 0)
(2.82367 0.97868 0)
(2.85306 0.750848 0)
(2.78969 0.689115 0)
(1.93547 1.52889 0)
(2.16325 1.37089 0)
(2.13076 1.85442 0)
(1.9857 2.16265 0)
(2.01777 2.20943 0)
(2.06891 2.24849 0)
(2.15254 2.12825 0)
(2.15603 2.05101 0)
(2.24307 1.9496 0)
(2.30841 1.91386 0)
(2.26224 1.92691 0)
(2.35187 1.7738 0)
(2.42454 1.68211 0)
(2.54226 1.59457 0)
(2.6566 1.44557 0)
(2.72195 1.22676 0)
(2.78875 1.11268 0)
(2.83169 1.03294 0)
(2.78108 1.0655 0)
(2.6953 1.13841 0)
(1.80144 1.47271 0)
(2.13365 1.36089 0)
(2.25595 1.84865 0)
(2.14964 2.15237 0)
(2.12201 2.22485 0)
(2.07611 2.28928 0)
(2.13949 2.15379 0)
(2.06605 2.15257 0)
(2.12265 2.08555 0)
(2.1687 2.01534 0)
(2.22506 1.91073 0)
(2.35421 1.8171 0)
(2.47744 1.67466 0)
(2.61355 1.59554 0)
(2.69782 1.52298 0)
(2.73541 1.48593 0)
(2.69048 1.54702 0)
(2.66016 1.47082 0)
(2.59624 1.50659 0)
(2.59956 1.37441 0)
(1.66814 1.44069 0)
(1.95394 1.39912 0)
(2.17553 1.91436 0)
(2.16435 2.1828 0)
(2.04065 2.31394 0)
(2.01524 2.35678 0)
(2.05312 2.22966 0)
(2.00905 2.20122 0)
(2.0501 2.13676 0)
(2.12121 2.07485 0)
(2.22478 1.99047 0)
(2.32451 1.96279 0)
(2.42992 1.89032 0)
(2.46312 1.88604 0)
(2.48033 1.87079 0)
(2.47867 1.81727 0)
(2.46422 1.80922 0)
(2.47172 1.68944 0)
(2.50599 1.66525 0)
(2.58576 1.54286 0)
(1.60955 1.47059 0)
(1.79831 1.52899 0)
(1.94421 1.86129 0)
(1.95937 2.0572 0)
(1.88308 1.87748 0)
(1.87375 1.75081 0)
(1.90562 1.72376 0)
(1.85276 1.69978 0)
(1.75511 1.44234 0)
(1.76615 1.16404 0)
(1.90251 1.05601 0)
(2.02406 1.18162 0)
(2.0643 1.28725 0)
(2.03097 1.28165 0)
(2.05673 1.27359 0)
(2.12037 1.32867 0)
(2.16448 1.36743 0)
(2.1938 1.28359 0)
(2.25952 1.11412 0)
(2.33717 1.0601 0)
(1.38313 0.505568 0)
(1.33564 0.549418 0)
(1.32806 0.482258 0)
(1.33283 0.433953 0)
(1.30118 0.289858 0)
(1.40901 0.257483 0)
(1.50372 0.315454 0)
(1.55702 0.361283 0)
(1.49501 0.274681 0)
(1.50971 0.130122 0)
(1.57751 0.0893799 0)
(1.63138 0.175792 0)
(1.65464 0.239186 0)
(1.63021 0.214971 0)
(1.66731 0.194615 0)
(1.72766 0.249344 0)
(1.7795 0.280563 0)
(1.80393 0.23453 0)
(1.85155 0.166082 0)
(1.90084 0.183113 0)
(1.96905 -0.183748 0)
(2.04858 -0.136498 0)
(2.07903 -0.0828746 0)
(2.11295 -0.0698664 0)
(2.18007 -0.033926 0)
(2.21685 -0.0303669 0)
(2.27302 -0.0217006 0)
(2.29896 -0.0196879 0)
(2.33283 -0.0116312 0)
(2.34854 0.0057618 0)
(2.33353 0.0125975 0)
(2.27491 0.0176056 0)
(2.17237 0.00703206 0)
(2.13105 -0.00811909 0)
(2.14707 -0.0179215 0)
(2.24404 -0.0302886 0)
(2.41389 -0.0244787 0)
(2.59007 -0.0164399 0)
(2.67058 -0.0119344 0)
(2.76811 -0.00989229 0)
(2.32444 -0.85156 0)
(2.3048 -0.523971 0)
(2.279 -0.286338 0)
(2.28925 -0.178045 0)
(2.33174 -0.110265 0)
(2.33844 -0.0685454 0)
(2.34391 -0.0505943 0)
(2.38388 -0.0528649 0)
(2.42404 -0.0301484 0)
(2.41694 0.00707527 0)
(2.38582 0.0338232 0)
(2.31781 0.0490091 0)
(2.22003 0.0130331 0)
(2.18956 -0.0313893 0)
(2.20102 -0.0667395 0)
(2.28848 -0.094877 0)
(2.43873 -0.0820218 0)
(2.59402 -0.0496483 0)
(2.66304 -0.0296447 0)
(2.76137 -0.022794 0)
(2.6745 -1.48205 0)
(2.66136 -1.38874 0)
(2.62646 -1.07469 0)
(2.60079 -0.846143 0)
(2.58744 -0.547003 0)
(2.6102 -0.355485 0)
(2.5664 -0.152804 0)
(2.58458 -0.0938352 0)
(2.56172 -0.0364628 0)
(2.53869 0.00214007 0)
(2.48569 0.0438654 0)
(2.41971 0.0564638 0)
(2.35051 0.0212414 0)
(2.33109 -0.0273427 0)
(2.3393 -0.0712401 0)
(2.39819 -0.118034 0)
(2.51067 -0.114251 0)
(2.62947 -0.0715683 0)
(2.67916 -0.0495078 0)
(2.7694 -0.0383168 0)
(2.70414 -1.22227 0)
(2.72753 -1.19911 0)
(2.71797 -1.20076 0)
(2.70119 -1.17178 0)
(2.69786 -1.12752 0)
(2.72672 -0.888614 0)
(2.75242 -0.566499 0)
(2.81373 -0.425607 0)
(2.78521 -0.155845 0)
(2.67115 -0.0146865 0)
(2.57904 0.0557306 0)
(2.54164 0.0684053 0)
(2.5178 0.0328608 0)
(2.50693 -0.0113734 0)
(2.50533 -0.0624686 0)
(2.52929 -0.115067 0)
(2.59953 -0.11389 0)
(2.67457 -0.0856815 0)
(2.70988 -0.0700961 0)
(2.78442 -0.056608 0)
(2.7095 -1.08244 0)
(2.73068 -1.08041 0)
(2.72088 -1.01785 0)
(2.72277 -0.979022 0)
(2.73551 -0.966442 0)
(2.75536 -0.98924 0)
(2.78607 -0.986314 0)
(2.82521 -0.86923 0)
(2.85032 -0.544272 0)
(2.86156 -0.234879 0)
(2.69808 0.0140105 0)
(2.65772 0.0601106 0)
(2.65368 0.0380501 0)
(2.6504 0.00278709 0)
(2.64275 -0.0466544 0)
(2.63539 -0.0923267 0)
(2.66101 -0.109217 0)
(2.71011 -0.0966508 0)
(2.73866 -0.0842502 0)
(2.80226 -0.0696364 0)
(2.72035 -0.897868 0)
(2.7275 -0.914588 0)
(2.73102 -0.922412 0)
(2.75786 -0.892771 0)
(2.77642 -0.85205 0)
(2.77855 -0.873793 0)
(2.80324 -0.902034 0)
(2.8207 -0.909507 0)
(2.82087 -0.897091 0)
(2.83874 -0.60611 0)
(2.8847 -0.261367 0)
(2.78295 0.0242558 0)
(2.74327 0.024558 0)
(2.73302 0.00899559 0)
(2.72356 -0.0150199 0)
(2.69402 -0.0554309 0)
(2.69681 -0.0929507 0)
(2.73919 -0.108009 0)
(2.76354 -0.0984646 0)
(2.81648 -0.0818174 0)
(2.7337 -0.620633 0)
(2.7241 -0.764894 0)
(2.73874 -0.757499 0)
(2.7824 -0.709495 0)
(2.80161 -0.720807 0)
(2.80573 -0.766022 0)
(2.81014 -0.774572 0)
(2.80533 -0.7835 0)
(2.78671 -0.84477 0)
(2.82035 -0.834512 0)
(2.8736 -0.59605 0)
(2.85905 -0.185143 0)
(2.83058 -0.0396936 0)
(2.80244 0.0121676 0)
(2.77524 0.00231541 0)
(2.73189 -0.0413259 0)
(2.72575 -0.0911999 0)
(2.76146 -0.117249 0)
(2.78207 -0.111242 0)
(2.82561 -0.0936558 0)
(2.72221 -0.44512 0)
(2.71858 -0.604846 0)
(2.72142 -0.658298 0)
(2.78182 -0.641924 0)
(2.82855 -0.651999 0)
(2.82061 -0.68403 0)
(2.81578 -0.701078 0)
(2.79817 -0.680229 0)
(2.78477 -0.729953 0)
(2.76983 -0.789641 0)
(2.86112 -0.768832 0)
(2.86855 -0.576719 0)
(2.8667 -0.223762 0)
(2.83559 -0.0238466 0)
(2.80452 -0.0181806 0)
(2.77741 -0.0492287 0)
(2.76073 -0.0931008 0)
(2.77547 -0.120844 0)
(2.79296 -0.116422 0)
(2.82784 -0.101512 0)
(2.68513 -0.260178 0)
(2.71363 -0.418868 0)
(2.71058 -0.508338 0)
(2.7552 -0.490856 0)
(2.81104 -0.545326 0)
(2.79941 -0.597545 0)
(2.80324 -0.606244 0)
(2.79208 -0.58646 0)
(2.77546 -0.666433 0)
(2.79222 -0.680265 0)
(2.81745 -0.735387 0)
(2.86929 -0.717927 0)
(2.89199 -0.571132 0)
(2.87248 -0.300289 0)
(2.86524 -0.152417 0)
(2.85563 -0.0919309 0)
(2.80566 -0.102324 0)
(2.78235 -0.124729 0)
(2.79578 -0.119059 0)
(2.83055 -0.105608 0)
(2.63896 -0.0989821 0)
(2.69426 -0.270182 0)
(2.68263 -0.36822 0)
(2.71686 -0.401075 0)
(2.76461 -0.442371 0)
(2.74971 -0.553791 0)
(2.7665 -0.543164 0)
(2.76766 -0.51046 0)
(2.76774 -0.557993 0)
(2.78957 -0.636663 0)
(2.83553 -0.633255 0)
(2.85795 -0.695304 0)
(2.92679 -0.697743 0)
(2.92424 -0.599534 0)
(2.91415 -0.351826 0)
(2.91269 -0.219393 0)
(2.84629 -0.177133 0)
(2.79756 -0.171774 0)
(2.79663 -0.141739 0)
(2.83677 -0.118087 0)
(2.49697 0.222013 0)
(2.55429 0.0764872 0)
(2.61394 -0.227223 0)
(2.65383 -0.274838 0)
(2.66967 -0.237874 0)
(2.64479 -0.337424 0)
(2.63577 -0.360618 0)
(2.6547 -0.364117 0)
(2.75231 -0.452707 0)
(2.79189 -0.523613 0)
(2.83534 -0.552347 0)
(2.87653 -0.566004 0)
(2.94983 -0.636458 0)
(2.95976 -0.667665 0)
(2.96172 -0.657121 0)
(2.94776 -0.601085 0)
(2.90258 -0.496312 0)
(2.8374 -0.338393 0)
(2.8088 -0.223116 0)
(2.85456 -0.138124 0)
(2.35642 0.54015 0)
(2.4224 0.401841 0)
(2.51445 0.155703 0)
(2.58936 -0.0413079 0)
(2.62617 -0.192186 0)
(2.63518 -0.315956 0)
(2.66341 -0.362528 0)
(2.71336 -0.334071 0)
(2.74858 -0.313671 0)
(2.79249 -0.382074 0)
(2.83903 -0.39113 0)
(2.89602 -0.428503 0)
(2.9597 -0.534068 0)
(2.96714 -0.596178 0)
(2.97563 -0.63619 0)
(2.98197 -0.680877 0)
(2.96701 -0.646615 0)
(2.91215 -0.524968 0)
(2.84703 -0.347605 0)
(2.86247 -0.172377 0)
(2.34524 0.710834 0)
(2.38422 0.606139 0)
(2.47045 0.405617 0)
(2.51071 0.284101 0)
(2.55226 0.163621 0)
(2.6283 -0.0288655 0)
(2.67665 -0.165112 0)
(2.7115 -0.191331 0)
(2.76674 -0.244341 0)
(2.81371 -0.298174 0)
(2.84281 -0.26147 0)
(2.88513 -0.295351 0)
(2.93743 -0.407504 0)
(2.96053 -0.449684 0)
(2.99291 -0.518988 0)
(3.02133 -0.56856 0)
(3.01935 -0.569149 0)
(2.97741 -0.501616 0)
(2.92373 -0.371171 0)
(2.90602 -0.188162 0)
(2.43304 0.685722 0)
(2.43238 0.679135 0)
(2.43529 0.644612 0)
(2.47728 0.531479 0)
(2.55179 0.33482 0)
(2.57775 0.278559 0)
(2.62747 0.125053 0)
(2.71137 -0.0798161 0)
(2.77206 -0.192971 0)
(2.81996 -0.253048 0)
(2.85668 -0.27182 0)
(2.91474 -0.28581 0)
(2.95992 -0.329905 0)
(3.01103 -0.436152 0)
(3.03954 -0.443438 0)
(3.04059 -0.426456 0)
(3.02999 -0.42854 0)
(3.00555 -0.414156 0)
(2.97969 -0.360441 0)
(2.95011 -0.191542 0)
(2.72795 0.425339 0)
(2.60714 0.614327 0)
(2.51549 0.626299 0)
(2.51444 0.613886 0)
(2.52404 0.567116 0)
(2.55793 0.477754 0)
(2.63545 0.28712 0)
(2.68896 0.174378 0)
(2.67156 0.217528 0)
(2.77081 0.0561451 0)
(2.87492 -0.163009 0)
(2.93424 -0.244413 0)
(3.00203 -0.261211 0)
(3.03585 -0.284461 0)
(3.04202 -0.30224 0)
(3.05196 -0.324158 0)
(3.04322 -0.315388 0)
(3.00837 -0.259332 0)
(2.97778 -0.208973 0)
(2.96833 -0.112602 0)
(2.97054 0.0672267 0)
(2.85183 0.321765 0)
(2.74064 0.473346 0)
(2.60741 0.580176 0)
(2.6066 0.580995 0)
(2.61352 0.565154 0)
(2.63452 0.520263 0)
(2.68506 0.421996 0)
(2.74103 0.271784 0)
(2.80395 0.174988 0)
(2.86893 0.0671564 0)
(2.90859 0.0509349 0)
(2.97144 -0.0281508 0)
(3.04048 -0.199462 0)
(3.06754 -0.278422 0)
(3.08424 -0.317659 0)
(3.08083 -0.319625 0)
(3.05939 -0.278307 0)
(3.03862 -0.20735 0)
(3.01533 -0.0907863 0)
(2.99897 0.00342826 0)
(2.98536 0.0368518 0)
(2.94993 0.138474 0)
(2.82163 0.378826 0)
(2.7487 0.480622 0)
(2.68012 0.547575 0)
(2.68994 0.543272 0)
(2.71307 0.524982 0)
(2.74669 0.485775 0)
(2.80238 0.407117 0)
(2.86096 0.320413 0)
(2.93509 0.179391 0)
(2.99191 0.100963 0)
(3.03304 0.0467698 0)
(3.07975 -0.0439026 0)
(3.0819 -0.0529963 0)
(3.08254 -0.0580845 0)
(3.07741 -0.0525913 0)
(3.06404 -0.0304963 0)
(3.03503 -0.0055153 0)
(2.99998 7.82787e-05 0)
(2.99966 0.000808638 0)
(2.9968 0.00945323 0)
(2.97843 0.0575877 0)
(2.92223 0.195202 0)
(2.84179 0.374338 0)
(2.78264 0.449638 0)
(2.76926 0.501799 0)
(2.78853 0.496323 0)
(2.8226 0.479066 0)
(2.86551 0.447012 0)
(2.9178 0.388441 0)
(2.97403 0.313133 0)
(3.02855 0.232749 0)
(3.06952 0.156478 0)
(3.09634 0.0954019 0)
(3.10001 0.0690792 0)
(3.0926 0.0611273 0)
(3.07734 0.0536968 0)
(3.03953 0.0282152 0)
(3 1.11501e-06 0)
(3 9.36937e-06 0)
(2.99994 0.000135727 0)
(2.99933 0.00179355 0)
(2.9934 0.0172162 0)
(2.97767 0.0646264 0)
(2.91394 0.21756 0)
(2.89425 0.304935 0)
(2.82585 0.411478 0)
(2.86638 0.439383 0)
(2.88763 0.425614 0)
(2.92393 0.399482 0)
(2.96774 0.361472 0)
(3.01192 0.315398 0)
(3.05094 0.260944 0)
(3.0783 0.203685 0)
(3.08791 0.151992 0)
(3.08077 0.107945 0)
(3.06124 0.0695993 0)
(3.02513 0.0270055 0)
(3 1.31247e-08 0)
(3 7.79896e-08 0)
(3 1.11555e-06 0)
(2.99999 1.90168e-05 0)
(2.99987 0.000287579 0)
(2.99902 0.00271941 0)
(2.99306 0.0175093 0)
(2.97934 0.0635455 0)
(2.93854 0.161329 0)
(2.92908 0.237367 0)
(2.90385 0.328945 0)
(2.95081 0.329651 0)
(2.97073 0.315469 0)
(3.0005 0.285864 0)
(3.02907 0.24519 0)
(3.05149 0.19718 0)
(3.06006 0.14707 0)
(3.05241 0.0980182 0)
(3.03263 0.0524201 0)
(3.009 0.0127926 0)
(3 1.11135e-10 0)
(3 6.19247e-10 0)
(3 7.54748e-09 0)
(3 1.28733e-07 0)
(3 2.39453e-06 0)
(2.99999 2.88268e-05 0)
(2.99987 0.00033352 0)
(2.99916 0.00227991 0)
(2.99556 0.0120656 0)
(2.98709 0.0388225 0)
(2.97257 0.0879129 0)
(2.97004 0.13981 0)
(2.98119 0.172314 0)
(2.99069 0.17108 0)
(3.00163 0.159381 0)
(3.01449 0.130444 0)
(3.02143 0.0894773 0)
(3.01823 0.0474842 0)
(3.00861 0.016418 0)
(3.00137 0.0020441 0)
(3 7.38397e-13 0)
(3 4.36689e-12 0)
(3 4.61906e-11 0)
(3 7.64514e-10 0)
(3 1.45473e-08 0)
(3 1.96118e-07 0)
(3 2.55716e-06 0)
(2.99999 2.35608e-05 0)
(2.99993 0.000192104 0)
(2.99962 0.0010789 0)
(2.99856 0.00449468 0)
(2.99664 0.0122602 0)
(2.9957 0.0242305 0)
(2.99732 0.0320331 0)
(2.99846 0.0321447 0)
(3.00064 0.0277205 0)
(3.00269 0.0175418 0)
(3.00233 0.00701712 0)
(3.00077 0.0014415 0)
(3.00007 8.96055e-05 0)
(3 1.77428e-15 0)
(3 2.37986e-14 0)
(3 2.54539e-13 0)
(3 4.04903e-12 0)
(3 7.73405e-11 0)
(3 1.09384e-09 0)
(3 1.46579e-08 0)
(3 1.46797e-07 0)
(3 1.32818e-06 0)
(3 9.24579e-06 0)
(2.99998 5.09613e-05 0)
(2.99994 0.000203837 0)
(2.99987 0.000576426 0)
(2.99988 0.00105565 0)
(2.99995 0.00119683 0)
(3 0.00108669 0)
(3.00008 0.000687796 0)
(3.00007 0.000235517 0)
(3.00002 3.44045e-05 0)
(3 1.37314e-06 0)
(3 1.88063e-15 0)
(3 6.94908e-17 0)
(3 -1.48157e-15 0)
(3 1.85839e-14 0)
(3 3.65672e-13 0)
(3 5.36064e-12 0)
(3 7.24237e-11 0)
(3 7.55822e-10 0)
(3 6.96141e-09 0)
(3 5.08407e-08 0)
(3 2.94721e-07 0)
(3 1.30582e-06 0)
(3 4.21727e-06 0)
(3 9.00334e-06 0)
(3 1.11357e-05 0)
(3 1.04177e-05 0)
(3 6.94096e-06 0)
(3 2.43138e-06 0)
(3 3.42606e-07 0)
(3 1.25355e-08 0)
(3 2.02554e-15 0)
(3 8.06879e-16 0)
(3 2.92888e-17 0)
(3 -1.52426e-15 0)
(3 1.67741e-15 0)
(3 2.0143e-14 0)
(3 2.84704e-13 0)
(3 3.06262e-12 0)
(3 2.8393e-11 0)
(3 2.1043e-10 0)
(3 1.22809e-09 0)
(3 5.53397e-09 0)
(3 1.84825e-08 0)
(3 4.12884e-08 0)
(3 5.27511e-08 0)
(3 4.99893e-08 0)
(3 3.48478e-08 0)
(3 1.31511e-08 0)
(3 2.01284e-09 0)
(3 7.70515e-11 0)
(2.42027 0.389927 0)
(2.26794 0.708996 0)
(2.34286 0.733268 0)
(2.5493 0.601279 0)
(2.85637 0.245085 0)
(2.98668 0.0325108 0)
(2.99954 0.00159936 0)
(2.99999 3.96584e-05 0)
(3 6.02586e-07 0)
(3 6.12467e-09 0)
(3 4.4256e-11 0)
(3 2.35338e-13 0)
(3 6.71712e-16 0)
(3 3.52207e-15 0)
(3 3.438e-15 0)
(2.27385 0.668283 0)
(2.25616 0.790118 0)
(2.39593 0.746912 0)
(2.77958 0.374845 0)
(2.99093 0.0340085 0)
(3.00007 0.000425369 0)
(3 -1.48014e-06 0)
(3 -8.59274e-08 0)
(3 -1.56691e-08 0)
(3 -6.46657e-10 0)
(3 -8.40929e-12 0)
(3 -6.40926e-14 0)
(3 -9.59903e-17 0)
(3 3.02455e-15 0)
(3 3.0687e-15 0)
(2.206 0.806892 0)
(2.2502 0.805826 0)
(2.58936 0.551852 0)
(2.9448 0.11793 0)
(2.9989 0.00521526 0)
(2.99998 7.81266e-05 0)
(3 9.58249e-07 0)
(3 1.25352e-08 0)
(3 5.38161e-11 0)
(3 2.33693e-13 0)
(3 8.25922e-15 0)
(3 -1.69256e-15 0)
(3 5.50807e-16 0)
(3 2.77076e-15 0)
(3 3.09821e-15 0)
(2.17854 0.879968 0)
(2.41265 0.743585 0)
(2.84105 0.277777 0)
(2.9951 0.0160959 0)
(3.00001 7.58511e-05 0)
(3 -1.15038e-06 0)
(3 -8.61107e-09 0)
(3 -1.75041e-09 0)
(3 -9.10086e-11 0)
(3 -1.37019e-12 0)
(3 -1.09392e-14 0)
(3 -2.03767e-15 0)
(3 1.33692e-16 0)
(3 2.35599e-15 0)
(3 2.72839e-15 0)
(2.17799 0.900912 0)
(2.6682 0.452944 0)
(2.98573 0.0329242 0)
(3 0.000358841 0)
(3 3.37191e-06 0)
(3 8.2913e-09 0)
(3 -1.65294e-09 0)
(3 -5.84277e-11 0)
(3 -3.80788e-13 0)
(3 1.36148e-15 0)
(3 -1.30694e-16 0)
(3 -1.05868e-15 0)
(3 5.38923e-16 0)
(3 1.73669e-15 0)
(3 2.50135e-15 0)
(2.56652 0.578769 0)
(2.99059 0.0386533 0)
(3.00023 0.000374028 0)
(3 -1.09574e-06 0)
(3 -2.77527e-07 0)
(3 -2.09526e-08 0)
(3 -1.03242e-10 0)
(3 -9.79124e-13 0)
(3 -1.02231e-14 0)
(3 1.0196e-17 0)
(3 -8.71343e-16 0)
(3 -6.16301e-16 0)
(3 1.0956e-15 0)
(3 2.125e-15 0)
(3 2.3761e-15 0)
(2.99342 0.0491197 0)
(2.99997 0.0011245 0)
(3 -3.50115e-07 0)
(3 -1.70177e-07 0)
(3 -1.22626e-09 0)
(3 1.68312e-11 0)
(3 3.39729e-12 0)
(3 1.80222e-13 0)
(3 -5.12276e-16 0)
(3 2.28879e-16 0)
(3 -1.28134e-15 0)
(3 -1.61085e-16 0)
(3 1.42832e-15 0)
(3 2.26137e-15 0)
(3 1.94897e-15 0)
(3.00075 -0.00154874 0)
(3.00004 -0.000108049 0)
(3 -3.47505e-06 0)
(3 -3.04875e-08 0)
(3 1.25375e-11 0)
(3 -1.20271e-12 0)
(3 -2.83003e-14 0)
(3 -3.49289e-15 0)
(3 -3.10439e-15 0)
(3 1.64041e-16 0)
(3 -1.36245e-15 0)
(3 1.11441e-16 0)
(3 1.77902e-15 0)
(3 2.40363e-15 0)
(3 1.387e-15 0)
(3.00001 -2.15339e-05 0)
(3 1.19957e-07 0)
(3 2.37537e-08 0)
(3 1.15534e-09 0)
(3 1.95718e-11 0)
(3 1.93179e-13 0)
(3 1.80061e-16 0)
(3 -3.18091e-15 0)
(3 -2.12778e-15 0)
(3 3.53743e-17 0)
(3 -1.33577e-15 0)
(3 3.21638e-16 0)
(3 2.00788e-15 0)
(3 2.4068e-15 0)
(3 9.87675e-16 0)
(3 1.23629e-06 0)
(3 1.43591e-08 0)
(3 -7.63589e-11 0)
(3 -1.25804e-11 0)
(3 -3.97694e-13 0)
(3 -4.42638e-15 0)
(3 -1.33248e-15 0)
(3 -3.92723e-15 0)
(3 -1.27736e-15 0)
(3 1.7253e-16 0)
(3 -1.39173e-15 0)
(3 7.5348e-16 0)
(3 1.53089e-15 0)
(3 1.93878e-15 0)
(3 8.11132e-16 0)
(3 2.04675e-15 0)
(3 -2.66588e-15 0)
(3 -6.31078e-16 0)
(3 -1.21056e-16 0)
(3 -4.70414e-16 0)
(3 1.94974e-16 0)
(3 -1.18286e-15 0)
(3 -3.40253e-15 0)
(3 -9.27075e-16 0)
(3 2.54055e-16 0)
(3 -1.44011e-15 0)
(3 1.03001e-15 0)
(3 1.47521e-15 0)
(3 1.3171e-15 0)
(3 4.07402e-16 0)
(3 -4.2678e-16 0)
(3 -2.39806e-15 0)
(3 -1.22307e-15 0)
(3 -8.95923e-16 0)
(3 -1.1446e-15 0)
(3 7.96455e-16 0)
(3 -1.67152e-15 0)
(3 -3.24698e-15 0)
(3 -4.39473e-16 0)
(3 3.41634e-16 0)
(3 -1.42493e-15 0)
(3 1.50735e-15 0)
(3 1.26038e-15 0)
(3 5.80131e-16 0)
(3 3.17969e-16 0)
(3 -2.25495e-16 0)
(3 -1.89253e-15 0)
(3 -1.50142e-15 0)
(3 -1.51164e-15 0)
(3 -1.20089e-15 0)
(3 1.20595e-15 0)
(3 -1.96688e-15 0)
(3 -2.89205e-15 0)
(3 -1.92857e-16 0)
(3 1.09952e-16 0)
(3 -1.2657e-15 0)
(3 1.51455e-15 0)
(3 1.22848e-15 0)
(3 6.98233e-16 0)
(3 3.06351e-16 0)
(3 -5.05848e-16 0)
(3 -2.52989e-15 0)
(3 -1.57291e-15 0)
(3 -1.23874e-15 0)
(3 -1.29226e-15 0)
(3 1.44946e-15 0)
(3 -2.16164e-15 0)
(3 -2.44047e-15 0)
(3 -5.07557e-17 0)
(3 -6.46137e-17 0)
(3 -1.15292e-15 0)
(3 1.39166e-15 0)
(3 1.00987e-15 0)
(3 6.84784e-16 0)
(3 1.75333e-16 0)
(3 -8.04702e-16 0)
(3 -2.69656e-15 0)
(3 -1.19474e-15 0)
(3 -5.57442e-16 0)
(3 -1.57709e-15 0)
(3 1.21699e-15 0)
(3 -2.07259e-15 0)
(3 -2.23414e-15 0)
(3 3.20047e-16 0)
(3 -6.0207e-16 0)
(3 -1.31161e-15 0)
(3 1.4852e-15 0)
(3 9.64505e-16 0)
(3 4.56406e-16 0)
(3 -3.9695e-17 0)
(3 -9.39998e-16 0)
(3 -3.26954e-15 0)
(3 -1.04192e-15 0)
(3 -1.47831e-17 0)
(3 -1.82258e-15 0)
(3 9.61146e-16 0)
(3 -1.88289e-15 0)
(3 -1.81418e-15 0)
(3 2.14903e-16 0)
(3 -9.84463e-16 0)
(3 -9.56757e-16 0)
(3 1.37273e-15 0)
(3 1.0672e-15 0)
(3 1.2526e-16 0)
(3 -4.66661e-16 0)
(3 -9.41386e-16 0)
(3 -3.1453e-15 0)
(3 -7.40563e-16 0)
(3 -7.62072e-16 0)
(3 -1.85307e-15 0)
(3 8.70778e-16 0)
(3 -1.45254e-15 0)
(3 -1.27439e-15 0)
(3 1.68536e-16 0)
(3 -1.08868e-15 0)
(3 -1.01697e-15 0)
(3 7.406e-16 0)
(3 1.32536e-15 0)
(3 -1.45977e-16 0)
(3 -9.08731e-16 0)
(3 -7.32239e-16 0)
(3 -2.9481e-15 0)
(3 -1.44407e-15 0)
(3 -9.20309e-16 0)
(3 -1.84563e-15 0)
(3 7.76786e-16 0)
(3 -4.09226e-18 0)
(3 -4.9598e-16 0)
(3 3.07966e-16 0)
(3 -1.04255e-15 0)
(3 -1.03727e-15 0)
(3 5.92756e-16 0)
(3 1.34377e-15 0)
(3 -4.47407e-16 0)
(3 -1.18953e-15 0)
(3 7.00779e-16 0)
(3 -2.97602e-15 0)
(3 -2.28647e-15 0)
(3 -1.02109e-15 0)
(3 -1.99055e-15 0)
(3 3.51296e-16 0)
(3 9.74752e-16 0)
(3 -7.60167e-17 0)
(3 2.32971e-16 0)
(3 -9.01109e-16 0)
(3 -1.14796e-15 0)
(3 2.86209e-16 0)
(3 1.16562e-15 0)
(3 -7.58084e-16 0)
(3 -1.2325e-15 0)
(3 3.02867e-15 0)
(3 -1.8767e-15 0)
(3 -2.49979e-15 0)
(3 -1.28006e-15 0)
(3 -1.97387e-15 0)
(3 -4.76332e-16 0)
(3 3.00462e-16 0)
(3 1.3493e-16 0)
(3 6.49064e-16 0)
(3 -6.79357e-16 0)
(3 -1.18975e-15 0)
(3 6.49827e-17 0)
(3 1.00417e-15 0)
(3 -1.08212e-15 0)
(3 -1.39515e-15 0)
(3 4.42331e-15 0)
(3 -1.48816e-15 0)
(3 -2.8224e-15 0)
(3 -1.24719e-15 0)
(3 -2.09504e-15 0)
(3 -6.09594e-16 0)
(3 -4.51217e-16 0)
(3 6.10834e-16 0)
(3 1.10453e-15 0)
(3 -4.80391e-16 0)
(3 -8.76636e-16 0)
(3 -2.08789e-16 0)
(3 8.96139e-16 0)
(3 -1.28995e-15 0)
(3 -1.55112e-15 0)
(3 2.3814e-15 0)
(3 -2.2958e-15 0)
(3 -1.27001e-15 0)
(3 -9.05388e-16 0)
(3 -1.58704e-15 0)
(3 -4.54304e-16 0)
(3 -1.34114e-15 0)
(3 7.13261e-16 0)
(3 2.45359e-15 0)
(3 -2.89636e-16 0)
(3 -9.13788e-16 0)
(3 -3.8796e-16 0)
(3 7.67476e-16 0)
(3 -1.9308e-15 0)
(3 -1.86787e-15 0)
(3 -1.23406e-15 0)
(3 -2.65545e-15 0)
(3 -1.48582e-16 0)
(3 6.2095e-17 0)
(3 -3.60528e-16 0)
(3 -8.4751e-16 0)
(3 -2.01572e-15 0)
(3 -2.61362e-16 0)
(3 2.42081e-15 0)
(3 5.61835e-16 0)
(3 -8.9638e-16 0)
(3 -4.27536e-16 0)
(3 3.65216e-16 0)
(3 -2.46179e-15 0)
(3 -2.21091e-15 0)
(3 -4.09191e-15 0)
(3 -2.92177e-15 0)
(3 1.27896e-15 0)
(3 2.34369e-15 0)
(3 1.92928e-16 0)
(3 -1.24067e-15 0)
(3 -1.72758e-15 0)
(3 1.77176e-16 0)
(3 1.82513e-15 0)
(3 1.26873e-15 0)
(3 -1.24396e-15 0)
(3 -4.3455e-16 0)
(3 6.34259e-16 0)
(3 -2.56001e-15 0)
(3 -2.37535e-15 0)
(3 -6.14671e-15 0)
(3 -3.37772e-15 0)
(3 2.10856e-15 0)
(3 2.35819e-15 0)
(3 2.32568e-15 0)
(3 -9.73796e-16 0)
(3 -2.36749e-15 0)
(3 8.24227e-16 0)
(3 2.41272e-15 0)
(3 8.04276e-16 0)
(3 -1.52156e-15 0)
(3 -5.0665e-16 0)
(3 6.72927e-16 0)
(3 -1.23948e-15 0)
(3 -1.92929e-15 0)
(3 -4.90365e-15 0)
(3 -2.23187e-15 0)
(3 1.01047e-15 0)
(3 4.38025e-16 0)
(3 3.00256e-15 0)
(3 9.0263e-17 0)
(3 -1.96054e-15 0)
(3 2.21585e-15 0)
(3 3.13771e-15 0)
(3 -5.18267e-16 0)
(3 -2.69564e-15 0)
(3 -9.80031e-16 0)
(3 1.10348e-15 0)
(3 -5.93131e-16 0)
(3 -2.30805e-15 0)
(3 -1.45241e-15 0)
(3 7.09197e-16 0)
(3 1.677e-15 0)
(3 3.17285e-16 0)
(3 -5.20135e-16 0)
(3 -1.15724e-15 0)
(3 -1.85217e-15 0)
(3 2.79313e-15 0)
(3 4.3191e-15 0)
(3 6.90544e-16 0)
(3 -1.66365e-15 0)
(3 -2.65463e-15 0)
(3 -1.71529e-15 0)
(3 -1.71493e-15 0)
(3 -2.42335e-15 0)
(3 1.96351e-15 0)
(3 2.31542e-15 0)
(3 -6.26503e-16 0)
(3 4.81337e-16 0)
(3 4.7573e-16 0)
(3 -2.21728e-15 0)
(3 -1.92928e-15 0)
(3 1.24415e-15 0)
(3 4.25607e-15 0)
(3 3.55603e-15 0)
(3 -2.83715e-15 0)
(3 -6.14376e-15 0)
(3 -9.50922e-16 0)
(3 1.03526e-15 0)
(3 -1.99957e-15 0)
(3 2.58635e-15 0)
(3 4.77827e-15 0)
(3 -1.2208e-15 0)
(3 -1.54009e-15 0)
(3 -1.88309e-15 0)
(3 -1.91918e-15 0)
(3 1.13204e-15 0)
(3 2.34924e-15 0)
(3 5.06317e-15 0)
(3 2.97969e-15 0)
(3 -2.80453e-15 0)
(3 -5.63899e-15 0)
(3 1.30393e-15 0)
(3 2.84475e-16 0)
(3 -2.84519e-15 0)
(3 -3.2401e-15 0)
(3 -1.25975e-15 0)
(3 7.54034e-16 0)
(3 1.14266e-15 0)
(3 2.75692e-15 0)
(3 -1.09985e-15 0)
(3 1.03273e-15 0)
(3 1.79449e-15 0)
(3 3.72294e-15 0)
(3 -3.26773e-16 0)
(3 -5.68675e-15 0)
(3 1.08259e-15 0)
(3 4.71163e-16 0)
(3 -4.65198e-16 0)
(3 1.6186e-15 0)
(3 5.6063e-15 0)
(3 5.30484e-15 0)
(3 2.61334e-15 0)
(3 2.44973e-15 0)
(3 2.19872e-16 0)
(3 -1.66859e-15 0)
(3 -1.1349e-15 0)
(3 -2.23305e-15 0)
(3 -4.24269e-15 0)
(3 -3.24413e-15 0)
(3 4.21698e-15 0)
(3 3.77446e-15 0)
(3 3.29703e-15 0)
(3 3.77825e-15 0)
(3 3.04689e-15 0)
(3 2.16532e-15 0)
(3 -5.99716e-16 0)
(3 -2.34867e-15 0)
(3 -5.67735e-15 0)
(3 -1.95554e-15 0)
(3 1.7472e-15 0)
(3 1.31231e-15 0)
(3 2.83229e-15 0)
(3 3.4588e-15 0)
(3 4.17142e-15 0)
(3 2.71176e-15 0)
(3 -4.21313e-16 0)
(3 -1.76708e-15 0)
(3 -6.24691e-15 0)
(3 -3.8974e-15 0)
(3 -1.20194e-15 0)
(3 -1.82786e-15 0)
(3 -1.20137e-15 0)
(3 8.47175e-16 0)
(3 1.16808e-15 0)
(3 -9.35507e-16 0)
(3 -3.08653e-15 0)
(3 -8.68124e-17 0)
(3 -2.10689e-15 0)
(3 -5.75435e-15 0)
(3 1.58911e-15 0)
(3 3.70875e-16 0)
(3 -4.95203e-16 0)
(3 6.69715e-17 0)
(3 -1.73635e-15 0)
(3 -1.6413e-15 0)
(3 -2.76447e-15 0)
(3 -1.88881e-16 0)
(3 -2.68541e-15 0)
(3 -6.81595e-15 0)
(3 -1.2802e-16 0)
(3 2.03922e-16 0)
(3 -1.01144e-15 0)
(3 -2.45292e-15 0)
(3 -4.5009e-15 0)
(3 -3.93762e-15 0)
(3 -2.65573e-16 0)
(3 7.92474e-16 0)
(3 -1.30355e-15 0)
(3 -4.51495e-15 0)
(3 2.18475e-15 0)
(3 1.57394e-15 0)
(3 -4.96536e-17 0)
(3 -9.85648e-16 0)
(3 -5.30245e-16 0)
(3 3.23048e-16 0)
(3 1.97695e-15 0)
(3 1.35245e-15 0)
(3 2.81369e-15 0)
(3 6.71431e-16 0)
(3 1.46953e-15 0)
(3 3.26935e-16 0)
(3 -5.27637e-16 0)
(3 -4.46112e-16 0)
(3 6.52754e-16 0)
(3 1.97267e-15 0)
(3 2.28728e-16 0)
(3 1.65342e-15 0)
(3 2.51607e-15 0)
(3 3.57469e-15 0)
(3 -4.68176e-16 0)
(3 -1.72741e-15 0)
(3 -7.80202e-16 0)
(3 -8.27075e-16 0)
(3 -1.29025e-15 0)
(3 -9.02219e-17 0)
(3 -1.44135e-16 0)
(3 -1.23604e-15 0)
(3 2.73983e-16 0)
(3 7.4186e-15 0)
(3 -5.18204e-16 0)
(3 -1.52305e-16 0)
(3 -5.93452e-16 0)
(3 -1.30819e-15 0)
(3 -1.1262e-15 0)
(3 -2.06001e-15 0)
(3 1.67507e-16 0)
(3 2.53078e-16 0)
(3 1.70206e-15 0)
(3 1.05691e-14 0)
(3 -4.11199e-16 0)
(3 8.99973e-16 0)
(3 1.1699e-15 0)
(3 3.7083e-15 0)
(3 5.94082e-15 0)
(3 3.39039e-15 0)
(3 1.28765e-15 0)
(3 4.62036e-15 0)
(3 4.7284e-15 0)
(3 -3.05922e-16 0)
(3 8.97235e-17 0)
(3 1.4004e-15 0)
(3 2.22465e-15 0)
(3 3.75058e-15 0)
(3 5.40998e-15 0)
(3 5.84345e-15 0)
(3 5.27521e-15 0)
(3 4.69131e-15 0)
(3 6.30307e-15 0)
(3 -6.91924e-15 0)
(3 1.91306e-15 0)
(3 2.93271e-15 0)
(3 3.55898e-15 0)
(3 2.37332e-15 0)
(3 1.28168e-15 0)
(3 2.64205e-15 0)
(3 4.43568e-15 0)
(3 1.57719e-15 0)
(3 3.38979e-16 0)
(3 -5.35528e-15 0)
(3 1.75596e-15 0)
(3 2.9012e-15 0)
(3 4.50184e-15 0)
(3 2.86e-15 0)
(3 1.74678e-15 0)
(3 2.01541e-15 0)
(3 1.13276e-15 0)
(3 1.037e-15 0)
(3 1.39863e-15 0)
(3 -5.38384e-16 0)
(3 2.74587e-15 0)
(3 4.33819e-15 0)
(3 4.67237e-15 0)
(3 3.4438e-15 0)
(3 3.73687e-15 0)
(3 2.95331e-15 0)
(3 4.80265e-17 0)
(3 -6.02259e-16 0)
(3 1.53391e-16 0)
(3 2.66999e-15 0)
(3 6.04145e-16 0)
(3 1.88122e-15 0)
(3 7.79607e-16 0)
(3 3.23458e-15 0)
(3 3.5762e-15 0)
(3 1.31314e-15 0)
(3 7.57887e-16 0)
(3 -4.02998e-16 0)
(3 -8.6467e-16 0)
(3 -4.77827e-16 0)
(3 -7.51405e-17 0)
(3 -1.08373e-15 0)
(3 -3.70141e-16 0)
(3 1.07948e-15 0)
(3 4.2335e-16 0)
(3 -1.32214e-16 0)
(3 3.50664e-15 0)
(3 -1.25624e-15 0)
(3 -1.85587e-15 0)
(3 2.71613e-15 0)
(3 -2.29986e-15 0)
(3 -1.46327e-15 0)
(3 -2.93873e-15 0)
(3 -2.44787e-15 0)
(3 -5.33186e-15 0)
(3 -2.14995e-15 0)
(3 8.39832e-17 0)
(3 -3.28097e-16 0)
(3 2.2857e-15 0)
(3 4.72849e-15 0)
(3 -3.43938e-15 0)
(3 -2.5257e-15 0)
(3 -2.58974e-15 0)
(3 -4.05713e-15 0)
(3 -5.7503e-15 0)
(3 -4.01805e-15 0)
(3 -1.22021e-15 0)
(3 9.60024e-16 0)
(3 3.51639e-15 0)
(3 9.4832e-16 0)
(3 -5.64041e-15 0)
(3 -3.23414e-15 0)
(3 -2.60125e-15 0)
(3 -2.28212e-15 0)
(3 -2.58677e-15 0)
(3 -1.95639e-15 0)
(3 -2.29476e-15 0)
(3 1.62593e-15 0)
(3 4.81379e-15 0)
(3 1.59195e-15 0)
(3 -3.92526e-15 0)
(3 -3.8896e-15 0)
(3 -3.87752e-15 0)
(3 -2.20124e-15 0)
(3 -3.42452e-16 0)
(3 2.53758e-16 0)
(3 -1.86506e-15 0)
(3 -2.57e-15 0)
(3 -2.28613e-15 0)
(3 3.08996e-15 0)
(3 -2.53654e-15 0)
(3 -2.15587e-15 0)
(3 -2.26453e-15 0)
(3 -2.3032e-15 0)
(3 -1.42256e-16 0)
(3 5.70264e-16 0)
(3 -1.1046e-15 0)
(3 -3.64711e-15 0)
(3 -5.81531e-15 0)
(3 4.03411e-16 0)
(3 7.74288e-17 0)
(3 7.21202e-16 0)
(3 5.58853e-16 0)
(3 -8.20372e-16 0)
(3 -2.48248e-17 0)
(3 -1.51554e-16 0)
(3 -2.45989e-16 0)
(3 -1.30652e-15 0)
(3 -4.215e-15 0)
(3 -8.72681e-16 0)
(3 2.31848e-17 0)
(3 5.36244e-16 0)
(3 1.2594e-15 0)
(3 2.40156e-15 0)
(3 2.33599e-15 0)
(3 1.63822e-15 0)
(3 4.41938e-16 0)
(3 -6.25209e-16 0)
(3 -4.57854e-16 0)
(3 -9.05017e-17 0)
(3 2.7308e-15 0)
(3 2.76471e-15 0)
(3 1.88794e-15 0)
(3 1.18911e-15 0)
(3 -7.60246e-16 0)
(3 -1.64104e-15 0)
(3 1.48666e-15 0)
(3 1.44198e-15 0)
(3 3.53216e-15 0)
(3 -1.10063e-15 0)
(3 2.44579e-15 0)
(3 1.86501e-15 0)
(3 4.69508e-16 0)
(3 4.31529e-16 0)
(3 -1.48847e-15 0)
(3 -2.3685e-15 0)
(3 -1.51869e-15 0)
(3 -8.35417e-16 0)
(3 5.49368e-16 0)
(3 2.33165e-16 0)
(3 -2.83984e-15 0)
(3 -2.42313e-15 0)
(3 -4.64473e-16 0)
(3 1.60833e-15 0)
(3 2.83602e-15 0)
(3 3.94927e-15 0)
(3 1.48194e-15 0)
(3 1.34524e-15 0)
(3 4.04889e-16 0)
(3 4.00315e-16 0)
(3 8.18851e-16 0)
(3 1.15583e-15 0)
(3 9.10333e-16 0)
(3 5.68282e-16 0)
(3 6.58687e-16 0)
(3 1.04766e-15 0)
(3 3.64636e-16 0)
(3 7.59981e-16 0)
(3 -1.72134e-15 0)
(3 9.45175e-16 0)
(3 1.73296e-15 0)
(3 1.38785e-15 0)
(3 1.44677e-15 0)
(3 3.76345e-16 0)
(3 -5.57275e-16 0)
(3 -3.9179e-16 0)
(3 -8.32041e-16 0)
(3 2.41431e-17 0)
(3 -2.65153e-15 0)
(3 -4.85489e-15 0)
(3 -8.86391e-16 0)
(3 -1.06093e-15 0)
(3 -9.82451e-16 0)
(3 -5.52697e-16 0)
(3 3.7062e-16 0)
(3 -3.72977e-16 0)
(3 -8.64162e-16 0)
(3 -1.8836e-15 0)
(3 5.46979e-17 0)
(3 1.31802e-15 0)
(3 1.95836e-15 0)
(3 1.21894e-15 0)
(3 -8.76665e-17 0)
(3 -3.26202e-16 0)
(3 -8.23795e-16 0)
(3 -1.36767e-15 0)
(3 -1.80922e-15 0)
(3 -2.34486e-15 0)
(3 1.27234e-15 0)
(3 5.72733e-15 0)
(3 2.03504e-15 0)
(3 1.29763e-15 0)
(3 6.79514e-16 0)
(3 1.96376e-16 0)
(3 9.58232e-16 0)
(3 1.3669e-15 0)
(3 1.48982e-15 0)
(3 1.06562e-15 0)
(3 1.18196e-15 0)
(3 -3.70505e-16 0)
(3 4.28366e-16 0)
(3 6.30981e-16 0)
(3 3.54188e-16 0)
(3 3.53646e-16 0)
(3 -5.89197e-16 0)
(3 -4.34006e-16 0)
(3 2.18998e-15 0)
(3 3.09451e-15 0)
(3 2.70688e-15 0)
(3 1.85595e-17 0)
(3 1.43492e-15 0)
(3 2.38479e-15 0)
(3 2.23132e-15 0)
(3 2.29516e-15 0)
(3 6.11817e-16 0)
(3 4.67815e-16 0)
(3 2.42474e-15 0)
(3 4.15721e-15 0)
(3 -3.73595e-16 0)
(3 -8.20014e-16 0)
(3 7.9623e-16 0)
(3 5.99733e-16 0)
(3 1.0522e-15 0)
(3 1.16934e-15 0)
(3 1.205e-15 0)
(3 1.73249e-15 0)
(3 1.82594e-15 0)
(3 -5.90071e-16 0)
(3 -1.62218e-15 0)
(3 -2.62211e-15 0)
(3 -2.36663e-15 0)
(3 -1.09352e-15 0)
(3 7.61824e-17 0)
(3 7.04351e-16 0)
(3 2.71377e-15 0)
(3 8.9261e-16 0)
(3 -2.7876e-15 0)
(3 1.11761e-15 0)
(3 1.73681e-15 0)
(3 -6.297e-16 0)
(3 2.17451e-15 0)
(3 2.21211e-15 0)
(3 -5.73364e-16 0)
(3 8.18032e-16 0)
(3 6.87586e-16 0)
(3 -1.76663e-15 0)
(3 -8.80255e-16 0)
(3 2.4285e-16 0)
(3 6.81597e-16 0)
(3 2.71805e-15 0)
(3 3.42885e-16 0)
(3 -2.61976e-15 0)
(3 1.17827e-15 0)
(3 1.94524e-15 0)
(3 -4.66191e-16 0)
(3 2.42713e-15 0)
(3 2.47189e-15 0)
(3 -1.08601e-15 0)
(3 -1.59254e-17 0)
(3 6.30021e-16 0)
(3 -1.31687e-15 0)
(3 -8.60938e-16 0)
(3 2.06464e-16 0)
(3 5.7028e-16 0)
(3 2.78607e-15 0)
(3 -4.99513e-17 0)
(3 -2.58128e-15 0)
(3 1.52282e-15 0)
(3 1.54751e-15 0)
(3 -6.13218e-16 0)
(3 2.81488e-15 0)
(3 2.38218e-15 0)
(3 -1.56533e-15 0)
(3 -9.8481e-16 0)
(3 3.60281e-16 0)
(3 -4.08878e-16 0)
(3 -8.09632e-16 0)
(3 -1.04198e-16 0)
(3 5.68582e-16 0)
(3 2.37802e-15 0)
(3 2.68387e-16 0)
(3 -2.40146e-15 0)
(3 1.97169e-15 0)
(3 9.70821e-16 0)
(3 -6.37002e-16 0)
(3 3.31142e-15 0)
(3 2.10706e-15 0)
(3 -1.17305e-15 0)
(3 -1.42373e-15 0)
(3 -7.30305e-16 0)
(3 -4.21337e-16 0)
(3 -7.17358e-16 0)
(3 -2.27177e-16 0)
(3 2.81164e-16 0)
(3 1.99346e-15 0)
(3 6.80286e-16 0)
(3 -2.28005e-15 0)
(3 2.30457e-15 0)
(3 2.50447e-16 0)
(3 -3.41704e-16 0)
(3 3.58828e-15 0)
(3 1.17327e-15 0)
(3 -5.75772e-16 0)
(3 -1.99054e-15 0)
(3 -1.01916e-15 0)
(3 -2.36262e-16 0)
(3 -9.90361e-16 0)
(3 -1.22226e-15 0)
(3 1.25791e-15 0)
(3 1.58193e-15 0)
(3 9.8168e-16 0)
(3 -1.972e-15 0)
(3 2.2519e-15 0)
(3 -8.68566e-17 0)
(3 2.81908e-16 0)
(3 3.74232e-15 0)
(3 8.96834e-16 0)
(3 -3.59512e-16 0)
(3 -2.27603e-15 0)
(3 -1.97784e-15 0)
(3 -2.59569e-16 0)
(3 -1.67882e-15 0)
(3 -1.97614e-15 0)
(3 1.6355e-15 0)
(3 1.33963e-15 0)
(3 4.54072e-16 0)
(3 -1.30617e-15 0)
(3 2.27301e-15 0)
(3 -1.5276e-16 0)
(3 5.68748e-16 0)
(3 3.73474e-15 0)
(3 3.78563e-16 0)
(3 3.26649e-16 0)
(3 -2.20859e-15 0)
(3 -2.69388e-15 0)
(3 -5.55157e-16 0)
(3 -2.1562e-15 0)
(3 -1.38999e-15 0)
(3 1.6669e-15 0)
(3 1.17727e-15 0)
(3 -5.73088e-16 0)
(3 -8.71698e-16 0)
(3 2.41822e-15 0)
(3 -4.31086e-17 0)
(3 1.30992e-15 0)
(3 3.78553e-15 0)
(3 -7.51267e-17 0)
(3 2.76174e-17 0)
(3 -1.1209e-15 0)
(3 -1.84078e-15 0)
(3 -1.00664e-15 0)
(3 -2.65477e-15 0)
(3 -5.01514e-16 0)
(3 2.21195e-15 0)
(3 1.72601e-15 0)
(3 -1.0393e-15 0)
(3 -1.00227e-15 0)
(3 2.54035e-15 0)
(3 2.29726e-16 0)
(3 1.61899e-15 0)
(3 3.90718e-15 0)
(3 -2.54556e-16 0)
(3 -6.47436e-16 0)
(3 -5.48013e-16 0)
(3 -3.78352e-16 0)
(3 -3.36817e-15 0)
(3 -1.68311e-15 0)
(3 -1.52974e-15 0)
(3 2.433e-15 0)
(3 1.87458e-15 0)
(3 -1.53797e-15 0)
(3 -2.76403e-15 0)
(3 2.49386e-15 0)
(3 5.7949e-16 0)
(3 1.73621e-15 0)
(3 4.0804e-15 0)
(3 -1.32159e-16 0)
(3 -1.08962e-15 0)
(3 -3.96074e-17 0)
(3 4.40036e-16 0)
(3 -1.23632e-06 0)
(3 -1.43587e-08 0)
(3 7.63484e-11 0)
(3 1.25814e-11 0)
(3 3.98689e-13 0)
(3 2.09345e-15 0)
(3 -2.48163e-15 0)
(3 2.1615e-15 0)
(3 8.10647e-16 0)
(3 2.5097e-15 0)
(3 4.04226e-15 0)
(3 1.08472e-15 0)
(3 -1.82461e-15 0)
(3 -1.23578e-16 0)
(3 7.51572e-16 0)
(3.00001 2.15352e-05 0)
(3 -1.19957e-07 0)
(3 -2.37523e-08 0)
(3 -1.15511e-09 0)
(3 -1.95685e-11 0)
(3 -1.95317e-13 0)
(3 -4.98194e-15 0)
(3 1.27491e-15 0)
(3 8.25087e-16 0)
(3 2.77553e-15 0)
(3 4.01371e-15 0)
(3 1.3531e-15 0)
(3 -3.03273e-15 0)
(3 -1.30329e-15 0)
(3 1.01087e-15 0)
(3.00075 0.00154877 0)
(3.00004 0.000108039 0)
(3 3.47478e-06 0)
(3 2.74279e-08 0)
(3 -2.31821e-11 0)
(3 9.3828e-13 0)
(3 2.05448e-14 0)
(3 1.4061e-15 0)
(3 2.29227e-15 0)
(3 3.0222e-15 0)
(3 3.85355e-15 0)
(3 1.52438e-15 0)
(3 -3.15419e-15 0)
(3 -1.66926e-15 0)
(3 1.07198e-15 0)
(2.99342 -0.0491279 0)
(2.99997 -0.00112386 0)
(3 4.10687e-07 0)
(3 1.81725e-07 0)
(3 1.37781e-09 0)
(3 -1.65174e-11 0)
(3 -3.30989e-12 0)
(3 -1.71894e-13 0)
(3 -1.01938e-15 0)
(3 2.98782e-15 0)
(3 3.66781e-15 0)
(3 1.81087e-15 0)
(3 -3.20343e-15 0)
(3 -2.09222e-15 0)
(3 9.07584e-16 0)
(2.56654 -0.578768 0)
(2.99058 -0.0386636 0)
(3.00023 -0.000376249 0)
(3 1.06846e-06 0)
(3 2.73782e-07 0)
(3 2.04034e-08 0)
(3 1.0245e-10 0)
(3 9.94743e-13 0)
(3 8.17683e-15 0)
(3 3.41993e-15 0)
(3 3.18144e-15 0)
(3 2.54419e-15 0)
(3 -3.11629e-15 0)
(3 -3.10699e-15 0)
(3 6.45628e-16 0)
(2.178 -0.900905 0)
(2.66823 -0.452902 0)
(2.98575 -0.0328906 0)
(3 -0.000357193 0)
(3 -3.34797e-06 0)
(3 -8.68965e-09 0)
(3 1.59509e-09 0)
(3 5.55871e-11 0)
(3 3.65724e-13 0)
(3 2.37198e-15 0)
(3 2.42505e-15 0)
(3 2.36129e-15 0)
(3 -2.8807e-15 0)
(3 -3.49114e-15 0)
(3 6.69711e-16 0)
(2.17855 -0.879954 0)
(2.41263 -0.743581 0)
(2.841 -0.277828 0)
(2.99509 -0.0161063 0)
(3.00001 -7.59973e-05 0)
(3 1.15076e-06 0)
(3 8.53316e-09 0)
(3 1.74279e-09 0)
(3 9.16859e-11 0)
(3 1.38754e-12 0)
(3 1.19298e-14 0)
(3 2.77834e-15 0)
(3 -2.5293e-15 0)
(3 -3.45635e-15 0)
(3 1.04427e-15 0)
(2.206 -0.806855 0)
(2.25021 -0.805805 0)
(2.58938 -0.551823 0)
(2.94481 -0.117911 0)
(2.9989 -0.00521539 0)
(2.99998 -7.81363e-05 0)
(3 -9.58151e-07 0)
(3 -1.25301e-08 0)
(3 -5.31604e-11 0)
(3 -2.17542e-13 0)
(3 -7.89304e-15 0)
(3 -5.98416e-17 0)
(3 -1.80593e-15 0)
(3 -2.68681e-15 0)
(3 -1.08287e-15 0)
(2.27377 -0.668366 0)
(2.25616 -0.790119 0)
(2.39594 -0.746913 0)
(2.77957 -0.374866 0)
(2.99093 -0.0340028 0)
(3.00007 -0.000425174 0)
(3 1.48217e-06 0)
(3 8.59498e-08 0)
(3 1.56738e-08 0)
(3 6.46952e-10 0)
(3 8.41543e-12 0)
(3 6.42786e-14 0)
(3 -1.15435e-15 0)
(3 -3.84347e-15 0)
(3 -1.52856e-15 0)
(2.42027 -0.38985 0)
(2.26799 -0.708927 0)
(2.34288 -0.733232 0)
(2.54933 -0.601258 0)
(2.85636 -0.2451 0)
(2.98668 -0.0325096 0)
(2.99954 -0.00159936 0)
(2.99999 -3.96607e-05 0)
(3 -6.02637e-07 0)
(3 -6.12481e-09 0)
(3 -4.4246e-11 0)
(3 -2.34139e-13 0)
(3 -1.69362e-15 0)
(3 -5.21048e-15 0)
(3 -2.59343e-15 0)
(2.49694 -0.222291 0)
(2.35631 -0.540573 0)
(2.34512 -0.711019 0)
(2.433 -0.685743 0)
(2.72797 -0.425214 0)
(2.97055 -0.0672078 0)
(2.99897 -0.00342805 0)
(2.99998 -7.82765e-05 0)
(3 -1.11507e-06 0)
(3 -1.31259e-08 0)
(3 -1.1113e-10 0)
(3 -7.34034e-13 0)
(3 -6.51282e-15 0)
(3 -4.49694e-15 0)
(3 -2.35913e-15 0)
(2.55459 -0.0757072 0)
(2.42246 -0.401264 0)
(2.38456 -0.605576 0)
(2.43237 -0.67916 0)
(2.60723 -0.614547 0)
(2.85184 -0.321878 0)
(2.98535 -0.036861 0)
(2.99966 -0.000808867 0)
(3 -9.37023e-06 0)
(3 -7.79881e-08 0)
(3 -6.19228e-10 0)
(3 -4.36289e-12 0)
(3 -2.50698e-14 0)
(3 -1.97888e-15 0)
(3 -3.09523e-16 0)
(2.61379 0.227106 0)
(2.516 -0.152841 0)
(2.47029 -0.406618 0)
(2.43548 -0.644441 0)
(2.51526 -0.626301 0)
(2.7407 -0.473386 0)
(2.94997 -0.138503 0)
(2.9968 -0.00945193 0)
(2.99994 -0.000135676 0)
(3 -1.11503e-06 0)
(3 -7.54419e-09 0)
(3 -4.61775e-11 0)
(3 -2.56674e-13 0)
(3 -1.07273e-15 0)
(3 -6.85709e-16 0)
(2.65415 0.273801 0)
(2.58801 0.0374701 0)
(2.51137 -0.283097 0)
(2.4769 -0.53251 0)
(2.51425 -0.613891 0)
(2.60743 -0.580156 0)
(2.82176 -0.378776 0)
(2.97846 -0.0575632 0)
(2.99933 -0.00179226 0)
(2.99999 -1.90032e-05 0)
(3 -1.28667e-07 0)
(3 -7.64307e-10 0)
(3 -4.05199e-12 0)
(3 -2.15967e-14 0)
(3 -4.84754e-16 0)
(2.66912 0.236899 0)
(2.62619 0.192677 0)
(2.55252 -0.163031 0)
(2.55228 -0.333462 0)
(2.52399 -0.567094 0)
(2.60663 -0.580935 0)
(2.74884 -0.480485 0)
(2.92228 -0.195121 0)
(2.9934 -0.0172059 0)
(2.99987 -0.000287437 0)
(3 -2.3941e-06 0)
(3 -1.45483e-08 0)
(3 -7.7355e-11 0)
(3 -3.68159e-13 0)
(3 -3.01382e-15 0)
(2.64429 0.33774 0)
(2.63507 0.316324 0)
(2.62818 0.0289029 0)
(2.57783 -0.278415 0)
(2.55755 -0.478167 0)
(2.6135 -0.565108 0)
(2.68011 -0.547538 0)
(2.84181 -0.374249 0)
(2.97767 -0.0646033 0)
(2.99902 -0.00271897 0)
(2.99999 -2.88298e-05 0)
(3 -1.96169e-07 0)
(3 -1.09416e-09 0)
(3 -5.36425e-12 0)
(3 -2.23623e-14 0)
(2.63652 0.361932 0)
(2.66347 0.36433 0)
(2.67618 0.16253 0)
(2.62635 -0.126886 0)
(2.63546 -0.285572 0)
(2.63441 -0.520259 0)
(2.6899 -0.543261 0)
(2.78257 -0.449643 0)
(2.91391 -0.217566 0)
(2.99306 -0.0175121 0)
(2.99987 -0.000333622 0)
(3 -2.55794e-06 0)
(3 -1.46612e-08 0)
(3 -7.24334e-11 0)
(3 -2.87038e-13 0)
(2.65492 0.363511 0)
(2.71257 0.330922 0)
(2.71088 0.190961 0)
(2.71135 0.0800685 0)
(2.68868 -0.175327 0)
(2.68486 -0.422168 0)
(2.713 -0.525022 0)
(2.76922 -0.501834 0)
(2.89424 -0.304957 0)
(2.97934 -0.0635569 0)
(2.99916 -0.00228051 0)
(2.99999 -2.35661e-05 0)
(3 -1.46815e-07 0)
(3 -7.55842e-10 0)
(3 -3.05892e-12 0)
(2.75225 0.452261 0)
(2.75373 0.324206 0)
(2.76728 0.247541 0)
(2.77278 0.192009 0)
(2.67031 -0.218712 0)
(2.74036 -0.271662 0)
(2.74659 -0.485793 0)
(2.78852 -0.496348 0)
(2.82584 -0.411508 0)
(2.93854 -0.161349 0)
(2.99556 -0.0120675 0)
(2.99993 -0.000192119 0)
(3 -1.32815e-06 0)
(3 -6.96088e-09 0)
(3 -2.83869e-11 0)
(2.79285 0.523313 0)
(2.79358 0.382017 0)
(2.81463 0.299095 0)
(2.8202 0.252036 0)
(2.76895 -0.0584954 0)
(2.80369 -0.17324 0)
(2.80225 -0.407139 0)
(2.8226 -0.479069 0)
(2.8664 -0.439383 0)
(2.92909 -0.237377 0)
(2.98709 -0.0388236 0)
(2.99962 -0.00107886 0)
(3 -9.24483e-06 0)
(3 -5.08349e-08 0)
(3 -2.10415e-10 0)
(2.83687 0.551632 0)
(2.8388 0.383837 0)
(2.84592 0.264245 0)
(2.85716 0.27382 0)
(2.8752 0.160945 0)
(2.86885 -0.0663444 0)
(2.86085 -0.320325 0)
(2.86552 -0.446996 0)
(2.88765 -0.425609 0)
(2.90386 -0.328938 0)
(2.97257 -0.0879083 0)
(2.99856 -0.00449421 0)
(2.99998 -5.09555e-05 0)
(3 -2.94698e-07 0)
(3 -1.22804e-09 0)
(2.88075 0.56626 0)
(2.89725 0.426712 0)
(2.88725 0.294937 0)
(2.91573 0.289797 0)
(2.93465 0.245499 0)
(2.90709 -0.0544885 0)
(2.93482 -0.179044 0)
(2.91777 -0.388432 0)
(2.92395 -0.399473 0)
(2.95081 -0.329642 0)
(2.97004 -0.139802 0)
(2.99664 -0.0122593 0)
(2.99994 -0.000203826 0)
(3 -1.3058e-06 0)
(3 -5.53406e-09 0)
(2.94894 0.632453 0)
(2.96009 0.533004 0)
(2.9352 0.403237 0)
(2.96092 0.332153 0)
(3.00206 0.265015 0)
(2.96999 0.024992 0)
(2.99204 -0.099301 0)
(2.974 -0.313145 0)
(2.96774 -0.361461 0)
(2.97073 -0.315461 0)
(2.98119 -0.172308 0)
(2.9957 -0.0242296 0)
(2.99987 -0.000576418 0)
(3 -4.21732e-06 0)
(3 -1.8483e-08 0)
(2.95804 0.667554 0)
(2.96592 0.593554 0)
(2.957 0.444462 0)
(3.00819 0.437082 0)
(3.03669 0.289928 0)
(3.03932 0.196131 0)
(3.03314 -0.0458023 0)
(3.02852 -0.232783 0)
(3.01191 -0.315396 0)
(3.0005 -0.285862 0)
(2.99069 -0.171074 0)
(2.99732 -0.0320318 0)
(2.99988 -0.00105561 0)
(3 -9.00321e-06 0)
(3 -4.12883e-08 0)
(2.959 0.661737 0)
(2.97316 0.632298 0)
(2.99062 0.514611 0)
(3.03995 0.438753 0)
(3.04282 0.30812 0)
(3.06756 0.275954 0)
(3.07983 0.0442629 0)
(3.06951 -0.156528 0)
(3.05094 -0.260958 0)
(3.02907 -0.245191 0)
(3.00163 -0.159377 0)
(2.99846 -0.0321433 0)
(2.99995 -0.0011968 0)
(3 -1.11355e-05 0)
(3 -5.27515e-08 0)
(2.94525 0.604636 0)
(2.97852 0.679033 0)
(3.02021 0.562795 0)
(3.03979 0.419735 0)
(3.05368 0.331296 0)
(3.08506 0.316526 0)
(3.08195 0.0530736 0)
(3.09631 -0.0953707 0)
(3.07831 -0.203679 0)
(3.0515 -0.197173 0)
(3.01449 -0.13044 0)
(3.00064 -0.02772 0)
(3 -0.00108669 0)
(3 -1.04179e-05 0)
(3 -4.99911e-08 0)
(2.90125 0.499782 0)
(2.96424 0.644268 0)
(3.01819 0.562111 0)
(3.02661 0.421897 0)
(3.04504 0.321206 0)
(3.08196 0.319589 0)
(3.08242 0.0578927 0)
(3.10001 -0.0688128 0)
(3.08794 -0.151945 0)
(3.06007 -0.147044 0)
(3.02143 -0.0894736 0)
(3.00269 -0.0175429 0)
(3.00008 -0.000687888 0)
(3 -6.94202e-06 0)
(3 -3.4853e-08 0)
(2.83711 0.338139 0)
(2.91271 0.523003 0)
(2.97592 0.49595 0)
(3.00185 0.408494 0)
(3.00991 0.262219 0)
(3.06004 0.27902 0)
(3.07719 0.0526777 0)
(3.09262 -0.0607911 0)
(3.08078 -0.107861 0)
(3.05242 -0.0979799 0)
(3.01823 -0.0474848 0)
(3.00233 -0.00701928 0)
(3.00007 -0.00023562 0)
(3 -2.43239e-06 0)
(3 -1.31559e-08 0)
(2.80697 0.217428 0)
(2.84843 0.34698 0)
(2.92302 0.369351 0)
(2.9783 0.35604 0)
(2.9783 0.208757 0)
(3.03838 0.208531 0)
(3.06384 0.0311002 0)
(3.07729 -0.0533748 0)
(3.06122 -0.0694996 0)
(3.03263 -0.0523943 0)
(3.00861 -0.0164241 0)
(3.00077 -0.00144271 0)
(3.00002 -3.44367e-05 0)
(3 -3.42888e-07 0)
(3 -2.01427e-09 0)
(2.85319 0.136572 0)
(2.86251 0.172824 0)
(2.90605 0.188047 0)
(2.95011 0.189811 0)
(2.96775 0.112303 0)
(3.01488 0.0919998 0)
(3.03479 0.00594277 0)
(3.03945 -0.0280501 0)
(3.02511 -0.0269421 0)
(3.009 -0.0127875 0)
(3.00138 -0.00204622 0)
(3.00007 -8.97506e-05 0)
(3 -1.37529e-06 0)
(3 -1.25521e-08 0)
(3 -7.71441e-11 0)
(2.63931 0.0992347 0)
(2.69382 0.268179 0)
(2.68245 0.369357 0)
(2.71664 0.400577 0)
(2.76468 0.442846 0)
(2.74979 0.55438 0)
(2.76657 0.543717 0)
(2.76654 0.509201 0)
(2.76758 0.558195 0)
(2.79032 0.637364 0)
(2.83601 0.631637 0)
(2.86273 0.693445 0)
(2.92689 0.698451 0)
(2.92363 0.598585 0)
(2.91366 0.359215 0)
(2.9124 0.229284 0)
(2.84244 0.177004 0)
(2.79575 0.179842 0)
(2.79623 0.153205 0)
(2.84085 0.121717 0)
(2.68525 0.259758 0)
(2.71374 0.418013 0)
(2.71057 0.508084 0)
(2.75402 0.490313 0)
(2.81091 0.546569 0)
(2.79976 0.598323 0)
(2.80368 0.60678 0)
(2.79152 0.583854 0)
(2.77568 0.666979 0)
(2.79322 0.680194 0)
(2.81604 0.733566 0)
(2.86692 0.721796 0)
(2.89126 0.572645 0)
(2.87086 0.288815 0)
(2.86708 0.162084 0)
(2.85683 0.0940484 0)
(2.80429 0.111829 0)
(2.78033 0.131491 0)
(2.79136 0.121362 0)
(2.83056 0.106404 0)
(2.7221 0.445206 0)
(2.71965 0.603861 0)
(2.72133 0.65929 0)
(2.78076 0.641718 0)
(2.82806 0.651287 0)
(2.82075 0.684961 0)
(2.81646 0.701678 0)
(2.79897 0.677809 0)
(2.785 0.727608 0)
(2.76932 0.787365 0)
(2.85736 0.773267 0)
(2.86627 0.583223 0)
(2.86618 0.236326 0)
(2.84374 0.0380872 0)
(2.8109 0.0262439 0)
(2.78248 0.0522093 0)
(2.76137 0.0951157 0)
(2.7746 0.117361 0)
(2.79274 0.112527 0)
(2.82669 0.0985803 0)
(2.73383 0.620663 0)
(2.72478 0.765059 0)
(2.73862 0.757667 0)
(2.78126 0.71065 0)
(2.80117 0.72226 0)
(2.8055 0.765712 0)
(2.81119 0.774528 0)
(2.80657 0.781395 0)
(2.78813 0.843424 0)
(2.81621 0.835292 0)
(2.87256 0.597202 0)
(2.86267 0.198798 0)
(2.83589 0.0413332 0)
(2.80794 -0.00839734 0)
(2.78049 -0.000620246 0)
(2.73665 0.0422651 0)
(2.7276 0.0908245 0)
(2.76297 0.111664 0)
(2.78416 0.107588 0)
(2.82554 0.0923225 0)
(2.72025 0.898159 0)
(2.72869 0.912766 0)
(2.72993 0.923945 0)
(2.75678 0.894045 0)
(2.77587 0.852857 0)
(2.78138 0.876286 0)
(2.80067 0.898641 0)
(2.82157 0.907637 0)
(2.82156 0.898102 0)
(2.83312 0.606626 0)
(2.88771 0.267613 0)
(2.78381 -0.0148291 0)
(2.75034 -0.0271819 0)
(2.73737 -0.0168292 0)
(2.72423 0.00944491 0)
(2.69279 0.0489631 0)
(2.69667 0.0874209 0)
(2.74136 0.10628 0)
(2.76582 0.0974869 0)
(2.81694 0.0816413 0)
(2.71044 1.08221 0)
(2.73011 1.08331 0)
(2.7193 1.01597 0)
(2.72124 0.979825 0)
(2.73615 0.967478 0)
(2.75708 0.990094 0)
(2.78548 0.983356 0)
(2.82528 0.866448 0)
(2.85151 0.547857 0)
(2.85226 0.232801 0)
(2.69908 -0.01135 0)
(2.66229 -0.0593438 0)
(2.6531 -0.0419085 0)
(2.64673 -0.0111332 0)
(2.64011 0.0363974 0)
(2.6356 0.0826267 0)
(2.65829 0.10182 0)
(2.7101 0.096221 0)
(2.74008 0.0844599 0)
(2.80251 0.0699018 0)
(2.7053 1.22207 0)
(2.72681 1.20003 0)
(2.71699 1.2016 0)
(2.70007 1.17304 0)
(2.69875 1.12779 0)
(2.72792 0.889903 0)
(2.7511 0.56389 0)
(2.81455 0.424144 0)
(2.78311 0.149974 0)
(2.66631 0.0174225 0)
(2.58062 -0.0544437 0)
(2.54551 -0.0674654 0)
(2.51588 -0.0364392 0)
(2.50272 0.00468322 0)
(2.5018 0.0530129 0)
(2.53026 0.106058 0)
(2.60363 0.111584 0)
(2.67641 0.0880442 0)
(2.71021 0.0721338 0)
(2.78545 0.0581094 0)
(2.67514 1.48169 0)
(2.6602 1.38442 0)
(2.62541 1.0737 0)
(2.60131 0.849068 0)
(2.58863 0.548656 0)
(2.61022 0.355587 0)
(2.56819 0.152917 0)
(2.58849 0.0937021 0)
(2.56572 0.0336409 0)
(2.54106 -0.00213953 0)
(2.4866 -0.0419409 0)
(2.41998 -0.0556864 0)
(2.3489 -0.0234536 0)
(2.32781 0.0173418 0)
(2.33349 0.0598264 0)
(2.395 0.106216 0)
(2.51492 0.107669 0)
(2.63396 0.0687085 0)
(2.68045 0.0506212 0)
(2.77107 0.0389043 0)
(2.32666 0.862534 0)
(2.30011 0.518777 0)
(2.2788 0.2859 0)
(2.29127 0.180323 0)
(2.33406 0.112506 0)
(2.33705 0.0679904 0)
(2.34954 0.0486888 0)
(2.39636 0.0514431 0)
(2.4339 0.020814 0)
(2.42507 -0.0108372 0)
(2.38988 -0.0354318 0)
(2.31812 -0.0479535 0)
(2.21631 -0.0108126 0)
(2.1917 0.0296482 0)
(2.20304 0.0681745 0)
(2.28854 0.098013 0)
(2.43993 0.0884022 0)
(2.59646 0.052422 0)
(2.66214 0.03025 0)
(2.76074 0.0232237 0)
(1.96915 0.191302 0)
(2.04648 0.134221 0)
(2.079 0.0824441 0)
(2.11353 0.0706325 0)
(2.18052 0.0343484 0)
(2.21553 0.0311152 0)
(2.27329 0.0216407 0)
(2.30259 0.0233228 0)
(2.34341 0.0165023 0)
(2.35213 -0.00532766 0)
(2.33691 -0.0125443 0)
(2.27498 -0.0169824 0)
(2.16676 0.000286654 0)
(2.13575 0.0200446 0)
(2.15001 0.0328066 0)
(2.25355 0.0390686 0)
(2.42536 0.0265756 0)
(2.59728 0.020411 0)
(2.66975 0.0119619 0)
(2.76748 0.00953621 0)
)
;

boundaryField
{
    inlet
    {
        type            fixedValue;
        value           uniform (3 0 0);
    }
    outlet
    {
        type            inletOutlet;
        inletValue      uniform (3 0 0);
        value           nonuniform List<vector> 
50
(
(2.85456 -0.138124 0)
(2.86247 -0.172377 0)
(2.90602 -0.188162 0)
(2.95011 -0.191542 0)
(2.96833 -0.112602 0)
(3.01533 -0.0907863 0)
(3.03503 -0.0055153 0)
(3.03953 0.0282152 0)
(3.02513 0.0270055 0)
(3.009 0.0127926 0)
(3.00137 0.0020441 0)
(3.00007 8.96055e-05 0)
(3 1.37314e-06 0)
(3 1.25355e-08 0)
(3 7.70515e-11 0)
(2.76811 -0.00989229 0)
(2.76137 -0.022794 0)
(2.7694 -0.0383168 0)
(2.78442 -0.056608 0)
(2.80226 -0.0696364 0)
(2.81648 -0.0818174 0)
(2.82561 -0.0936558 0)
(2.82784 -0.101512 0)
(2.83055 -0.105608 0)
(2.83677 -0.118087 0)
(2.84085 0.121717 0)
(2.83056 0.106404 0)
(2.82669 0.0985803 0)
(2.82554 0.0923225 0)
(2.81694 0.0816413 0)
(2.80251 0.0699018 0)
(2.78545 0.0581094 0)
(2.77107 0.0389043 0)
(2.76074 0.0232237 0)
(2.76748 0.00953621 0)
(2.85319 0.136572 0)
(2.86251 0.172824 0)
(2.90605 0.188047 0)
(2.95011 0.189811 0)
(2.96775 0.112303 0)
(3.01488 0.0919998 0)
(3.03479 0.00594277 0)
(3.03945 -0.0280501 0)
(3.02511 -0.0269421 0)
(3.009 -0.0127875 0)
(3.00138 -0.00204622 0)
(3.00007 -8.97506e-05 0)
(3 -1.37529e-06 0)
(3 -1.25521e-08 0)
(3 -7.71441e-11 0)
)
;
    }
    airfoil
    {
        type            slip;
    }
    top
    {
        type            symmetryPlane;
    }
    bottom
    {
        type            symmetryPlane;
    }
    defaultFaces
    {
        type            empty;
    }
}


// ************************************************************************* //
