/*--------------------------------*- C++ -*----------------------------------*\
  =========                 |
  \\      /  F ield         | OpenFOAM: The Open Source CFD Toolbox
   \\    /   O peration     | Website:  https://openfoam.org
    \\  /    A nd           | Version:  7
     \\/     M anipulation  |
\*---------------------------------------------------------------------------*/
FoamFile
{
    version     2.0;
    format      ascii;
    class       volVectorField;
    location    "7.4";
    object      U;
}
// * * * * * * * * * * * * * * * * * * * * * * * * * * * * * * * * * * * * * //

dimensions      [0 1 -1 0 0 0 0];

internalField   nonuniform List<vector> 
3700
(
(1.41216 -0.529164 0)
(1.37109 -0.552464 0)
(1.28613 -0.321533 0)
(1.30461 -0.262345 0)
(1.38038 -0.296859 0)
(1.4087 -0.287973 0)
(1.452 -0.214467 0)
(1.50097 -0.255872 0)
(1.53433 -0.284876 0)
(1.51186 -0.187864 0)
(1.54566 -0.0789702 0)
(1.6021 -0.0769444 0)
(1.63648 -0.145742 0)
(1.65833 -0.210352 0)
(1.65253 -0.18533 0)
(1.69839 -0.145101 0)
(1.75491 -0.183651 0)
(1.81931 -0.259951 0)
(1.86605 -0.26858 0)
(1.87294 -0.23938 0)
(1.63015 -1.46021 0)
(1.81893 -1.4943 0)
(1.86945 -1.66671 0)
(1.87514 -1.75342 0)
(1.85023 -1.76514 0)
(1.82234 -1.70636 0)
(1.79255 -1.48597 0)
(1.76201 -1.45761 0)
(1.76155 -1.39416 0)
(1.71341 -1.16081 0)
(1.78677 -0.95628 0)
(1.90149 -0.95463 0)
(2.02363 -1.08677 0)
(2.04334 -1.19009 0)
(2.04949 -1.20025 0)
(2.08018 -1.15036 0)
(2.15833 -1.24539 0)
(2.22713 -1.2735 0)
(2.27092 -1.28172 0)
(2.32121 -1.17595 0)
(1.67275 -1.43685 0)
(2.01429 -1.34242 0)
(2.179 -1.90575 0)
(2.13601 -2.21824 0)
(2.08119 -2.33786 0)
(2.03142 -2.38418 0)
(2.03457 -2.22352 0)
(1.94974 -2.1925 0)
(1.98411 -2.12296 0)
(2.0348 -2.05313 0)
(2.15033 -1.98067 0)
(2.25789 -1.95132 0)
(2.364 -1.88049 0)
(2.42356 -1.84161 0)
(2.47685 -1.82635 0)
(2.5109 -1.77576 0)
(2.48368 -1.79315 0)
(2.48839 -1.68188 0)
(2.48895 -1.66847 0)
(2.55483 -1.56351 0)
(1.80261 -1.48151 0)
(2.14393 -1.34919 0)
(2.23485 -1.90572 0)
(2.13374 -2.21492 0)
(2.16724 -2.25072 0)
(2.09425 -2.33557 0)
(2.12286 -2.17787 0)
(2.00499 -2.1467 0)
(2.04696 -2.0875 0)
(2.13788 -2.00327 0)
(2.20362 -1.92358 0)
(2.30643 -1.82414 0)
(2.40499 -1.72145 0)
(2.52457 -1.60921 0)
(2.66344 -1.50596 0)
(2.75936 -1.42387 0)
(2.74426 -1.46467 0)
(2.73543 -1.43153 0)
(2.64649 -1.48059 0)
(2.59359 -1.4012 0)
(1.91697 -1.53741 0)
(2.15307 -1.41579 0)
(2.11005 -1.96406 0)
(1.98047 -2.22987 0)
(2.06546 -2.22547 0)
(2.096 -2.31121 0)
(2.14977 -2.15698 0)
(2.10967 -2.06728 0)
(2.21065 -1.96473 0)
(2.32369 -1.87255 0)
(2.30605 -1.92682 0)
(2.37215 -1.76398 0)
(2.41232 -1.69438 0)
(2.47803 -1.61103 0)
(2.60439 -1.49935 0)
(2.6875 -1.34048 0)
(2.76346 -1.1349 0)
(2.85151 -1.00572 0)
(2.84955 -0.97383 0)
(2.73139 -1.07121 0)
(1.89817 -1.59486 0)
(1.98821 -1.61811 0)
(1.84871 -2.06558 0)
(1.8077 -2.22198 0)
(1.99243 -2.18784 0)
(2.02633 -2.17759 0)
(2.14014 -2.11497 0)
(2.23782 -1.96372 0)
(2.29718 -1.90916 0)
(2.43789 -1.71574 0)
(2.49261 -1.74224 0)
(2.57123 -1.621 0)
(2.56149 -1.558 0)
(2.56243 -1.48236 0)
(2.58766 -1.39792 0)
(2.62283 -1.29335 0)
(2.68023 -1.17901 0)
(2.80315 -1.06484 0)
(2.84081 -0.815912 0)
(2.83452 -0.687574 0)
(1.75253 -1.59406 0)
(1.73354 -1.72426 0)
(1.60339 -2.05488 0)
(1.67993 -2.1613 0)
(1.73801 -2.1228 0)
(1.92874 -1.99715 0)
(2.02217 -2.00867 0)
(2.23636 -1.72133 0)
(2.38009 -1.6923 0)
(2.5257 -1.54745 0)
(2.5775 -1.51454 0)
(2.68768 -1.35212 0)
(2.71129 -1.30006 0)
(2.70113 -1.26618 0)
(2.70182 -1.15901 0)
(2.68705 -1.08442 0)
(2.6815 -0.988293 0)
(2.73843 -0.968938 0)
(2.75221 -0.815542 0)
(2.78815 -0.589658 0)
(1.56557 -1.48682 0)
(1.56763 -1.58592 0)
(1.48616 -1.93783 0)
(1.61152 -2.09138 0)
(1.68792 -2.11708 0)
(1.86745 -1.96355 0)
(1.97181 -1.92402 0)
(2.13838 -1.66824 0)
(2.23692 -1.58959 0)
(2.40989 -1.49652 0)
(2.52506 -1.24173 0)
(2.66643 -1.11609 0)
(2.7144 -0.920061 0)
(2.75636 -0.867565 0)
(2.78352 -0.7549 0)
(2.76903 -0.757477 0)
(2.74911 -0.662767 0)
(2.72481 -0.688974 0)
(2.73195 -0.687328 0)
(2.70996 -0.457038 0)
(1.44224 -1.29694 0)
(1.51091 -1.36602 0)
(1.5022 -1.77584 0)
(1.58906 -2.0308 0)
(1.67969 -2.09325 0)
(1.92486 -1.92879 0)
(2.04003 -1.86527 0)
(2.18373 -1.61005 0)
(2.23167 -1.5398 0)
(2.32347 -1.4893 0)
(2.44694 -1.26234 0)
(2.57679 -1.15068 0)
(2.63352 -0.873655 0)
(2.75068 -0.754551 0)
(2.74646 -0.477008 0)
(2.75652 -0.388473 0)
(2.74953 -0.268798 0)
(2.72384 -0.262033 0)
(2.70982 -0.386511 0)
(2.66286 -0.247978 0)
(1.383 -1.14918 0)
(1.45349 -1.20205 0)
(1.56734 -1.68497 0)
(1.64707 -2.06203 0)
(1.80676 -2.0464 0)
(2.07285 -1.86799 0)
(2.19356 -1.66756 0)
(2.34314 -1.3817 0)
(2.45432 -1.3362 0)
(2.46518 -1.33987 0)
(2.51711 -1.15595 0)
(2.57312 -1.01009 0)
(2.59548 -0.82115 0)
(2.68106 -0.727242 0)
(2.67753 -0.485384 0)
(2.71648 -0.341556 0)
(2.70711 -0.13414 0)
(2.6814 0.0035064 0)
(2.63473 0.00108214 0)
(2.61974 -0.0247003 0)
(1.3247 -1.06064 0)
(1.41173 -1.13155 0)
(1.66455 -1.71361 0)
(1.75236 -2.16306 0)
(2.24361 -2.03858 0)
(2.47075 -1.92947 0)
(2.57712 -1.43199 0)
(2.65174 -1.1602 0)
(2.69143 -0.964645 0)
(2.72058 -0.821837 0)
(2.72635 -0.721672 0)
(2.71257 -0.556107 0)
(2.68634 -0.473459 0)
(2.68754 -0.390078 0)
(2.65684 -0.27435 0)
(2.64629 -0.208624 0)
(2.6423 -0.101035 0)
(2.60932 0.0634222 0)
(2.54854 0.213628 0)
(2.56241 0.165348 0)
(1.20992 -1.02637 0)
(1.37897 -1.17303 0)
(1.7645 -1.80705 0)
(2.05503 -2.32142 0)
(2.47015 -1.80545 0)
(2.45265 -1.7703 0)
(2.6119 -1.21835 0)
(2.68886 -0.975261 0)
(2.73518 -0.843301 0)
(2.71819 -0.486946 0)
(2.73258 -0.324937 0)
(2.68615 -0.103166 0)
(2.6765 -0.0182122 0)
(2.64554 0.0920806 0)
(2.61367 0.148182 0)
(2.57443 0.165399 0)
(2.54881 0.150774 0)
(2.52751 0.180172 0)
(2.45178 0.33574 0)
(2.45973 0.333653 0)
(1.05344 -0.96889 0)
(1.4188 -1.30275 0)
(2.10957 -2.05199 0)
(2.14948 -2.12209 0)
(2.31857 -1.5946 0)
(2.28568 -1.50394 0)
(2.4057 -1.13528 0)
(2.47664 -0.882924 0)
(2.49792 -0.744477 0)
(2.54244 -0.522597 0)
(2.60345 -0.322846 0)
(2.57804 -0.055613 0)
(2.58517 0.112746 0)
(2.53745 0.295632 0)
(2.48584 0.432651 0)
(2.44144 0.48896 0)
(2.38779 0.534153 0)
(2.38619 0.472795 0)
(2.32829 0.539447 0)
(2.3313 0.505486 0)
(0.871513 -0.945263 0)
(1.66031 -1.8292 0)
(2.05305 -1.97273 0)
(2.00412 -1.79443 0)
(2.20276 -1.4829 0)
(2.33061 -1.15485 0)
(2.41225 -0.890653 0)
(2.4777 -0.627661 0)
(2.48606 -0.348461 0)
(2.51452 -0.219106 0)
(2.51541 -0.019536 0)
(2.47656 0.161917 0)
(2.45403 0.290573 0)
(2.41263 0.415078 0)
(2.35631 0.539121 0)
(2.32001 0.605551 0)
(2.23113 0.719114 0)
(2.18654 0.758327 0)
(2.17264 0.774957 0)
(2.14835 0.78371 0)
(0.817743 -1.01208 0)
(1.71977 -2.08992 0)
(1.95913 -1.81667 0)
(2.04145 -1.48848 0)
(2.29062 -1.22745 0)
(2.39782 -0.349305 0)
(2.50817 -0.188624 0)
(2.52825 0.0233605 0)
(2.46834 0.209965 0)
(2.46237 0.326682 0)
(2.39935 0.488068 0)
(2.32752 0.611056 0)
(2.27405 0.681625 0)
(2.22275 0.741724 0)
(2.18304 0.763212 0)
(2.14202 0.791258 0)
(2.08444 0.853431 0)
(2.05637 0.894289 0)
(2.0283 0.942148 0)
(2.05814 0.958214 0)
(1.0844 -0.970178 0)
(1.61192 -1.78045 0)
(2.04844 -1.57832 0)
(2.23189 -0.44918 0)
(2.41761 -0.24988 0)
(2.46989 -0.100755 0)
(2.46664 0.154654 0)
(2.39833 0.397391 0)
(2.34342 0.483474 0)
(2.31374 0.623255 0)
(2.2182 0.768226 0)
(2.12195 0.882793 0)
(2.05969 0.941494 0)
(2.00657 0.992073 0)
(1.97884 0.98374 0)
(1.95766 0.990104 0)
(1.9554 1.01243 0)
(1.97056 0.994205 0)
(1.99515 0.994745 0)
(2.06992 0.979188 0)
(1.23324 -0.364528 0)
(2.02724 -0.441367 0)
(2.27535 -0.814887 0)
(2.32132 0.115696 0)
(2.34144 0.355439 0)
(2.33867 0.336905 0)
(2.28409 0.486104 0)
(2.21764 0.623397 0)
(2.1446 0.743166 0)
(2.09846 0.884599 0)
(1.98419 0.995864 0)
(1.92014 1.05337 0)
(1.88217 1.07768 0)
(1.86689 1.08988 0)
(1.87162 1.05732 0)
(1.89756 1.04883 0)
(1.9617 1.02175 0)
(2.16359 0.904211 0)
(2.38243 0.791684 0)
(2.78012 0.439772 0)
(1.19485 -0.0782273 0)
(1.93383 -0.407893 0)
(2.19153 0.523085 0)
(2.2278 0.545419 0)
(2.20914 0.546871 0)
(2.14139 0.730824 0)
(2.02803 0.90815 0)
(1.96387 0.976367 0)
(1.9077 1.03695 0)
(1.85654 1.12458 0)
(1.79262 1.15954 0)
(1.78972 1.15114 0)
(1.80638 1.1293 0)
(1.84959 1.08628 0)
(2.0423 0.949464 0)
(2.25966 0.82884 0)
(2.66244 0.505988 0)
(3.03507 0.0937255 0)
(3.05525 -0.0235551 0)
(3.00402 -0.00465691 0)
(1.00985 0.0171525 0)
(1.89918 0.877313 0)
(2.12124 0.801187 0)
(2.01173 0.941744 0)
(1.94145 1.00139 0)
(1.8566 1.09291 0)
(1.7952 1.12877 0)
(1.76557 1.14437 0)
(1.76361 1.16156 0)
(1.74171 1.20172 0)
(1.72078 1.19373 0)
(1.85863 1.06905 0)
(2.09006 0.887652 0)
(2.49715 0.581951 0)
(2.98585 0.138304 0)
(3.07395 -0.0291895 0)
(3.00816 -0.00769353 0)
(3.00293 -0.00383835 0)
(3.00122 -0.00219717 0)
(3.00008 -0.00048755 0)
(1.15649 0.782141 0)
(1.83629 1.14355 0)
(1.84149 1.15302 0)
(1.73659 1.20083 0)
(1.70912 1.19558 0)
(1.66232 1.24121 0)
(1.65683 1.2139 0)
(1.72861 1.16723 0)
(1.76508 1.23285 0)
(1.80302 1.13907 0)
(2.27901 0.73287 0)
(2.86295 0.203903 0)
(3.09961 -0.0302453 0)
(3.02124 -0.0127531 0)
(3.00453 -0.0054972 0)
(3.0018 -0.00299497 0)
(3.00005 -0.000575833 0)
(2.99998 -2.17355e-05 0)
(2.99999 1.43956e-05 0)
(3 5.92276e-06 0)
(1.58083 1.25818 0)
(1.58495 1.26412 0)
(1.59249 1.26906 0)
(1.59988 1.2666 0)
(1.60456 1.25587 0)
(1.59243 1.26902 0)
(1.89572 1.18072 0)
(2.96467 0.407506 0)
(3.33742 -0.613132 0)
(3 6.42208e-11 0)
(3 -7.78967e-11 0)
(3 8.07403e-11 0)
(3 6.10903e-15 0)
(3 -4.25118e-13 0)
(3 -1.24184e-14 0)
(3 2.01102e-14 0)
(3 -9.72377e-15 0)
(3 -8.44539e-17 0)
(3 8.66558e-16 0)
(3 7.18758e-17 0)
(1.58329 1.24775 0)
(1.59437 1.2575 0)
(1.60566 1.26561 0)
(1.61108 1.27913 0)
(1.63979 1.272 0)
(1.71474 1.22187 0)
(2.2339 0.759263 0)
(2.99084 0.0214264 0)
(3 4.95526e-08 0)
(3 -3.24113e-11 0)
(3 -1.34561e-14 0)
(3 6.7271e-15 0)
(3 6.27828e-16 0)
(3 3.92874e-15 0)
(3 1.75607e-15 0)
(3 3.34367e-15 0)
(3 2.00248e-15 0)
(3 -1.74119e-15 0)
(3 -3.92645e-16 0)
(3 4.73624e-16 0)
(1.58255 1.24694 0)
(1.60465 1.25217 0)
(1.61748 1.25601 0)
(1.61436 1.27429 0)
(1.68538 1.22437 0)
(2.24242 0.771017 0)
(3.00283 -0.00784426 0)
(3.00021 -0.000604985 0)
(3 7.84867e-07 0)
(3 5.97835e-11 0)
(3 -3.82635e-14 0)
(3 1.48337e-15 0)
(3 3.79377e-15 0)
(3 3.44585e-15 0)
(3 3.20527e-15 0)
(3 1.84444e-15 0)
(3 -5.82548e-16 0)
(3 -1.85442e-15 0)
(3 -1.86697e-16 0)
(3 5.05689e-16 0)
(1.58243 1.25245 0)
(1.60366 1.25232 0)
(1.62418 1.25632 0)
(1.6445 1.26052 0)
(1.91573 1.05097 0)
(2.77382 0.201115 0)
(3.00453 -0.00113907 0)
(2.99991 7.633e-05 0)
(3 -9.40593e-07 0)
(3 8.94549e-10 0)
(3 -4.33307e-15 0)
(3 4.1301e-15 0)
(3 4.7666e-15 0)
(3 4.97712e-15 0)
(3 5.22033e-15 0)
(3 2.06303e-15 0)
(3 -5.88325e-16 0)
(3 1.64632e-16 0)
(3 2.40893e-16 0)
(3 1.23975e-15 0)
(1.58196 1.26203 0)
(1.59453 1.26241 0)
(1.63166 1.26372 0)
(1.67309 1.23986 0)
(2.33695 0.646062 0)
(3.02017 -0.0179084 0)
(2.99975 0.000155992 0)
(3 -4.25466e-06 0)
(3 8.3181e-08 0)
(3 -9.18448e-10 0)
(3 1.63512e-13 0)
(3 3.50379e-15 0)
(3 4.18415e-15 0)
(3 4.74304e-15 0)
(3 5.28711e-15 0)
(3 2.87916e-15 0)
(3 8.11108e-16 0)
(3 6.22794e-16 0)
(3 5.31748e-16 0)
(3 8.62728e-16 0)
(1.5807 1.28052 0)
(1.58609 1.28082 0)
(1.64518 1.26096 0)
(1.75919 1.17203 0)
(2.66918 0.281157 0)
(3 -6.0456e-10 0)
(3 1.41109e-08 0)
(3 -1.27087e-08 0)
(3 5.44562e-10 0)
(3 2.63243e-12 0)
(3 -9.6372e-14 0)
(3 3.02468e-15 0)
(3 3.94046e-15 0)
(3 4.65383e-15 0)
(3 4.62007e-15 0)
(3 4.1906e-15 0)
(3 3.1538e-15 0)
(3 8.12025e-16 0)
(3 1.85953e-17 0)
(3 -2.98224e-16 0)
(1.58038 1.29507 0)
(1.55318 1.30746 0)
(1.67947 1.24013 0)
(2.21516 0.822867 0)
(3.02283 -0.0229803 0)
(3 -8.05405e-12 0)
(3 1.74344e-12 0)
(3 1.13024e-11 0)
(3 -2.96164e-12 0)
(3 2.9469e-15 0)
(3 1.39462e-15 0)
(3 1.64658e-15 0)
(3 3.62205e-15 0)
(3 3.84738e-15 0)
(3 3.7245e-15 0)
(3 3.90092e-15 0)
(3 4.60036e-15 0)
(3 2.06444e-15 0)
(3 2.66996e-16 0)
(3 4.60578e-17 0)
(1.59359 1.32988 0)
(1.49404 1.33634 0)
(1.74 1.18455 0)
(2.39988 0.553585 0)
(3 -4.02491e-07 0)
(3 -1.94409e-12 0)
(3 -9.62417e-15 0)
(3 -1.11841e-14 0)
(3 1.15594e-14 0)
(3 -1.78926e-15 0)
(3 -1.09886e-15 0)
(3 5.52042e-16 0)
(3 2.61374e-15 0)
(3 3.32285e-15 0)
(3 3.87533e-15 0)
(3 3.95169e-15 0)
(3 4.53115e-15 0)
(3 3.93495e-15 0)
(3 1.4633e-15 0)
(3 4.64911e-16 0)
(1.58944 1.30574 0)
(1.47463 1.35719 0)
(1.94319 1.03566 0)
(2.86142 0.118526 0)
(3 -1.52141e-08 0)
(3 4.0211e-11 0)
(3 -1.05472e-13 0)
(3 -1.05145e-15 0)
(3 -3.11821e-15 0)
(3 -3.23115e-15 0)
(3 -2.02274e-15 0)
(3 -1.04806e-16 0)
(3 1.53985e-15 0)
(3 2.66388e-15 0)
(3 3.15732e-15 0)
(3 3.72233e-15 0)
(3 4.36937e-15 0)
(3 4.95245e-15 0)
(3 2.65856e-15 0)
(3 1.66891e-15 0)
(1.60281 1.29032 0)
(1.47834 1.37118 0)
(2.19254 0.803071 0)
(3.01038 -0.00861734 0)
(3 4.09982e-08 0)
(3 -2.96646e-11 0)
(3 6.38488e-14 0)
(3 -1.99908e-15 0)
(3 -3.10426e-15 0)
(3 -2.88646e-15 0)
(3 -2.11071e-15 0)
(3 -6.84974e-16 0)
(3 8.62556e-16 0)
(3 1.9148e-15 0)
(3 2.59116e-15 0)
(3 3.31509e-15 0)
(3 4.48921e-15 0)
(3 4.43797e-15 0)
(3 3.20024e-15 0)
(3 2.08422e-15 0)
(1.61974 1.27761 0)
(1.55655 1.32589 0)
(2.40613 0.553981 0)
(3 -3.82359e-12 0)
(3 -3.84479e-11 0)
(3 4.9778e-13 0)
(3 -3.97111e-15 0)
(3 -9.45139e-16 0)
(3 -1.95324e-15 0)
(3 -1.67471e-15 0)
(3 -1.2607e-15 0)
(3 -4.72826e-16 0)
(3 4.08686e-16 0)
(3 1.21432e-15 0)
(3 2.49847e-15 0)
(3 3.91846e-15 0)
(3 4.41247e-15 0)
(3 4.00088e-15 0)
(3 3.77438e-15 0)
(3 3.39123e-15 0)
(1.63756 1.26373 0)
(1.63895 1.24477 0)
(2.65429 0.29078 0)
(3 7.38699e-13 0)
(3 -1.46076e-13 0)
(3 -4.51588e-15 0)
(3 2.88494e-16 0)
(3 -1.04803e-15 0)
(3 -8.30403e-16 0)
(3 -7.90989e-16 0)
(3 -4.69516e-16 0)
(3 -3.31491e-16 0)
(3 -3.62531e-16 0)
(3 5.19359e-16 0)
(3 2.20315e-15 0)
(3 3.87707e-15 0)
(3 4.78157e-15 0)
(3 5.03555e-15 0)
(3 5.27806e-15 0)
(3 5.2225e-15 0)
(1.65347 1.24092 0)
(1.82199 1.10646 0)
(2.86586 0.102927 0)
(3 -1.80252e-14 0)
(3 -1.17719e-15 0)
(3 -1.36006e-15 0)
(3 -1.1568e-15 0)
(3 -1.39887e-15 0)
(3 -1.265e-15 0)
(3 -1.45597e-15 0)
(3 -1.42737e-15 0)
(3 -8.29115e-16 0)
(3 -7.72476e-16 0)
(3 -4.67321e-16 0)
(3 3.35356e-17 0)
(3 7.23192e-16 0)
(3 2.43992e-15 0)
(3 4.25258e-15 0)
(3 6.43595e-15 0)
(3 7.69629e-15 0)
(1.66137 1.20619 0)
(1.87856 0.982769 0)
(2.97714 0.0156084 0)
(3 -1.67271e-15 0)
(3 -1.49581e-15 0)
(3 -1.76805e-15 0)
(3 -2.17642e-15 0)
(3 -1.8492e-15 0)
(3 -1.16552e-15 0)
(3 -1.43674e-15 0)
(3 -1.6334e-15 0)
(3 -1.68816e-15 0)
(3 -1.48124e-15 0)
(3 -1.49567e-15 0)
(3 -1.78337e-15 0)
(3 -1.40925e-15 0)
(3 -1.16108e-15 0)
(3 -6.51361e-16 0)
(3 1.29083e-15 0)
(3 3.01725e-15 0)
(1.716 1.16681 0)
(2.0666 0.813871 0)
(3 -1.37787e-15 0)
(3 -1.08858e-15 0)
(3 -1.45023e-15 0)
(3 -1.92367e-15 0)
(3 -2.84715e-15 0)
(3 -2.13634e-15 0)
(3 -1.51616e-15 0)
(3 -7.50589e-16 0)
(3 -1.05765e-15 0)
(3 -1.53876e-15 0)
(3 -1.78391e-15 0)
(3 -1.75457e-15 0)
(3 -1.63711e-15 0)
(3 -1.74443e-15 0)
(3 -1.8509e-15 0)
(3 -2.19908e-15 0)
(3 -1.95299e-15 0)
(3 -1.59316e-15 0)
(1.78064 1.09914 0)
(2.24082 0.649496 0)
(3 8.23983e-16 0)
(3 -3.73796e-16 0)
(3 -8.00751e-16 0)
(3 -1.16686e-15 0)
(3 -1.54369e-15 0)
(3 -1.68186e-15 0)
(3 -1.26656e-15 0)
(3 -4.09956e-16 0)
(3 -2.01056e-16 0)
(3 -1.30832e-16 0)
(3 -4.52021e-16 0)
(3 -6.26868e-16 0)
(3 -2.42046e-16 0)
(3 -5.13918e-16 0)
(3 -6.95338e-16 0)
(3 -1.23215e-15 0)
(3 -1.7966e-15 0)
(3 -1.81048e-15 0)
(1.80956 1.00726 0)
(2.44179 0.446246 0)
(3 9.18071e-16 0)
(3 1.46632e-15 0)
(3 1.24834e-15 0)
(3 8.89753e-16 0)
(3 1.83789e-16 0)
(3 1.47646e-16 0)
(3 2.12237e-16 0)
(3 5.36455e-16 0)
(3 6.11955e-16 0)
(3 8.96824e-16 0)
(3 8.73452e-16 0)
(3 9.50648e-16 0)
(3 9.20788e-16 0)
(3 1.45964e-15 0)
(3 1.87129e-15 0)
(3 1.97161e-15 0)
(3 1.64781e-15 0)
(3 1.09011e-15 0)
(1.92949 0.881421 0)
(2.69615 0.219665 0)
(3 1.94957e-15 0)
(3 2.39154e-15 0)
(3 1.89651e-15 0)
(3 1.24063e-15 0)
(3 1.10681e-15 0)
(3 7.0611e-16 0)
(3 8.24285e-16 0)
(3 9.26944e-16 0)
(3 1.34114e-15 0)
(3 1.80041e-15 0)
(3 1.61249e-15 0)
(3 1.92218e-15 0)
(3 2.48739e-15 0)
(3 2.82158e-15 0)
(3 3.06335e-15 0)
(3 2.97952e-15 0)
(3 3.04259e-15 0)
(3 3.19601e-15 0)
(2.10104 0.658498 0)
(2.99005 0.000147679 0)
(3 2.17973e-15 0)
(3 2.37777e-15 0)
(3 2.48795e-15 0)
(3 1.84644e-15 0)
(3 1.30436e-15 0)
(3 9.04373e-16 0)
(3 9.77107e-16 0)
(3 7.45573e-16 0)
(3 4.48745e-16 0)
(3 4.29383e-16 0)
(3 5.51832e-16 0)
(3 2.84699e-16 0)
(3 -1.11153e-16 0)
(3 -2.78165e-16 0)
(3 1.3538e-16 0)
(3 2.73848e-16 0)
(3 4.31238e-16 0)
(3 5.99633e-16 0)
(1.99438 0.371653 0)
(2.99992 -8.88032e-06 0)
(3 -9.24213e-16 0)
(3 -2.42854e-15 0)
(3 -2.23163e-15 0)
(3 -2.4784e-15 0)
(3 -2.1353e-15 0)
(3 -1.21635e-15 0)
(3 -8.24217e-16 0)
(3 -1.01276e-15 0)
(3 -1.06434e-15 0)
(3 -1.34794e-15 0)
(3 -1.41605e-15 0)
(3 -1.38818e-15 0)
(3 -1.33587e-15 0)
(3 -1.25536e-15 0)
(3 -1.23684e-15 0)
(3 -1.30609e-15 0)
(3 -1.2558e-15 0)
(3 -1.18769e-15 0)
(1.99456 -0.372601 0)
(2.99993 7.27088e-06 0)
(3 -3.61059e-15 0)
(3 -4.48679e-15 0)
(3 -4.69068e-15 0)
(3 -4.55102e-15 0)
(3 -3.67152e-15 0)
(3 -3.16998e-15 0)
(3 -2.35893e-15 0)
(3 -2.44368e-15 0)
(3 -2.50826e-15 0)
(3 -2.41849e-15 0)
(3 -2.25005e-15 0)
(3 -1.95078e-15 0)
(3 -1.87007e-15 0)
(3 -1.91873e-15 0)
(3 -2.20247e-15 0)
(3 -2.32651e-15 0)
(3 -2.30093e-15 0)
(3 -2.13679e-15 0)
(2.10378 -0.654928 0)
(2.99021 -0.000193478 0)
(3 -2.82292e-15 0)
(3 -3.6559e-15 0)
(3 -3.36417e-15 0)
(3 -3.08706e-15 0)
(3 -2.68932e-15 0)
(3 -2.74413e-15 0)
(3 -2.85914e-15 0)
(3 -3.474e-15 0)
(3 -4.02402e-15 0)
(3 -3.66539e-15 0)
(3 -3.31581e-15 0)
(3 -3.43213e-15 0)
(3 -3.4483e-15 0)
(3 -3.69886e-15 0)
(3 -3.80918e-15 0)
(3 -3.66795e-15 0)
(3 -3.62982e-15 0)
(3 -3.63905e-15 0)
(1.93404 -0.884387 0)
(2.69624 -0.220512 0)
(3 -1.7904e-15 0)
(3 -3.77882e-15 0)
(3 -4.31885e-15 0)
(3 -3.42067e-15 0)
(3 -2.8966e-15 0)
(3 -2.92637e-15 0)
(3 -3.31617e-15 0)
(3 -3.3542e-15 0)
(3 -2.67032e-15 0)
(3 -2.31641e-15 0)
(3 -2.64295e-15 0)
(3 -2.93421e-15 0)
(3 -3.1877e-15 0)
(3 -3.31226e-15 0)
(3 -3.4769e-15 0)
(3 -3.26638e-15 0)
(3 -3.27128e-15 0)
(3 -3.73759e-15 0)
(1.80476 -1.00962 0)
(2.43349 -0.451092 0)
(3 -2.16868e-18 0)
(3 -6.90012e-16 0)
(3 -8.98853e-16 0)
(3 -8.29851e-16 0)
(3 -1.05005e-15 0)
(3 -1.96693e-15 0)
(3 -2.32752e-15 0)
(3 -2.14925e-15 0)
(3 -1.82529e-15 0)
(3 -8.12313e-16 0)
(3 -5.06445e-17 0)
(3 -6.69079e-16 0)
(3 -1.23669e-15 0)
(3 -1.72088e-15 0)
(3 -2.39961e-15 0)
(3 -2.92814e-15 0)
(3 -2.93035e-15 0)
(3 -2.90425e-15 0)
(1.77519 -1.09581 0)
(2.23921 -0.650119 0)
(3 -2.0123e-15 0)
(3 -2.46708e-15 0)
(3 -2.90412e-15 0)
(3 -2.13253e-15 0)
(3 -1.7849e-15 0)
(3 -1.3895e-15 0)
(3 -1.49132e-15 0)
(3 -1.13456e-15 0)
(3 -1.09106e-15 0)
(3 -1.57933e-15 0)
(3 -1.84934e-15 0)
(3 -2.80164e-15 0)
(3 -2.93479e-15 0)
(3 -3.03333e-15 0)
(3 -3.18534e-15 0)
(3 -3.08402e-15 0)
(3 -2.72101e-15 0)
(3 -2.43997e-15 0)
(1.72342 -1.16697 0)
(2.07215 -0.812489 0)
(3 -3.06978e-15 0)
(3 -4.12783e-15 0)
(3 -4.16016e-15 0)
(3 -3.44032e-15 0)
(3 -3.25931e-15 0)
(3 -2.92982e-15 0)
(3 -2.49493e-15 0)
(3 -1.51863e-15 0)
(3 -1.29665e-15 0)
(3 -1.45112e-15 0)
(3 -1.93266e-15 0)
(3 -3.10642e-15 0)
(3 -3.36703e-15 0)
(3 -3.38605e-15 0)
(3 -3.61109e-15 0)
(3 -3.39739e-15 0)
(3 -2.91466e-15 0)
(3 -2.17282e-15 0)
(1.6613 -1.20652 0)
(1.88086 -0.980034 0)
(2.97806 -0.0145427 0)
(3 -4.81144e-15 0)
(3 -5.13238e-15 0)
(3 -3.97445e-15 0)
(3 -2.82243e-15 0)
(3 -2.66594e-15 0)
(3 -2.45491e-15 0)
(3 -2.30417e-15 0)
(3 -3.21019e-15 0)
(3 -3.6188e-15 0)
(3 -3.69787e-15 0)
(3 -3.56296e-15 0)
(3 -3.06485e-15 0)
(3 -2.97383e-15 0)
(3 -2.84153e-15 0)
(3 -2.53737e-15 0)
(3 -2.10148e-15 0)
(3 -1.95318e-15 0)
(1.65296 -1.23977 0)
(1.81714 -1.10559 0)
(2.86436 -0.103021 0)
(3 -2.58818e-16 0)
(3 -5.45647e-15 0)
(3 -5.20429e-15 0)
(3 -2.58589e-15 0)
(3 -6.11181e-16 0)
(3 -1.36007e-15 0)
(3 -2.11439e-15 0)
(3 -2.19737e-15 0)
(3 -2.40367e-15 0)
(3 -2.2319e-15 0)
(3 -2.11078e-15 0)
(3 -1.57871e-15 0)
(3 -1.36931e-15 0)
(3 -1.53069e-15 0)
(3 -8.43222e-16 0)
(3 -6.24859e-16 0)
(3 -7.23485e-16 0)
(1.63679 -1.2656 0)
(1.64387 -1.24241 0)
(2.6536 -0.291129 0)
(3 -9.30471e-13 0)
(3 1.46979e-13 0)
(3 -1.22853e-15 0)
(3 -3.48665e-15 0)
(3 5.44995e-17 0)
(3 -3.88037e-16 0)
(3 -1.17072e-15 0)
(3 -1.30255e-15 0)
(3 -6.13406e-16 0)
(3 7.04639e-17 0)
(3 4.41472e-16 0)
(3 -7.07075e-17 0)
(3 -7.60257e-16 0)
(3 -1.36787e-15 0)
(3 -1.14162e-15 0)
(3 -1.30643e-15 0)
(3 -1.1708e-15 0)
(1.61903 -1.27813 0)
(1.55278 -1.32855 0)
(2.40371 -0.557642 0)
(3 3.52704e-12 0)
(3 2.86521e-11 0)
(3 -4.37194e-13 0)
(3 1.22011e-15 0)
(3 -1.61196e-15 0)
(3 -2.24303e-16 0)
(3 -7.82433e-16 0)
(3 -9.4141e-16 0)
(3 -1.05998e-16 0)
(3 4.84667e-16 0)
(3 2.87229e-16 0)
(3 -8.29561e-16 0)
(3 -1.39169e-15 0)
(3 -1.67759e-15 0)
(3 -1.44903e-15 0)
(3 -1.54371e-15 0)
(3 1.53658e-16 0)
(1.60188 -1.29 0)
(1.47573 -1.37475 0)
(2.18643 -0.808957 0)
(3.01036 0.00848255 0)
(3 -3.28864e-08 0)
(3 3.46465e-11 0)
(3 -6.89037e-14 0)
(3 -1.06691e-15 0)
(3 -5.99114e-17 0)
(3 4.13443e-16 0)
(3 2.65276e-16 0)
(3 4.21749e-16 0)
(3 1.05958e-15 0)
(3 1.61272e-16 0)
(3 -7.82589e-16 0)
(3 -1.18495e-15 0)
(3 -1.43895e-15 0)
(3 -9.19828e-16 0)
(3 -1.23033e-15 0)
(3 1.82426e-15 0)
(1.58899 -1.30432 0)
(1.47621 -1.35186 0)
(1.9589 -1.02934 0)
(2.8709 -0.112266 0)
(3 1.04389e-08 0)
(3 -4.20293e-11 0)
(3 9.93628e-14 0)
(3 5.03942e-17 0)
(3 1.61348e-15 0)
(3 2.04882e-15 0)
(3 1.56848e-15 0)
(3 1.156e-15 0)
(3 9.24529e-16 0)
(3 3.46297e-16 0)
(3 -2.30474e-16 0)
(3 -1.53427e-15 0)
(3 -2.18113e-15 0)
(3 -1.53593e-15 0)
(3 5.06556e-16 0)
(3 3.18213e-15 0)
(1.5946 -1.33125 0)
(1.49644 -1.33697 0)
(1.73212 -1.18697 0)
(2.39117 -0.555717 0)
(3 6.81414e-07 0)
(3 -7.07827e-13 0)
(3 5.04954e-15 0)
(3 -5.68364e-16 0)
(3 3.46211e-15 0)
(3 2.93135e-15 0)
(3 2.0724e-15 0)
(3 1.13451e-15 0)
(3 8.20744e-16 0)
(3 1.43912e-16 0)
(3 -3.00666e-16 0)
(3 -1.98878e-15 0)
(3 -2.28884e-15 0)
(3 -5.16213e-16 0)
(3 3.41964e-15 0)
(3 3.64246e-15 0)
(1.58128 -1.2957 0)
(1.55146 -1.3084 0)
(1.68099 -1.23649 0)
(2.21136 -0.821328 0)
(3.02279 0.0226784 0)
(3 3.7203e-12 0)
(3 -2.63679e-12 0)
(3 -3.84701e-12 0)
(3 2.1676e-12 0)
(3 -6.09641e-15 0)
(3 1.48592e-15 0)
(3 1.18903e-15 0)
(3 5.24476e-16 0)
(3 -1.05981e-15 0)
(3 -1.48586e-15 0)
(3 -2.24882e-15 0)
(3 -2.47473e-15 0)
(3 1.14359e-15 0)
(3 2.84973e-15 0)
(3 3.51861e-15 0)
(1.5813 -1.28227 0)
(1.58771 -1.28171 0)
(1.64431 -1.26228 0)
(1.7706 -1.16206 0)
(2.67502 -0.274036 0)
(3 6.01204e-10 0)
(3 -1.40482e-08 0)
(3 1.26457e-08 0)
(3 -5.39785e-10 0)
(3 -2.49475e-12 0)
(3 1.31086e-13 0)
(3 -1.60346e-15 0)
(3 -4.87488e-18 0)
(3 -9.34128e-16 0)
(3 -2.03448e-15 0)
(3 -2.13493e-15 0)
(3 -3.46578e-16 0)
(3 1.18161e-15 0)
(3 3.16904e-15 0)
(3 3.72355e-15 0)
(1.58154 -1.26284 0)
(1.59437 -1.26724 0)
(1.63042 -1.2649 0)
(1.65739 -1.25331 0)
(2.32733 -0.65253 0)
(3.02064 0.0182839 0)
(2.99975 -0.000143135 0)
(3 4.19949e-06 0)
(3 -8.25321e-08 0)
(3 9.14364e-10 0)
(3 -2.67669e-12 0)
(3 6.33343e-15 0)
(3 3.08102e-16 0)
(3 -3.6232e-16 0)
(3 -1.93356e-15 0)
(3 -1.56021e-15 0)
(3 1.15662e-15 0)
(3 2.04957e-15 0)
(3 3.47852e-15 0)
(3 3.07302e-15 0)
(1.58183 -1.25214 0)
(1.60391 -1.2527 0)
(1.62516 -1.25843 0)
(1.64217 -1.26443 0)
(1.91718 -1.05082 0)
(2.77429 -0.202249 0)
(3.0044 0.000771258 0)
(2.99992 -7.08904e-05 0)
(3 9.284e-07 0)
(3 -8.9431e-10 0)
(3 2.59499e-13 0)
(3 -1.50288e-15 0)
(3 1.31159e-16 0)
(3 -3.01615e-16 0)
(3 -1.04932e-15 0)
(3 -8.25196e-16 0)
(3 8.81894e-16 0)
(3 4.36477e-15 0)
(3 4.80963e-15 0)
(3 2.57167e-15 0)
(1.58105 -1.24673 0)
(1.60431 -1.25143 0)
(1.61865 -1.25609 0)
(1.61342 -1.2718 0)
(1.69756 -1.21686 0)
(2.24987 -0.768095 0)
(3.00502 0.00982795 0)
(3.00011 0.000481718 0)
(3 -7.74778e-07 0)
(3 -5.90407e-11 0)
(3 7.06108e-13 0)
(3 3.84918e-15 0)
(3 -9.87128e-17 0)
(3 -5.08916e-17 0)
(3 1.13792e-16 0)
(3 -2.86533e-16 0)
(3 -2.01876e-16 0)
(3 5.62628e-15 0)
(3 5.51173e-15 0)
(3 3.27797e-15 0)
(1.58187 -1.24549 0)
(1.59403 -1.25623 0)
(1.60638 -1.26393 0)
(1.61049 -1.2774 0)
(1.63791 -1.27243 0)
(1.72269 -1.21399 0)
(2.23383 -0.755616 0)
(2.99117 -0.0203001 0)
(3 -5.08355e-08 0)
(3 3.29402e-11 0)
(3 9.85848e-13 0)
(3 -1.01161e-14 0)
(3 4.53307e-15 0)
(3 -1.91565e-15 0)
(3 1.22643e-15 0)
(3 1.57264e-15 0)
(3 -3.69382e-16 0)
(3 3.95552e-15 0)
(3 4.87303e-15 0)
(3 2.47556e-15 0)
(1.58105 -1.25841 0)
(1.58539 -1.26362 0)
(1.59378 -1.26792 0)
(1.60146 -1.26699 0)
(1.60467 -1.25826 0)
(1.59145 -1.26918 0)
(1.88682 -1.18149 0)
(2.95559 -0.414785 0)
(3.35093 0.631269 0)
(3 -5.88819e-11 0)
(3 7.49053e-11 0)
(3 -8.12171e-11 0)
(3 -1.77843e-15 0)
(3 4.29361e-13 0)
(3 1.49446e-14 0)
(3 -1.31864e-14 0)
(3 1.04439e-14 0)
(3 1.77148e-15 0)
(3 5.0301e-15 0)
(3 5.14071e-15 0)
(1.15876 -0.779512 0)
(1.83539 -1.14542 0)
(1.84115 -1.15425 0)
(1.73876 -1.20036 0)
(1.71044 -1.19818 0)
(1.66087 -1.24237 0)
(1.65429 -1.21549 0)
(1.72627 -1.16774 0)
(1.76164 -1.23609 0)
(1.80302 -1.14195 0)
(2.28305 -0.731988 0)
(2.86607 -0.201215 0)
(3.09976 0.0311135 0)
(3.02119 0.0128125 0)
(3.00461 0.00554954 0)
(3.00182 0.00302264 0)
(3.00005 0.000576746 0)
(2.99998 2.12509e-05 0)
(2.99999 -1.44298e-05 0)
(3 -5.93035e-06 0)
(1.00875 -0.0327954 0)
(1.91542 -0.816716 0)
(2.12075 -0.790776 0)
(2.01298 -0.93524 0)
(1.94759 -0.995346 0)
(1.85708 -1.09123 0)
(1.79262 -1.12951 0)
(1.76411 -1.14447 0)
(1.76279 -1.16146 0)
(1.74208 -1.20191 0)
(1.72333 -1.19306 0)
(1.86252 -1.06671 0)
(2.0911 -0.885649 0)
(2.49525 -0.581763 0)
(2.98409 -0.139172 0)
(3.0739 0.0291239 0)
(3.00821 0.00771588 0)
(3.00294 0.00384132 0)
(3.00123 0.00219791 0)
(3.00008 0.000486646 0)
(1.03213 0.0837345 0)
(1.92213 -0.12235 0)
(2.23411 -0.496585 0)
(2.22977 -0.56809 0)
(2.20995 -0.557617 0)
(2.14271 -0.731888 0)
(2.02644 -0.907472 0)
(1.96157 -0.976302 0)
(1.90757 -1.03635 0)
(1.85729 -1.12363 0)
(1.79444 -1.15923 0)
(1.7898 -1.15141 0)
(1.80615 -1.12998 0)
(1.84826 -1.08688 0)
(2.04176 -0.949509 0)
(2.25971 -0.828514 0)
(2.66231 -0.506336 0)
(3.03492 -0.0941178 0)
(3.05542 0.0236006 0)
(3.00405 0.00468035 0)
(1.22076 0.813676 0)
(1.63625 1.09511 0)
(2.26041 0.605622 0)
(2.37092 -0.0520469 0)
(2.35322 -0.359144 0)
(2.34144 -0.341583 0)
(2.28208 -0.491537 0)
(2.21648 -0.623506 0)
(2.14399 -0.743034 0)
(2.09845 -0.882935 0)
(1.9866 -0.995572 0)
(1.92096 -1.05445 0)
(1.88211 -1.07899 0)
(1.86627 -1.09057 0)
(1.87078 -1.05763 0)
(1.89754 -1.04868 0)
(1.96209 -1.02138 0)
(2.16397 -0.903713 0)
(2.38211 -0.791737 0)
(2.7793 -0.440681 0)
(1.17008 1.3996 0)
(1.38733 1.91225 0)
(1.96003 1.54606 0)
(2.20872 0.394124 0)
(2.41701 0.21617 0)
(2.46536 0.0739243 0)
(2.46761 -0.14911 0)
(2.39693 -0.398118 0)
(2.34261 -0.484132 0)
(2.31347 -0.623769 0)
(2.22071 -0.76926 0)
(2.12328 -0.884633 0)
(2.05966 -0.943618 0)
(2.00602 -0.993568 0)
(1.97813 -0.984099 0)
(1.9583 -0.989212 0)
(1.95583 -1.01139 0)
(1.97064 -0.993956 0)
(1.99506 -0.994695 0)
(2.06955 -0.979521 0)
(1.25779 1.62018 0)
(1.5635 2.23966 0)
(1.90402 1.76432 0)
(2.05883 1.42069 0)
(2.28722 1.23826 0)
(2.37989 0.342099 0)
(2.49975 0.183384 0)
(2.52411 -0.0232684 0)
(2.46659 -0.206867 0)
(2.46271 -0.324059 0)
(2.40259 -0.484979 0)
(2.32915 -0.610012 0)
(2.27452 -0.681275 0)
(2.22251 -0.741592 0)
(2.1826 -0.762754 0)
(2.1423 -0.790345 0)
(2.08445 -0.852699 0)
(2.056 -0.894237 0)
(2.02795 -0.942339 0)
(2.05803 -0.958429 0)
(1.18176 1.37611 0)
(1.82206 2.37085 0)
(2.10462 1.93121 0)
(2.02214 1.7339 0)
(2.18456 1.5046 0)
(2.32618 1.14962 0)
(2.40691 0.882982 0)
(2.47362 0.631008 0)
(2.48411 0.348409 0)
(2.51481 0.222968 0)
(2.5165 0.0225611 0)
(2.47638 -0.161388 0)
(2.4531 -0.291733 0)
(2.41115 -0.417315 0)
(2.35542 -0.540778 0)
(2.31945 -0.607054 0)
(2.2309 -0.719666 0)
(2.18626 -0.758048 0)
(2.17254 -0.774197 0)
(2.1485 -0.783254 0)
(1.12525 1.08851 0)
(1.64353 1.68727 0)
(2.2468 2.16115 0)
(2.17278 2.09409 0)
(2.31278 1.60743 0)
(2.28709 1.49166 0)
(2.40175 1.12357 0)
(2.47372 0.881839 0)
(2.4976 0.744986 0)
(2.54344 0.52249 0)
(2.60442 0.321217 0)
(2.5777 0.0519202 0)
(2.58372 -0.116409 0)
(2.53567 -0.299089 0)
(2.48541 -0.433332 0)
(2.44206 -0.487709 0)
(2.38863 -0.53233 0)
(2.3865 -0.47092 0)
(2.32787 -0.538969 0)
(2.33092 -0.505682 0)
(1.18128 1.00795 0)
(1.49753 1.34399 0)
(1.89048 1.98536 0)
(2.12653 2.36991 0)
(2.5273 1.72475 0)
(2.4548 1.7433 0)
(2.60753 1.2034 0)
(2.68905 0.962476 0)
(2.73494 0.843581 0)
(2.71646 0.47939 0)
(2.73111 0.319121 0)
(2.68521 0.100255 0)
(2.67457 0.0163802 0)
(2.64466 -0.0916415 0)
(2.61382 -0.14615 0)
(2.57485 -0.163273 0)
(2.549 -0.1493 0)
(2.52633 -0.18152 0)
(2.45132 -0.336723 0)
(2.45924 -0.335183 0)
(1.25864 1.0097 0)
(1.40966 1.22532 0)
(1.69146 1.84756 0)
(1.73056 2.16494 0)
(2.32325 1.90493 0)
(2.47867 1.91212 0)
(2.57855 1.4132 0)
(2.65886 1.13942 0)
(2.70686 0.951501 0)
(2.72582 0.82068 0)
(2.72631 0.721806 0)
(2.71069 0.557039 0)
(2.68381 0.473471 0)
(2.68647 0.390864 0)
(2.65672 0.275089 0)
(2.64637 0.207959 0)
(2.64172 0.098936 0)
(2.60843 -0.065513 0)
(2.54775 -0.215255 0)
(2.56253 -0.163941 0)
(1.3177 1.09041 0)
(1.39179 1.22832 0)
(1.52949 1.77959 0)
(1.62167 2.07768 0)
(1.8231 1.99267 0)
(2.07014 1.87058 0)
(2.20221 1.67151 0)
(2.36051 1.38477 0)
(2.46473 1.34084 0)
(2.46752 1.34551 0)
(2.51658 1.1562 0)
(2.57133 1.01003 0)
(2.59404 0.819952 0)
(2.6816 0.726222 0)
(2.67807 0.483361 0)
(2.71631 0.33988 0)
(2.70627 0.1323 0)
(2.68035 -0.00241138 0)
(2.63478 0.00234512 0)
(2.62026 0.0218188 0)
(1.38938 1.222 0)
(1.4489 1.32908 0)
(1.49171 1.84618 0)
(1.58623 2.07055 0)
(1.69611 2.07257 0)
(1.91749 1.93258 0)
(2.03157 1.88794 0)
(2.18924 1.61313 0)
(2.2382 1.54148 0)
(2.32918 1.49317 0)
(2.44902 1.26087 0)
(2.57732 1.14783 0)
(2.63319 0.870071 0)
(2.75013 0.751607 0)
(2.74628 0.475214 0)
(2.75563 0.388825 0)
(2.74837 0.269227 0)
(2.72212 0.262501 0)
(2.70983 0.389742 0)
(2.66273 0.246347 0)
(1.52593 1.38884 0)
(1.57399 1.50213 0)
(1.52426 1.96004 0)
(1.60195 2.13114 0)
(1.7131 2.10041 0)
(1.87046 1.95984 0)
(1.96392 1.94216 0)
(2.14359 1.66225 0)
(2.24223 1.59608 0)
(2.41288 1.50892 0)
(2.52935 1.25445 0)
(2.66662 1.12383 0)
(2.71202 0.924854 0)
(2.75367 0.871121 0)
(2.78217 0.756608 0)
(2.76752 0.75894 0)
(2.74752 0.664986 0)
(2.72328 0.689428 0)
(2.73229 0.688665 0)
(2.70953 0.455528 0)
(1.72111 1.5312 0)
(1.78369 1.62604 0)
(1.64923 2.04685 0)
(1.68154 2.19443 0)
(1.78783 2.10911 0)
(1.94313 2.00342 0)
(2.01517 2.02351 0)
(2.22919 1.72234 0)
(2.36983 1.72921 0)
(2.51901 1.58051 0)
(2.56952 1.54181 0)
(2.67908 1.3637 0)
(2.70876 1.30341 0)
(2.70026 1.26641 0)
(2.70101 1.16238 0)
(2.68542 1.0837 0)
(2.6803 0.989318 0)
(2.73807 0.969221 0)
(2.75308 0.813763 0)
(2.78864 0.587235 0)
(1.86266 1.57377 0)
(2.04038 1.56569 0)
(1.87383 2.08099 0)
(1.84298 2.26211 0)
(2.00907 2.20877 0)
(2.056 2.15416 0)
(2.11788 2.14919 0)
(2.22966 1.97679 0)
(2.28504 1.95333 0)
(2.43266 1.73353 0)
(2.48603 1.74394 0)
(2.57603 1.61786 0)
(2.5637 1.55896 0)
(2.56412 1.48005 0)
(2.58933 1.39824 0)
(2.62211 1.28963 0)
(2.68141 1.17701 0)
(2.80501 1.06097 0)
(2.84191 0.810786 0)
(2.83234 0.683382 0)
(1.84055 1.49952 0)
(2.14401 1.41379 0)
(2.14562 1.9915 0)
(2.00398 2.27758 0)
(2.07601 2.25382 0)
(2.1196 2.28975 0)
(2.11695 2.20859 0)
(2.13468 2.06704 0)
(2.21742 1.98528 0)
(2.33442 1.86532 0)
(2.31344 1.92756 0)
(2.37862 1.7657 0)
(2.41643 1.69468 0)
(2.47993 1.61029 0)
(2.60859 1.49685 0)
(2.68667 1.33577 0)
(2.76462 1.1295 0)
(2.85212 1.00268 0)
(2.84641 0.974029 0)
(2.72989 1.07197 0)
(1.75237 1.4289 0)
(2.05871 1.37611 0)
(2.25544 1.96604 0)
(2.16731 2.30014 0)
(2.16137 2.28826 0)
(2.11725 2.31087 0)
(2.08414 2.22836 0)
(2.02872 2.14947 0)
(2.06403 2.08912 0)
(2.15614 2.00977 0)
(2.22166 1.9299 0)
(2.31294 1.82778 0)
(2.40799 1.72436 0)
(2.52585 1.60467 0)
(2.66817 1.50084 0)
(2.76016 1.41824 0)
(2.74375 1.46145 0)
(2.73506 1.42988 0)
(2.64598 1.48196 0)
(2.59586 1.39981 0)
(1.65717 1.37974 0)
(1.94681 1.37393 0)
(2.25804 1.92269 0)
(2.25349 2.28486 0)
(2.08439 2.36661 0)
(2.02822 2.38425 0)
(2.00993 2.26419 0)
(1.96371 2.20177 0)
(2.00305 2.12945 0)
(2.06712 2.05584 0)
(2.15953 1.98338 0)
(2.26454 1.95655 0)
(2.36657 1.8811 0)
(2.42208 1.83977 0)
(2.47741 1.82562 0)
(2.51198 1.77415 0)
(2.48411 1.78686 0)
(2.49017 1.676 0)
(2.49725 1.66462 0)
(2.56019 1.56452 0)
(1.61784 1.43104 0)
(1.8302 1.52828 0)
(2.07021 1.98822 0)
(2.06865 2.32971 0)
(1.94521 2.1159 0)
(1.91798 2.0415 0)
(1.87297 1.85313 0)
(1.78366 1.66484 0)
(1.77448 1.45664 0)
(1.83192 1.31366 0)
(1.87357 1.20146 0)
(1.87725 1.14737 0)
(1.89231 1.02637 0)
(1.9579 1.03818 0)
(2.04805 1.18382 0)
(2.09368 1.27781 0)
(2.1232 1.32612 0)
(2.1243 1.16274 0)
(2.22317 1.02292 0)
(2.31045 1.01177 0)
(1.3997 0.476607 0)
(1.36998 0.548839 0)
(1.41404 0.54611 0)
(1.438 0.497632 0)
(1.43666 0.379877 0)
(1.50209 0.365944 0)
(1.5406 0.34436 0)
(1.52559 0.275391 0)
(1.52269 0.205474 0)
(1.56274 0.193068 0)
(1.5917 0.209099 0)
(1.57103 0.194227 0)
(1.57243 0.138562 0)
(1.60445 0.13331 0)
(1.6415 0.208323 0)
(1.69784 0.281471 0)
(1.71545 0.265542 0)
(1.74745 0.181531 0)
(1.84479 0.126854 0)
(1.88517 0.133123 0)
(1.92718 -0.146508 0)
(2.02958 -0.10846 0)
(2.09632 -0.110242 0)
(2.14045 -0.083327 0)
(2.13075 -0.0357084 0)
(2.12119 -0.0039011 0)
(2.13703 0.0150724 0)
(2.16844 0.00459931 0)
(2.21039 -0.0127664 0)
(2.22147 -0.0260498 0)
(2.21657 -0.0279776 0)
(2.21319 -0.024048 0)
(2.21697 -0.00865185 0)
(2.2326 0.00309486 0)
(2.2476 0.00312011 0)
(2.25476 -0.000564045 0)
(2.26068 -0.00326759 0)
(2.26223 -0.00190679 0)
(2.27063 0.00280487 0)
(2.28798 0.0038468 0)
(2.29135 -0.761403 0)
(2.31331 -0.473951 0)
(2.34166 -0.360428 0)
(2.39047 -0.287538 0)
(2.24822 -0.0553079 0)
(2.20661 -0.0387146 0)
(2.22514 0.025837 0)
(2.25695 0.0211957 0)
(2.29414 -0.00904996 0)
(2.3119 -0.044452 0)
(2.30422 -0.0491373 0)
(2.28947 -0.0412758 0)
(2.27641 -0.00751765 0)
(2.28203 0.0161185 0)
(2.2908 0.00566353 0)
(2.29484 -0.0149085 0)
(2.2939 -0.0215181 0)
(2.29251 -0.0154397 0)
(2.29893 0.00626309 0)
(2.31074 0.0114958 0)
(2.68489 -1.46299 0)
(2.68398 -1.37046 0)
(2.61238 -1.16942 0)
(2.61914 -0.96793 0)
(2.55986 -0.536148 0)
(2.58635 -0.259938 0)
(2.48579 0.00196675 0)
(2.43815 0.00138442 0)
(2.40966 -0.023368 0)
(2.41864 -0.0451412 0)
(2.43411 -0.0588182 0)
(2.42032 -0.0499499 0)
(2.3969 -0.0135663 0)
(2.38893 0.0207179 0)
(2.38655 0.0171907 0)
(2.38726 -0.00968419 0)
(2.37955 -0.0244923 0)
(2.37622 -0.0204425 0)
(2.37115 -0.00285578 0)
(2.37216 0.00710214 0)
(2.70317 -1.23738 0)
(2.7356 -1.19503 0)
(2.68955 -1.21613 0)
(2.69107 -1.19054 0)
(2.71429 -1.0977 0)
(2.77969 -0.802726 0)
(2.74605 -0.372972 0)
(2.74311 -0.231033 0)
(2.6183 -0.0556707 0)
(2.5562 -0.0602678 0)
(2.52175 -0.0586849 0)
(2.52625 -0.0469448 0)
(2.51874 -0.0172785 0)
(2.49847 0.0133891 0)
(2.49018 0.0107513 0)
(2.48453 -0.010114 0)
(2.48069 -0.0223797 0)
(2.47909 -0.0168722 0)
(2.47017 -0.00186172 0)
(2.45817 0.00064362 0)
(2.70867 -1.0915 0)
(2.73732 -1.05114 0)
(2.71388 -0.999306 0)
(2.69503 -1.01977 0)
(2.74464 -1.03371 0)
(2.79402 -1.01674 0)
(2.80504 -0.912584 0)
(2.82563 -0.678969 0)
(2.77368 -0.355665 0)
(2.71709 -0.212535 0)
(2.63596 -0.0796747 0)
(2.59693 -0.0420374 0)
(2.58965 -0.0187592 0)
(2.57668 -0.0022807 0)
(2.55797 0.00216199 0)
(2.54112 -0.00852082 0)
(2.54412 -0.014658 0)
(2.54753 -0.0115945 0)
(2.54437 -0.00132591 0)
(2.53039 -0.00336317 0)
(2.72619 -0.88792 0)
(2.73389 -0.900201 0)
(2.72819 -0.905989 0)
(2.72982 -0.914126 0)
(2.74742 -0.918583 0)
(2.7982 -0.925272 0)
(2.81049 -0.937595 0)
(2.81269 -0.91066 0)
(2.79282 -0.812189 0)
(2.73944 -0.554199 0)
(2.67688 -0.198073 0)
(2.6511 -0.10066 0)
(2.62712 -0.0536918 0)
(2.61035 -0.0304148 0)
(2.58514 -0.0127363 0)
(2.56609 -0.00898612 0)
(2.56966 -0.00552833 0)
(2.57615 0.00141591 0)
(2.57696 0.000766565 0)
(2.56968 -0.00742111 0)
(2.75028 -0.648174 0)
(2.72372 -0.727369 0)
(2.75739 -0.717952 0)
(2.75903 -0.734552 0)
(2.77542 -0.788306 0)
(2.79266 -0.809692 0)
(2.79259 -0.838284 0)
(2.78618 -0.839336 0)
(2.75457 -0.795187 0)
(2.73753 -0.779837 0)
(2.69324 -0.634338 0)
(2.63884 -0.22878 0)
(2.6389 -0.144423 0)
(2.61085 -0.0752433 0)
(2.58856 -0.0315258 0)
(2.57384 -0.017404 0)
(2.58089 0.0048219 0)
(2.5876 0.0109855 0)
(2.58642 0.00151773 0)
(2.58042 -0.0139327 0)
(2.7249 -0.511237 0)
(2.72048 -0.568076 0)
(2.7699 -0.587607 0)
(2.80335 -0.627096 0)
(2.80509 -0.666863 0)
(2.78375 -0.704066 0)
(2.75658 -0.762174 0)
(2.74664 -0.769653 0)
(2.73639 -0.750254 0)
(2.7047 -0.723645 0)
(2.70142 -0.725001 0)
(2.68809 -0.641104 0)
(2.64206 -0.304185 0)
(2.63696 -0.183802 0)
(2.57826 -0.0314296 0)
(2.57308 -0.0238117 0)
(2.58367 0.00671059 0)
(2.59106 0.0216478 0)
(2.58557 0.00041809 0)
(2.57923 -0.0139369 0)
(2.6843 -0.318697 0)
(2.6991 -0.415375 0)
(2.7572 -0.408148 0)
(2.8398 -0.469606 0)
(2.82775 -0.531986 0)
(2.77156 -0.586504 0)
(2.7177 -0.667435 0)
(2.70334 -0.708422 0)
(2.71035 -0.670731 0)
(2.69685 -0.676247 0)
(2.69957 -0.681484 0)
(2.70446 -0.693828 0)
(2.70328 -0.656701 0)
(2.66667 -0.371209 0)
(2.62699 -0.157656 0)
(2.59671 -0.0467154 0)
(2.59701 -0.00105264 0)
(2.58935 0.00960204 0)
(2.56868 -0.0197585 0)
(2.57374 -0.0148965 0)
(2.63744 -0.140895 0)
(2.65989 -0.26767 0)
(2.72278 -0.273278 0)
(2.83063 -0.38881 0)
(2.80146 -0.433515 0)
(2.7389 -0.47759 0)
(2.68966 -0.551737 0)
(2.67986 -0.614187 0)
(2.69835 -0.626812 0)
(2.6973 -0.610681 0)
(2.70187 -0.639712 0)
(2.71275 -0.656404 0)
(2.7147 -0.676756 0)
(2.71071 -0.65494 0)
(2.67936 -0.361375 0)
(2.65394 -0.141168 0)
(2.62146 0.0268432 0)
(2.57519 0.000275396 0)
(2.56596 -0.0230378 0)
(2.57983 -0.0125922 0)
(2.50333 0.193632 0)
(2.57482 -0.0849127 0)
(2.6268 -0.0837527 0)
(2.62825 -0.0784782 0)
(2.57161 -0.187931 0)
(2.60035 -0.294825 0)
(2.65091 -0.404268 0)
(2.67131 -0.497068 0)
(2.70179 -0.51139 0)
(2.72245 -0.543441 0)
(2.71791 -0.57148 0)
(2.70962 -0.577105 0)
(2.71678 -0.625755 0)
(2.74728 -0.621176 0)
(2.74091 -0.593552 0)
(2.72624 -0.424193 0)
(2.69482 -0.208366 0)
(2.66929 -0.133071 0)
(2.66285 -0.0378613 0)
(2.6264 -0.00516156 0)
(2.3389 0.579322 0)
(2.43229 0.364751 0)
(2.54323 0.0783597 0)
(2.58082 -0.10927 0)
(2.58221 -0.159186 0)
(2.60289 -0.213561 0)
(2.65916 -0.309941 0)
(2.67649 -0.368413 0)
(2.71043 -0.384593 0)
(2.73663 -0.44324 0)
(2.72255 -0.479203 0)
(2.70913 -0.50831 0)
(2.72702 -0.537449 0)
(2.74298 -0.572751 0)
(2.78738 -0.570395 0)
(2.79687 -0.565522 0)
(2.77543 -0.508734 0)
(2.75619 -0.332223 0)
(2.75282 -0.173329 0)
(2.72197 -0.0480116 0)
(2.34536 0.711419 0)
(2.39098 0.597113 0)
(2.43784 0.463995 0)
(2.51257 0.273593 0)
(2.59188 -0.0135652 0)
(2.62237 -0.0177952 0)
(2.63074 -0.0706417 0)
(2.64151 -0.131177 0)
(2.62779 -0.142108 0)
(2.68709 -0.232788 0)
(2.71488 -0.347733 0)
(2.73104 -0.375953 0)
(2.75694 -0.430961 0)
(2.77923 -0.460483 0)
(2.79863 -0.455814 0)
(2.82371 -0.519583 0)
(2.83315 -0.531551 0)
(2.8304 -0.519371 0)
(2.83171 -0.444746 0)
(2.8058 -0.210982 0)
(2.43419 0.685725 0)
(2.43334 0.678359 0)
(2.43504 0.640834 0)
(2.46713 0.550215 0)
(2.53814 0.354561 0)
(2.58573 0.207168 0)
(2.6278 0.0871555 0)
(2.67447 -0.105959 0)
(2.67066 -0.14099 0)
(2.70858 -0.235818 0)
(2.73693 -0.32705 0)
(2.77349 -0.323617 0)
(2.80093 -0.337762 0)
(2.81422 -0.374674 0)
(2.80732 -0.384068 0)
(2.81639 -0.432476 0)
(2.84028 -0.470219 0)
(2.85569 -0.501446 0)
(2.88059 -0.485686 0)
(2.88435 -0.419339 0)
(2.73139 0.429612 0)
(2.58912 0.607085 0)
(2.51981 0.634739 0)
(2.52073 0.621114 0)
(2.53054 0.570603 0)
(2.56901 0.454417 0)
(2.61087 0.33376 0)
(2.6651 0.165257 0)
(2.69605 0.0556101 0)
(2.71516 0.00426147 0)
(2.73861 -0.0899184 0)
(2.75059 -0.0773584 0)
(2.75744 -0.119065 0)
(2.7947 -0.204363 0)
(2.82734 -0.27973 0)
(2.83504 -0.330699 0)
(2.86045 -0.376536 0)
(2.8927 -0.403708 0)
(2.92567 -0.423162 0)
(2.92286 -0.423302 0)
(2.96941 0.0704704 0)
(2.84717 0.30718 0)
(2.73376 0.476306 0)
(2.6137 0.581512 0)
(2.61232 0.580621 0)
(2.61159 0.5646 0)
(2.61927 0.518417 0)
(2.66146 0.3998 0)
(2.69523 0.285579 0)
(2.72377 0.188849 0)
(2.78323 -0.000715462 0)
(2.79178 -0.0652206 0)
(2.80115 -0.1134 0)
(2.8343 -0.23366 0)
(2.86145 -0.257844 0)
(2.88674 -0.27184 0)
(2.90531 -0.306509 0)
(2.91984 -0.322618 0)
(2.92892 -0.328725 0)
(2.9393 -0.385485 0)
(2.99897 0.00339413 0)
(2.98528 0.0369435 0)
(2.95022 0.132286 0)
(2.82055 0.376956 0)
(2.75257 0.47991 0)
(2.66877 0.550066 0)
(2.66633 0.550581 0)
(2.66922 0.534306 0)
(2.68671 0.478411 0)
(2.72 0.386131 0)
(2.75156 0.288083 0)
(2.79055 0.158454 0)
(2.82176 0.0678089 0)
(2.84514 -0.0126778 0)
(2.85508 -0.0271602 0)
(2.84207 -0.0193806 0)
(2.87502 -0.102196 0)
(2.88202 -0.168791 0)
(2.91999 -0.24908 0)
(2.94681 -0.304897 0)
(2.99998 7.14818e-05 0)
(2.99963 0.000929146 0)
(2.99752 0.00752262 0)
(2.97503 0.0633949 0)
(2.93054 0.178364 0)
(2.83101 0.369774 0)
(2.76709 0.479152 0)
(2.71305 0.52304 0)
(2.71392 0.519132 0)
(2.71919 0.502161 0)
(2.73867 0.451017 0)
(2.77003 0.367829 0)
(2.80214 0.275146 0)
(2.84413 0.155023 0)
(2.8705 0.0509811 0)
(2.87888 -0.0189774 0)
(2.90285 -0.103897 0)
(2.91937 -0.186537 0)
(2.93561 -0.235102 0)
(2.96589 -0.264738 0)
(3 1.1016e-06 0)
(3 9.77376e-06 0)
(2.99996 0.000111619 0)
(2.99919 0.00197068 0)
(2.99479 0.0139669 0)
(2.96979 0.0757502 0)
(2.91898 0.20199 0)
(2.84126 0.363518 0)
(2.79526 0.44916 0)
(2.75236 0.493696 0)
(2.75305 0.491382 0)
(2.75854 0.476374 0)
(2.77561 0.433651 0)
(2.80331 0.365402 0)
(2.83656 0.26875 0)
(2.87306 0.153458 0)
(2.8911 0.101996 0)
(2.90296 0.0457373 0)
(2.90841 0.0085459 0)
(2.92993 -0.0593063 0)
(3 1.25882e-08 0)
(3 8.1947e-08 0)
(3 9.18587e-07 0)
(2.99999 2.04753e-05 0)
(2.99989 0.000251591 0)
(2.99876 0.00294233 0)
(2.99236 0.0189933 0)
(2.96704 0.0826651 0)
(2.92182 0.198118 0)
(2.85461 0.345969 0)
(2.81713 0.418247 0)
(2.78316 0.464929 0)
(2.78373 0.463938 0)
(2.78858 0.453039 0)
(2.80458 0.416749 0)
(2.82871 0.358071 0)
(2.86414 0.259287 0)
(2.89387 0.168502 0)
(2.91577 0.0916814 0)
(2.9444 -0.0285428 0)
(3 1.07051e-10 0)
(3 6.36874e-10 0)
(3 6.32149e-09 0)
(3 1.42907e-07 0)
(3 2.12014e-06 0)
(2.99998 3.47143e-05 0)
(2.99983 0.00039963 0)
(2.99847 0.00365768 0)
(2.99192 0.0196695 0)
(2.96631 0.083282 0)
(2.93073 0.174506 0)
(2.86397 0.32885 0)
(2.83399 0.389819 0)
(2.80849 0.43481 0)
(2.8089 0.435485 0)
(2.81246 0.428377 0)
(2.82469 0.401211 0)
(2.84538 0.352521 0)
(2.87735 0.269239 0)
(2.91273 0.160061 0)
(3 7.07817e-13 0)
(3 4.43464e-12 0)
(3 4.00291e-11 0)
(3 8.58862e-10 0)
(3 1.37219e-08 0)
(3 2.57539e-07 0)
(3 3.499e-06 0)
(2.99998 4.72355e-05 0)
(2.99981 0.000427352 0)
(2.9983 0.00402725 0)
(2.99298 0.0169047 0)
(2.96745 0.0790129 0)
(2.93688 0.156271 0)
(2.8842 0.282678 0)
(2.84454 0.375095 0)
(2.82719 0.40795 0)
(2.82814 0.40696 0)
(2.83108 0.402446 0)
(2.83978 0.387344 0)
(2.87081 0.313424 0)
(3 -7.65823e-16 0)
(3 2.68607e-14 0)
(3 2.34267e-13 0)
(3 4.63898e-12 0)
(3 7.88548e-11 0)
(3 1.55731e-09 0)
(3 2.34071e-08 0)
(3 3.43881e-07 0)
(3 4.08751e-06 0)
(2.99998 5.10115e-05 0)
(2.99982 0.000413116 0)
(2.99843 0.00346614 0)
(2.99318 0.0167206 0)
(2.97654 0.0556103 0)
(2.93455 0.159 0)
(2.90924 0.226109 0)
(2.86074 0.341932 0)
(2.83867 0.389101 0)
(2.84291 0.384818 0)
(2.84979 0.373447 0)
(3 -8.0612e-15 0)
(3 -7.83691e-15 0)
(3 -6.61395e-15 0)
(3 1.62927e-14 0)
(3 3.99576e-13 0)
(3 8.29323e-12 0)
(3 1.37309e-10 0)
(3 2.03129e-09 0)
(3 2.90185e-08 0)
(3 3.65741e-07 0)
(3 4.1377e-06 0)
(2.99998 4.5149e-05 0)
(2.99983 0.000383674 0)
(2.99887 0.00250514 0)
(2.99368 0.0144407 0)
(2.98164 0.0453228 0)
(2.94807 0.128108 0)
(2.91793 0.203004 0)
(2.88288 0.305084 0)
(2.87285 0.347342 0)
(3 -2.70662e-15 0)
(3 -3.0925e-15 0)
(3 -2.94631e-15 0)
(3 -2.93956e-15 0)
(3 -2.85195e-16 0)
(3 3.17505e-14 0)
(3 6.1932e-13 0)
(3 9.85898e-12 0)
(3 1.45392e-10 0)
(3 2.03097e-09 0)
(3 2.40452e-08 0)
(3 3.03874e-07 0)
(3 3.09925e-06 0)
(2.99998 2.76084e-05 0)
(2.99983 0.000281177 0)
(2.99907 0.00144832 0)
(2.99425 0.00913697 0)
(2.98099 0.0276583 0)
(2.94819 0.0807526 0)
(2.88064 0.153623 0)
(2.41312 0.408503 0)
(2.27004 0.704584 0)
(2.34169 0.735425 0)
(2.54992 0.601301 0)
(2.85671 0.244749 0)
(2.98677 0.0324257 0)
(2.99954 0.00158384 0)
(2.99999 3.90073e-05 0)
(3 5.90564e-07 0)
(3 5.98429e-09 0)
(3 4.29268e-11 0)
(3 2.30169e-13 0)
(3 -2.33421e-15 0)
(3 -5.7986e-15 0)
(3 -1.70525e-15 0)
(2.27943 0.65366 0)
(2.25345 0.789919 0)
(2.39994 0.739554 0)
(2.77953 0.375467 0)
(2.99061 0.0346746 0)
(3.00006 0.000443598 0)
(3 -1.31434e-06 0)
(3 -8.40365e-08 0)
(3 -1.53475e-08 0)
(3 -6.36002e-10 0)
(3 -8.34253e-12 0)
(3 -5.91193e-14 0)
(3 -3.71473e-15 0)
(3 -5.98632e-15 0)
(3 -1.57916e-15 0)
(2.20434 0.806356 0)
(2.24706 0.805654 0)
(2.5789 0.563249 0)
(2.9415 0.122261 0)
(2.99881 0.00534828 0)
(2.99998 7.76479e-05 0)
(3 9.3646e-07 0)
(3 1.2165e-08 0)
(3 6.9709e-11 0)
(3 6.1171e-13 0)
(3 1.61052e-14 0)
(3 2.46931e-15 0)
(3 -3.15839e-15 0)
(3 -5.35504e-15 0)
(3 -1.89244e-15 0)
(2.17929 0.877892 0)
(2.41675 0.738987 0)
(2.84966 0.266061 0)
(2.99608 0.0146313 0)
(3.00002 6.1261e-05 0)
(3 -1.08484e-06 0)
(3 -7.63942e-09 0)
(3 -1.38756e-09 0)
(3 -6.75546e-11 0)
(3 -1.01768e-12 0)
(3 -4.33682e-15 0)
(3 1.76318e-15 0)
(3 -3.40812e-15 0)
(3 -5.2733e-15 0)
(3 -2.38498e-15 0)
(2.17866 0.899737 0)
(2.66653 0.453408 0)
(2.98393 0.0358266 0)
(2.99994 0.000491585 0)
(3 4.45661e-06 0)
(3 9.72386e-09 0)
(3 -1.92906e-09 0)
(3 -7.22178e-11 0)
(3 -4.72536e-13 0)
(3 -2.10494e-15 0)
(3 4.22399e-15 0)
(3 1.96331e-15 0)
(3 -3.33596e-15 0)
(3 -5.44235e-15 0)
(3 -3.08327e-15 0)
(2.56939 0.576149 0)
(2.99126 0.0374533 0)
(3.00028 0.000233897 0)
(3 -2.59929e-06 0)
(3 -4.53094e-07 0)
(3 -3.54725e-08 0)
(3 -6.8262e-10 0)
(3 -1.34983e-12 0)
(3 -2.81623e-15 0)
(3 -2.1599e-15 0)
(3 2.40566e-15 0)
(3 1.88604e-15 0)
(3 -2.86544e-15 0)
(3 -6.17441e-15 0)
(3 -3.52663e-15 0)
(2.99375 0.0492998 0)
(2.99997 0.00112822 0)
(3 1.87868e-06 0)
(3 7.10708e-08 0)
(3 1.03063e-09 0)
(3 1.28592e-10 0)
(3 4.1668e-12 0)
(3 1.25917e-13 0)
(3 1.99066e-15 0)
(3 -2.3096e-15 0)
(3 3.55303e-15 0)
(3 2.02394e-15 0)
(3 -2.99274e-15 0)
(3 -7.40608e-15 0)
(3 -3.52461e-15 0)
(3.00074 -0.00153707 0)
(3.00004 -0.000107675 0)
(3 -3.49844e-06 0)
(3 -9.10249e-08 0)
(3 -3.86848e-10 0)
(3 -1.66821e-12 0)
(3 1.6148e-14 0)
(3 6.69781e-15 0)
(3 -1.02257e-15 0)
(3 -2.22444e-15 0)
(3 4.07568e-15 0)
(3 2.07029e-15 0)
(3 -3.28116e-15 0)
(3 -8.37241e-15 0)
(3 -3.48286e-15 0)
(3.00001 -2.18968e-05 0)
(3 1.20459e-07 0)
(3 2.38281e-08 0)
(3 1.16109e-09 0)
(3 1.80484e-11 0)
(3 1.00443e-13 0)
(3 1.83281e-15 0)
(3 2.49248e-15 0)
(3 -6.82851e-16 0)
(3 -1.96803e-15 0)
(3 4.33762e-15 0)
(3 2.06844e-15 0)
(3 -3.49405e-15 0)
(3 -8.43225e-15 0)
(3 -3.14829e-15 0)
(3 1.23715e-06 0)
(3 1.41931e-08 0)
(3 -7.6309e-11 0)
(3 -1.26379e-11 0)
(3 -4.03922e-13 0)
(3 -4.68911e-15 0)
(3 2.96092e-15 0)
(3 2.79298e-15 0)
(3 -1.69345e-15 0)
(3 -1.91703e-15 0)
(3 4.54239e-15 0)
(3 2.20737e-15 0)
(3 -3.65492e-15 0)
(3 -8.35223e-15 0)
(3 -2.81042e-15 0)
(3 1.22951e-15 0)
(3 -5.12875e-16 0)
(3 -4.69306e-15 0)
(3 -7.63303e-15 0)
(3 -3.04823e-15 0)
(3 -8.67839e-16 0)
(3 3.28352e-15 0)
(3 2.90516e-15 0)
(3 -1.55058e-15 0)
(3 -2.03987e-15 0)
(3 4.53925e-15 0)
(3 2.34744e-15 0)
(3 -3.23343e-15 0)
(3 -8.6611e-15 0)
(3 -2.71037e-15 0)
(3 7.48325e-16 0)
(3 -8.48524e-16 0)
(3 -4.77577e-15 0)
(3 -6.82824e-15 0)
(3 -3.95006e-15 0)
(3 -1.23252e-15 0)
(3 4.24007e-15 0)
(3 2.97518e-15 0)
(3 -2.33254e-15 0)
(3 -2.00931e-15 0)
(3 4.24967e-15 0)
(3 2.98822e-15 0)
(3 -1.71205e-15 0)
(3 -1.02828e-14 0)
(3 -2.7631e-15 0)
(3 1.33747e-16 0)
(3 -1.17424e-15 0)
(3 -4.71763e-15 0)
(3 -6.72074e-15 0)
(3 -3.37539e-15 0)
(3 -1.5076e-15 0)
(3 4.60482e-15 0)
(3 2.89282e-15 0)
(3 -2.69399e-15 0)
(3 -2.14029e-15 0)
(3 3.90996e-15 0)
(3 3.54102e-15 0)
(3 -1.24655e-15 0)
(3 -1.06165e-14 0)
(3 -2.73368e-15 0)
(3 -4.50703e-18 0)
(3 -1.49233e-15 0)
(3 -4.60857e-15 0)
(3 -5.47172e-15 0)
(3 -3.78395e-15 0)
(3 -1.97728e-15 0)
(3 5.22686e-15 0)
(3 2.68451e-15 0)
(3 -3.15561e-15 0)
(3 -2.27387e-15 0)
(3 3.74386e-15 0)
(3 3.08117e-15 0)
(3 -1.54508e-15 0)
(3 -1.06135e-14 0)
(3 -2.54045e-15 0)
(3 -9.80847e-17 0)
(3 -1.45193e-15 0)
(3 -4.6342e-15 0)
(3 -4.8255e-15 0)
(3 -3.97743e-15 0)
(3 -2.0743e-15 0)
(3 5.57086e-15 0)
(3 2.44789e-15 0)
(3 -3.66862e-15 0)
(3 -2.32974e-15 0)
(3 3.5354e-15 0)
(3 2.59192e-15 0)
(3 -1.82251e-15 0)
(3 -1.04403e-14 0)
(3 -2.10334e-15 0)
(3 1.56084e-16 0)
(3 -1.78679e-15 0)
(3 -3.75602e-15 0)
(3 -4.69291e-15 0)
(3 -3.86411e-15 0)
(3 -2.15951e-15 0)
(3 5.60785e-15 0)
(3 2.30903e-15 0)
(3 -3.5821e-15 0)
(3 -2.14277e-15 0)
(3 3.14043e-15 0)
(3 1.93783e-15 0)
(3 -2.42806e-15 0)
(3 -9.83052e-15 0)
(3 -2.0351e-15 0)
(3 -1.16664e-16 0)
(3 -1.67279e-15 0)
(3 -3.67612e-15 0)
(3 -4.16841e-15 0)
(3 -3.63878e-15 0)
(3 -2.31696e-15 0)
(3 4.72508e-15 0)
(3 2.4208e-15 0)
(3 -3.20073e-15 0)
(3 -1.05722e-15 0)
(3 1.25921e-15 0)
(3 1.17316e-15 0)
(3 -2.79108e-15 0)
(3 -9.39362e-15 0)
(3 -1.82054e-15 0)
(3 -1.82362e-16 0)
(3 -1.8593e-15 0)
(3 -3.26278e-15 0)
(3 -4.15485e-15 0)
(3 -3.18878e-15 0)
(3 -2.42372e-15 0)
(3 4.12953e-15 0)
(3 2.64396e-15 0)
(3 -2.60397e-15 0)
(3 -9.93847e-16 0)
(3 1.04265e-15 0)
(3 7.59962e-16 0)
(3 -3.08955e-15 0)
(3 -9.38024e-15 0)
(3 -1.73977e-15 0)
(3 7.64237e-17 0)
(3 -2.46201e-15 0)
(3 -3.17918e-15 0)
(3 -3.45457e-15 0)
(3 -1.63265e-15 0)
(3 -2.39751e-15 0)
(3 3.1204e-15 0)
(3 2.85883e-15 0)
(3 -2.05992e-15 0)
(3 -1.07595e-15 0)
(3 6.27081e-16 0)
(3 -3.85178e-17 0)
(3 -3.35838e-15 0)
(3 -8.36172e-15 0)
(3 -1.62075e-15 0)
(3 3.99113e-16 0)
(3 -2.55833e-15 0)
(3 -3.13129e-15 0)
(3 -2.98816e-15 0)
(3 -1.54557e-15 0)
(3 -2.22903e-15 0)
(3 2.7282e-15 0)
(3 3.28173e-15 0)
(3 -1.93874e-15 0)
(3 -1.18156e-15 0)
(3 2.37013e-16 0)
(3 -3.06448e-16 0)
(3 -3.62682e-15 0)
(3 -8.03936e-15 0)
(3 -1.49848e-15 0)
(3 1.08175e-15 0)
(3 -2.73663e-15 0)
(3 -3.27122e-15 0)
(3 -2.95633e-15 0)
(3 -9.29211e-16 0)
(3 -2.56427e-15 0)
(3 2.08039e-15 0)
(3 3.70477e-15 0)
(3 -1.19679e-15 0)
(3 -1.27008e-15 0)
(3 5.4382e-18 0)
(3 -5.08233e-16 0)
(3 -3.78671e-15 0)
(3 -7.71809e-15 0)
(3 -1.44273e-15 0)
(3 -5.48944e-16 0)
(3 -3.9484e-15 0)
(3 -4.52606e-15 0)
(3 -3.26615e-15 0)
(3 4.13841e-16 0)
(3 -1.23344e-15 0)
(3 2.32569e-15 0)
(3 3.60531e-15 0)
(3 -1.33147e-15 0)
(3 -4.31308e-16 0)
(3 -2.3464e-16 0)
(3 -1.35972e-15 0)
(3 -4.54365e-15 0)
(3 -7.2509e-15 0)
(3 -1.05799e-15 0)
(3 -3.29949e-16 0)
(3 -4.42642e-15 0)
(3 -6.55891e-15 0)
(3 -2.24465e-15 0)
(3 2.49591e-15 0)
(3 1.60182e-15 0)
(3 2.68357e-15 0)
(3 3.88026e-15 0)
(3 -9.74372e-16 0)
(3 -7.78894e-16 0)
(3 -1.48171e-15 0)
(3 -1.88183e-15 0)
(3 -4.67133e-15 0)
(3 -6.66637e-15 0)
(3 -7.47062e-16 0)
(3 -5.44711e-16 0)
(3 -3.62186e-15 0)
(3 -5.55964e-15 0)
(3 -3.55768e-15 0)
(3 1.98442e-15 0)
(3 2.79799e-15 0)
(3 3.19798e-15 0)
(3 3.54564e-15 0)
(3 6.40897e-16 0)
(3 -1.56892e-16 0)
(3 -2.09183e-15 0)
(3 -2.60036e-15 0)
(3 -4.85133e-15 0)
(3 -4.82507e-15 0)
(3 -3.75941e-16 0)
(3 -1.28741e-15 0)
(3 -3.31751e-15 0)
(3 -4.52884e-15 0)
(3 -2.92847e-15 0)
(3 1.0204e-16 0)
(3 2.4331e-15 0)
(3 3.86255e-15 0)
(3 3.02985e-15 0)
(3 1.33057e-15 0)
(3 1.7925e-15 0)
(3 -2.74334e-15 0)
(3 -4.71514e-15 0)
(3 -4.72857e-15 0)
(3 -3.84928e-15 0)
(3 -2.2186e-16 0)
(3 1.02935e-15 0)
(3 6.51222e-16 0)
(3 -3.24663e-15 0)
(3 -3.55052e-15 0)
(3 -4.3359e-15 0)
(3 1.89917e-15 0)
(3 9.6239e-15 0)
(3 3.18219e-15 0)
(3 2.0819e-15 0)
(3 2.08754e-15 0)
(3 -4.87915e-15 0)
(3 -4.87046e-15 0)
(3 -3.54367e-15 0)
(3 -2.8981e-15 0)
(3 -1.33541e-15 0)
(3 -1.76892e-15 0)
(3 -1.67459e-16 0)
(3 -5.1437e-16 0)
(3 8.55858e-16 0)
(3 -4.58953e-15 0)
(3 1.55963e-15 0)
(3 8.38583e-15 0)
(3 2.61812e-15 0)
(3 2.24668e-15 0)
(3 1.96526e-15 0)
(3 -5.30413e-15 0)
(3 -6.28512e-15 0)
(3 -2.31376e-15 0)
(3 -2.78119e-15 0)
(3 -2.33924e-15 0)
(3 -4.58286e-15 0)
(3 -2.16029e-16 0)
(3 3.11695e-15 0)
(3 1.75002e-15 0)
(3 -3.33776e-15 0)
(3 2.09255e-15 0)
(3 5.12909e-15 0)
(3 2.22262e-15 0)
(3 4.29518e-15 0)
(3 1.80139e-15 0)
(3 -5.78638e-15 0)
(3 -6.65991e-15 0)
(3 -1.19549e-15 0)
(3 -1.60171e-15 0)
(3 -3.00464e-15 0)
(3 -3.00995e-15 0)
(3 -6.44881e-17 0)
(3 2.15241e-15 0)
(3 1.75013e-15 0)
(3 -7.75182e-16 0)
(3 6.44335e-15 0)
(3 4.10123e-15 0)
(3 -5.23531e-16 0)
(3 1.0322e-15 0)
(3 9.42216e-16 0)
(3 -3.03265e-15 0)
(3 -2.67675e-15 0)
(3 1.24355e-15 0)
(3 -1.55477e-15 0)
(3 -2.65725e-15 0)
(3 -4.37412e-16 0)
(3 -4.50305e-15 0)
(3 -1.47267e-15 0)
(3 5.43785e-15 0)
(3 2.93601e-15 0)
(3 6.62125e-15 0)
(3 1.89964e-15 0)
(3 -1.74215e-15 0)
(3 -2.45603e-15 0)
(3 1.04646e-15 0)
(3 1.11082e-15 0)
(3 -1.96129e-15 0)
(3 9.08649e-16 0)
(3 -1.12759e-15 0)
(3 -1.73854e-15 0)
(3 8.93243e-16 0)
(3 1.28725e-15 0)
(3 -1.57266e-16 0)
(3 1.04457e-15 0)
(3 2.93754e-15 0)
(3 6.97581e-16 0)
(3 -3.88968e-15 0)
(3 -3.91254e-15 0)
(3 -8.57864e-15 0)
(3 -6.15148e-15 0)
(3 3.75577e-15 0)
(3 4.36876e-15 0)
(3 3.1719e-15 0)
(3 -6.12439e-16 0)
(3 -1.66237e-15 0)
(3 -3.04839e-15 0)
(3 -1.76925e-15 0)
(3 -4.17719e-15 0)
(3 -6.27393e-15 0)
(3 -6.18091e-15 0)
(3 7.91606e-15 0)
(3 7.13136e-15 0)
(3 5.33853e-15 0)
(3 2.0145e-16 0)
(3 -4.91817e-17 0)
(3 4.74148e-16 0)
(3 1.66467e-15 0)
(3 -4.97499e-15 0)
(3 -5.71197e-15 0)
(3 -2.96223e-15 0)
(3 4.09313e-15 0)
(3 1.49138e-15 0)
(3 2.3472e-15 0)
(3 4.33633e-16 0)
(3 -9.3243e-17 0)
(3 -1.37299e-15 0)
(3 2.31122e-15 0)
(3 -4.41502e-15 0)
(3 -4.38108e-15 0)
(3 -5.3664e-15 0)
(3 7.78093e-16 0)
(3 8.16509e-17 0)
(3 1.81973e-15 0)
(3 3.68909e-15 0)
(3 3.71297e-15 0)
(3 1.76976e-16 0)
(3 -3.88498e-17 0)
(3 -4.82056e-15 0)
(3 -3.10327e-15 0)
(3 -5.12617e-15 0)
(3 -9.97891e-16 0)
(3 7.65355e-16 0)
(3 2.63731e-15 0)
(3 5.31267e-15 0)
(3 7.51081e-15 0)
(3 6.05196e-15 0)
(3 4.42703e-16 0)
(3 -5.10884e-15 0)
(3 -3.65043e-15 0)
(3 -1.34381e-15 0)
(3 7.88185e-16 0)
(3 1.60222e-15 0)
(3 2.52304e-15 0)
(3 2.40629e-15 0)
(3 5.64569e-15 0)
(3 4.92168e-15 0)
(3 2.0868e-15 0)
(3 -3.77453e-15 0)
(3 -2.45944e-16 0)
(3 4.49983e-16 0)
(3 3.28357e-15 0)
(3 3.7886e-15 0)
(3 4.34373e-15 0)
(3 3.64649e-15 0)
(3 -4.01677e-16 0)
(3 -3.65065e-16 0)
(3 6.68671e-16 0)
(3 2.02065e-16 0)
(3 1.67197e-15 0)
(3 -4.50819e-16 0)
(3 1.02935e-15 0)
(3 5.51018e-16 0)
(3 -5.67213e-16 0)
(3 2.3756e-16 0)
(3 -1.95708e-15 0)
(3 -2.49298e-15 0)
(3 -1.59365e-15 0)
(3 1.81495e-15 0)
(3 8.31894e-16 0)
(3 -1.46321e-15 0)
(3 -9.8402e-16 0)
(3 -8.66753e-16 0)
(3 -1.95395e-15 0)
(3 -3.75971e-15 0)
(3 -2.83037e-15 0)
(3 -1.6669e-15 0)
(3 -4.89404e-15 0)
(3 -6.86423e-16 0)
(3 -4.12511e-15 0)
(3 -2.68453e-16 0)
(3 -2.11919e-15 0)
(3 -1.8427e-15 0)
(3 -2.58197e-15 0)
(3 -3.21186e-15 0)
(3 -2.8103e-15 0)
(3 -4.02939e-15 0)
(3 -3.03393e-15 0)
(3 1.18997e-15 0)
(3 -1.14611e-15 0)
(3 1.98207e-15 0)
(3 -4.37445e-15 0)
(3 -6.06896e-15 0)
(3 -5.05112e-15 0)
(3 -3.83726e-15 0)
(3 -2.48204e-15 0)
(3 -1.67136e-15 0)
(3 -9.66486e-16 0)
(3 1.6629e-15 0)
(3 1.76408e-16 0)
(3 1.69154e-15 0)
(3 -4.54754e-15 0)
(3 -6.17394e-15 0)
(3 -7.31527e-15 0)
(3 -4.14168e-15 0)
(3 -1.497e-15 0)
(3 9.47406e-16 0)
(3 1.78985e-15 0)
(3 1.06669e-15 0)
(3 4.18036e-15 0)
(3 4.57651e-15 0)
(3 -2.84699e-15 0)
(3 -2.04788e-15 0)
(3 -1.78742e-15 0)
(3 -2.45606e-15 0)
(3 -3.33319e-15 0)
(3 -6.59962e-16 0)
(3 4.04704e-15 0)
(3 3.59174e-15 0)
(3 5.60266e-15 0)
(3 3.06392e-15 0)
(3 -2.11278e-15 0)
(3 -5.6239e-16 0)
(3 9.85631e-16 0)
(3 3.94552e-16 0)
(3 -1.11148e-15 0)
(3 -1.72354e-15 0)
(3 3.81572e-15 0)
(3 3.05522e-15 0)
(3 2.87582e-15 0)
(3 9.31057e-16 0)
(3 -2.17782e-15 0)
(3 -2.00061e-15 0)
(3 -8.41062e-16 0)
(3 -1.11704e-15 0)
(3 3.53664e-16 0)
(3 2.02801e-15 0)
(3 3.03314e-15 0)
(3 2.91347e-15 0)
(3 5.45677e-15 0)
(3 5.37533e-16 0)
(3 -8.41024e-16 0)
(3 -1.70399e-15 0)
(3 -2.46202e-15 0)
(3 -2.54697e-15 0)
(3 -1.42732e-15 0)
(3 3.64153e-15 0)
(3 1.02484e-15 0)
(3 2.95349e-15 0)
(3 3.50772e-15 0)
(3 1.22116e-15 0)
(3 -1.71339e-15 0)
(3 -1.09484e-15 0)
(3 -6.68623e-16 0)
(3 -1.51422e-16 0)
(3 2.82121e-15 0)
(3 5.89825e-15 0)
(3 1.76246e-15 0)
(3 3.38842e-15 0)
(3 2.26478e-15 0)
(3 2.01981e-15 0)
(3 1.0047e-15 0)
(3 1.65964e-15 0)
(3 1.83643e-15 0)
(3 3.6134e-15 0)
(3 8.11845e-15 0)
(3 6.11253e-15 0)
(3 3.6044e-15 0)
(3 4.85276e-15 0)
(3 4.85195e-15 0)
(3 4.50064e-15 0)
(3 2.25163e-15 0)
(3 5.65858e-16 0)
(3 4.03044e-16 0)
(3 4.28524e-15 0)
(3 6.37613e-15 0)
(3 4.20817e-15 0)
(3 6.26102e-15 0)
(3 5.73489e-15 0)
(3 2.97229e-15 0)
(3 5.94576e-15 0)
(3 3.18392e-15 0)
(3 3.86278e-15 0)
(3 4.03428e-15 0)
(3 4.2276e-15 0)
(3 3.35172e-15 0)
(3 3.56934e-15 0)
(3 5.34727e-15 0)
(3 3.37458e-15 0)
(3 7.18406e-16 0)
(3 3.53556e-16 0)
(3 6.3739e-15 0)
(3 6.95311e-15 0)
(3 7.14338e-15 0)
(3 6.14231e-15 0)
(3 3.80181e-15 0)
(3 1.52072e-15 0)
(3 -6.1624e-16 0)
(3 -2.57074e-15 0)
(3 -5.4648e-15 0)
(3 1.49607e-15 0)
(3 3.83255e-15 0)
(3 3.73379e-15 0)
(3 4.60222e-15 0)
(3 3.74243e-15 0)
(3 2.61914e-15 0)
(3 -1.50461e-15 0)
(3 -4.68698e-15 0)
(3 -4.94311e-15 0)
(3 -6.30453e-17 0)
(3 -1.2789e-15 0)
(3 -1.69685e-15 0)
(3 -1.4163e-15 0)
(3 -7.58736e-16 0)
(3 -8.82743e-16 0)
(3 -5.89941e-16 0)
(3 1.25627e-15 0)
(3 -1.15763e-15 0)
(3 -1.20464e-15 0)
(3 2.54519e-15 0)
(3 -1.57791e-15 0)
(3 2.80008e-15 0)
(3 2.24417e-15 0)
(3 9.03112e-16 0)
(3 1.07289e-15 0)
(3 3.80892e-16 0)
(3 2.3517e-15 0)
(3 3.90532e-15 0)
(3 5.36306e-15 0)
(3 9.50805e-16 0)
(3 -2.89247e-16 0)
(3 1.85019e-15 0)
(3 1.45131e-15 0)
(3 7.82607e-16 0)
(3 -6.05292e-16 0)
(3 -1.55457e-15 0)
(3 -7.82774e-16 0)
(3 6.4448e-16 0)
(3 1.92784e-15 0)
(3 2.47122e-15 0)
(3 1.77907e-15 0)
(3 1.66718e-15 0)
(3 5.17107e-16 0)
(3 -5.94188e-16 0)
(3 -1.98502e-15 0)
(3 -2.30112e-15 0)
(3 -2.06425e-15 0)
(3 -1.10826e-15 0)
(3 1.51667e-15 0)
(3 1.07452e-15 0)
(3 -4.24455e-18 0)
(3 2.6799e-15 0)
(3 2.41593e-15 0)
(3 2.24213e-15 0)
(3 1.87202e-15 0)
(3 3.42139e-15 0)
(3 2.93238e-15 0)
(3 2.02284e-15 0)
(3 3.78981e-16 0)
(3 -3.03465e-15 0)
(3 -4.84502e-15 0)
(3 -1.87473e-17 0)
(3 -1.07565e-16 0)
(3 -1.21803e-16 0)
(3 1.18983e-15 0)
(3 1.68351e-15 0)
(3 1.60663e-15 0)
(3 3.42354e-15 0)
(3 7.95934e-16 0)
(3 2.06152e-15 0)
(3 1.05037e-15 0)
(3 -9.92754e-16 0)
(3 -2.00627e-16 0)
(3 6.9649e-16 0)
(3 1.52806e-15 0)
(3 2.19894e-15 0)
(3 1.04048e-15 0)
(3 1.91461e-15 0)
(3 2.12626e-15 0)
(3 4.87e-15 0)
(3 2.1901e-15 0)
(3 -8.27227e-16 0)
(3 -5.75797e-16 0)
(3 1.37287e-16 0)
(3 7.42022e-16 0)
(3 1.64892e-15 0)
(3 6.5143e-16 0)
(3 -3.7065e-15 0)
(3 -2.94376e-15 0)
(3 -1.06192e-15 0)
(3 -1.37311e-16 0)
(3 6.93599e-16 0)
(3 7.18621e-16 0)
(3 1.10463e-16 0)
(3 -1.41441e-15 0)
(3 -3.12829e-15 0)
(3 -2.28563e-15 0)
(3 -1.02291e-15 0)
(3 -2.67299e-15 0)
(3 -1.85299e-15 0)
(3 -1.40289e-15 0)
(3 2.60708e-15 0)
(3 2.32563e-15 0)
(3 1.67797e-15 0)
(3 1.20575e-15 0)
(3 -4.38633e-16 0)
(3 -3.34775e-16 0)
(3 8.7936e-16 0)
(3 -7.07867e-16 0)
(3 -1.51012e-15 0)
(3 -1.94355e-15 0)
(3 4.38619e-15 0)
(3 4.26051e-15 0)
(3 3.98573e-15 0)
(3 3.24578e-15 0)
(3 2.33542e-15 0)
(3 1.62542e-15 0)
(3 -2.48877e-17 0)
(3 2.72989e-16 0)
(3 -2.87591e-16 0)
(3 1.32453e-15 0)
(3 -9.17272e-17 0)
(3 -4.17226e-17 0)
(3 7.66677e-17 0)
(3 3.45626e-16 0)
(3 1.9764e-15 0)
(3 1.26706e-15 0)
(3 1.85553e-15 0)
(3 1.59473e-15 0)
(3 1.42797e-15 0)
(3 2.74399e-15 0)
(3 3.7009e-15 0)
(3 5.3036e-15 0)
(3 2.28504e-15 0)
(3 -7.59142e-16 0)
(3 2.87654e-15 0)
(3 2.21601e-15 0)
(3 1.75143e-15 0)
(3 2.38513e-15 0)
(3 -3.77916e-16 0)
(3 -1.12191e-15 0)
(3 -9.26026e-16 0)
(3 8.64389e-16 0)
(3 2.66043e-15 0)
(3 4.49687e-15 0)
(3 6.28364e-17 0)
(3 4.03241e-15 0)
(3 5.11591e-15 0)
(3 1.30737e-15 0)
(3 2.40095e-16 0)
(3 2.8397e-15 0)
(3 2.47179e-15 0)
(3 1.8014e-15 0)
(3 2.2063e-15 0)
(3 -6.0519e-16 0)
(3 -1.02309e-15 0)
(3 -1.22915e-15 0)
(3 9.87475e-16 0)
(3 1.93687e-15 0)
(3 4.66625e-15 0)
(3 2.2533e-16 0)
(3 4.18764e-15 0)
(3 4.22669e-15 0)
(3 7.50162e-16 0)
(3 8.84755e-16 0)
(3 2.65291e-15 0)
(3 2.55742e-15 0)
(3 1.87271e-15 0)
(3 2.17939e-15 0)
(3 -1.45494e-15 0)
(3 -8.56446e-16 0)
(3 -1.16893e-15 0)
(3 7.99279e-16 0)
(3 1.47466e-15 0)
(3 5.67081e-15 0)
(3 5.20447e-16 0)
(3 4.14445e-15 0)
(3 3.21096e-15 0)
(3 4.52728e-16 0)
(3 1.7435e-15 0)
(3 2.34794e-15 0)
(3 2.66655e-15 0)
(3 1.74096e-15 0)
(3 2.13912e-15 0)
(3 -1.96366e-15 0)
(3 -8.594e-16 0)
(3 -1.28215e-15 0)
(3 1.02135e-15 0)
(3 8.63115e-16 0)
(3 6.27836e-15 0)
(3 8.46677e-16 0)
(3 3.66895e-15 0)
(3 2.33456e-15 0)
(3 9.1699e-16 0)
(3 2.54673e-15 0)
(3 2.2452e-15 0)
(3 2.65962e-15 0)
(3 1.69792e-15 0)
(3 2.5277e-15 0)
(3 -2.30086e-15 0)
(3 -1.10724e-15 0)
(3 -1.2358e-15 0)
(3 1.15646e-15 0)
(3 5.06897e-16 0)
(3 6.37353e-15 0)
(3 9.87156e-16 0)
(3 3.15623e-15 0)
(3 1.36526e-15 0)
(3 6.10479e-16 0)
(3 2.95786e-15 0)
(3 2.71538e-15 0)
(3 2.3674e-15 0)
(3 1.65023e-15 0)
(3 2.6958e-15 0)
(3 -2.63049e-15 0)
(3 -1.36296e-15 0)
(3 -7.9685e-16 0)
(3 1.32751e-15 0)
(3 -2.94698e-17 0)
(3 6.5574e-15 0)
(3 1.06115e-15 0)
(3 2.81207e-15 0)
(3 7.12589e-16 0)
(3 4.62682e-16 0)
(3 2.45642e-15 0)
(3 3.62966e-15 0)
(3 2.55168e-15 0)
(3 9.48591e-16 0)
(3 2.67631e-15 0)
(3 -2.24655e-15 0)
(3 -1.48042e-15 0)
(3 -5.32408e-16 0)
(3 1.50532e-15 0)
(3 -4.93274e-16 0)
(3 6.74177e-15 0)
(3 1.24603e-15 0)
(3 1.86614e-15 0)
(3 -1.41171e-16 0)
(3 9.05601e-16 0)
(3 2.13736e-15 0)
(3 4.02168e-15 0)
(3 2.21802e-15 0)
(3 7.61477e-16 0)
(3 2.85114e-15 0)
(3 -2.12003e-15 0)
(3 -2.28979e-15 0)
(3 -1.00852e-16 0)
(3 1.35503e-15 0)
(3 -8.84798e-16 0)
(3 6.68872e-15 0)
(3 1.68472e-15 0)
(3 1.00448e-15 0)
(3 -8.19905e-16 0)
(3 1.46496e-15 0)
(3 2.0836e-15 0)
(3 4.45526e-15 0)
(3 2.26365e-15 0)
(3 3.19394e-16 0)
(3 2.89569e-15 0)
(3 -1.74037e-15 0)
(3 -2.61281e-15 0)
(3 6.88562e-17 0)
(3 1.17293e-15 0)
(3 -1.3772e-15 0)
(3 6.53648e-15 0)
(3 1.87736e-15 0)
(3 -2.24201e-15 0)
(3 1.38121e-16 0)
(3 6.72056e-16 0)
(3 2.69666e-15 0)
(3 4.67312e-15 0)
(3 2.25545e-15 0)
(3 8.85062e-17 0)
(3 2.96761e-15 0)
(3 -1.32567e-15 0)
(3 -2.96912e-15 0)
(3 1.31346e-16 0)
(3 1.18497e-15 0)
(3 -1.97194e-15 0)
(3 6.49771e-15 0)
(3 2.06739e-15 0)
(3 -1.23816e-06 0)
(3 -1.41975e-08 0)
(3 7.61817e-11 0)
(3 1.26186e-11 0)
(3 4.04628e-13 0)
(3 5.78554e-15 0)
(3 -5.65976e-16 0)
(3 2.689e-15 0)
(3 -6.47446e-16 0)
(3 -3.06815e-15 0)
(3 1.05416e-16 0)
(3 9.54751e-16 0)
(3 -2.57903e-15 0)
(3 6.72905e-15 0)
(3 2.16179e-15 0)
(3.00001 2.19075e-05 0)
(3 -1.20569e-07 0)
(3 -2.3838e-08 0)
(3 -1.16027e-09 0)
(3 -1.76424e-11 0)
(3 -7.84808e-14 0)
(3 6.96077e-16 0)
(3 2.61987e-15 0)
(3 -8.39829e-16 0)
(3 -2.69882e-15 0)
(3 -5.50447e-17 0)
(3 7.84256e-16 0)
(3 -2.74525e-15 0)
(3 6.84865e-15 0)
(3 2.25771e-15 0)
(3.00075 0.00153947 0)
(3.00003 0.000107654 0)
(3 3.49454e-06 0)
(3 8.68664e-08 0)
(3 3.44167e-10 0)
(3 1.18997e-12 0)
(3 -2.8556e-14 0)
(3 -1.12043e-15 0)
(3 -1.16198e-15 0)
(3 -2.4632e-15 0)
(3 -1.24475e-16 0)
(3 8.93762e-16 0)
(3 -2.74549e-15 0)
(3 6.9456e-15 0)
(3 2.32532e-15 0)
(2.99362 -0.0495975 0)
(2.99997 -0.00113596 0)
(3 -1.86157e-06 0)
(3 -7.24945e-08 0)
(3 -1.0239e-09 0)
(3 -1.15276e-10 0)
(3 -3.82368e-12 0)
(3 -1.20608e-13 0)
(3 -2.97448e-15 0)
(3 -2.23459e-15 0)
(3 -4.30533e-17 0)
(3 6.11055e-16 0)
(3 -2.14916e-15 0)
(3 6.1436e-15 0)
(3 2.38273e-15 0)
(2.56912 -0.57677 0)
(2.99126 -0.0375361 0)
(3.00028 -0.000235183 0)
(3 2.57299e-06 0)
(3 4.48563e-07 0)
(3 3.42623e-08 0)
(3 6.34723e-10 0)
(3 1.16913e-12 0)
(3 1.03996e-15 0)
(3 -2.06785e-15 0)
(3 -1.24764e-16 0)
(3 4.56308e-16 0)
(3 -1.24768e-15 0)
(3 5.07748e-15 0)
(3 2.42405e-15 0)
(2.17883 -0.899842 0)
(2.6667 -0.453379 0)
(2.98395 -0.0357982 0)
(2.99994 -0.000489401 0)
(3 -4.33304e-06 0)
(3 -1.12606e-08 0)
(3 1.78357e-09 0)
(3 6.74623e-11 0)
(3 4.35705e-13 0)
(3 -1.89043e-15 0)
(3 -8.2216e-16 0)
(3 -4.14256e-17 0)
(3 -1.01936e-15 0)
(3 5.0844e-15 0)
(3 2.44071e-15 0)
(2.17952 -0.877873 0)
(2.41683 -0.738958 0)
(2.84976 -0.26582 0)
(2.99608 -0.0146198 0)
(3.00002 -6.31229e-05 0)
(3 1.06959e-06 0)
(3 7.3871e-09 0)
(3 1.33236e-09 0)
(3 6.62609e-11 0)
(3 1.02522e-12 0)
(3 7.83797e-15 0)
(3 -7.18962e-16 0)
(3 -1.74384e-15 0)
(3 5.97409e-15 0)
(3 2.57539e-15 0)
(2.20451 -0.806282 0)
(2.2471 -0.805708 0)
(2.5787 -0.563444 0)
(2.94144 -0.122268 0)
(2.99882 -0.00532578 0)
(2.99998 -7.69152e-05 0)
(3 -9.28169e-07 0)
(3 -1.20679e-08 0)
(3 -6.79939e-11 0)
(3 -5.82487e-13 0)
(3 -1.15159e-14 0)
(3 -2.78465e-15 0)
(3 -2.66754e-15 0)
(3 6.60767e-15 0)
(3 2.77581e-15 0)
(2.27885 -0.655052 0)
(2.25341 -0.790069 0)
(2.40008 -0.739326 0)
(2.77963 -0.375224 0)
(2.99056 -0.0347465 0)
(3.00006 -0.000446303 0)
(3 1.29073e-06 0)
(3 8.39256e-08 0)
(3 1.53432e-08 0)
(3 6.36634e-10 0)
(3 8.36198e-12 0)
(3 5.83766e-14 0)
(3 -2.2586e-15 0)
(3 6.33783e-15 0)
(3 2.75843e-15 0)
(2.41456 -0.405087 0)
(2.27061 -0.703362 0)
(2.34171 -0.735274 0)
(2.54994 -0.601227 0)
(2.85689 -0.244467 0)
(2.98679 -0.0324035 0)
(2.99954 -0.00158227 0)
(2.99999 -3.89596e-05 0)
(3 -5.89993e-07 0)
(3 -5.98052e-09 0)
(3 -4.29013e-11 0)
(3 -2.30796e-13 0)
(3 -4.23551e-15 0)
(3 6.58426e-15 0)
(3 2.54782e-15 0)
(2.49933 -0.20431 0)
(2.33554 -0.585806 0)
(2.34537 -0.711296 0)
(2.43408 -0.685835 0)
(2.73053 -0.430539 0)
(2.9693 -0.0704651 0)
(2.99897 -0.00339739 0)
(2.99998 -7.15629e-05 0)
(3 -1.10127e-06 0)
(3 -1.25882e-08 0)
(3 -1.07197e-10 0)
(3 -7.09236e-13 0)
(3 -7.35435e-15 0)
(3 5.12676e-15 0)
(3 2.20715e-15 0)
(2.5733 0.0937296 0)
(2.44524 -0.3366 0)
(2.38949 -0.600843 0)
(2.4332 -0.678297 0)
(2.58879 -0.607723 0)
(2.84716 -0.307404 0)
(2.98528 -0.0369784 0)
(2.99963 -0.000927632 0)
(3 -9.76577e-06 0)
(3 -8.18007e-08 0)
(3 -6.35894e-10 0)
(3 -4.43118e-12 0)
(3 -3.30028e-14 0)
(3 2.11554e-15 0)
(3 1.80883e-15 0)
(2.62966 0.0763959 0)
(2.53228 -0.114332 0)
(2.44546 -0.452442 0)
(2.43485 -0.641591 0)
(2.52024 -0.634614 0)
(2.73439 -0.476219 0)
(2.95053 -0.132129 0)
(2.99753 -0.00751694 0)
(2.99996 -0.000111305 0)
(3 -9.17868e-07 0)
(3 -6.32573e-09 0)
(3 -4.01321e-11 0)
(3 -2.39739e-13 0)
(3 -1.64591e-15 0)
(3 4.87841e-16 0)
(2.62144 0.0795164 0)
(2.57936 0.110652 0)
(2.51499 -0.273117 0)
(2.46775 -0.550769 0)
(2.52121 -0.620609 0)
(2.6142 -0.581614 0)
(2.82122 -0.376437 0)
(2.97512 -0.0632394 0)
(2.99919 -0.00196696 0)
(2.99999 -2.04371e-05 0)
(3 -1.42762e-07 0)
(3 -8.56864e-10 0)
(3 -4.64901e-12 0)
(3 -2.38704e-14 0)
(3 2.54353e-16 0)
(2.56795 0.190788 0)
(2.58456 0.176266 0)
(2.5917 -0.00168551 0)
(2.5405 -0.35387 0)
(2.53029 -0.571048 0)
(2.61247 -0.580762 0)
(2.75267 -0.480273 0)
(2.93075 -0.178058 0)
(2.99479 -0.0139721 0)
(2.99989 -0.000252209 0)
(3 -2.12863e-06 0)
(3 -1.38265e-08 0)
(3 -7.88845e-11 0)
(3 -4.08937e-13 0)
(3 -7.86967e-17 0)
(2.60016 0.299053 0)
(2.59683 0.215211 0)
(2.62134 0.0253996 0)
(2.59091 -0.19627 0)
(2.56709 -0.459102 0)
(2.61107 -0.564953 0)
(2.66856 -0.550104 0)
(2.83051 -0.370986 0)
(2.96976 -0.0758502 0)
(2.99876 -0.00294751 0)
(2.99998 -3.47041e-05 0)
(3 -2.55762e-07 0)
(3 -1.56203e-09 0)
(3 -8.2624e-12 0)
(3 -3.30875e-14 0)
(2.65485 0.407174 0)
(2.66317 0.309643 0)
(2.62416 0.0398862 0)
(2.62559 -0.0953282 0)
(2.6173 -0.316332 0)
(2.61921 -0.517689 0)
(2.66619 -0.550336 0)
(2.76764 -0.478288 0)
(2.91906 -0.202212 0)
(2.99236 -0.0190311 0)
(2.99982 -0.000401728 0)
(3 -3.54557e-06 0)
(3 -2.33342e-08 0)
(3 -1.3817e-10 0)
(3 -6.20544e-13 0)
(2.67166 0.496817 0)
(2.68367 0.377704 0)
(2.64031 0.127954 0)
(2.67506 0.0819959 0)
(2.66597 -0.168067 0)
(2.66011 -0.401372 0)
(2.66904 -0.534029 0)
(2.71309 -0.522899 0)
(2.84163 -0.363076 0)
(2.96713 -0.0825262 0)
(2.99848 -0.00363009 0)
(2.99998 -4.63692e-05 0)
(3 -3.45322e-07 0)
(3 -2.01403e-09 0)
(3 -9.81494e-12 0)
(2.70415 0.514487 0)
(2.71447 0.405458 0)
(2.63652 0.164095 0)
(2.67705 0.153758 0)
(2.68781 -0.0843905 0)
(2.69608 -0.282795 0)
(2.68657 -0.478863 0)
(2.71387 -0.519214 0)
(2.79518 -0.449287 0)
(2.92168 -0.198283 0)
(2.99182 -0.0198985 0)
(2.9998 -0.000440076 0)
(3 -4.08314e-06 0)
(3 -2.94565e-08 0)
(3 -1.4675e-10 0)
(2.73029 0.527315 0)
(2.73532 0.442013 0)
(2.69355 0.248357 0)
(2.7094 0.250375 0)
(2.70876 -0.00351365 0)
(2.725 -0.184918 0)
(2.71981 -0.38797 0)
(2.71941 -0.501671 0)
(2.75226 -0.493619 0)
(2.8546 -0.345684 0)
(2.96664 -0.0822877 0)
(2.99834 -0.00389901 0)
(2.99998 -5.10624e-05 0)
(3 -3.58993e-07 0)
(3 -2.00763e-09 0)
(2.72324 0.564627 0)
(2.71873 0.462732 0)
(2.71253 0.348937 0)
(2.73628 0.315227 0)
(2.73669 0.0852566 0)
(2.78176 -0.00360044 0)
(2.75377 -0.28259 0)
(2.73799 -0.45224 0)
(2.75291 -0.491296 0)
(2.81672 -0.418763 0)
(2.92936 -0.177112 0)
(2.99262 -0.017648 0)
(2.99982 -0.000413789 0)
(3 -4.22622e-06 0)
(3 -2.43772e-08 0)
(2.71263 0.573895 0)
(2.70987 0.49504 0)
(2.73029 0.391739 0)
(2.77339 0.323034 0)
(2.74773 0.0686692 0)
(2.78913 0.0549418 0)
(2.79218 -0.155093 0)
(2.77032 -0.366925 0)
(2.7585 -0.476216 0)
(2.78329 -0.464702 0)
(2.86505 -0.32594 0)
(2.96829 -0.0765008 0)
(2.99846 -0.00345437 0)
(2.99998 -4.40141e-05 0)
(3 -2.98406e-07 0)
(2.71378 0.614151 0)
(2.7222 0.530574 0)
(2.75217 0.439627 0)
(2.794 0.347446 0)
(2.75675 0.130281 0)
(2.80597 0.121758 0)
(2.8236 -0.0651899 0)
(2.80167 -0.277231 0)
(2.77535 -0.434519 0)
(2.78387 -0.463869 0)
(2.83348 -0.391235 0)
(2.93525 -0.159049 0)
(2.99308 -0.0166609 0)
(2.99983 -0.000386959 0)
(3 -3.12003e-06 0)
(2.74681 0.620887 0)
(2.73993 0.560105 0)
(2.77543 0.463679 0)
(2.80657 0.37308 0)
(2.79808 0.20779 0)
(2.83813 0.224182 0)
(2.84306 -0.00490332 0)
(2.84625 -0.146442 0)
(2.80364 -0.364936 0)
(2.78883 -0.453073 0)
(2.80859 -0.435061 0)
(2.88379 -0.28284 0)
(2.97638 -0.0557077 0)
(2.99887 -0.00250393 0)
(2.99998 -2.76123e-05 0)
(2.74565 0.603083 0)
(2.78825 0.560228 0)
(2.80109 0.467605 0)
(2.80087 0.373816 0)
(2.82649 0.291118 0)
(2.86074 0.25896 0)
(2.85156 0.02261 0)
(2.87034 -0.0548952 0)
(2.83839 -0.265732 0)
(2.80485 -0.416663 0)
(2.80904 -0.435342 0)
(2.84542 -0.371986 0)
(2.93454 -0.158875 0)
(2.99371 -0.0143716 0)
(2.99983 -0.000279497 0)
(2.73034 0.434883 0)
(2.79377 0.562968 0)
(2.8262 0.507755 0)
(2.82245 0.429124 0)
(2.83779 0.342399 0)
(2.88427 0.281297 0)
(2.84779 0.034374 0)
(2.88265 0.0173396 0)
(2.87286 -0.158246 0)
(2.82935 -0.35656 0)
(2.81255 -0.428139 0)
(2.82722 -0.408096 0)
(2.90935 -0.225603 0)
(2.98165 -0.0451952 0)
(2.99906 -0.00144413 0)
(2.69762 0.22383 0)
(2.78428 0.502743 0)
(2.83009 0.516337 0)
(2.84394 0.470679 0)
(2.86555 0.381189 0)
(2.90517 0.310923 0)
(2.87636 0.105897 0)
(2.90453 0.103269 0)
(2.89104 -0.100723 0)
(2.86385 -0.260179 0)
(2.82488 -0.400969 0)
(2.82798 -0.407823 0)
(2.86033 -0.342504 0)
(2.94779 -0.128562 0)
(2.99422 -0.00918174 0)
(2.66892 0.134518 0)
(2.76159 0.328683 0)
(2.82634 0.515267 0)
(2.85368 0.503718 0)
(2.89451 0.400138 0)
(2.92112 0.317712 0)
(2.88147 0.165721 0)
(2.91824 0.182706 0)
(2.90556 -0.0355627 0)
(2.89306 -0.172322 0)
(2.84577 -0.351871 0)
(2.83104 -0.403136 0)
(2.83915 -0.388297 0)
(2.91803 -0.203078 0)
(2.98103 -0.0276603 0)
(2.66772 0.0400935 0)
(2.75514 0.177713 0)
(2.8287 0.445431 0)
(2.8775 0.489426 0)
(2.91949 0.414754 0)
(2.92218 0.328946 0)
(2.91723 0.245876 0)
(2.93485 0.230694 0)
(2.91182 -0.00446084 0)
(2.91625 -0.0912997 0)
(2.87713 -0.269018 0)
(2.83987 -0.387293 0)
(2.84298 -0.384788 0)
(2.88308 -0.304714 0)
(2.94833 -0.0805821 0)
(2.62357 0.00772307 0)
(2.71871 0.0492593 0)
(2.80468 0.206209 0)
(2.88367 0.418639 0)
(2.92005 0.417984 0)
(2.93853 0.399019 0)
(2.94554 0.29701 0)
(2.96573 0.264653 0)
(2.9307 0.0572947 0)
(2.94406 0.0291557 0)
(2.91201 -0.161174 0)
(2.87091 -0.313346 0)
(2.84975 -0.373654 0)
(2.87284 -0.347299 0)
(2.88061 -0.153596 0)
(2.63865 0.153792 0)
(2.65992 0.25883 0)
(2.72691 0.274047 0)
(2.82501 0.396383 0)
(2.78716 0.44224 0)
(2.7407 0.490628 0)
(2.69304 0.561252 0)
(2.67794 0.630203 0)
(2.70099 0.63424 0)
(2.71027 0.602967 0)
(2.71231 0.636875 0)
(2.718 0.656807 0)
(2.71948 0.673982 0)
(2.71451 0.647882 0)
(2.67926 0.372644 0)
(2.66265 0.142957 0)
(2.62114 -0.0267427 0)
(2.5669 0.00225354 0)
(2.56615 0.0245779 0)
(2.57976 0.0134984 0)
(2.68382 0.321209 0)
(2.7005 0.420033 0)
(2.75938 0.401066 0)
(2.82884 0.465718 0)
(2.81935 0.51916 0)
(2.77275 0.586055 0)
(2.71851 0.669648 0)
(2.70118 0.707675 0)
(2.70716 0.674509 0)
(2.69965 0.674129 0)
(2.70681 0.69693 0)
(2.70994 0.69964 0)
(2.7079 0.655095 0)
(2.66528 0.35168 0)
(2.61785 0.146689 0)
(2.60184 0.0532468 0)
(2.59527 0.00531854 0)
(2.59038 -0.00469755 0)
(2.56716 0.021996 0)
(2.57291 0.0140639 0)
(2.72691 0.512036 0)
(2.72106 0.563556 0)
(2.76491 0.5966 0)
(2.79697 0.633127 0)
(2.80318 0.68447 0)
(2.78862 0.718302 0)
(2.75787 0.776516 0)
(2.74455 0.776733 0)
(2.72653 0.748073 0)
(2.68814 0.723618 0)
(2.68864 0.733079 0)
(2.68545 0.646657 0)
(2.64087 0.302998 0)
(2.63366 0.170021 0)
(2.58797 0.060115 0)
(2.57374 0.0285968 0)
(2.57875 0.00853363 0)
(2.58962 -0.0134264 0)
(2.5825 0.00254505 0)
(2.57608 0.0119126 0)
(2.7545 0.643797 0)
(2.7218 0.728486 0)
(2.74916 0.721561 0)
(2.75353 0.738976 0)
(2.77675 0.779559 0)
(2.80129 0.805679 0)
(2.7931 0.839389 0)
(2.78319 0.836857 0)
(2.73623 0.796877 0)
(2.72113 0.780086 0)
(2.6787 0.634191 0)
(2.63399 0.244136 0)
(2.63875 0.142113 0)
(2.61049 0.0799947 0)
(2.59483 0.038279 0)
(2.57337 0.0244908 0)
(2.5748 0.000456316 0)
(2.58096 -0.0082862 0)
(2.58002 -0.00196019 0)
(2.57587 0.00956447 0)
(2.72747 0.889184 0)
(2.73451 0.895139 0)
(2.72108 0.908028 0)
(2.72835 0.919283 0)
(2.74854 0.924331 0)
(2.81077 0.924785 0)
(2.81505 0.932586 0)
(2.81056 0.908995 0)
(2.78456 0.808229 0)
(2.72953 0.545316 0)
(2.66677 0.198145 0)
(2.64689 0.106451 0)
(2.63161 0.0559028 0)
(2.61051 0.0324151 0)
(2.59264 0.0137283 0)
(2.57281 0.00511336 0)
(2.56607 0.00334801 0)
(2.5716 -0.00185545 0)
(2.57086 -0.00188871 0)
(2.5655 0.00518232 0)
(2.70815 1.09009 0)
(2.74048 1.05214 0)
(2.70331 1.00298 0)
(2.68707 1.02008 0)
(2.74339 1.01766 0)
(2.79536 0.999736 0)
(2.80288 0.930865 0)
(2.81303 0.695524 0)
(2.76323 0.353695 0)
(2.7128 0.220361 0)
(2.63527 0.0881683 0)
(2.59851 0.046106 0)
(2.59183 0.0182751 0)
(2.57694 0.00517862 0)
(2.56231 -0.00402672 0)
(2.54741 -0.000798817 0)
(2.54724 0.00979864 0)
(2.5488 0.00842908 0)
(2.54298 0.0018732 0)
(2.5323 0.00199574 0)
(2.70332 1.23399 0)
(2.7399 1.18874 0)
(2.70751 1.2215 0)
(2.69763 1.20703 0)
(2.72112 1.10324 0)
(2.79497 0.84655 0)
(2.7456 0.408205 0)
(2.7184 0.236455 0)
(2.59978 0.0424347 0)
(2.5444 0.0590255 0)
(2.52415 0.0623118 0)
(2.53129 0.0482407 0)
(2.5207 0.0158363 0)
(2.50373 -0.0179464 0)
(2.49781 -0.0180145 0)
(2.49367 -0.000930285 0)
(2.49489 0.0147955 0)
(2.49166 0.0132003 0)
(2.48359 0.00159125 0)
(2.46653 -0.00223803 0)
(2.6857 1.46311 0)
(2.67784 1.38336 0)
(2.60595 1.09342 0)
(2.60999 0.874527 0)
(2.59408 0.504336 0)
(2.66335 0.302151 0)
(2.4975 0.0255141 0)
(2.41607 -0.00505871 0)
(2.3816 0.0103708 0)
(2.39872 0.0355262 0)
(2.43572 0.0549922 0)
(2.42526 0.048299 0)
(2.40429 0.0164785 0)
(2.40008 -0.018592 0)
(2.40212 -0.0165908 0)
(2.40705 0.003947 0)
(2.40377 0.0174544 0)
(2.39913 0.0155566 0)
(2.39206 0.00414343 0)
(2.38205 -0.00356191 0)
(2.35039 0.838416 0)
(2.29526 0.508179 0)
(2.26132 0.300201 0)
(2.34846 0.240457 0)
(2.2926 0.052795 0)
(2.26508 0.0497139 0)
(2.24497 -0.00333661 0)
(2.25027 -0.00922229 0)
(2.2637 0.0103211 0)
(2.27769 0.0398706 0)
(2.28794 0.0490794 0)
(2.28261 0.0419758 0)
(2.28104 0.00755736 0)
(2.2962 -0.0205192 0)
(2.30825 -0.0143232 0)
(2.31748 0.0123604 0)
(2.31222 0.0234298 0)
(2.30925 0.0214663 0)
(2.30917 0.00503378 0)
(2.31692 -0.00700518 0)
(1.95086 0.181888 0)
(2.0213 0.143768 0)
(2.07163 0.0771162 0)
(2.13317 0.0468369 0)
(2.13964 0.0199685 0)
(2.13252 0.0304074 0)
(2.15373 0.0103169 0)
(2.17629 0.000788071 0)
(2.20217 0.000663717 0)
(2.20708 0.00749694 0)
(2.20535 0.0106411 0)
(2.20544 0.00909395 0)
(2.21533 -0.000545424 0)
(2.23969 -0.00678583 0)
(2.25578 0.00422854 0)
(2.26318 0.0130302 0)
(2.26612 0.0163017 0)
(2.26619 0.0110557 0)
(2.27399 -0.000201434 0)
(2.28877 -0.00329745 0)
)
;

boundaryField
{
    inlet
    {
        type            fixedValue;
        value           uniform (3 0 0);
    }
    outlet
    {
        type            inletOutlet;
        inletValue      uniform (3 0 0);
        value           nonuniform List<vector> 
50
(
(2.6264 -0.00516156 0)
(2.72197 -0.0480116 0)
(2.8058 -0.210982 0)
(2.88435 -0.419339 0)
(2.92286 -0.423302 0)
(2.9393 -0.385485 0)
(2.94681 -0.304897 0)
(2.96589 -0.264738 0)
(2.92993 -0.0593063 0)
(2.9444 -0.0285428 0)
(2.91273 0.160061 0)
(2.87081 0.313424 0)
(2.84979 0.373447 0)
(2.87285 0.347342 0)
(2.88064 0.153623 0)
(2.28798 0.0038468 0)
(2.31074 0.0114958 0)
(2.37216 0.00710214 0)
(2.45817 0.00064362 0)
(2.53039 -0.00336317 0)
(2.56968 -0.00742111 0)
(2.58042 -0.0139327 0)
(2.57923 -0.0139369 0)
(2.57374 -0.0148965 0)
(2.57983 -0.0125922 0)
(2.57976 0.0134984 0)
(2.57291 0.0140639 0)
(2.57608 0.0119126 0)
(2.57587 0.00956447 0)
(2.5655 0.00518232 0)
(2.5323 0.00199574 0)
(2.46653 -0.00223803 0)
(2.38205 -0.00356191 0)
(2.31692 -0.00700518 0)
(2.28877 -0.00329745 0)
(2.62357 0.00772307 0)
(2.71871 0.0492593 0)
(2.80468 0.206209 0)
(2.88367 0.418639 0)
(2.92005 0.417984 0)
(2.93853 0.399019 0)
(2.94554 0.29701 0)
(2.96573 0.264653 0)
(2.9307 0.0572947 0)
(2.94406 0.0291557 0)
(2.91201 -0.161174 0)
(2.87091 -0.313346 0)
(2.84975 -0.373654 0)
(2.87284 -0.347299 0)
(2.88061 -0.153596 0)
)
;
    }
    airfoil
    {
        type            slip;
    }
    top
    {
        type            symmetryPlane;
    }
    bottom
    {
        type            symmetryPlane;
    }
    defaultFaces
    {
        type            empty;
    }
}


// ************************************************************************* //
