/*--------------------------------*- C++ -*----------------------------------*\
  =========                 |
  \\      /  F ield         | OpenFOAM: The Open Source CFD Toolbox
   \\    /   O peration     | Website:  https://openfoam.org
    \\  /    A nd           | Version:  7
     \\/     M anipulation  |
\*---------------------------------------------------------------------------*/
FoamFile
{
    version     2.0;
    format      ascii;
    class       volVectorField;
    location    "7.9";
    object      U;
}
// * * * * * * * * * * * * * * * * * * * * * * * * * * * * * * * * * * * * * //

dimensions      [0 1 -1 0 0 0 0];

internalField   nonuniform List<vector> 
3700
(
(1.36318 -0.341736 0)
(1.38468 -0.486345 0)
(1.39185 -0.254261 0)
(1.49977 -0.252963 0)
(1.55869 -0.264126 0)
(1.48311 -0.2255 0)
(1.44668 -0.122481 0)
(1.44602 -0.0936931 0)
(1.51206 -0.185833 0)
(1.55744 -0.224423 0)
(1.58669 -0.186349 0)
(1.64967 -0.162248 0)
(1.68706 -0.218273 0)
(1.69952 -0.275676 0)
(1.65684 -0.26382 0)
(1.6242 -0.201766 0)
(1.64277 -0.0991564 0)
(1.72123 -0.104443 0)
(1.81216 -0.214351 0)
(1.87389 -0.1936 0)
(1.96067 -1.30835 0)
(1.87639 -1.13024 0)
(1.88789 -0.997415 0)
(2.03282 -1.14133 0)
(2.00383 -1.37576 0)
(1.79928 -1.34571 0)
(1.72708 -1.2016 0)
(1.72926 -1.2339 0)
(1.81701 -1.43787 0)
(1.86183 -1.47287 0)
(1.92302 -1.49048 0)
(2.01513 -1.36877 0)
(2.12269 -1.36327 0)
(2.15025 -1.32554 0)
(2.1314 -1.26268 0)
(2.09167 -1.10785 0)
(2.07878 -0.975788 0)
(2.16897 -1.01472 0)
(2.23689 -1.13014 0)
(2.29039 -1.19594 0)
(1.86584 -1.29796 0)
(1.99756 -1.17336 0)
(2.06928 -1.26899 0)
(2.13938 -1.4551 0)
(2.10953 -1.87492 0)
(2.00456 -2.19927 0)
(2.03509 -2.21427 0)
(1.99796 -2.23931 0)
(2.01643 -2.21436 0)
(2.07189 -2.10997 0)
(2.08726 -2.13373 0)
(2.1754 -1.98095 0)
(2.26021 -1.91501 0)
(2.36116 -1.85187 0)
(2.47137 -1.79285 0)
(2.5983 -1.72028 0)
(2.6548 -1.67656 0)
(2.66872 -1.63967 0)
(2.65343 -1.62939 0)
(2.60203 -1.61 0)
(1.7938 -1.32443 0)
(1.87235 -1.3139 0)
(1.8834 -1.50351 0)
(1.87552 -1.79933 0)
(1.84784 -2.09882 0)
(1.95955 -2.24574 0)
(2.02724 -2.21892 0)
(2.05339 -2.18639 0)
(2.12389 -2.11586 0)
(2.27225 -1.99113 0)
(2.23634 -2.07271 0)
(2.29554 -1.94465 0)
(2.32555 -1.85432 0)
(2.38308 -1.76077 0)
(2.46971 -1.66769 0)
(2.61971 -1.54946 0)
(2.67852 -1.43099 0)
(2.78319 -1.30098 0)
(2.84382 -1.21956 0)
(2.80947 -1.26908 0)
(1.61954 -1.30162 0)
(1.66671 -1.43148 0)
(1.64413 -1.73944 0)
(1.62598 -2.01694 0)
(1.67817 -2.21997 0)
(1.71024 -2.21889 0)
(1.90625 -2.16503 0)
(2.13367 -1.9592 0)
(2.25486 -1.94331 0)
(2.43017 -1.80935 0)
(2.44302 -1.77615 0)
(2.49763 -1.7173 0)
(2.49966 -1.69899 0)
(2.48048 -1.6805 0)
(2.51021 -1.58084 0)
(2.56704 -1.4959 0)
(2.60245 -1.37509 0)
(2.70926 -1.28707 0)
(2.76924 -1.08353 0)
(2.86457 -0.882466 0)
(1.44972 -1.23235 0)
(1.48001 -1.50119 0)
(1.52536 -1.86232 0)
(1.50048 -2.10888 0)
(1.53616 -2.23162 0)
(1.73382 -2.17978 0)
(1.89224 -2.06524 0)
(2.05282 -1.90455 0)
(2.19753 -1.79395 0)
(2.41531 -1.71992 0)
(2.54024 -1.521 0)
(2.63285 -1.44485 0)
(2.67962 -1.37021 0)
(2.65813 -1.40317 0)
(2.67227 -1.32841 0)
(2.65313 -1.32708 0)
(2.64432 -1.19907 0)
(2.66051 -1.16341 0)
(2.70876 -1.11536 0)
(2.78109 -0.875741 0)
(1.34163 -1.16108 0)
(1.35206 -1.58575 0)
(1.46069 -1.97151 0)
(1.46085 -2.19587 0)
(1.7411 -2.18256 0)
(1.8469 -2.17927 0)
(1.98393 -2.02988 0)
(2.05047 -1.90258 0)
(2.13975 -1.7689 0)
(2.30302 -1.67553 0)
(2.42718 -1.47682 0)
(2.61843 -1.41161 0)
(2.69415 -1.13569 0)
(2.76406 -1.05876 0)
(2.77432 -0.910141 0)
(2.7544 -0.905687 0)
(2.74543 -0.857986 0)
(2.72892 -0.819031 0)
(2.71517 -0.905955 0)
(2.71554 -0.73299 0)
(1.29554 -1.17525 0)
(1.34434 -1.66275 0)
(1.57219 -2.06268 0)
(1.72659 -2.27517 0)
(2.01488 -2.16176 0)
(2.12581 -2.13798 0)
(2.23775 -1.91673 0)
(2.24857 -1.82977 0)
(2.25955 -1.72549 0)
(2.2973 -1.65957 0)
(2.40659 -1.45763 0)
(2.53905 -1.3689 0)
(2.59413 -1.12571 0)
(2.72576 -1.02906 0)
(2.74877 -0.76585 0)
(2.78968 -0.632524 0)
(2.78797 -0.511417 0)
(2.77888 -0.403334 0)
(2.73152 -0.538139 0)
(2.69551 -0.476214 0)
(1.30381 -1.24984 0)
(1.43809 -1.8635 0)
(1.75036 -2.21119 0)
(1.99062 -2.30923 0)
(2.32116 -2.06196 0)
(2.46241 -2.00685 0)
(2.4922 -1.67241 0)
(2.50377 -1.51126 0)
(2.52112 -1.50004 0)
(2.53192 -1.45882 0)
(2.54475 -1.35859 0)
(2.59338 -1.19843 0)
(2.60046 -1.03401 0)
(2.66537 -0.944304 0)
(2.6835 -0.742863 0)
(2.73189 -0.600811 0)
(2.76085 -0.430288 0)
(2.75938 -0.218054 0)
(2.72157 -0.174416 0)
(2.67574 -0.162294 0)
(1.37045 -1.4534 0)
(1.64436 -2.09051 0)
(1.93206 -2.352 0)
(2.09667 -2.31083 0)
(2.27838 -2.01414 0)
(2.39881 -1.86738 0)
(2.5848 -1.54485 0)
(2.7084 -1.27423 0)
(2.74833 -1.19402 0)
(2.7627 -0.982325 0)
(2.76125 -0.985477 0)
(2.75091 -0.770622 0)
(2.71849 -0.719778 0)
(2.71809 -0.617865 0)
(2.69825 -0.510651 0)
(2.68323 -0.429484 0)
(2.69716 -0.358292 0)
(2.68955 -0.212302 0)
(2.65698 -0.0206848 0)
(2.61812 0.0510729 0)
(1.42971 -1.64923 0)
(1.77599 -2.30906 0)
(1.86936 -2.26952 0)
(1.876 -2.12428 0)
(2.02374 -1.90341 0)
(2.17048 -1.66257 0)
(2.34086 -1.51378 0)
(2.49363 -1.27841 0)
(2.61391 -1.16184 0)
(2.6731 -0.793634 0)
(2.73153 -0.612043 0)
(2.7228 -0.369829 0)
(2.72892 -0.27762 0)
(2.71249 -0.14353 0)
(2.6924 -0.0738915 0)
(2.65941 -0.0469821 0)
(2.63323 -0.0502809 0)
(2.62492 -0.0574339 0)
(2.55851 0.104757 0)
(2.57483 0.11167 0)
(1.40257 -1.69066 0)
(1.69866 -2.329 0)
(1.75248 -2.14937 0)
(1.79957 -1.98631 0)
(1.97173 -1.811 0)
(2.13968 -1.5064 0)
(2.24809 -1.40195 0)
(2.36285 -1.20597 0)
(2.42601 -1.04267 0)
(2.49963 -0.836818 0)
(2.5928 -0.632013 0)
(2.62018 -0.373593 0)
(2.65143 -0.179839 0)
(2.64696 0.00927044 0)
(2.59546 0.204545 0)
(2.56169 0.281565 0)
(2.51638 0.352694 0)
(2.51266 0.258631 0)
(2.45286 0.323625 0)
(2.48058 0.265819 0)
(1.34352 -1.68591 0)
(1.59915 -2.20014 0)
(1.73747 -1.94988 0)
(1.87608 -1.55919 0)
(2.04618 -1.54577 0)
(2.27108 -1.16105 0)
(2.35364 -1.19194 0)
(2.46057 -0.988642 0)
(2.51069 -0.67418 0)
(2.53342 -0.553491 0)
(2.56124 -0.348177 0)
(2.55875 -0.167144 0)
(2.55566 -0.0182945 0)
(2.54874 0.111125 0)
(2.49209 0.287037 0)
(2.47526 0.372114 0)
(2.39257 0.526555 0)
(2.34445 0.565431 0)
(2.30411 0.592351 0)
(2.31941 0.536061 0)
(1.09593 -1.58254 0)
(1.70223 -1.88586 0)
(1.89179 -1.6774 0)
(1.93829 -1.04983 0)
(2.0457 -1.15739 0)
(2.35465 -0.840353 0)
(2.55703 -0.490813 0)
(2.63374 -0.291448 0)
(2.58851 -0.055643 0)
(2.57288 0.0357074 0)
(2.53807 0.194451 0)
(2.49173 0.321472 0)
(2.44932 0.406953 0)
(2.40926 0.470889 0)
(2.35863 0.525139 0)
(2.33088 0.549294 0)
(2.26768 0.623055 0)
(2.21157 0.704536 0)
(2.15744 0.786369 0)
(2.13396 0.800698 0)
(0.822202 -1.3516 0)
(1.77307 -1.66795 0)
(2.17715 -1.43535 0)
(2.16617 -0.692362 0)
(2.48585 -0.388419 0)
(2.55412 -0.466328 0)
(2.59346 -0.297001 0)
(2.54073 0.039722 0)
(2.50542 0.131949 0)
(2.47516 0.31047 0)
(2.41774 0.479325 0)
(2.32781 0.639703 0)
(2.26926 0.727086 0)
(2.201 0.810656 0)
(2.15927 0.826828 0)
(2.12203 0.836589 0)
(2.08084 0.873352 0)
(2.07184 0.879578 0)
(2.03762 0.924188 0)
(2.05874 0.953479 0)
(1.10818 -0.985007 0)
(1.5341 -1.66359 0)
(2.21052 -1.00203 0)
(2.44263 -0.398247 0)
(2.45891 -0.266123 0)
(2.45007 -0.263834 0)
(2.43736 -0.0180742 0)
(2.39049 0.215743 0)
(2.34277 0.36729 0)
(2.31906 0.530869 0)
(2.22552 0.699197 0)
(2.14193 0.823551 0)
(2.08056 0.898559 0)
(2.01988 0.965225 0)
(1.98137 0.979226 0)
(1.9513 0.997548 0)
(1.95305 1.02002 0)
(1.96849 0.997194 0)
(1.995 0.995815 0)
(2.07203 0.977599 0)
(1.34571 -0.637636 0)
(1.98776 -0.851923 0)
(2.34486 0.235292 0)
(2.28764 -0.105452 0)
(2.32438 -0.0383972 0)
(2.34872 0.260269 0)
(2.26703 0.544417 0)
(2.19943 0.68022 0)
(2.13799 0.773546 0)
(2.08537 0.9034 0)
(1.97409 1.00916 0)
(1.91631 1.06035 0)
(1.88485 1.0767 0)
(1.86969 1.08504 0)
(1.87456 1.05412 0)
(1.8989 1.04674 0)
(1.96109 1.02141 0)
(2.16063 0.90676 0)
(2.3791 0.796212 0)
(2.77917 0.443124 0)
(1.08511 0.0428236 0)
(1.85427 -0.145712 0)
(2.25605 0.0608456 0)
(2.22502 0.502336 0)
(2.19557 0.654049 0)
(2.12959 0.776697 0)
(2.04209 0.894697 0)
(1.96054 0.978668 0)
(1.9139 1.03959 0)
(1.84784 1.12867 0)
(1.78832 1.16185 0)
(1.78973 1.15431 0)
(1.80721 1.13154 0)
(1.84979 1.08723 0)
(2.0431 0.949103 0)
(2.26248 0.82605 0)
(2.66426 0.503535 0)
(3.03569 0.0927675 0)
(3.05559 -0.0236899 0)
(3.00405 -0.00467623 0)
(1.03339 -0.00355219 0)
(1.91364 0.814903 0)
(2.10227 0.863784 0)
(1.99332 0.973264 0)
(1.96797 0.97367 0)
(1.85909 1.08534 0)
(1.78597 1.13633 0)
(1.76341 1.14502 0)
(1.76301 1.16143 0)
(1.74313 1.20124 0)
(1.72256 1.19377 0)
(1.85892 1.06811 0)
(2.08777 0.88727 0)
(2.49465 0.582101 0)
(2.98401 0.139153 0)
(3.07348 -0.0287854 0)
(3.00818 -0.00767708 0)
(3.00294 -0.00384121 0)
(3.00123 -0.00220063 0)
(3.00008 -0.000489738 0)
(1.16654 0.761154 0)
(1.82588 1.15788 0)
(1.84454 1.14825 0)
(1.73986 1.1964 0)
(1.70592 1.19799 0)
(1.66042 1.24321 0)
(1.65503 1.21432 0)
(1.72753 1.1675 0)
(1.76527 1.23321 0)
(1.80375 1.13907 0)
(2.27781 0.732374 0)
(2.86196 0.20371 0)
(3.10017 -0.0306864 0)
(3.02142 -0.0128325 0)
(3.00454 -0.00551233 0)
(3.00179 -0.0029851 0)
(3.00005 -0.000569521 0)
(2.99998 -2.13745e-05 0)
(2.99999 1.44285e-05 0)
(3 5.93312e-06 0)
(1.58072 1.25808 0)
(1.58482 1.26407 0)
(1.59229 1.26904 0)
(1.59964 1.2662 0)
(1.60411 1.25529 0)
(1.59123 1.26915 0)
(1.8969 1.17962 0)
(2.96315 0.407313 0)
(3.33686 -0.609972 0)
(3 5.89301e-11 0)
(3 -7.22937e-11 0)
(3 7.96044e-11 0)
(3 4.83482e-15 0)
(3 -4.25375e-13 0)
(3 -1.20786e-14 0)
(3 1.8681e-14 0)
(3 -8.22862e-15 0)
(3 1.70005e-15 0)
(3 2.20186e-15 0)
(3 -3.45053e-16 0)
(1.58336 1.24801 0)
(1.59435 1.2576 0)
(1.60549 1.26581 0)
(1.61121 1.27886 0)
(1.64187 1.27126 0)
(1.71162 1.22472 0)
(2.23254 0.760651 0)
(2.99054 0.0218451 0)
(3 4.92841e-08 0)
(3 -2.88675e-11 0)
(3 6.16009e-14 0)
(3 6.506e-16 0)
(3 -1.08209e-16 0)
(3 2.61596e-15 0)
(3 3.26707e-15 0)
(3 2.46971e-15 0)
(3 2.76653e-15 0)
(3 9.37489e-16 0)
(3 4.14218e-16 0)
(3 9.53708e-16 0)
(1.58282 1.24712 0)
(1.60466 1.25237 0)
(1.6172 1.25602 0)
(1.61394 1.27503 0)
(1.68576 1.22455 0)
(2.24786 0.769695 0)
(3.0034 -0.00807871 0)
(3.0002 -0.000597775 0)
(3 8.02555e-07 0)
(3 5.98142e-11 0)
(3 5.72795e-14 0)
(3 -1.87363e-15 0)
(3 4.59327e-16 0)
(3 2.99535e-15 0)
(3 3.18181e-15 0)
(3 1.86298e-15 0)
(3 1.43149e-15 0)
(3 -4.40951e-16 0)
(3 -1.0614e-15 0)
(3 -1.12051e-15 0)
(1.58258 1.25256 0)
(1.60367 1.25239 0)
(1.62402 1.25612 0)
(1.64472 1.26042 0)
(1.91177 1.05332 0)
(2.77129 0.202961 0)
(3.00457 -0.00113539 0)
(2.99991 7.67144e-05 0)
(3 -9.51921e-07 0)
(3 9.00229e-10 0)
(3 3.27981e-14 0)
(3 -1.16157e-15 0)
(3 6.62701e-16 0)
(3 1.94386e-15 0)
(3 1.8575e-15 0)
(3 9.96973e-16 0)
(3 2.34973e-16 0)
(3 -7.62385e-16 0)
(3 -1.35396e-15 0)
(3 -1.15968e-15 0)
(1.58205 1.26204 0)
(1.5946 1.26198 0)
(1.63166 1.26359 0)
(1.67507 1.23808 0)
(2.33995 0.644328 0)
(3.02012 -0.0179949 0)
(2.99975 0.000156438 0)
(3 -4.27212e-06 0)
(3 8.34531e-08 0)
(3 -9.22331e-10 0)
(3 2.71709e-13 0)
(3 -1.20593e-15 0)
(3 2.06501e-16 0)
(3 7.05477e-16 0)
(3 1.51434e-15 0)
(3 -5.05683e-16 0)
(3 -9.73593e-16 0)
(3 -3.81483e-17 0)
(3 -1.58273e-15 0)
(3 -1.04113e-15 0)
(1.58065 1.28017 0)
(1.58583 1.2806 0)
(1.64526 1.2608 0)
(1.75816 1.17296 0)
(2.66853 0.281956 0)
(3 -5.94528e-10 0)
(3 1.40979e-08 0)
(3 -1.27175e-08 0)
(3 5.46491e-10 0)
(3 2.63612e-12 0)
(3 -1.14417e-13 0)
(3 -1.27523e-15 0)
(3 -3.07282e-16 0)
(3 7.85577e-17 0)
(3 1.27262e-15 0)
(3 -1.00812e-15 0)
(3 -1.15073e-15 0)
(3 -8.9298e-16 0)
(3 -1.44687e-15 0)
(3 -1.38812e-15 0)
(1.58024 1.29477 0)
(1.55334 1.30698 0)
(1.67959 1.24047 0)
(2.21585 0.822853 0)
(3.02281 -0.0230029 0)
(3 -1.13649e-11 0)
(3 -1.5575e-11 0)
(3 2.72592e-11 0)
(3 -3.35647e-12 0)
(3 5.29842e-16 0)
(3 -8.13428e-16 0)
(3 -4.83882e-16 0)
(3 -6.5544e-16 0)
(3 -7.60156e-16 0)
(3 2.14984e-16 0)
(3 -7.95396e-16 0)
(3 -3.42444e-16 0)
(3 -1.24149e-15 0)
(3 -2.11857e-15 0)
(3 -2.02485e-15 0)
(1.59327 1.32973 0)
(1.49375 1.33627 0)
(1.74102 1.18455 0)
(2.40119 0.553457 0)
(3 -1.7256e-06 0)
(3 -8.57855e-12 0)
(3 8.54623e-14 0)
(3 -1.10574e-13 0)
(3 2.22033e-14 0)
(3 3.46054e-16 0)
(3 -6.73425e-17 0)
(3 2.29797e-16 0)
(3 -2.51724e-16 0)
(3 -7.63207e-16 0)
(3 -1.58734e-16 0)
(3 -7.57558e-17 0)
(3 4.84597e-16 0)
(3 -7.58288e-16 0)
(3 -2.15461e-15 0)
(3 -1.71347e-15 0)
(1.58943 1.30595 0)
(1.47446 1.35787 0)
(1.94115 1.03681 0)
(2.85995 0.119654 0)
(3 -1.23983e-08 0)
(3 2.89241e-11 0)
(3 -8.65907e-14 0)
(3 3.20386e-15 0)
(3 1.14154e-15 0)
(3 1.15224e-15 0)
(3 9.61808e-16 0)
(3 1.3785e-15 0)
(3 1.25564e-15 0)
(3 1.00024e-15 0)
(3 3.68184e-16 0)
(3 1.48011e-15 0)
(3 1.88322e-15 0)
(3 9.73858e-16 0)
(3 -9.46754e-16 0)
(3 -1.04752e-15 0)
(1.60288 1.29043 0)
(1.47846 1.37088 0)
(2.19274 0.80279 0)
(3.0104 -0.00865014 0)
(3 3.47252e-08 0)
(3 -1.57268e-11 0)
(3 3.81422e-14 0)
(3 1.37901e-15 0)
(3 1.40073e-15 0)
(3 7.8856e-16 0)
(3 6.85715e-16 0)
(3 1.72826e-15 0)
(3 1.52255e-15 0)
(3 1.02309e-15 0)
(3 1.32627e-15 0)
(3 2.23898e-15 0)
(3 2.5698e-15 0)
(3 1.83475e-15 0)
(3 4.48005e-16 0)
(3 -2.47522e-16 0)
(1.61988 1.27777 0)
(1.55697 1.32554 0)
(2.40598 0.55363 0)
(3 -3.37775e-12 0)
(3 -3.24022e-11 0)
(3 3.38014e-13 0)
(3 -4.66092e-16 0)
(3 1.32188e-15 0)
(3 1.07285e-15 0)
(3 7.9229e-16 0)
(3 1.07794e-15 0)
(3 1.31746e-15 0)
(3 1.25642e-15 0)
(3 6.34861e-16 0)
(3 8.11695e-16 0)
(3 2.62706e-15 0)
(3 3.93398e-15 0)
(3 3.2117e-15 0)
(3 2.54771e-15 0)
(3 1.90031e-15 0)
(1.63778 1.26368 0)
(1.6393 1.24456 0)
(2.65478 0.29028 0)
(3 7.80671e-13 0)
(3 -1.40553e-13 0)
(3 -1.20376e-15 0)
(3 9.22861e-16 0)
(3 8.0174e-17 0)
(3 4.23424e-16 0)
(3 6.54531e-16 0)
(3 1.08413e-15 0)
(3 1.44949e-15 0)
(3 1.37908e-15 0)
(3 1.05855e-15 0)
(3 7.72295e-16 0)
(3 1.71163e-15 0)
(3 2.78727e-15 0)
(3 2.94046e-15 0)
(3 3.13853e-15 0)
(3 3.2054e-15 0)
(1.65361 1.24058 0)
(1.822 1.1065 0)
(2.866 0.102915 0)
(3 -1.55556e-14 0)
(3 -7.23068e-16 0)
(3 -7.29592e-16 0)
(3 -1.10724e-15 0)
(3 -1.66287e-15 0)
(3 -8.27225e-16 0)
(3 6.66526e-17 0)
(3 8.00942e-16 0)
(3 1.38433e-15 0)
(3 1.7081e-15 0)
(3 1.60109e-15 0)
(3 1.4545e-15 0)
(3 1.68263e-15 0)
(3 2.11167e-15 0)
(3 2.18189e-15 0)
(3 1.93021e-15 0)
(3 2.84066e-15 0)
(1.66103 1.20636 0)
(1.87816 0.983147 0)
(2.97679 0.0158879 0)
(3 -2.09319e-15 0)
(3 -1.70577e-15 0)
(3 -2.12061e-15 0)
(3 -1.73909e-15 0)
(3 -2.16875e-15 0)
(3 -9.02285e-16 0)
(3 3.03219e-16 0)
(3 1.17417e-15 0)
(3 1.72223e-15 0)
(3 1.95555e-15 0)
(3 2.22344e-15 0)
(3 1.89741e-15 0)
(3 2.01409e-15 0)
(3 2.21712e-15 0)
(3 2.27358e-15 0)
(3 2.22656e-15 0)
(3 1.93405e-15 0)
(1.7156 1.1669 0)
(2.06634 0.813884 0)
(3 -2.02716e-15 0)
(3 -1.2431e-15 0)
(3 -5.23377e-16 0)
(3 -4.66036e-16 0)
(3 -8.2515e-16 0)
(3 -1.93785e-15 0)
(3 -1.25466e-15 0)
(3 2.98249e-16 0)
(3 1.15362e-15 0)
(3 2.11301e-15 0)
(3 2.20883e-15 0)
(3 2.17767e-15 0)
(3 1.88188e-15 0)
(3 1.35703e-15 0)
(3 1.63343e-15 0)
(3 1.71488e-15 0)
(3 1.86982e-15 0)
(3 2.15477e-15 0)
(1.78091 1.09938 0)
(2.24079 0.649424 0)
(3 -7.70806e-17 0)
(3 6.96055e-16 0)
(3 1.15437e-15 0)
(3 7.63883e-16 0)
(3 4.30539e-16 0)
(3 -8.15389e-16 0)
(3 -1.01511e-15 0)
(3 2.38203e-16 0)
(3 1.55791e-15 0)
(3 2.23564e-15 0)
(3 2.57189e-15 0)
(3 2.49391e-15 0)
(3 2.0446e-15 0)
(3 2.09072e-15 0)
(3 2.05735e-15 0)
(3 2.10353e-15 0)
(3 2.11779e-15 0)
(3 2.45817e-15 0)
(1.81047 1.00688 0)
(2.44313 0.445479 0)
(3 1.81577e-15 0)
(3 1.9725e-15 0)
(3 1.30993e-15 0)
(3 6.82308e-16 0)
(3 -1.41708e-15 0)
(3 -1.70553e-15 0)
(3 -1.8728e-15 0)
(3 -2.10027e-15 0)
(3 -1.67944e-15 0)
(3 -4.01877e-16 0)
(3 7.01285e-17 0)
(3 5.15846e-16 0)
(3 9.09506e-16 0)
(3 9.42235e-16 0)
(3 1.65437e-15 0)
(3 2.05953e-15 0)
(3 2.32692e-15 0)
(3 2.45998e-15 0)
(1.9289 0.880952 0)
(2.69625 0.219463 0)
(3 2.15029e-15 0)
(3 2.24581e-15 0)
(3 2.32278e-15 0)
(3 1.60215e-15 0)
(3 1.14455e-15 0)
(3 7.09239e-16 0)
(3 -5.44092e-16 0)
(3 -8.1173e-16 0)
(3 -1.12071e-15 0)
(3 8.2326e-17 0)
(3 1.26406e-15 0)
(3 2.96129e-15 0)
(3 3.66973e-15 0)
(3 3.83121e-15 0)
(3 3.6854e-15 0)
(3 3.73397e-15 0)
(3 4.14803e-15 0)
(3 4.35328e-15 0)
(2.10094 0.659154 0)
(2.99004 0.000140309 0)
(3 2.89436e-15 0)
(3 1.918e-15 0)
(3 1.60265e-15 0)
(3 1.42112e-15 0)
(3 1.27098e-15 0)
(3 6.18087e-16 0)
(3 -1.22029e-17 0)
(3 -4.00624e-16 0)
(3 -4.58804e-16 0)
(3 -3.75582e-16 0)
(3 -2.68204e-16 0)
(3 -1.68627e-16 0)
(3 8.56186e-17 0)
(3 7.55954e-16 0)
(3 7.90017e-16 0)
(3 1.70247e-15 0)
(3 2.0228e-15 0)
(3 2.30318e-15 0)
(1.99432 0.371585 0)
(2.99992 -8.81654e-06 0)
(3 -1.11801e-15 0)
(3 -1.62587e-15 0)
(3 -1.33333e-15 0)
(3 -1.23271e-15 0)
(3 -9.75904e-16 0)
(3 -8.63642e-16 0)
(3 -9.5718e-16 0)
(3 -1.43752e-15 0)
(3 -1.64399e-15 0)
(3 -1.64118e-15 0)
(3 -1.64899e-15 0)
(3 -1.90126e-15 0)
(3 -1.85461e-15 0)
(3 -1.62775e-15 0)
(3 -9.90604e-16 0)
(3 -8.0253e-16 0)
(3 -9.9444e-16 0)
(3 -1.25628e-15 0)
(1.99447 -0.372576 0)
(2.99992 7.13425e-06 0)
(3 -9.50591e-16 0)
(3 -1.10829e-15 0)
(3 -2.01084e-15 0)
(3 -1.83847e-15 0)
(3 -1.64562e-15 0)
(3 -1.7555e-15 0)
(3 -1.44481e-15 0)
(3 -9.52508e-16 0)
(3 -9.06016e-16 0)
(3 -1.00199e-15 0)
(3 -1.23461e-15 0)
(3 -1.24606e-15 0)
(3 -1.17653e-15 0)
(3 -1.01091e-15 0)
(3 -1.02618e-15 0)
(3 -1.23044e-15 0)
(3 -1.41702e-15 0)
(3 -1.51062e-15 0)
(2.10346 -0.655184 0)
(2.9902 -0.000188531 0)
(3 -8.07356e-17 0)
(3 3.27092e-16 0)
(3 4.70654e-16 0)
(3 2.33692e-16 0)
(3 -7.71955e-16 0)
(3 -8.88323e-16 0)
(3 -6.17113e-16 0)
(3 1.51438e-16 0)
(3 -2.51459e-16 0)
(3 -8.28296e-16 0)
(3 -1.38332e-15 0)
(3 -1.62076e-15 0)
(3 -2.05849e-15 0)
(3 -2.70533e-15 0)
(3 -3.26761e-15 0)
(3 -3.60382e-15 0)
(3 -3.8164e-15 0)
(3 -3.91617e-15 0)
(1.93378 -0.884049 0)
(2.69644 -0.220308 0)
(3 2.97077e-16 0)
(3 1.38526e-15 0)
(3 1.91368e-15 0)
(3 1.44099e-15 0)
(3 1.50168e-15 0)
(3 1.50434e-15 0)
(3 1.72312e-15 0)
(3 1.75479e-15 0)
(3 1.31497e-15 0)
(3 8.48702e-16 0)
(3 4.56943e-16 0)
(3 -2.43402e-17 0)
(3 -9.39213e-16 0)
(3 -1.61923e-15 0)
(3 -2.37482e-15 0)
(3 -2.70642e-15 0)
(3 -2.80797e-15 0)
(3 -3.05516e-15 0)
(1.80544 -1.00932 0)
(2.43465 -0.4504 0)
(3 3.0426e-15 0)
(3 3.51124e-15 0)
(3 2.4692e-15 0)
(3 1.83528e-15 0)
(3 1.53449e-15 0)
(3 1.56882e-15 0)
(3 1.93145e-15 0)
(3 1.67499e-15 0)
(3 9.95931e-16 0)
(3 2.49505e-16 0)
(3 -4.95239e-16 0)
(3 -1.04427e-15 0)
(3 -1.25442e-15 0)
(3 -1.20645e-15 0)
(3 -1.26725e-15 0)
(3 -1.28898e-15 0)
(3 -1.56981e-15 0)
(3 -1.722e-15 0)
(1.7757 -1.09601 0)
(2.2394 -0.649952 0)
(3 4.32981e-15 0)
(3 3.42502e-15 0)
(3 3.00115e-15 0)
(3 2.33043e-15 0)
(3 1.43236e-15 0)
(3 1.27421e-15 0)
(3 1.09512e-15 0)
(3 5.88361e-16 0)
(3 -1.20594e-16 0)
(3 -8.62218e-16 0)
(3 -1.32519e-15 0)
(3 -1.60393e-15 0)
(3 -1.647e-15 0)
(3 -1.45481e-15 0)
(3 -1.6316e-15 0)
(3 -1.97254e-15 0)
(3 -1.81924e-15 0)
(3 -1.57072e-15 0)
(1.72291 -1.16703 0)
(2.07175 -0.812541 0)
(3 3.78475e-15 0)
(3 2.94215e-15 0)
(3 2.47651e-15 0)
(3 2.59344e-15 0)
(3 1.89927e-15 0)
(3 1.0426e-15 0)
(3 6.45615e-16 0)
(3 1.04572e-16 0)
(3 -1.12526e-15 0)
(3 -1.45882e-15 0)
(3 -1.27459e-15 0)
(3 -6.26079e-16 0)
(3 -1.03461e-15 0)
(3 -1.50849e-15 0)
(3 -2.20837e-15 0)
(3 -2.2187e-15 0)
(3 -1.45445e-15 0)
(3 -8.43369e-16 0)
(1.66104 -1.20672 0)
(1.88041 -0.980401 0)
(2.97767 -0.0148438 0)
(3 2.06843e-15 0)
(3 2.1063e-15 0)
(3 1.50403e-15 0)
(3 5.12592e-16 0)
(3 -1.60677e-17 0)
(3 -3.10725e-16 0)
(3 -4.40716e-16 0)
(3 -1.21379e-15 0)
(3 -1.65206e-15 0)
(3 -1.75375e-15 0)
(3 -2.05297e-15 0)
(3 -2.36494e-15 0)
(3 -2.16561e-15 0)
(3 -1.86753e-15 0)
(3 -1.38899e-15 0)
(3 -7.08612e-16 0)
(3 -4.39478e-16 0)
(1.65299 -1.23967 0)
(1.81735 -1.10578 0)
(2.86434 -0.103183 0)
(3 6.50152e-15 0)
(3 2.42749e-16 0)
(3 -2.17331e-16 0)
(3 -1.27244e-15 0)
(3 -1.88042e-15 0)
(3 -2.2403e-15 0)
(3 -2.3714e-15 0)
(3 -1.85654e-15 0)
(3 -1.46714e-15 0)
(3 -1.3586e-15 0)
(3 -1.73256e-15 0)
(3 -2.06445e-15 0)
(3 -2.01788e-15 0)
(3 -1.82673e-15 0)
(3 -4.24044e-16 0)
(3 1.2398e-16 0)
(3 1.32813e-16 0)
(1.63693 -1.26544 0)
(1.64354 -1.24263 0)
(2.65386 -0.291011 0)
(3 -9.77614e-13 0)
(3 1.64973e-13 0)
(3 3.96741e-15 0)
(3 -1.5456e-15 0)
(3 -2.22193e-15 0)
(3 -2.98343e-15 0)
(3 -2.48192e-15 0)
(3 -1.53491e-15 0)
(3 -2.80496e-16 0)
(3 -9.65086e-16 0)
(3 -1.10462e-15 0)
(3 -1.30044e-15 0)
(3 -1.29165e-15 0)
(3 -3.75017e-16 0)
(3 4.47602e-16 0)
(3 1.80936e-16 0)
(3 -9.21563e-17 0)
(1.61921 -1.27816 0)
(1.55364 -1.32808 0)
(2.40416 -0.556977 0)
(3 4.10716e-12 0)
(3 3.30318e-11 0)
(3 -4.89428e-13 0)
(3 2.7586e-15 0)
(3 -2.49441e-15 0)
(3 -3.00472e-15 0)
(3 -2.57912e-15 0)
(3 -1.37464e-15 0)
(3 -4.37599e-16 0)
(3 -1.02986e-15 0)
(3 -1.29155e-15 0)
(3 -1.31252e-15 0)
(3 -1.06951e-15 0)
(3 -7.04657e-16 0)
(3 -6.50763e-16 0)
(3 -1.56368e-15 0)
(3 -6.48244e-16 0)
(1.60199 -1.29008 0)
(1.47573 -1.37468 0)
(2.18629 -0.808779 0)
(3.01037 0.00849763 0)
(3 -3.81255e-08 0)
(3 4.21413e-11 0)
(3 -8.60603e-14 0)
(3 -1.99353e-15 0)
(3 -2.48364e-15 0)
(3 -2.04967e-15 0)
(3 -1.41769e-15 0)
(3 -8.76566e-16 0)
(3 -1.41247e-15 0)
(3 -1.8148e-15 0)
(3 -1.93967e-15 0)
(3 -1.80614e-15 0)
(3 -1.85386e-15 0)
(3 -1.44298e-15 0)
(3 5.28865e-16 0)
(3 4.11496e-15 0)
(1.589 -1.30445 0)
(1.47597 -1.3521 0)
(1.95787 -1.02985 0)
(2.87014 -0.112889 0)
(3 1.26703e-08 0)
(3 -5.23299e-11 0)
(3 1.36405e-13 0)
(3 -2.52183e-15 0)
(3 -2.01675e-15 0)
(3 -1.87249e-15 0)
(3 -1.69495e-15 0)
(3 -1.14211e-15 0)
(3 -7.04576e-16 0)
(3 -1.47228e-15 0)
(3 -1.73655e-15 0)
(3 -5.33106e-16 0)
(3 -7.6437e-16 0)
(3 5.82606e-17 0)
(3 4.44688e-15 0)
(3 5.64248e-15 0)
(1.59441 -1.33134 0)
(1.49622 -1.33689 0)
(1.73237 -1.18706 0)
(2.39139 -0.556035 0)
(3 2.19548e-07 0)
(3 -3.40004e-13 0)
(3 -8.48774e-15 0)
(3 -1.04033e-15 0)
(3 -5.11042e-15 0)
(3 -1.08901e-15 0)
(3 -1.43477e-15 0)
(3 -6.23022e-16 0)
(3 -4.28722e-16 0)
(3 3.27697e-16 0)
(3 7.98002e-16 0)
(3 6.69957e-16 0)
(3 1.91089e-15 0)
(3 2.55682e-15 0)
(3 5.37494e-15 0)
(3 5.79692e-15 0)
(1.58113 -1.29541 0)
(1.55146 -1.3083 0)
(1.68097 -1.2369 0)
(2.21181 -0.821571 0)
(3.02278 0.0226791 0)
(3 5.52444e-12 0)
(3 -3.0394e-12 0)
(3 -4.07647e-12 0)
(3 2.22517e-12 0)
(3 -9.01895e-15 0)
(3 -1.47582e-15 0)
(3 9.17496e-17 0)
(3 4.13791e-16 0)
(3 1.56028e-15 0)
(3 1.5913e-15 0)
(3 2.44957e-15 0)
(3 3.42779e-15 0)
(3 3.96823e-15 0)
(3 5.21507e-15 0)
(3 5.44579e-15 0)
(1.58124 -1.28199 0)
(1.58765 -1.28153 0)
(1.64426 -1.26204 0)
(1.77034 -1.16254 0)
(2.6752 -0.274115 0)
(3 6.02717e-10 0)
(3 -1.40542e-08 0)
(3 1.26506e-08 0)
(3 -5.40101e-10 0)
(3 -2.48002e-12 0)
(3 1.14046e-13 0)
(3 -7.62004e-16 0)
(3 8.75167e-16 0)
(3 1.48948e-15 0)
(3 1.63293e-15 0)
(3 3.13565e-15 0)
(3 3.82178e-15 0)
(3 3.27716e-15 0)
(3 3.73615e-15 0)
(3 4.39442e-15 0)
(1.58157 -1.26263 0)
(1.59448 -1.26677 0)
(1.63073 -1.26476 0)
(1.65863 -1.25224 0)
(2.32803 -0.651779 0)
(3.0206 0.0182312 0)
(2.99975 -0.000144712 0)
(3 4.20377e-06 0)
(3 -8.25677e-08 0)
(3 9.15125e-10 0)
(3 -3.22521e-13 0)
(3 6.96867e-16 0)
(3 9.57439e-16 0)
(3 5.71902e-16 0)
(3 7.13327e-16 0)
(3 2.88448e-15 0)
(3 3.85272e-15 0)
(3 1.98657e-15 0)
(3 3.94059e-15 0)
(3 4.65992e-15 0)
(1.58199 -1.25213 0)
(1.60407 -1.25261 0)
(1.62522 -1.25817 0)
(1.64214 -1.26414 0)
(1.91708 -1.05041 0)
(2.7745 -0.201794 0)
(3.00441 0.000812346 0)
(2.99992 -7.14036e-05 0)
(3 9.30492e-07 0)
(3 -8.926e-10 0)
(3 1.62674e-14 0)
(3 1.6465e-15 0)
(3 1.69597e-15 0)
(3 6.44418e-16 0)
(3 -3.2329e-16 0)
(3 2.62459e-15 0)
(3 3.95481e-15 0)
(3 4.24683e-15 0)
(3 3.88444e-15 0)
(3 5.1231e-15 0)
(1.58134 -1.24681 0)
(1.60451 -1.25151 0)
(1.61871 -1.25613 0)
(1.61335 -1.27209 0)
(1.69687 -1.21713 0)
(2.24901 -0.768386 0)
(3.00478 0.00962439 0)
(3.00012 0.000493406 0)
(3 -7.76362e-07 0)
(3 -5.96098e-11 0)
(3 1.81532e-14 0)
(3 1.65941e-15 0)
(3 2.16735e-15 0)
(3 1.57475e-15 0)
(3 -1.25007e-16 0)
(3 2.67399e-15 0)
(3 3.29936e-15 0)
(3 4.84905e-15 0)
(3 3.55427e-15 0)
(3 3.41013e-15 0)
(1.58209 -1.24583 0)
(1.59417 -1.25646 0)
(1.60631 -1.26419 0)
(1.61039 -1.27767 0)
(1.63785 -1.27248 0)
(1.72206 -1.21446 0)
(2.23401 -0.755739 0)
(2.99109 -0.020424 0)
(3 -5.09377e-08 0)
(3 2.9636e-11 0)
(3 2.18463e-14 0)
(3 5.41466e-15 0)
(3 1.75731e-15 0)
(3 1.21431e-15 0)
(3 2.83313e-15 0)
(3 3.49191e-15 0)
(3 2.32479e-15 0)
(3 3.35367e-15 0)
(3 2.90319e-15 0)
(3 2.75851e-15 0)
(1.58103 -1.25842 0)
(1.58535 -1.26369 0)
(1.59365 -1.26808 0)
(1.60125 -1.26706 0)
(1.60461 -1.25817 0)
(1.59123 -1.26939 0)
(1.88677 -1.18151 0)
(2.95414 -0.414468 0)
(3.3502 0.628749 0)
(3 -5.99326e-11 0)
(3 7.24043e-11 0)
(3 -7.91322e-11 0)
(3 -1.48889e-15 0)
(3 4.29706e-13 0)
(3 1.85186e-14 0)
(3 -1.20009e-14 0)
(3 1.25079e-14 0)
(3 3.18231e-15 0)
(3 2.15325e-15 0)
(3 4.04175e-15 0)
(1.16447 -0.76798 0)
(1.83026 -1.15211 0)
(1.84256 -1.15319 0)
(1.73911 -1.20075 0)
(1.70755 -1.19987 0)
(1.66034 -1.24281 0)
(1.65417 -1.21555 0)
(1.7267 -1.16763 0)
(1.76283 -1.23642 0)
(1.8042 -1.14182 0)
(2.28297 -0.730903 0)
(2.86575 -0.200598 0)
(3.10025 0.0314873 0)
(3.02132 0.0128514 0)
(3.00461 0.00555225 0)
(3.00181 0.00301245 0)
(3.00005 0.000571437 0)
(2.99998 2.10195e-05 0)
(2.99999 -1.44536e-05 0)
(3 -5.93636e-06 0)
(1.02499 -0.0168457 0)
(1.91919 -0.792589 0)
(2.11667 -0.797216 0)
(2.00455 -0.940833 0)
(1.96738 -0.974482 0)
(1.85623 -1.08989 0)
(1.78301 -1.13927 0)
(1.76213 -1.14565 0)
(1.76237 -1.16165 0)
(1.74358 -1.2018 0)
(1.72523 -1.19331 0)
(1.8626 -1.06581 0)
(2.08917 -0.88501 0)
(2.49391 -0.581177 0)
(2.98304 -0.139378 0)
(3.07349 0.0288367 0)
(3.00821 0.00769732 0)
(3.00295 0.00384487 0)
(3.00123 0.00220155 0)
(3.00008 0.000489106 0)
(0.888336 -0.0653063 0)
(1.9062 -0.322446 0)
(2.26299 -0.39849 0)
(2.23117 -0.568864 0)
(2.19639 -0.648273 0)
(2.1319 -0.763694 0)
(2.04144 -0.888016 0)
(1.95996 -0.976465 0)
(1.91265 -1.03818 0)
(1.84918 -1.12833 0)
(1.78996 -1.16198 0)
(1.79042 -1.15483 0)
(1.80706 -1.13196 0)
(1.84838 -1.08742 0)
(2.04263 -0.948707 0)
(2.26245 -0.825556 0)
(2.66418 -0.503722 0)
(3.03565 -0.0930007 0)
(3.05571 0.0237201 0)
(3.00407 0.00468973 0)
(1.1163 0.688341 0)
(1.46788 1.09206 0)
(2.13559 0.473887 0)
(2.30378 0.115745 0)
(2.3425 0.00661099 0)
(2.35068 -0.285141 0)
(2.26446 -0.556216 0)
(2.19956 -0.680405 0)
(2.1368 -0.771727 0)
(2.08532 -0.902069 0)
(1.9759 -1.00949 0)
(1.91753 -1.06138 0)
(1.88497 -1.07766 0)
(1.86898 -1.08542 0)
(1.8737 -1.05438 0)
(1.89872 -1.0467 0)
(1.9614 -1.02119 0)
(2.16098 -0.906527 0)
(2.37911 -0.796282 0)
(2.77889 -0.443489 0)
(1.2504 1.27654 0)
(1.54171 1.63641 0)
(2.2442 0.793778 0)
(2.49675 0.265844 0)
(2.45612 0.253632 0)
(2.44089 0.253066 0)
(2.4337 0.0191262 0)
(2.39125 -0.211519 0)
(2.34334 -0.363364 0)
(2.31995 -0.528236 0)
(2.22881 -0.698338 0)
(2.14373 -0.824332 0)
(2.08082 -0.899967 0)
(2.01934 -0.96657 0)
(1.98044 -0.98015 0)
(1.95154 -0.99736 0)
(1.95341 -1.01959 0)
(1.96874 -0.996821 0)
(1.99513 -0.995591 0)
(2.07198 -0.977645 0)
(1.28787 1.65538 0)
(1.55221 1.87708 0)
(1.89178 1.44166 0)
(2.13483 0.964821 0)
(2.45268 0.328437 0)
(2.52371 0.485377 0)
(2.58455 0.290407 0)
(2.53952 -0.0416705 0)
(2.50568 -0.133002 0)
(2.47645 -0.311874 0)
(2.42168 -0.479815 0)
(2.32972 -0.641752 0)
(2.26986 -0.729014 0)
(2.20043 -0.812919 0)
(2.15838 -0.828206 0)
(2.12243 -0.836077 0)
(2.08137 -0.87236 0)
(2.07198 -0.878829 0)
(2.03731 -0.92415 0)
(2.05867 -0.95353 0)
(1.36974 1.85605 0)
(1.55396 2.1413 0)
(1.89688 1.70105 0)
(2.03046 1.19001 0)
(2.15444 1.01912 0)
(2.37992 0.827747 0)
(2.55379 0.478785 0)
(2.62547 0.281305 0)
(2.58438 0.0557364 0)
(2.57279 -0.0355715 0)
(2.53927 -0.196536 0)
(2.49296 -0.32302 0)
(2.44906 -0.40919 0)
(2.40804 -0.473463 0)
(2.35805 -0.525865 0)
(2.33135 -0.548491 0)
(2.26762 -0.622463 0)
(2.21037 -0.704848 0)
(2.15693 -0.785916 0)
(2.1336 -0.80123 0)
(1.38886 1.87984 0)
(1.56717 2.50324 0)
(1.7423 2.0067 0)
(1.90378 1.7187 0)
(2.15387 1.4316 0)
(2.3017 1.16139 0)
(2.36331 1.17713 0)
(2.45802 0.975116 0)
(2.50663 0.670362 0)
(2.53148 0.553071 0)
(2.56078 0.34972 0)
(2.55745 0.168269 0)
(2.55323 0.0183945 0)
(2.54659 -0.110983 0)
(2.49147 -0.285203 0)
(2.47512 -0.371165 0)
(2.39161 -0.526622 0)
(2.34264 -0.566265 0)
(2.3033 -0.591986 0)
(2.3202 -0.53419 0)
(1.40635 1.84576 0)
(1.67342 2.63384 0)
(1.72148 2.19897 0)
(1.83659 1.9943 0)
(2.02281 1.71858 0)
(2.14402 1.53378 0)
(2.24709 1.39401 0)
(2.35691 1.1964 0)
(2.42014 1.03659 0)
(2.49438 0.838408 0)
(2.5896 0.638506 0)
(2.61637 0.376604 0)
(2.64698 0.180633 0)
(2.64439 -0.00726052 0)
(2.59416 -0.201882 0)
(2.56068 -0.280496 0)
(2.51515 -0.352135 0)
(2.51151 -0.257628 0)
(2.45271 -0.322925 0)
(2.48019 -0.267089 0)
(1.44844 1.73403 0)
(1.72363 2.45014 0)
(1.82346 2.36729 0)
(1.89685 2.13207 0)
(2.05441 1.82476 0)
(2.14276 1.69539 0)
(2.33733 1.47518 0)
(2.48135 1.27007 0)
(2.60261 1.15963 0)
(2.66788 0.800778 0)
(2.73103 0.612233 0)
(2.72103 0.366272 0)
(2.7248 0.273493 0)
(2.70995 0.143741 0)
(2.69083 0.0742396 0)
(2.65833 0.0463257 0)
(2.63256 0.0494899 0)
(2.62471 0.055662 0)
(2.55921 -0.107243 0)
(2.57589 -0.113757 0)
(1.41158 1.46738 0)
(1.62041 2.16371 0)
(1.8555 2.38088 0)
(2.10803 2.33743 0)
(2.29028 1.93506 0)
(2.36128 1.85965 0)
(2.54824 1.45504 0)
(2.68706 1.27026 0)
(2.75381 1.19179 0)
(2.77303 0.973102 0)
(2.76917 0.972679 0)
(2.75471 0.764144 0)
(2.71846 0.717528 0)
(2.71728 0.61795 0)
(2.698 0.511671 0)
(2.6833 0.429421 0)
(2.69768 0.357766 0)
(2.69026 0.20987 0)
(2.6584 0.0199081 0)
(2.61972 -0.0514222 0)
(1.40169 1.23649 0)
(1.4768 1.83369 0)
(1.72193 2.20861 0)
(1.90177 2.27147 0)
(2.28804 2.03434 0)
(2.48411 1.98692 0)
(2.47633 1.63697 0)
(2.50047 1.50993 0)
(2.53815 1.49064 0)
(2.54467 1.45328 0)
(2.55065 1.35913 0)
(2.59501 1.20024 0)
(2.60029 1.03686 0)
(2.66557 0.947761 0)
(2.68432 0.745956 0)
(2.73297 0.602363 0)
(2.76169 0.42929 0)
(2.76078 0.215934 0)
(2.7223 0.176255 0)
(2.67774 0.163289 0)
(1.39872 1.1583 0)
(1.40783 1.57019 0)
(1.52861 2.04527 0)
(1.67712 2.25907 0)
(1.99995 2.19795 0)
(2.16939 2.08938 0)
(2.24661 1.92738 0)
(2.2603 1.81691 0)
(2.26805 1.73019 0)
(2.30366 1.6619 0)
(2.41083 1.45859 0)
(2.54209 1.36727 0)
(2.59605 1.12554 0)
(2.72786 1.02956 0)
(2.75038 0.765124 0)
(2.79086 0.629692 0)
(2.78885 0.50806 0)
(2.77992 0.402067 0)
(2.73294 0.540993 0)
(2.70013 0.473588 0)
(1.42469 1.15482 0)
(1.42451 1.49787 0)
(1.48978 1.9675 0)
(1.50143 2.22403 0)
(1.74474 2.22703 0)
(1.89246 2.16169 0)
(1.98356 2.0831 0)
(2.07789 1.87337 0)
(2.14468 1.77239 0)
(2.3118 1.6729 0)
(2.43564 1.47146 0)
(2.62238 1.40899 0)
(2.69716 1.14316 0)
(2.76618 1.06574 0)
(2.77727 0.912505 0)
(2.75858 0.908901 0)
(2.74968 0.858888 0)
(2.73043 0.821165 0)
(2.71684 0.908791 0)
(2.71635 0.731867 0)
(1.48633 1.24051 0)
(1.51953 1.47137 0)
(1.55438 1.88585 0)
(1.47792 2.1613 0)
(1.56098 2.25842 0)
(1.7872 2.15837 0)
(1.90313 2.11745 0)
(2.07434 1.86177 0)
(2.1949 1.7967 0)
(2.41553 1.73336 0)
(2.54059 1.54629 0)
(2.6293 1.47857 0)
(2.66757 1.38517 0)
(2.65733 1.40193 0)
(2.67976 1.3282 0)
(2.65977 1.32602 0)
(2.64666 1.20161 0)
(2.66041 1.16748 0)
(2.70957 1.11786 0)
(2.77841 0.871133 0)
(1.61445 1.30772 0)
(1.67122 1.40311 0)
(1.69437 1.76087 0)
(1.64958 2.07943 0)
(1.6138 2.27017 0)
(1.75017 2.24458 0)
(1.93835 2.21603 0)
(2.14966 1.92951 0)
(2.22898 1.9681 0)
(2.40032 1.83764 0)
(2.40609 1.7917 0)
(2.46874 1.70376 0)
(2.50639 1.68545 0)
(2.49146 1.67644 0)
(2.51905 1.58004 0)
(2.57149 1.50246 0)
(2.60036 1.37423 0)
(2.70749 1.28508 0)
(2.7685 1.07917 0)
(2.86203 0.880418 0)
(1.76284 1.33879 0)
(1.85685 1.35445 0)
(1.90797 1.60356 0)
(1.92769 1.93253 0)
(1.87723 2.17878 0)
(1.92188 2.28507 0)
(1.98881 2.30186 0)
(2.06933 2.14995 0)
(2.0945 2.13001 0)
(2.24503 1.97214 0)
(2.22435 2.04121 0)
(2.30679 1.92536 0)
(2.33847 1.85127 0)
(2.39273 1.75743 0)
(2.47412 1.66623 0)
(2.6156 1.55885 0)
(2.67027 1.42829 0)
(2.77525 1.29628 0)
(2.83928 1.21849 0)
(2.80693 1.26843 0)
(1.81576 1.30853 0)
(1.95638 1.18813 0)
(2.07383 1.31317 0)
(2.20101 1.548 0)
(2.12589 2.02021 0)
(1.97594 2.26698 0)
(1.9843 2.30009 0)
(1.98438 2.24363 0)
(1.98898 2.20755 0)
(2.06138 2.08215 0)
(2.09314 2.09678 0)
(2.19209 1.96397 0)
(2.27351 1.9072 0)
(2.3656 1.8472 0)
(2.4723 1.79476 0)
(2.58689 1.7249 0)
(2.63905 1.67646 0)
(2.65807 1.63708 0)
(2.64309 1.62272 0)
(2.59922 1.60365 0)
(1.91649 1.32702 0)
(1.88051 1.13808 0)
(1.95609 1.17386 0)
(2.04959 1.31969 0)
(2.04232 1.36016 0)
(2.01435 1.5867 0)
(1.93328 1.90335 0)
(1.83611 2.00371 0)
(1.76094 1.82128 0)
(1.78718 1.65205 0)
(1.81458 1.56521 0)
(1.80495 1.25815 0)
(1.85448 1.01852 0)
(1.96677 0.841403 0)
(2.05255 0.802191 0)
(2.24293 0.930677 0)
(2.36605 1.2538 0)
(2.32725 1.30975 0)
(2.25664 1.22915 0)
(2.30898 1.26828 0)
(1.377 0.344678 0)
(1.41126 0.44717 0)
(1.47832 0.335988 0)
(1.49864 0.294438 0)
(1.56961 0.201574 0)
(1.59609 0.211036 0)
(1.6016 0.302515 0)
(1.57875 0.433478 0)
(1.49172 0.386689 0)
(1.48981 0.355473 0)
(1.51337 0.341435 0)
(1.48294 0.237855 0)
(1.51443 0.0821709 0)
(1.61175 0.00836367 0)
(1.69449 0.0309162 0)
(1.72231 0.0890696 0)
(1.78346 0.243712 0)
(1.80455 0.306009 0)
(1.79778 0.23043 0)
(1.86582 0.267945 0)
(1.97387 -0.163933 0)
(2.02577 -0.131993 0)
(2.05892 -0.0906523 0)
(2.12183 -0.0815838 0)
(2.13684 -0.0205017 0)
(2.15473 -0.0193167 0)
(2.16682 -0.0119061 0)
(2.1717 -0.00821641 0)
(2.17795 -0.0115921 0)
(2.19221 -0.00190381 0)
(2.21229 0.00249088 0)
(2.21505 -0.000700126 0)
(2.21518 -0.00144823 0)
(2.23004 0.00406958 0)
(2.24471 0.00712795 0)
(2.26453 -0.00222384 0)
(2.26937 -0.00405131 0)
(2.26783 -0.00428989 0)
(2.26886 -0.00275465 0)
(2.28398 -0.000397274 0)
(2.3441 -0.839507 0)
(2.32955 -0.528872 0)
(2.27901 -0.293392 0)
(2.33846 -0.237871 0)
(2.28602 -0.0719945 0)
(2.26349 -0.0508195 0)
(2.26137 -0.025021 0)
(2.27196 -0.0164061 0)
(2.26393 -0.0155646 0)
(2.2546 -0.0128548 0)
(2.27391 -0.0213816 0)
(2.2834 -0.0264997 0)
(2.2826 -0.0238826 0)
(2.28688 -0.00358876 0)
(2.2949 0.0103133 0)
(2.30433 0.0101181 0)
(2.30885 -0.0090115 0)
(2.30548 -0.0168301 0)
(2.30329 -0.0133509 0)
(2.3088 0.00033952 0)
(2.63923 -1.47932 0)
(2.67505 -1.38593 0)
(2.63282 -1.09255 0)
(2.61645 -0.877119 0)
(2.55247 -0.513212 0)
(2.62441 -0.304657 0)
(2.50348 -0.0629064 0)
(2.44258 -0.0603105 0)
(2.39438 -0.0160532 0)
(2.38641 -0.00790646 0)
(2.39694 -0.0196102 0)
(2.41337 -0.0257292 0)
(2.41244 -0.0218673 0)
(2.40391 -0.00955094 0)
(2.396 -0.00115574 0)
(2.39046 -0.000916865 0)
(2.38921 -0.00938211 0)
(2.38668 -0.0103041 0)
(2.38233 -0.00806405 0)
(2.37286 -0.0020418 0)
(2.69409 -1.27065 0)
(2.72271 -1.20473 0)
(2.7516 -1.24562 0)
(2.7101 -1.17646 0)
(2.69106 -1.09442 0)
(2.74237 -0.845081 0)
(2.73261 -0.496093 0)
(2.74497 -0.284808 0)
(2.59899 -0.0480764 0)
(2.54012 -0.0319393 0)
(2.51304 -0.0329014 0)
(2.518 -0.037242 0)
(2.52652 -0.027339 0)
(2.52232 -0.0212395 0)
(2.50626 -0.00751421 0)
(2.49612 -0.00680039 0)
(2.48477 -0.0114463 0)
(2.47847 -0.0106996 0)
(2.47302 -0.00449133 0)
(2.45795 0.0019091 0)
(2.74112 -1.02399 0)
(2.73229 -1.09518 0)
(2.71241 -0.997383 0)
(2.7098 -0.985809 0)
(2.73909 -0.971116 0)
(2.74886 -0.995143 0)
(2.76525 -0.969579 0)
(2.80396 -0.732052 0)
(2.78523 -0.387197 0)
(2.76142 -0.206935 0)
(2.6449 -0.0591692 0)
(2.6072 -0.044463 0)
(2.59098 -0.0230688 0)
(2.58505 -0.0257173 0)
(2.56844 -0.0127733 0)
(2.56052 -0.0112913 0)
(2.54913 -0.0122911 0)
(2.543 -0.00571762 0)
(2.53801 0.00165197 0)
(2.52622 0.00226721 0)
(2.76996 -0.84887 0)
(2.72697 -0.903022 0)
(2.72442 -0.932041 0)
(2.75155 -0.90313 0)
(2.77455 -0.854056 0)
(2.77849 -0.860074 0)
(2.77255 -0.923089 0)
(2.77503 -0.945884 0)
(2.76617 -0.83973 0)
(2.77647 -0.556391 0)
(2.70517 -0.197952 0)
(2.65082 -0.0587772 0)
(2.61504 -0.00490998 0)
(2.60632 -0.0349602 0)
(2.59266 -0.0254706 0)
(2.58125 -0.0227131 0)
(2.57209 -0.0151351 0)
(2.56659 0.000187166 0)
(2.5657 0.00622105 0)
(2.56304 0.00152637 0)
(2.75406 -0.675523 0)
(2.73095 -0.746052 0)
(2.73499 -0.7509 0)
(2.7671 -0.705757 0)
(2.80296 -0.726372 0)
(2.80913 -0.743296 0)
(2.78841 -0.780945 0)
(2.7426 -0.843768 0)
(2.72446 -0.851735 0)
(2.72469 -0.815213 0)
(2.70506 -0.641672 0)
(2.64541 -0.299698 0)
(2.59517 -0.0136886 0)
(2.6027 -0.0516201 0)
(2.59131 -0.035556 0)
(2.58147 -0.032107 0)
(2.57851 -0.0161049 0)
(2.57211 0.00474092 0)
(2.57571 0.00400486 0)
(2.57551 -0.00668718 0)
(2.71839 -0.513585 0)
(2.72649 -0.605135 0)
(2.73157 -0.642828 0)
(2.77885 -0.645966 0)
(2.8304 -0.641481 0)
(2.82541 -0.648884 0)
(2.7938 -0.700327 0)
(2.73484 -0.741408 0)
(2.70425 -0.760924 0)
(2.6931 -0.786985 0)
(2.70829 -0.743677 0)
(2.69203 -0.642593 0)
(2.63607 -0.347838 0)
(2.59974 -0.0925234 0)
(2.58135 0.00475841 0)
(2.57472 -0.0268821 0)
(2.58085 -0.0117031 0)
(2.58337 0.00827321 0)
(2.58109 -0.00238519 0)
(2.57594 -0.0128553 0)
(2.67508 -0.283892 0)
(2.70703 -0.43686 0)
(2.7261 -0.474939 0)
(2.76522 -0.508987 0)
(2.81746 -0.553623 0)
(2.81212 -0.582316 0)
(2.78229 -0.60711 0)
(2.71897 -0.631102 0)
(2.68986 -0.687119 0)
(2.68859 -0.7035 0)
(2.71277 -0.722252 0)
(2.7216 -0.707343 0)
(2.70015 -0.639405 0)
(2.64776 -0.374104 0)
(2.6255 -0.162399 0)
(2.60625 -0.0528037 0)
(2.5962 -0.00286612 0)
(2.58852 0.00592787 0)
(2.56678 -0.020304 0)
(2.57234 -0.0157311 0)
(2.63314 -0.0976784 0)
(2.68392 -0.286947 0)
(2.69816 -0.347698 0)
(2.72604 -0.40277 0)
(2.76385 -0.445302 0)
(2.76671 -0.488582 0)
(2.74378 -0.537536 0)
(2.6852 -0.542579 0)
(2.68017 -0.598913 0)
(2.69089 -0.645824 0)
(2.71506 -0.661238 0)
(2.73647 -0.695544 0)
(2.71894 -0.691907 0)
(2.69993 -0.643405 0)
(2.67071 -0.374983 0)
(2.65143 -0.130723 0)
(2.62001 0.0424156 0)
(2.57689 0.00119677 0)
(2.56592 -0.024238 0)
(2.58032 -0.0136484 0)
(2.49856 0.209926 0)
(2.55884 0.0509199 0)
(2.61678 -0.155775 0)
(2.64741 -0.250176 0)
(2.66119 -0.267546 0)
(2.62676 -0.27054 0)
(2.60018 -0.362709 0)
(2.65232 -0.41527 0)
(2.67601 -0.468574 0)
(2.70873 -0.526493 0)
(2.72128 -0.560029 0)
(2.73367 -0.579982 0)
(2.71585 -0.653227 0)
(2.74408 -0.634781 0)
(2.7384 -0.596321 0)
(2.72139 -0.429378 0)
(2.69499 -0.204549 0)
(2.67188 -0.133014 0)
(2.66428 -0.037426 0)
(2.62433 -0.00760324 0)
(2.35447 0.545819 0)
(2.439 0.365722 0)
(2.48418 0.229363 0)
(2.61149 -0.109913 0)
(2.61511 -0.231807 0)
(2.63125 -0.236215 0)
(2.64723 -0.376296 0)
(2.67953 -0.390188 0)
(2.6873 -0.362663 0)
(2.72807 -0.404709 0)
(2.73568 -0.460226 0)
(2.72159 -0.49851 0)
(2.72395 -0.554829 0)
(2.73993 -0.594321 0)
(2.78687 -0.587946 0)
(2.79895 -0.556958 0)
(2.77275 -0.497421 0)
(2.75529 -0.328743 0)
(2.7511 -0.17551 0)
(2.71768 -0.0473513 0)
(2.34465 0.712246 0)
(2.3924 0.591223 0)
(2.4562 0.432311 0)
(2.479 0.329221 0)
(2.57579 0.0626741 0)
(2.63202 -0.0385543 0)
(2.66229 -0.138436 0)
(2.66525 -0.142712 0)
(2.63659 -0.141861 0)
(2.67026 -0.226961 0)
(2.71148 -0.308798 0)
(2.72255 -0.353913 0)
(2.75032 -0.430482 0)
(2.77786 -0.461161 0)
(2.80135 -0.465463 0)
(2.82674 -0.517321 0)
(2.83493 -0.524055 0)
(2.83079 -0.515407 0)
(2.82839 -0.445158 0)
(2.80187 -0.203449 0)
(2.43365 0.686224 0)
(2.43305 0.67911 0)
(2.43308 0.645371 0)
(2.47168 0.534925 0)
(2.53756 0.357733 0)
(2.55903 0.268023 0)
(2.64767 0.0396888 0)
(2.67545 -0.118709 0)
(2.66711 -0.126223 0)
(2.7034 -0.259127 0)
(2.73407 -0.321001 0)
(2.77018 -0.311901 0)
(2.80144 -0.357477 0)
(2.80847 -0.349273 0)
(2.79429 -0.363595 0)
(2.82568 -0.432835 0)
(2.84679 -0.480705 0)
(2.85953 -0.503841 0)
(2.87871 -0.484087 0)
(2.88037 -0.415023 0)
(2.72743 0.435766 0)
(2.58984 0.608675 0)
(2.51887 0.63302 0)
(2.52204 0.618629 0)
(2.53225 0.566411 0)
(2.56841 0.447268 0)
(2.60182 0.342253 0)
(2.65282 0.185291 0)
(2.68871 0.0792857 0)
(2.72607 -0.0514817 0)
(2.74494 -0.094311 0)
(2.75796 -0.0901482 0)
(2.76923 -0.115869 0)
(2.78764 -0.208035 0)
(2.82149 -0.292848 0)
(2.84047 -0.349967 0)
(2.86523 -0.381281 0)
(2.89471 -0.40002 0)
(2.92168 -0.419816 0)
(2.92231 -0.423472 0)
(2.96869 0.071325 0)
(2.84826 0.305968 0)
(2.73541 0.477159 0)
(2.6156 0.580003 0)
(2.61304 0.579084 0)
(2.61046 0.564173 0)
(2.6184 0.516372 0)
(2.66018 0.400408 0)
(2.69402 0.291637 0)
(2.73262 0.175253 0)
(2.77871 0.0112278 0)
(2.78645 -0.0386396 0)
(2.81415 -0.133055 0)
(2.83777 -0.22357 0)
(2.85881 -0.259524 0)
(2.88161 -0.282669 0)
(2.90072 -0.316375 0)
(2.91938 -0.33044 0)
(2.92139 -0.321576 0)
(2.94068 -0.388477 0)
(2.99891 0.0035577 0)
(2.98598 0.0351537 0)
(2.94788 0.136775 0)
(2.82253 0.372064 0)
(2.75566 0.473331 0)
(2.66599 0.552968 0)
(2.66452 0.553499 0)
(2.66883 0.536322 0)
(2.68805 0.477848 0)
(2.72064 0.389591 0)
(2.75424 0.282196 0)
(2.79528 0.148819 0)
(2.8245 0.0690991 0)
(2.84056 0.0111924 0)
(2.85218 -0.0224155 0)
(2.83669 -0.0207678 0)
(2.8754 -0.112437 0)
(2.88213 -0.171054 0)
(2.9144 -0.246329 0)
(2.94748 -0.297777 0)
(2.99998 7.28037e-05 0)
(2.99965 0.000893629 0)
(2.99738 0.00753976 0)
(2.97476 0.0643807 0)
(2.93567 0.169516 0)
(2.82277 0.386184 0)
(2.77063 0.472293 0)
(2.71418 0.519442 0)
(2.71443 0.51729 0)
(2.7193 0.501957 0)
(2.7371 0.454984 0)
(2.77142 0.365861 0)
(2.79744 0.288325 0)
(2.84731 0.139129 0)
(2.87331 0.04279 0)
(2.878 -0.00595686 0)
(2.90427 -0.100847 0)
(2.91852 -0.187788 0)
(2.93324 -0.227411 0)
(2.96663 -0.260916 0)
(3 1.10208e-06 0)
(3 9.46769e-06 0)
(2.99995 0.000112455 0)
(2.99918 0.00201199 0)
(2.9953 0.0129822 0)
(2.96687 0.0820693 0)
(2.92553 0.19143 0)
(2.83915 0.371165 0)
(2.79411 0.451117 0)
(2.75266 0.491358 0)
(2.75287 0.489794 0)
(2.75834 0.47559 0)
(2.77507 0.434511 0)
(2.80316 0.364768 0)
(2.83637 0.268381 0)
(2.87279 0.155613 0)
(2.89236 0.0977069 0)
(2.90491 0.0343954 0)
(2.9106 0.00383242 0)
(2.93183 -0.056892 0)
(3 1.25186e-08 0)
(3 8.03605e-08 0)
(3 9.2785e-07 0)
(2.99999 2.07712e-05 0)
(2.9999 0.000232633 0)
(2.99862 0.0032716 0)
(2.99327 0.0175963 0)
(2.96578 0.0861518 0)
(2.92282 0.195339 0)
(2.8589 0.335474 0)
(2.80957 0.433112 0)
(2.78284 0.465613 0)
(2.78416 0.462972 0)
(2.78962 0.450889 0)
(2.80496 0.415943 0)
(2.82967 0.354949 0)
(2.86463 0.257048 0)
(2.89035 0.180084 0)
(2.91615 0.0920462 0)
(2.94445 -0.0311826 0)
(3 1.06256e-10 0)
(3 6.3244e-10 0)
(3 6.35767e-09 0)
(3 1.43689e-07 0)
(3 1.97411e-06 0)
(2.99998 3.8563e-05 0)
(2.99984 0.000368508 0)
(2.9984 0.00371088 0)
(2.99185 0.0202641 0)
(2.9693 0.0758401 0)
(2.92002 0.195981 0)
(2.87442 0.303551 0)
(2.83209 0.395772 0)
(2.80732 0.440697 0)
(2.80842 0.437797 0)
(2.8121 0.428579 0)
(2.82474 0.401285 0)
(2.84678 0.35063 0)
(2.87787 0.267866 0)
(2.91135 0.162072 0)
(3 6.98751e-13 0)
(3 4.43395e-12 0)
(3 4.0246e-11 0)
(3 8.45875e-10 0)
(3 1.31867e-08 0)
(3 2.73406e-07 0)
(3 3.30645e-06 0)
(2.99998 4.63929e-05 0)
(2.9998 0.000462244 0)
(2.9985 0.00341693 0)
(2.99117 0.0207879 0)
(2.97212 0.0684306 0)
(2.93343 0.163692 0)
(2.87624 0.302186 0)
(2.85882 0.341542 0)
(2.82722 0.409577 0)
(2.82688 0.413195 0)
(2.82922 0.408789 0)
(2.83787 0.390101 0)
(2.86921 0.314459 0)
(3 4.86619e-15 0)
(3 2.82939e-14 0)
(3 2.41521e-13 0)
(3 4.44404e-12 0)
(3 7.83364e-11 0)
(3 1.58632e-09 0)
(3 2.23853e-08 0)
(3 3.4074e-07 0)
(3 4.30856e-06 0)
(2.99998 4.53896e-05 0)
(2.99978 0.000488937 0)
(2.99866 0.00313142 0)
(2.99286 0.0163837 0)
(2.97262 0.0650871 0)
(2.94929 0.127459 0)
(2.88877 0.275563 0)
(2.86669 0.325993 0)
(2.84783 0.370483 0)
(2.84463 0.381145 0)
(2.8478 0.376699 0)
(3 -8.05843e-15 0)
(3 -1.03925e-14 0)
(3 -8.37291e-15 0)
(3 1.40107e-14 0)
(3 3.93457e-13 0)
(3 8.61137e-12 0)
(3 1.2505e-10 0)
(3 2.1788e-09 0)
(3 2.80081e-08 0)
(3 3.64204e-07 0)
(3 4.5853e-06 0)
(2.99998 4.06654e-05 0)
(2.99981 0.000408833 0)
(2.99885 0.00256666 0)
(2.9943 0.0140123 0)
(2.98046 0.0451074 0)
(2.94905 0.125895 0)
(2.91618 0.213236 0)
(2.88465 0.304182 0)
(2.87389 0.343057 0)
(3 -3.90286e-15 0)
(3 -4.48526e-15 0)
(3 -4.40252e-15 0)
(3 -3.91477e-15 0)
(3 -4.14184e-16 0)
(3 3.43295e-14 0)
(3 5.8016e-13 0)
(3 1.01476e-11 0)
(3 1.4901e-10 0)
(3 1.91891e-09 0)
(3 2.79103e-08 0)
(3 2.63585e-07 0)
(3 3.39681e-06 0)
(2.99998 2.90542e-05 0)
(2.99984 0.000250455 0)
(2.999 0.00156394 0)
(2.99437 0.0090952 0)
(2.98131 0.0272357 0)
(2.94875 0.0799524 0)
(2.87968 0.154957 0)
(2.41406 0.406812 0)
(2.26469 0.712406 0)
(2.34017 0.736638 0)
(2.54912 0.602045 0)
(2.85766 0.24315 0)
(2.98689 0.032365 0)
(2.99955 0.00158302 0)
(2.99999 3.8954e-05 0)
(3 5.89076e-07 0)
(3 5.96728e-09 0)
(3 4.29091e-11 0)
(3 2.31719e-13 0)
(3 -6.07633e-16 0)
(3 -6.07817e-15 0)
(3 -3.1389e-15 0)
(2.28334 0.647359 0)
(2.25567 0.787757 0)
(2.39774 0.742306 0)
(2.77821 0.376751 0)
(2.99018 0.0352965 0)
(3.00005 0.000457361 0)
(3 -1.27832e-06 0)
(3 -8.49671e-08 0)
(3 -1.55259e-08 0)
(3 -6.38757e-10 0)
(3 -8.28376e-12 0)
(3 -5.68492e-14 0)
(3 -3.36746e-15 0)
(3 -6.27968e-15 0)
(3 -3.03708e-15 0)
(2.21045 0.802328 0)
(2.25157 0.801908 0)
(2.58548 0.555152 0)
(2.94336 0.119281 0)
(2.99889 0.00511026 0)
(2.99999 7.28083e-05 0)
(3 8.75603e-07 0)
(3 1.09878e-08 0)
(3 4.93792e-11 0)
(3 4.89865e-13 0)
(3 1.7727e-14 0)
(3 4.67039e-15 0)
(3 -7.83977e-16 0)
(3 -6.50657e-15 0)
(3 -3.19118e-15 0)
(2.1755 0.883086 0)
(2.41554 0.742336 0)
(2.84548 0.272921 0)
(2.99546 0.0155493 0)
(3 8.57373e-05 0)
(3 -1.01767e-06 0)
(3 -8.2899e-09 0)
(3 -1.48526e-09 0)
(3 -6.99005e-11 0)
(3 -1.03133e-12 0)
(3 -1.81325e-15 0)
(3 3.33356e-15 0)
(3 -1.47248e-15 0)
(3 -6.12806e-15 0)
(3 -3.1173e-15 0)
(2.17643 0.90008 0)
(2.66539 0.455007 0)
(2.98513 0.0338117 0)
(2.99999 0.000386407 0)
(3 2.71108e-06 0)
(3 -2.71214e-09 0)
(3 -1.33745e-09 0)
(3 -1.50022e-11 0)
(3 5.74153e-14 0)
(3 8.52259e-15 0)
(3 6.3714e-15 0)
(3 2.80402e-15 0)
(3 -1.58031e-15 0)
(3 -5.8176e-15 0)
(3 -3.00952e-15 0)
(2.57172 0.572935 0)
(2.99094 0.037577 0)
(3.00023 0.000362305 0)
(3 -1.19794e-06 0)
(3 -2.68981e-07 0)
(3 -2.30043e-08 0)
(3 -2.71205e-10 0)
(3 -6.49414e-13 0)
(3 -7.71846e-15 0)
(3 -1.86628e-15 0)
(3 5.18252e-15 0)
(3 2.11118e-15 0)
(3 -1.37367e-15 0)
(3 -5.81254e-15 0)
(3 -2.85619e-15 0)
(2.99388 0.0495383 0)
(2.99998 0.00107709 0)
(3 -6.45534e-07 0)
(3 -1.89344e-07 0)
(3 -1.21229e-09 0)
(3 1.79909e-11 0)
(3 3.55548e-12 0)
(3 1.38921e-13 0)
(3 -5.22636e-15 0)
(3 -1.82798e-15 0)
(3 5.34662e-15 0)
(3 2.08445e-15 0)
(3 -1.47834e-15 0)
(3 -5.9778e-15 0)
(3 -2.77102e-15 0)
(3.00074 -0.00153337 0)
(3.00004 -0.000107657 0)
(3 -3.51162e-06 0)
(3 -4.36196e-08 0)
(3 -2.45302e-10 0)
(3 -4.69001e-12 0)
(3 -4.46859e-14 0)
(3 -1.6333e-16 0)
(3 -6.21568e-15 0)
(3 -1.76728e-15 0)
(3 5.09379e-15 0)
(3 1.62923e-15 0)
(3 -1.48885e-15 0)
(3 -6.44278e-15 0)
(3 -2.6983e-15 0)
(3.00001 -2.20352e-05 0)
(3 1.20871e-07 0)
(3 2.39038e-08 0)
(3 1.1624e-09 0)
(3 1.97706e-11 0)
(3 1.95484e-13 0)
(3 1.65183e-15 0)
(3 -3.90373e-16 0)
(3 -6.0954e-15 0)
(3 -1.6206e-15 0)
(3 4.84893e-15 0)
(3 1.80775e-15 0)
(3 -1.29438e-15 0)
(3 -7.10647e-15 0)
(3 -2.47276e-15 0)
(3 1.23875e-06 0)
(3 1.41689e-08 0)
(3 -7.63871e-11 0)
(3 -1.26502e-11 0)
(3 -4.057e-13 0)
(3 -7.95202e-15 0)
(3 -1.64407e-16 0)
(3 3.93537e-16 0)
(3 -5.91912e-15 0)
(3 -1.91062e-15 0)
(3 4.78684e-15 0)
(3 2.14553e-15 0)
(3 -1.00493e-15 0)
(3 -7.69688e-15 0)
(3 -2.22726e-15 0)
(3 6.5944e-15 0)
(3 5.37178e-17 0)
(3 -2.12194e-15 0)
(3 -7.21562e-15 0)
(3 -6.09265e-15 0)
(3 -2.98522e-15 0)
(3 1.00636e-15 0)
(3 5.65392e-16 0)
(3 -5.91124e-15 0)
(3 -2.05415e-15 0)
(3 4.93204e-15 0)
(3 2.65214e-15 0)
(3 -1.43758e-15 0)
(3 -8.06674e-15 0)
(3 -2.19546e-15 0)
(3 1.71379e-15 0)
(3 -1.30941e-15 0)
(3 -3.08519e-15 0)
(3 -6.17078e-15 0)
(3 -4.96518e-15 0)
(3 -2.15075e-15 0)
(3 2.71152e-15 0)
(3 7.85713e-16 0)
(3 -5.6768e-15 0)
(3 -2.17315e-15 0)
(3 5.88702e-15 0)
(3 4.11958e-15 0)
(3 -2.34977e-15 0)
(3 -8.07113e-15 0)
(3 -2.13721e-15 0)
(3 9.29138e-16 0)
(3 -1.54076e-15 0)
(3 -2.56489e-15 0)
(3 -6.25712e-15 0)
(3 -3.34787e-15 0)
(3 -1.25637e-15 0)
(3 2.9253e-15 0)
(3 9.90086e-16 0)
(3 -5.64445e-15 0)
(3 -2.39101e-15 0)
(3 6.40543e-15 0)
(3 4.12755e-15 0)
(3 -3.09778e-15 0)
(3 -7.86018e-15 0)
(3 -1.92868e-15 0)
(3 -3.35373e-16 0)
(3 -2.00038e-15 0)
(3 -2.55407e-15 0)
(3 -6.08946e-15 0)
(3 -2.30119e-17 0)
(3 -9.74713e-16 0)
(3 3.2604e-15 0)
(3 1.16489e-15 0)
(3 -5.69923e-15 0)
(3 -2.58819e-15 0)
(3 6.71454e-15 0)
(3 3.09301e-15 0)
(3 -3.99258e-15 0)
(3 -7.49796e-15 0)
(3 -1.71973e-15 0)
(3 -1.68813e-15 0)
(3 -1.55616e-15 0)
(3 -3.30818e-15 0)
(3 -3.23164e-15 0)
(3 1.46095e-16 0)
(3 -3.92952e-16 0)
(3 3.75292e-15 0)
(3 1.17323e-15 0)
(3 -5.49775e-15 0)
(3 -2.94936e-15 0)
(3 6.70305e-15 0)
(3 1.00341e-15 0)
(3 -4.0307e-15 0)
(3 -7.32108e-15 0)
(3 -1.53867e-15 0)
(3 -2.26463e-15 0)
(3 -1.30353e-15 0)
(3 -3.63742e-15 0)
(3 -1.7739e-15 0)
(3 3.47931e-16 0)
(3 -4.26446e-16 0)
(3 3.88797e-15 0)
(3 1.73429e-15 0)
(3 -5.93509e-15 0)
(3 -3.23878e-15 0)
(3 6.31186e-15 0)
(3 8.39411e-16 0)
(3 -4.17853e-15 0)
(3 -7.10385e-15 0)
(3 -1.37022e-15 0)
(3 -2.95713e-15 0)
(3 -1.79239e-15 0)
(3 -3.7173e-15 0)
(3 -8.53228e-16 0)
(3 2.98158e-16 0)
(3 -6.86099e-16 0)
(3 3.95205e-15 0)
(3 1.98e-15 0)
(3 -5.33975e-15 0)
(3 -3.58022e-15 0)
(3 4.81312e-15 0)
(3 1.12872e-15 0)
(3 -4.16139e-15 0)
(3 -7.30016e-15 0)
(3 -1.06388e-15 0)
(3 -2.90711e-15 0)
(3 -3.26601e-15 0)
(3 -3.62774e-15 0)
(3 -6.4407e-16 0)
(3 2.51168e-16 0)
(3 -7.33698e-16 0)
(3 3.63206e-15 0)
(3 2.5953e-15 0)
(3 -4.97028e-15 0)
(3 -3.57871e-15 0)
(3 3.60853e-15 0)
(3 1.09936e-15 0)
(3 -4.25679e-15 0)
(3 -6.984e-15 0)
(3 -1.07561e-15 0)
(3 -3.12154e-15 0)
(3 -3.72265e-15 0)
(3 -3.66302e-15 0)
(3 -3.20348e-16 0)
(3 2.70169e-16 0)
(3 -8.65155e-16 0)
(3 3.61308e-15 0)
(3 3.74838e-15 0)
(3 -4.38756e-15 0)
(3 -3.87946e-15 0)
(3 2.48279e-15 0)
(3 8.64407e-16 0)
(3 -4.3673e-15 0)
(3 -6.69686e-15 0)
(3 -8.42475e-16 0)
(3 -2.87419e-15 0)
(3 -4.38962e-15 0)
(3 -3.74531e-15 0)
(3 -6.26416e-16 0)
(3 4.066e-16 0)
(3 -5.75327e-16 0)
(3 2.96084e-15 0)
(3 3.64983e-15 0)
(3 -3.25809e-15 0)
(3 -3.38971e-15 0)
(3 1.45863e-15 0)
(3 7.50259e-16 0)
(3 -4.53414e-15 0)
(3 -6.08867e-15 0)
(3 -6.43795e-16 0)
(3 -1.82521e-15 0)
(3 -4.07022e-15 0)
(3 -3.86347e-15 0)
(3 -1.91567e-15 0)
(3 5.18043e-16 0)
(3 -2.35799e-16 0)
(3 2.36576e-15 0)
(3 4.24094e-15 0)
(3 -2.01574e-15 0)
(3 -2.50113e-15 0)
(3 -4.90124e-16 0)
(3 6.45307e-16 0)
(3 -4.59582e-15 0)
(3 -5.90513e-15 0)
(3 -5.18821e-16 0)
(3 -2.62627e-15 0)
(3 -3.68156e-15 0)
(3 -4.36524e-15 0)
(3 -1.55177e-15 0)
(3 7.49796e-16 0)
(3 1.65874e-16 0)
(3 2.86554e-15 0)
(3 3.87135e-15 0)
(3 -1.47317e-15 0)
(3 -1.94429e-15 0)
(3 -1.10808e-15 0)
(3 -2.09306e-16 0)
(3 -4.61187e-15 0)
(3 -5.312e-15 0)
(3 -3.47999e-17 0)
(3 -1.72602e-15 0)
(3 -3.668e-15 0)
(3 -5.53888e-15 0)
(3 -2.51364e-15 0)
(3 5.01418e-16 0)
(3 9.89846e-16 0)
(3 4.76873e-15 0)
(3 3.38033e-15 0)
(3 -6.85401e-16 0)
(3 -8.28872e-16 0)
(3 -3.64993e-15 0)
(3 -1.20702e-15 0)
(3 -4.40171e-15 0)
(3 -4.18367e-15 0)
(3 1.81466e-16 0)
(3 -1.36477e-15 0)
(3 -2.77044e-15 0)
(3 -4.60955e-15 0)
(3 -2.19494e-15 0)
(3 -1.20446e-15 0)
(3 1.36443e-15 0)
(3 4.74584e-15 0)
(3 3.64213e-15 0)
(3 1.5682e-17 0)
(3 4.37719e-16 0)
(3 -2.88343e-15 0)
(3 -3.6243e-15 0)
(3 -4.2412e-15 0)
(3 -2.6538e-15 0)
(3 3.71591e-16 0)
(3 -2.11768e-15 0)
(3 -3.3723e-15 0)
(3 -2.73133e-15 0)
(3 -1.7306e-15 0)
(3 -2.21834e-15 0)
(3 2.04657e-15 0)
(3 4.86729e-15 0)
(3 1.67398e-15 0)
(3 3.62619e-16 0)
(3 3.65496e-15 0)
(3 -2.79708e-15 0)
(3 -3.65975e-15 0)
(3 -2.65763e-15 0)
(3 -2.97314e-15 0)
(3 3.79564e-16 0)
(3 1.58582e-16 0)
(3 -1.06382e-15 0)
(3 -1.65167e-15 0)
(3 -9.2638e-16 0)
(3 -4.81868e-15 0)
(3 3.33883e-15 0)
(3 6.39655e-15 0)
(3 1.57635e-15 0)
(3 5.62266e-16 0)
(3 1.87735e-15 0)
(3 -3.98371e-15 0)
(3 -4.69105e-15 0)
(3 -2.18164e-15 0)
(3 -2.27111e-15 0)
(3 -2.87332e-16 0)
(3 -1.46096e-15 0)
(3 -9.47473e-16 0)
(3 2.56619e-16 0)
(3 1.35675e-15 0)
(3 -3.07797e-15 0)
(3 3.92659e-15 0)
(3 1.01766e-14 0)
(3 1.88415e-15 0)
(3 1.23072e-15 0)
(3 1.84127e-15 0)
(3 -4.75276e-15 0)
(3 -5.96961e-15 0)
(3 -1.61223e-15 0)
(3 -1.95617e-15 0)
(3 -1.38615e-15 0)
(3 -5.16051e-15 0)
(3 -2.08082e-15 0)
(3 3.52509e-15 0)
(3 3.32556e-15 0)
(3 -2.80939e-15 0)
(3 2.83051e-15 0)
(3 4.38172e-15 0)
(3 2.25011e-15 0)
(3 4.37938e-15 0)
(3 7.86633e-16 0)
(3 -4.44553e-15 0)
(3 -6.01217e-15 0)
(3 -9.51998e-16 0)
(3 7.13179e-16 0)
(3 -1.94532e-15 0)
(3 -6.23058e-15 0)
(3 -2.69868e-15 0)
(3 2.32658e-15 0)
(3 2.73682e-15 0)
(3 2.61518e-16 0)
(3 7.31296e-15 0)
(3 2.72422e-15 0)
(3 -2.12662e-15 0)
(3 2.18429e-15 0)
(3 1.4624e-15 0)
(3 -2.31721e-15 0)
(3 -3.36728e-15 0)
(3 1.1942e-15 0)
(3 -4.23516e-16 0)
(3 -2.02165e-15 0)
(3 -2.47721e-15 0)
(3 -3.83936e-15 0)
(3 -1.70036e-15 0)
(3 3.66581e-15 0)
(3 3.83054e-15 0)
(3 6.32811e-15 0)
(3 3.93085e-16 0)
(3 -2.91911e-15 0)
(3 -1.34254e-15 0)
(3 2.64063e-15 0)
(3 1.14448e-15 0)
(3 -2.93196e-15 0)
(3 9.25232e-16 0)
(3 -3.47961e-16 0)
(3 -1.42463e-15 0)
(3 2.62797e-16 0)
(3 4.72059e-16 0)
(3 8.86578e-16 0)
(3 5.30699e-16 0)
(3 1.50278e-15 0)
(3 -1.90777e-15 0)
(3 -3.41783e-15 0)
(3 -2.01423e-15 0)
(3 -5.00246e-15 0)
(3 -6.49324e-15 0)
(3 1.67974e-16 0)
(3 -8.24388e-16 0)
(3 -1.96579e-15 0)
(3 -3.14428e-15 0)
(3 -3.95182e-15 0)
(3 -4.02132e-15 0)
(3 -2.83062e-15 0)
(3 -4.50496e-15 0)
(3 -5.56343e-15 0)
(3 -6.61827e-15 0)
(3 4.07785e-15 0)
(3 9.62157e-16 0)
(3 6.188e-17 0)
(3 -1.63299e-15 0)
(3 -3.59211e-15 0)
(3 -4.2996e-15 0)
(3 -1.39492e-15 0)
(3 -5.84145e-15 0)
(3 -6.34254e-15 0)
(3 -3.66208e-15 0)
(3 1.58587e-15 0)
(3 2.374e-15 0)
(3 2.24171e-15 0)
(3 -1.36275e-15 0)
(3 -1.83322e-15 0)
(3 -4.96369e-15 0)
(3 -3.04494e-16 0)
(3 -3.47973e-15 0)
(3 -3.02938e-15 0)
(3 -3.59715e-15 0)
(3 2.25902e-15 0)
(3 1.88963e-15 0)
(3 1.96943e-15 0)
(3 3.15013e-15 0)
(3 2.98134e-15 0)
(3 -7.06765e-16 0)
(3 -1.06069e-15 0)
(3 -2.46384e-15 0)
(3 -1.01843e-15 0)
(3 -1.76901e-15 0)
(3 2.64535e-15 0)
(3 3.44916e-15 0)
(3 3.6777e-15 0)
(3 4.19774e-15 0)
(3 5.92786e-15 0)
(3 5.3874e-15 0)
(3 -2.65443e-15 0)
(3 -4.37558e-15 0)
(3 -2.0428e-15 0)
(3 -1.55414e-15 0)
(3 2.70059e-15 0)
(3 3.23388e-15 0)
(3 3.86926e-15 0)
(3 4.06496e-15 0)
(3 4.87078e-15 0)
(3 5.5214e-15 0)
(3 1.03192e-16 0)
(3 -3.64496e-15 0)
(3 -2.22492e-15 0)
(3 -1.12658e-15 0)
(3 4.25028e-15 0)
(3 4.50147e-15 0)
(3 5.04661e-15 0)
(3 4.92863e-15 0)
(3 3.09869e-15 0)
(3 1.05119e-15 0)
(3 2.28728e-16 0)
(3 -3.32615e-15 0)
(3 -2.19459e-15 0)
(3 -2.77493e-15 0)
(3 3.20461e-15 0)
(3 3.71669e-15 0)
(3 4.09643e-15 0)
(3 3.20466e-15 0)
(3 1.41848e-15 0)
(3 -5.40362e-16 0)
(3 -8.71958e-16 0)
(3 -6.9252e-16 0)
(3 -1.21033e-15 0)
(3 -2.51692e-15 0)
(3 -7.10176e-16 0)
(3 -4.38322e-16 0)
(3 -9.27084e-16 0)
(3 -5.60611e-16 0)
(3 9.0772e-16 0)
(3 5.17436e-16 0)
(3 -4.26211e-15 0)
(3 1.13711e-15 0)
(3 -1.95786e-15 0)
(3 7.63933e-16 0)
(3 -1.63361e-15 0)
(3 -1.76793e-15 0)
(3 -1.89872e-15 0)
(3 -7.65391e-16 0)
(3 -6.85621e-17 0)
(3 -2.13958e-15 0)
(3 -1.18095e-15 0)
(3 3.57166e-15 0)
(3 -3.78331e-16 0)
(3 2.46529e-15 0)
(3 -4.09171e-15 0)
(3 -4.81989e-15 0)
(3 -5.28822e-15 0)
(3 -3.78649e-15 0)
(3 -1.59103e-15 0)
(3 -7.97627e-16 0)
(3 9.22582e-16 0)
(3 4.12869e-15 0)
(3 3.44248e-15 0)
(3 2.53502e-15 0)
(3 -3.48732e-15 0)
(3 -3.91449e-15 0)
(3 -4.20922e-15 0)
(3 -4.15877e-15 0)
(3 -2.46644e-15 0)
(3 1.52356e-16 0)
(3 1.91936e-15 0)
(3 1.16601e-15 0)
(3 5.53536e-15 0)
(3 5.16385e-15 0)
(3 -1.69222e-15 0)
(3 -1.01626e-15 0)
(3 -1.03172e-15 0)
(3 -3.29928e-15 0)
(3 -4.97349e-15 0)
(3 -4.18329e-15 0)
(3 2.53186e-15 0)
(3 2.26447e-15 0)
(3 3.63258e-15 0)
(3 2.22468e-15 0)
(3 -9.12388e-16 0)
(3 -9.29965e-16 0)
(3 -1.66071e-15 0)
(3 -2.21757e-15 0)
(3 -3.31068e-15 0)
(3 -3.70475e-15 0)
(3 1.66365e-15 0)
(3 1.90598e-15 0)
(3 7.20441e-16 0)
(3 -1.52898e-15 0)
(3 -1.86715e-16 0)
(3 -6.16741e-16 0)
(3 -6.80513e-16 0)
(3 -3.10775e-15 0)
(3 -8.19686e-16 0)
(3 1.47313e-15 0)
(3 2.7867e-15 0)
(3 4.17536e-15 0)
(3 2.31761e-15 0)
(3 -5.77373e-16 0)
(3 1.26408e-16 0)
(3 -2.26639e-15 0)
(3 -2.24655e-15 0)
(3 -1.50282e-15 0)
(3 4.67005e-16 0)
(3 5.78609e-15 0)
(3 3.94079e-15 0)
(3 5.61756e-15 0)
(3 5.08595e-15 0)
(3 2.75196e-15 0)
(3 -3.90044e-16 0)
(3 4.26721e-16 0)
(3 1.04272e-15 0)
(3 5.56932e-15 0)
(3 6.60076e-15 0)
(3 6.33138e-15 0)
(3 2.04221e-15 0)
(3 4.59638e-15 0)
(3 4.25362e-15 0)
(3 2.20856e-15 0)
(3 -1.10793e-16 0)
(3 1.74412e-15 0)
(3 1.5052e-15 0)
(3 5.86956e-15 0)
(3 7.18596e-15 0)
(3 5.37321e-15 0)
(3 2.58359e-15 0)
(3 4.11067e-15 0)
(3 3.14465e-15 0)
(3 3.83975e-15 0)
(3 1.10918e-15 0)
(3 2.5242e-15 0)
(3 1.43131e-15 0)
(3 5.03793e-15 0)
(3 5.44231e-15 0)
(3 4.44451e-15 0)
(3 4.12149e-15 0)
(3 3.00992e-15 0)
(3 4.35793e-15 0)
(3 5.09136e-15 0)
(3 6.85761e-15 0)
(3 7.06439e-15 0)
(3 6.1191e-15 0)
(3 6.68869e-15 0)
(3 4.87771e-15 0)
(3 4.79174e-15 0)
(3 3.79359e-15 0)
(3 2.4473e-15 0)
(3 2.7124e-16 0)
(3 1.26903e-15 0)
(3 7.10474e-15 0)
(3 7.17067e-15 0)
(3 7.29398e-15 0)
(3 6.68241e-15 0)
(3 5.24585e-15 0)
(3 1.90374e-15 0)
(3 -1.04133e-15 0)
(3 -3.22218e-15 0)
(3 -4.90897e-15 0)
(3 1.65101e-15 0)
(3 2.65485e-15 0)
(3 3.10244e-15 0)
(3 4.48261e-15 0)
(3 4.14018e-15 0)
(3 2.43943e-15 0)
(3 -1.66856e-15 0)
(3 -3.6679e-15 0)
(3 -3.86467e-15 0)
(3 1.42763e-16 0)
(3 -1.00064e-17 0)
(3 -8.41503e-16 0)
(3 -5.1493e-16 0)
(3 3.10805e-16 0)
(3 -3.67436e-17 0)
(3 -1.37427e-16 0)
(3 7.68222e-16 0)
(3 2.5266e-16 0)
(3 -6.92338e-16 0)
(3 3.54657e-16 0)
(3 -7.26973e-16 0)
(3 7.87021e-16 0)
(3 5.75568e-16 0)
(3 2.37177e-17 0)
(3 -5.19139e-17 0)
(3 7.64767e-17 0)
(3 3.09064e-15 0)
(3 4.42248e-15 0)
(3 3.97938e-15 0)
(3 -1.40165e-15 0)
(3 -1.08967e-15 0)
(3 1.60919e-15 0)
(3 4.8129e-16 0)
(3 -1.95554e-15 0)
(3 -1.82675e-15 0)
(3 -2.1567e-15 0)
(3 -8.83826e-16 0)
(3 3.52687e-16 0)
(3 2.6484e-15 0)
(3 3.53544e-15 0)
(3 2.057e-15 0)
(3 8.80444e-16 0)
(3 -2.1479e-16 0)
(3 -2.16306e-15 0)
(3 -2.18998e-15 0)
(3 -3.43182e-16 0)
(3 -1.14597e-15 0)
(3 -1.29522e-15 0)
(3 2.12812e-15 0)
(3 1.82867e-15 0)
(3 9.40769e-16 0)
(3 1.54995e-15 0)
(3 1.74229e-15 0)
(3 1.29472e-15 0)
(3 7.93664e-16 0)
(3 2.42913e-15 0)
(3 3.07782e-15 0)
(3 2.1673e-15 0)
(3 -1.80241e-17 0)
(3 -2.25711e-15 0)
(3 -3.96194e-15 0)
(3 -1.63869e-15 0)
(3 -1.01437e-15 0)
(3 -2.02333e-16 0)
(3 4.24168e-16 0)
(3 2.80929e-16 0)
(3 1.95472e-15 0)
(3 3.55938e-15 0)
(3 -4.09721e-16 0)
(3 1.96972e-15 0)
(3 1.29804e-15 0)
(3 -2.28495e-15 0)
(3 -1.44834e-15 0)
(3 -6.07495e-16 0)
(3 5.75659e-16 0)
(3 1.3576e-15 0)
(3 9.69811e-16 0)
(3 2.45707e-15 0)
(3 2.40382e-15 0)
(3 3.70944e-15 0)
(3 6.51469e-16 0)
(3 9.50158e-16 0)
(3 1.09399e-15 0)
(3 9.15396e-16 0)
(3 8.2753e-16 0)
(3 6.36325e-16 0)
(3 -2.20074e-15 0)
(3 -4.9237e-15 0)
(3 -3.77643e-15 0)
(3 -1.88242e-15 0)
(3 -1.76295e-15 0)
(3 1.2199e-15 0)
(3 9.39749e-16 0)
(3 3.40574e-16 0)
(3 -4.93518e-16 0)
(3 -2.05958e-15 0)
(3 -2.80838e-16 0)
(3 -1.49199e-15 0)
(3 -3.11014e-15 0)
(3 -1.66942e-15 0)
(3 -5.59363e-16 0)
(3 2.39974e-15 0)
(3 2.11227e-15 0)
(3 2.34136e-15 0)
(3 2.2821e-15 0)
(3 1.41077e-15 0)
(3 1.55162e-15 0)
(3 1.9231e-15 0)
(3 8.83313e-16 0)
(3 -2.2032e-16 0)
(3 -2.09084e-15 0)
(3 3.77867e-15 0)
(3 3.43636e-15 0)
(3 3.38582e-15 0)
(3 3.53024e-15 0)
(3 2.05537e-15 0)
(3 4.00506e-16 0)
(3 5.8347e-16 0)
(3 -1.832e-16 0)
(3 -6.38615e-16 0)
(3 1.61491e-15 0)
(3 8.07173e-16 0)
(3 5.43301e-16 0)
(3 3.95166e-16 0)
(3 2.85287e-16 0)
(3 2.03833e-15 0)
(3 2.46176e-15 0)
(3 2.4194e-15 0)
(3 1.17506e-15 0)
(3 8.9805e-16 0)
(3 1.90939e-15 0)
(3 6.9077e-15 0)
(3 5.66451e-15 0)
(3 1.54751e-15 0)
(3 -6.6364e-16 0)
(3 1.38129e-15 0)
(3 1.98064e-15 0)
(3 8.52566e-16 0)
(3 1.20658e-15 0)
(3 -2.14612e-15 0)
(3 -2.40191e-15 0)
(3 1.07028e-15 0)
(3 2.28051e-15 0)
(3 2.35753e-15 0)
(3 3.90654e-15 0)
(3 8.49715e-16 0)
(3 6.11581e-15 0)
(3 4.34623e-15 0)
(3 9.01423e-16 0)
(3 2.77602e-16 0)
(3 1.49584e-15 0)
(3 2.26501e-15 0)
(3 7.21461e-16 0)
(3 7.69894e-16 0)
(3 -2.17397e-15 0)
(3 -2.54005e-15 0)
(3 1.04138e-15 0)
(3 2.47725e-15 0)
(3 2.04311e-15 0)
(3 4.28512e-15 0)
(3 9.19628e-16 0)
(3 5.93828e-15 0)
(3 3.0513e-15 0)
(3 6.79548e-16 0)
(3 9.99104e-16 0)
(3 1.4206e-15 0)
(3 2.42755e-15 0)
(3 7.68814e-16 0)
(3 6.02008e-16 0)
(3 -2.57449e-15 0)
(3 -2.79833e-15 0)
(3 1.09885e-15 0)
(3 2.93889e-15 0)
(3 1.99462e-15 0)
(3 4.50593e-15 0)
(3 1.07681e-15 0)
(3 5.52791e-15 0)
(3 2.07791e-15 0)
(3 6.17862e-16 0)
(3 1.08705e-15 0)
(3 1.48262e-15 0)
(3 2.57298e-15 0)
(3 7.60381e-16 0)
(3 5.07801e-16 0)
(3 -3.1856e-15 0)
(3 -2.64146e-15 0)
(3 9.56369e-16 0)
(3 3.08841e-15 0)
(3 2.07518e-15 0)
(3 4.9456e-15 0)
(3 1.20826e-15 0)
(3 4.78148e-15 0)
(3 1.66504e-15 0)
(3 5.23961e-16 0)
(3 1.09782e-15 0)
(3 1.93643e-15 0)
(3 3.10353e-15 0)
(3 8.1824e-16 0)
(3 1.40008e-16 0)
(3 -3.30404e-15 0)
(3 -2.57918e-15 0)
(3 9.09163e-16 0)
(3 3.22734e-15 0)
(3 2.26799e-15 0)
(3 4.54543e-15 0)
(3 1.17259e-15 0)
(3 3.87157e-15 0)
(3 9.73239e-16 0)
(3 3.86066e-16 0)
(3 1.37048e-15 0)
(3 2.54178e-15 0)
(3 3.01056e-15 0)
(3 9.44214e-16 0)
(3 -2.11579e-16 0)
(3 -4.09864e-15 0)
(3 -2.41605e-15 0)
(3 8.4354e-16 0)
(3 3.43571e-15 0)
(3 2.69751e-15 0)
(3 5.36624e-15 0)
(3 1.10795e-15 0)
(3 2.5708e-15 0)
(3 7.08692e-16 0)
(3 -3.92688e-16 0)
(3 1.61758e-15 0)
(3 2.9981e-15 0)
(3 4.19743e-15 0)
(3 8.54677e-16 0)
(3 -4.32532e-16 0)
(3 -4.25702e-15 0)
(3 -2.62806e-15 0)
(3 8.04711e-16 0)
(3 3.30847e-15 0)
(3 2.82174e-15 0)
(3 6.21018e-15 0)
(3 1.04368e-15 0)
(3 2.09312e-15 0)
(3 -8.80325e-16 0)
(3 -2.12595e-15 0)
(3 1.68108e-15 0)
(3 5.48817e-15 0)
(3 5.09687e-15 0)
(3 6.29387e-16 0)
(3 -5.1993e-16 0)
(3 -4.39438e-15 0)
(3 -2.32257e-15 0)
(3 8.62388e-16 0)
(3 3.00593e-15 0)
(3 3.37161e-15 0)
(3 7.25863e-15 0)
(3 1.19344e-15 0)
(3 2.57585e-15 0)
(3 -1.82387e-15 0)
(3 -3.27422e-15 0)
(3 1.76794e-15 0)
(3 6.62793e-15 0)
(3 6.39406e-15 0)
(3 4.07061e-16 0)
(3 -3.68782e-16 0)
(3 -4.43748e-15 0)
(3 -2.20004e-15 0)
(3 6.29819e-16 0)
(3 2.84388e-15 0)
(3 3.77219e-15 0)
(3 7.57654e-15 0)
(3 1.29511e-15 0)
(3 4.72193e-16 0)
(3 -2.00175e-15 0)
(3 -3.68468e-15 0)
(3 7.83988e-16 0)
(3 6.41004e-15 0)
(3 6.25451e-15 0)
(3 3.65375e-16 0)
(3 -8.24982e-16 0)
(3 -4.46315e-15 0)
(3 -1.94155e-15 0)
(3 2.27431e-16 0)
(3 2.97374e-15 0)
(3 4.13919e-15 0)
(3 7.67241e-15 0)
(3 1.41846e-15 0)
(3 -1.23832e-06 0)
(3 -1.41596e-08 0)
(3 7.61181e-11 0)
(3 1.26105e-11 0)
(3 4.04249e-13 0)
(3 1.14937e-14 0)
(3 1.15203e-15 0)
(3 1.52688e-16 0)
(3 -4.46545e-15 0)
(3 -2.10882e-15 0)
(3 -1.89545e-16 0)
(3 2.75624e-15 0)
(3 4.40506e-15 0)
(3 7.89799e-15 0)
(3 1.57334e-15 0)
(3.00001 2.20433e-05 0)
(3 -1.20748e-07 0)
(3 -2.38661e-08 0)
(3 -1.15902e-09 0)
(3 -1.95386e-11 0)
(3 -1.73314e-13 0)
(3 3.99094e-16 0)
(3 1.52979e-15 0)
(3 -4.40238e-15 0)
(3 -2.33881e-15 0)
(3 -6.04652e-16 0)
(3 2.56302e-15 0)
(3 4.61424e-15 0)
(3 8.20798e-15 0)
(3 2.08024e-15 0)
(3.00074 0.00153339 0)
(3.00004 0.000107434 0)
(3 3.50254e-06 0)
(3 4.80816e-08 0)
(3 2.84602e-10 0)
(3 2.70974e-12 0)
(3 1.74764e-14 0)
(3 2.40322e-15 0)
(3 -3.92701e-15 0)
(3 -2.9848e-15 0)
(3 -9.42085e-16 0)
(3 2.62701e-15 0)
(3 4.58785e-15 0)
(3 8.5033e-15 0)
(3 2.35882e-15 0)
(2.99383 -0.0496801 0)
(2.99998 -0.0010912 0)
(3 2.74013e-07 0)
(3 1.36284e-07 0)
(3 6.05541e-10 0)
(3 -2.0838e-11 0)
(3 -3.92936e-12 0)
(3 -1.51021e-13 0)
(3 -4.62932e-15 0)
(3 -3.11812e-15 0)
(3 -1.13319e-15 0)
(3 2.16324e-15 0)
(3 4.56526e-15 0)
(3 8.64105e-15 0)
(3 2.40848e-15 0)
(2.57168 -0.573176 0)
(2.99115 -0.0373401 0)
(3.00024 -0.000340097 0)
(3 1.3916e-06 0)
(3 2.91419e-07 0)
(3 2.38217e-08 0)
(3 1.47783e-10 0)
(3 1.95025e-13 0)
(3 -6.07093e-15 0)
(3 -3.38774e-15 0)
(3 -1.79588e-15 0)
(3 1.99111e-15 0)
(3 4.64065e-15 0)
(3 8.54353e-15 0)
(3 2.34511e-15 0)
(2.17661 -0.900029 0)
(2.66489 -0.455697 0)
(2.98488 -0.0341677 0)
(2.99999 -0.000399861 0)
(3 -2.68039e-06 0)
(3 1.0892e-09 0)
(3 1.26086e-09 0)
(3 1.04048e-11 0)
(3 -8.02202e-14 0)
(3 -1.42355e-14 0)
(3 -3.81132e-15 0)
(3 1.61813e-15 0)
(3 5.04433e-15 0)
(3 7.33654e-15 0)
(3 2.10884e-15 0)
(2.17577 -0.882862 0)
(2.41641 -0.741529 0)
(2.84647 -0.271643 0)
(2.99555 -0.0154075 0)
(3 -8.85347e-05 0)
(3 9.75022e-07 0)
(3 7.74356e-09 0)
(3 1.32187e-09 0)
(3 6.3498e-11 0)
(3 9.69917e-13 0)
(3 4.45494e-15 0)
(3 1.75274e-15 0)
(3 5.28728e-15 0)
(3 6.854e-15 0)
(3 1.98247e-15 0)
(2.20984 -0.803291 0)
(2.25109 -0.802273 0)
(2.58461 -0.556016 0)
(2.94316 -0.119511 0)
(2.99891 -0.00504748 0)
(2.99999 -7.10117e-05 0)
(3 -8.61018e-07 0)
(3 -1.10138e-08 0)
(3 -5.62517e-11 0)
(3 -5.59531e-13 0)
(3 -1.52535e-14 0)
(3 6.951e-16 0)
(3 5.03143e-15 0)
(3 6.9372e-15 0)
(3 2.04024e-15 0)
(2.28529 -0.644137 0)
(2.25543 -0.787761 0)
(2.39784 -0.741806 0)
(2.77802 -0.376922 0)
(2.98989 -0.0357844 0)
(3.00004 -0.000469664 0)
(3 1.18493e-06 0)
(3 8.4276e-08 0)
(3 1.54209e-08 0)
(3 6.35794e-10 0)
(3 8.2759e-12 0)
(3 6.15521e-14 0)
(3 5.61551e-15 0)
(3 6.8388e-15 0)
(3 2.1085e-15 0)
(2.41393 -0.408821 0)
(2.26529 -0.711749 0)
(2.34019 -0.736451 0)
(2.54923 -0.60194 0)
(2.85872 -0.241628 0)
(2.98701 -0.0322719 0)
(2.99955 -0.00157771 0)
(2.99999 -3.88195e-05 0)
(3 -5.87626e-07 0)
(3 -5.96062e-09 0)
(3 -4.28824e-11 0)
(3 -2.27304e-13 0)
(3 3.68001e-15 0)
(3 6.93414e-15 0)
(3 2.17058e-15 0)
(2.50045 -0.207093 0)
(2.35322 -0.54993 0)
(2.34428 -0.712772 0)
(2.43336 -0.686486 0)
(2.72284 -0.44189 0)
(2.96832 -0.0712572 0)
(2.99891 -0.00356381 0)
(2.99998 -7.27392e-05 0)
(3 -1.1014e-06 0)
(3 -1.2521e-08 0)
(3 -1.06586e-10 0)
(3 -6.99351e-13 0)
(3 -2.07102e-15 0)
(3 7.36938e-15 0)
(3 1.54696e-15 0)
(2.57185 -0.00703915 0)
(2.43103 -0.378997 0)
(2.39134 -0.592236 0)
(2.43273 -0.679242 0)
(2.59484 -0.605289 0)
(2.84956 -0.307137 0)
(2.986 -0.0352031 0)
(2.99965 -0.000894164 0)
(3 -9.46527e-06 0)
(3 -8.01931e-08 0)
(3 -6.29959e-10 0)
(3 -4.41904e-12 0)
(3 -2.4514e-14 0)
(3 7.66826e-15 0)
(3 3.9254e-15 0)
(2.61566 0.135805 0)
(2.49825 -0.203048 0)
(2.45864 -0.426578 0)
(2.43262 -0.645738 0)
(2.51815 -0.63159 0)
(2.73586 -0.477497 0)
(2.94807 -0.137403 0)
(2.99738 -0.00757265 0)
(2.99995 -0.000112466 0)
(3 -9.28381e-07 0)
(3 -6.36565e-09 0)
(3 -4.02835e-11 0)
(3 -2.35986e-13 0)
(3 4.86061e-15 0)
(3 3.22406e-15 0)
(2.65066 0.227774 0)
(2.6149 0.126722 0)
(2.47124 -0.341994 0)
(2.47266 -0.530659 0)
(2.52067 -0.617942 0)
(2.61459 -0.579932 0)
(2.82308 -0.371649 0)
(2.97493 -0.0642437 0)
(2.99919 -0.00201017 0)
(2.99999 -2.06522e-05 0)
(3 -1.42734e-07 0)
(3 -8.40903e-10 0)
(3 -4.46976e-12 0)
(3 -1.66882e-14 0)
(3 3.20383e-15 0)
(2.65642 0.249653 0)
(2.61733 0.234525 0)
(2.57139 -0.0899886 0)
(2.53732 -0.360851 0)
(2.5311 -0.565998 0)
(2.61251 -0.579102 0)
(2.75547 -0.473907 0)
(2.9354 -0.17015 0)
(2.99528 -0.0130089 0)
(2.9999 -0.00023474 0)
(3 -1.99161e-06 0)
(3 -1.32675e-08 0)
(3 -7.78901e-11 0)
(3 -3.99161e-13 0)
(3 -4.32569e-17 0)
(2.61054 0.270219 0)
(2.62466 0.243056 0)
(2.63667 0.0791612 0)
(2.54957 -0.281369 0)
(2.56564 -0.453586 0)
(2.61063 -0.563993 0)
(2.66607 -0.552847 0)
(2.8229 -0.385845 0)
(2.96687 -0.0820913 0)
(2.99863 -0.00324642 0)
(2.99998 -3.81649e-05 0)
(3 -2.70557e-07 0)
(3 -1.58129e-09 0)
(3 -8.46395e-12 0)
(3 -3.29681e-14 0)
(2.6035 0.353895 0)
(2.65136 0.366854 0)
(2.66613 0.150696 0)
(2.6504 -0.0204759 0)
(2.60673 -0.330034 0)
(2.61911 -0.516011 0)
(2.66456 -0.553147 0)
(2.77052 -0.471731 0)
(2.92532 -0.191599 0)
(2.99321 -0.0177436 0)
(2.99984 -0.000370919 0)
(3 -3.31632e-06 0)
(3 -2.23439e-08 0)
(3 -1.26166e-10 0)
(3 -5.82133e-13 0)
(2.64919 0.408826 0)
(2.68524 0.367727 0)
(2.66862 0.12313 0)
(2.67268 0.0826896 0)
(2.65661 -0.176727 0)
(2.65946 -0.401952 0)
(2.6689 -0.535763 0)
(2.71408 -0.519644 0)
(2.83932 -0.37052 0)
(2.966 -0.0855195 0)
(2.99842 -0.00368174 0)
(2.99998 -4.60648e-05 0)
(3 -3.38189e-07 0)
(3 -2.14981e-09 0)
(3 -1.00546e-11 0)
(2.69153 0.483055 0)
(2.69733 0.365335 0)
(2.63667 0.16164 0)
(2.67039 0.129723 0)
(2.6884 -0.0909708 0)
(2.69792 -0.284092 0)
(2.6873 -0.480191 0)
(2.71428 -0.517883 0)
(2.79368 -0.452005 0)
(2.92236 -0.196078 0)
(2.99181 -0.0202655 0)
(2.9998 -0.00046142 0)
(3 -4.31859e-06 0)
(3 -2.81286e-08 0)
(3 -1.49437e-10 0)
(2.70349 0.543038 0)
(2.71959 0.412738 0)
(2.68217 0.234484 0)
(2.70849 0.272786 0)
(2.7198 0.0264932 0)
(2.733 -0.175894 0)
(2.72141 -0.389011 0)
(2.71958 -0.502264 0)
(2.75277 -0.491724 0)
(2.85857 -0.335988 0)
(2.96907 -0.0762925 0)
(2.99849 -0.00343269 0)
(2.99998 -4.52679e-05 0)
(3 -3.63217e-07 0)
(3 -1.91225e-09 0)
(2.72248 0.558082 0)
(2.72271 0.433655 0)
(2.70573 0.316771 0)
(2.73359 0.323163 0)
(2.7396 0.0982779 0)
(2.77683 -0.0228073 0)
(2.75744 -0.277338 0)
(2.73729 -0.455476 0)
(2.753 -0.489972 0)
(2.81001 -0.432062 0)
(2.92079 -0.194013 0)
(2.99124 -0.020642 0)
(2.99978 -0.000485983 0)
(3 -4.54165e-06 0)
(3 -2.77133e-08 0)
(2.73175 0.583701 0)
(2.72571 0.496228 0)
(2.7317 0.374611 0)
(2.77617 0.332214 0)
(2.74853 0.0748639 0)
(2.78695 0.0493161 0)
(2.7938 -0.154213 0)
(2.77001 -0.370128 0)
(2.75838 -0.475752 0)
(2.78286 -0.465819 0)
(2.87344 -0.305412 0)
(2.97212 -0.0680627 0)
(2.99866 -0.00312832 0)
(2.99998 -4.08403e-05 0)
(3 -2.64523e-07 0)
(2.71514 0.643524 0)
(2.72939 0.551392 0)
(2.75707 0.435824 0)
(2.80218 0.350212 0)
(2.78143 0.132088 0)
(2.81472 0.133177 0)
(2.82164 -0.074639 0)
(2.80128 -0.280039 0)
(2.77506 -0.435358 0)
(2.78418 -0.463173 0)
(2.83202 -0.395861 0)
(2.93231 -0.165913 0)
(2.99281 -0.0164665 0)
(2.99981 -0.000409948 0)
(3 -3.40125e-06 0)
(2.74169 0.634715 0)
(2.73992 0.58053 0)
(2.77473 0.459519 0)
(2.80442 0.366642 0)
(2.78511 0.215519 0)
(2.83834 0.224121 0)
(2.83938 -0.0155095 0)
(2.84774 -0.13944 0)
(2.80385 -0.364109 0)
(2.78963 -0.451102 0)
(2.8075 -0.439915 0)
(2.87751 -0.298091 0)
(2.97283 -0.0646917 0)
(2.99886 -0.00254661 0)
(2.99998 -2.88074e-05 0)
(2.73617 0.60572 0)
(2.78445 0.568607 0)
(2.79958 0.470852 0)
(2.79649 0.368064 0)
(2.82154 0.290351 0)
(2.85858 0.263306 0)
(2.84736 0.00979253 0)
(2.86999 -0.054988 0)
(2.83842 -0.264522 0)
(2.80507 -0.415855 0)
(2.80847 -0.437427 0)
(2.85834 -0.342453 0)
(2.9489 -0.127743 0)
(2.99428 -0.0140036 0)
(2.99984 -0.000251148 0)
(2.71937 0.437452 0)
(2.7913 0.556193 0)
(2.82671 0.503986 0)
(2.8269 0.428739 0)
(2.84194 0.347284 0)
(2.88061 0.290106 0)
(2.84019 0.031884 0)
(2.8815 0.0135097 0)
(2.87237 -0.16026 0)
(2.83002 -0.354704 0)
(2.81215 -0.428701 0)
(2.82679 -0.411683 0)
(2.88868 -0.274987 0)
(2.98029 -0.0454055 0)
(2.999 -0.0015735 0)
(2.69 0.213627 0)
(2.78013 0.496244 0)
(2.82818 0.51227 0)
(2.84309 0.470653 0)
(2.86603 0.379704 0)
(2.9011 0.314976 0)
(2.87932 0.121286 0)
(2.90667 0.108168 0)
(2.89059 -0.100646 0)
(2.86393 -0.259498 0)
(2.82499 -0.401146 0)
(2.82671 -0.413888 0)
(2.86628 -0.326829 0)
(2.94904 -0.126004 0)
(2.99438 -0.00909254 0)
(2.66909 0.132203 0)
(2.75937 0.325291 0)
(2.82119 0.513748 0)
(2.85032 0.507501 0)
(2.89518 0.403164 0)
(2.92138 0.31454 0)
(2.8855 0.171092 0)
(2.91899 0.182844 0)
(2.90468 -0.0348625 0)
(2.89202 -0.175072 0)
(2.8467 -0.350782 0)
(2.82922 -0.407701 0)
(2.84831 -0.368765 0)
(2.91652 -0.212247 0)
(2.98137 -0.0270979 0)
(2.66616 0.0370865 0)
(2.75343 0.179984 0)
(2.82348 0.449822 0)
(2.87586 0.489848 0)
(2.9202 0.417334 0)
(2.92019 0.319528 0)
(2.91839 0.247195 0)
(2.93537 0.225975 0)
(2.91283 -0.00250751 0)
(2.91665 -0.0917513 0)
(2.87782 -0.268099 0)
(2.83791 -0.388965 0)
(2.84425 -0.381797 0)
(2.88449 -0.303915 0)
(2.94868 -0.0798547 0)
(2.62392 0.00757031 0)
(2.7197 0.0522682 0)
(2.80246 0.206187 0)
(2.88246 0.418946 0)
(2.91947 0.4194 0)
(2.93821 0.393746 0)
(2.94714 0.29859 0)
(2.96685 0.262436 0)
(2.93303 0.0582691 0)
(2.94488 0.0288931 0)
(2.91218 -0.161246 0)
(2.86978 -0.314186 0)
(2.8478 -0.377261 0)
(2.87378 -0.343224 0)
(2.87958 -0.154879 0)
(2.63669 0.109179 0)
(2.67369 0.272237 0)
(2.70084 0.334229 0)
(2.7348 0.409566 0)
(2.7685 0.469539 0)
(2.77437 0.496599 0)
(2.74719 0.529653 0)
(2.68654 0.560121 0)
(2.68479 0.612953 0)
(2.68724 0.652669 0)
(2.71374 0.662094 0)
(2.72729 0.698621 0)
(2.71248 0.68972 0)
(2.6971 0.64516 0)
(2.6663 0.397752 0)
(2.64861 0.147854 0)
(2.61419 -0.032837 0)
(2.57102 0.000745454 0)
(2.56561 0.0230765 0)
(2.57941 0.0128034 0)
(2.676 0.289497 0)
(2.70241 0.438049 0)
(2.73073 0.47165 0)
(2.77049 0.491916 0)
(2.8234 0.521806 0)
(2.82803 0.553845 0)
(2.78568 0.581774 0)
(2.70206 0.628624 0)
(2.68571 0.692238 0)
(2.68535 0.717161 0)
(2.70649 0.730525 0)
(2.71257 0.714707 0)
(2.69485 0.65063 0)
(2.65322 0.389373 0)
(2.60518 0.130558 0)
(2.6019 0.059638 0)
(2.59549 0.00857992 0)
(2.59022 -0.00327276 0)
(2.56754 0.0198696 0)
(2.57195 0.0141032 0)
(2.71814 0.524435 0)
(2.72377 0.591625 0)
(2.73452 0.632196 0)
(2.77931 0.645474 0)
(2.83725 0.65145 0)
(2.83556 0.659904 0)
(2.79767 0.708457 0)
(2.73034 0.749706 0)
(2.70214 0.772931 0)
(2.69197 0.791316 0)
(2.70674 0.744989 0)
(2.68725 0.648571 0)
(2.63364 0.343769 0)
(2.60473 0.0812942 0)
(2.59523 0.0319353 0)
(2.58206 0.0313787 0)
(2.58317 0.0166906 0)
(2.5879 -0.00742182 0)
(2.58253 0.00221173 0)
(2.57529 0.0113911 0)
(2.75242 0.678742 0)
(2.73301 0.735627 0)
(2.73467 0.741139 0)
(2.75627 0.713616 0)
(2.80918 0.732639 0)
(2.81441 0.74979 0)
(2.79077 0.783052 0)
(2.74283 0.845655 0)
(2.72901 0.85447 0)
(2.72999 0.810893 0)
(2.70592 0.649575 0)
(2.63862 0.292482 0)
(2.60577 0.0405334 0)
(2.60701 0.0599621 0)
(2.60329 0.0459598 0)
(2.58981 0.0346162 0)
(2.57903 0.0157917 0)
(2.57827 -0.00834612 0)
(2.57967 -0.00553916 0)
(2.5764 0.00696364 0)
(2.76894 0.84921 0)
(2.73108 0.896009 0)
(2.72012 0.928881 0)
(2.74231 0.900176 0)
(2.77439 0.86038 0)
(2.78028 0.868352 0)
(2.77535 0.925998 0)
(2.77524 0.943393 0)
(2.76112 0.829799 0)
(2.77561 0.545229 0)
(2.711 0.215555 0)
(2.63773 0.0255291 0)
(2.60668 0.0159835 0)
(2.60264 0.0336044 0)
(2.5998 0.0265615 0)
(2.58964 0.0199296 0)
(2.57405 0.0104278 0)
(2.56879 -0.00493507 0)
(2.56837 -0.00802387 0)
(2.56579 0.000432218 0)
(2.73981 1.03112 0)
(2.73534 1.08136 0)
(2.71522 0.994195 0)
(2.70252 0.99 0)
(2.73702 0.982272 0)
(2.75393 0.996908 0)
(2.76602 0.962286 0)
(2.79302 0.706772 0)
(2.79027 0.382351 0)
(2.77322 0.198944 0)
(2.65597 0.0410137 0)
(2.60323 0.0204165 0)
(2.5766 0.0219825 0)
(2.57196 0.0209887 0)
(2.5666 0.00900277 0)
(2.55915 0.00731685 0)
(2.54648 0.00825637 0)
(2.54414 0.00168674 0)
(2.54255 -0.00287625 0)
(2.53393 0.000195395 0)
(2.69202 1.27572 0)
(2.72792 1.19503 0)
(2.73871 1.24073 0)
(2.69754 1.17758 0)
(2.69583 1.12138 0)
(2.74747 0.870999 0)
(2.72019 0.50323 0)
(2.70738 0.265199 0)
(2.59916 0.0427931 0)
(2.56157 0.0259935 0)
(2.5386 0.0387551 0)
(2.5252 0.0358577 0)
(2.51811 0.0301766 0)
(2.50248 0.0147166 0)
(2.48589 -0.00163593 0)
(2.4818 -0.00185466 0)
(2.4795 0.00448461 0)
(2.48519 0.00503538 0)
(2.4847 -0.000708373 0)
(2.47333 -0.00158229 0)
(2.63848 1.47884 0)
(2.68165 1.36862 0)
(2.63392 1.09152 0)
(2.61426 0.879573 0)
(2.57906 0.553229 0)
(2.62563 0.321733 0)
(2.47149 0.0716005 0)
(2.41111 0.0470526 0)
(2.39731 0.00629634 0)
(2.40628 0.0214269 0)
(2.43906 0.0421377 0)
(2.42785 0.0377812 0)
(2.41468 0.0272667 0)
(2.38901 0.00377146 0)
(2.37675 -0.0146829 0)
(2.37725 -0.0144203 0)
(2.38766 -0.0013226 0)
(2.39735 0.0075226 0)
(2.39783 0.00438927 0)
(2.3915 0.00160614 0)
(2.24134 0.756292 0)
(2.32258 0.497248 0)
(2.31731 0.309039 0)
(2.35742 0.241344 0)
(2.31157 0.0770546 0)
(2.25747 0.0672618 0)
(2.2396 0.0397742 0)
(2.25044 0.00425469 0)
(2.2592 -0.00544448 0)
(2.27844 0.0137464 0)
(2.3157 0.0297811 0)
(2.31058 0.0328217 0)
(2.30137 0.0282091 0)
(2.28336 0.00222122 0)
(2.28422 -0.0178278 0)
(2.29153 -0.0147416 0)
(2.30811 0.00236233 0)
(2.31633 0.0140557 0)
(2.31851 0.0132955 0)
(2.31976 0.00458367 0)
(1.91524 0.151574 0)
(2.01347 0.113989 0)
(2.0742 0.0815738 0)
(2.13274 0.0701692 0)
(2.14826 0.0227912 0)
(2.16274 0.0285505 0)
(2.16054 0.0195573 0)
(2.16425 -0.00519536 0)
(2.17525 -0.0124094 0)
(2.20132 0.00484095 0)
(2.22641 0.0213711 0)
(2.22797 0.023775 0)
(2.2268 0.0208553 0)
(2.2322 0.00381653 0)
(2.24222 -0.00486186 0)
(2.25724 -0.00902427 0)
(2.26746 0.00170804 0)
(2.2714 0.00822755 0)
(2.27539 0.0091876 0)
(2.2863 0.0017805 0)
)
;

boundaryField
{
    inlet
    {
        type            fixedValue;
        value           uniform (3 0 0);
    }
    outlet
    {
        type            inletOutlet;
        inletValue      uniform (3 0 0);
        value           nonuniform List<vector> 
50
(
(2.62433 -0.00760324 0)
(2.71768 -0.0473513 0)
(2.80187 -0.203449 0)
(2.88037 -0.415023 0)
(2.92231 -0.423472 0)
(2.94068 -0.388477 0)
(2.94748 -0.297777 0)
(2.96663 -0.260916 0)
(2.93183 -0.056892 0)
(2.94445 -0.0311826 0)
(2.91135 0.162072 0)
(2.86921 0.314459 0)
(2.8478 0.376699 0)
(2.87389 0.343057 0)
(2.87968 0.154957 0)
(2.28398 -0.000397274 0)
(2.3088 0.00033952 0)
(2.37286 -0.0020418 0)
(2.45795 0.0019091 0)
(2.52622 0.00226721 0)
(2.56304 0.00152637 0)
(2.57551 -0.00668718 0)
(2.57594 -0.0128553 0)
(2.57234 -0.0157311 0)
(2.58032 -0.0136484 0)
(2.57941 0.0128034 0)
(2.57195 0.0141032 0)
(2.57529 0.0113911 0)
(2.5764 0.00696364 0)
(2.56579 0.000432218 0)
(2.53393 0.000195395 0)
(2.47333 -0.00158229 0)
(2.3915 0.00160614 0)
(2.31976 0.00458367 0)
(2.2863 0.0017805 0)
(2.62392 0.00757031 0)
(2.7197 0.0522682 0)
(2.80246 0.206187 0)
(2.88246 0.418946 0)
(2.91947 0.4194 0)
(2.93821 0.393746 0)
(2.94714 0.29859 0)
(2.96685 0.262436 0)
(2.93303 0.0582691 0)
(2.94488 0.0288931 0)
(2.91218 -0.161246 0)
(2.86978 -0.314186 0)
(2.8478 -0.377261 0)
(2.87378 -0.343224 0)
(2.87958 -0.154879 0)
)
;
    }
    airfoil
    {
        type            slip;
    }
    top
    {
        type            symmetryPlane;
    }
    bottom
    {
        type            symmetryPlane;
    }
    defaultFaces
    {
        type            empty;
    }
}


// ************************************************************************* //
