/*--------------------------------*- C++ -*----------------------------------*\
  =========                 |
  \\      /  F ield         | OpenFOAM: The Open Source CFD Toolbox
   \\    /   O peration     | Website:  https://openfoam.org
    \\  /    A nd           | Version:  7
     \\/     M anipulation  |
\*---------------------------------------------------------------------------*/
FoamFile
{
    version     2.0;
    format      ascii;
    class       volVectorField;
    location    "5.2";
    object      U;
}
// * * * * * * * * * * * * * * * * * * * * * * * * * * * * * * * * * * * * * //

dimensions      [0 1 -1 0 0 0 0];

internalField   nonuniform List<vector> 
3700
(
(1.35435 -0.387198 0)
(1.40084 -0.440292 0)
(1.42178 -0.347944 0)
(1.36057 -0.248004 0)
(1.35748 -0.155571 0)
(1.43451 -0.189324 0)
(1.52723 -0.284594 0)
(1.56405 -0.394393 0)
(1.48448 -0.326383 0)
(1.47915 -0.146889 0)
(1.57397 -0.100796 0)
(1.62719 -0.195899 0)
(1.65193 -0.277427 0)
(1.61255 -0.270536 0)
(1.58558 -0.233712 0)
(1.60139 -0.205781 0)
(1.6397 -0.17119 0)
(1.70774 -0.108667 0)
(1.82709 -0.0761962 0)
(1.89286 -0.0757558 0)
(1.72291 -1.32423 0)
(1.83221 -1.16997 0)
(1.95454 -1.30245 0)
(1.9422 -1.41296 0)
(1.84965 -1.35443 0)
(1.89105 -1.50761 0)
(1.99305 -1.77691 0)
(1.89048 -1.88441 0)
(1.77811 -1.68711 0)
(1.76913 -1.36302 0)
(1.92601 -1.22277 0)
(2.03822 -1.26613 0)
(2.07857 -1.28625 0)
(2.055 -1.23964 0)
(2.03668 -1.18187 0)
(2.04756 -1.12007 0)
(2.07167 -1.14263 0)
(2.10356 -1.07326 0)
(2.1852 -0.981694 0)
(2.26971 -0.951248 0)
(1.81778 -1.33286 0)
(1.97921 -1.11924 0)
(2.21517 -1.4026 0)
(2.33682 -1.72914 0)
(2.1433 -2.12359 0)
(2.06796 -2.25716 0)
(2.1127 -2.20046 0)
(2.02383 -2.19941 0)
(2.02903 -2.16957 0)
(2.08702 -2.09421 0)
(2.15251 -2.05486 0)
(2.24185 -1.96942 0)
(2.34882 -1.90962 0)
(2.4511 -1.8468 0)
(2.53705 -1.8021 0)
(2.60975 -1.74652 0)
(2.60696 -1.76559 0)
(2.59215 -1.68705 0)
(2.55418 -1.66176 0)
(2.54818 -1.59748 0)
(1.92031 -1.38995 0)
(2.08016 -1.13287 0)
(2.22503 -1.38663 0)
(2.22899 -1.71891 0)
(2.07831 -2.10088 0)
(2.06418 -2.21632 0)
(2.14797 -2.1716 0)
(2.10645 -2.12711 0)
(2.13765 -2.09038 0)
(2.23135 -2.02071 0)
(2.21594 -2.05839 0)
(2.2968 -1.87938 0)
(2.36698 -1.80696 0)
(2.46115 -1.70969 0)
(2.59297 -1.60643 0)
(2.72692 -1.44908 0)
(2.77062 -1.36786 0)
(2.81324 -1.34074 0)
(2.78831 -1.37252 0)
(2.6875 -1.38761 0)
(1.84161 -1.38898 0)
(1.92596 -1.24149 0)
(1.89743 -1.58365 0)
(1.79881 -1.98854 0)
(1.85013 -2.18673 0)
(1.98297 -2.21458 0)
(2.08448 -2.17406 0)
(2.14556 -2.087 0)
(2.20555 -2.0351 0)
(2.3684 -1.82825 0)
(2.37625 -1.91328 0)
(2.4421 -1.80124 0)
(2.43897 -1.73289 0)
(2.46368 -1.66007 0)
(2.53512 -1.57021 0)
(2.63065 -1.43416 0)
(2.67769 -1.27181 0)
(2.79776 -1.09986 0)
(2.87505 -0.920135 0)
(2.82705 -0.913884 0)
(1.65137 -1.4197 0)
(1.6937 -1.43827 0)
(1.5967 -1.79891 0)
(1.59031 -2.11663 0)
(1.59404 -2.1824 0)
(1.78033 -2.13384 0)
(1.93405 -2.10357 0)
(2.18012 -1.86348 0)
(2.34152 -1.82769 0)
(2.50781 -1.68601 0)
(2.51727 -1.65833 0)
(2.60218 -1.54712 0)
(2.61312 -1.51725 0)
(2.59549 -1.49845 0)
(2.60311 -1.41279 0)
(2.60941 -1.33685 0)
(2.62652 -1.20773 0)
(2.72892 -1.14947 0)
(2.76507 -0.97238 0)
(2.84732 -0.744291 0)
(1.4439 -1.34781 0)
(1.46441 -1.49425 0)
(1.44922 -1.88654 0)
(1.49293 -2.13771 0)
(1.5616 -2.15675 0)
(1.74307 -2.0826 0)
(1.90145 -2.00165 0)
(2.07996 -1.82745 0)
(2.23372 -1.68466 0)
(2.44828 -1.58528 0)
(2.55332 -1.36247 0)
(2.66934 -1.26689 0)
(2.71399 -1.16824 0)
(2.71643 -1.17134 0)
(2.73427 -1.07232 0)
(2.71441 -1.05938 0)
(2.69785 -0.948572 0)
(2.69773 -0.946324 0)
(2.72529 -0.898064 0)
(2.75905 -0.663528 0)
(1.28052 -1.18374 0)
(1.32401 -1.44847 0)
(1.39476 -1.89705 0)
(1.49896 -2.1149 0)
(1.63116 -2.12892 0)
(1.7656 -2.09331 0)
(1.97596 -1.97294 0)
(2.09698 -1.80688 0)
(2.18335 -1.65863 0)
(2.3239 -1.59749 0)
(2.44732 -1.34973 0)
(2.61865 -1.2605 0)
(2.66882 -0.960891 0)
(2.75287 -0.858356 0)
(2.76949 -0.66649 0)
(2.76877 -0.652971 0)
(2.76214 -0.576892 0)
(2.73389 -0.558849 0)
(2.72086 -0.662446 0)
(2.69459 -0.491429 0)
(1.16883 -1.04222 0)
(1.20395 -1.46821 0)
(1.40139 -1.88791 0)
(1.55715 -2.06648 0)
(1.77928 -2.02818 0)
(1.95776 -2.06838 0)
(2.18737 -1.82284 0)
(2.30947 -1.66955 0)
(2.33937 -1.59908 0)
(2.37017 -1.53776 0)
(2.4595 -1.32864 0)
(2.55326 -1.21068 0)
(2.5969 -0.967844 0)
(2.71506 -0.871743 0)
(2.72496 -0.610161 0)
(2.76852 -0.465547 0)
(2.76083 -0.293456 0)
(2.7357 -0.184346 0)
(2.69709 -0.284116 0)
(2.6581 -0.236563 0)
(1.07669 -0.99665 0)
(1.13273 -1.54029 0)
(1.49373 -1.93732 0)
(1.79371 -2.15842 0)
(2.22955 -2.0157 0)
(2.42914 -1.98311 0)
(2.55806 -1.64589 0)
(2.56938 -1.33987 0)
(2.62123 -1.26385 0)
(2.63814 -1.23112 0)
(2.64023 -1.12498 0)
(2.6603 -0.939647 0)
(2.6433 -0.793765 0)
(2.67986 -0.705261 0)
(2.67729 -0.532984 0)
(2.70529 -0.42531 0)
(2.71537 -0.263673 0)
(2.69058 -0.0721181 0)
(2.64565 0.0303237 0)
(2.61226 0.0162527 0)
(1.01514 -1.01062 0)
(1.19853 -1.67007 0)
(1.71312 -2.16741 0)
(2.16951 -2.35096 0)
(2.51075 -1.96045 0)
(2.53881 -1.86129 0)
(2.71382 -1.54768 0)
(2.81782 -1.13764 0)
(2.85066 -0.974105 0)
(2.79849 -0.689188 0)
(2.78765 -0.628576 0)
(2.75424 -0.431477 0)
(2.73103 -0.365991 0)
(2.70915 -0.257428 0)
(2.6821 -0.19507 0)
(2.6552 -0.160555 0)
(2.64528 -0.125747 0)
(2.61875 -0.0159555 0)
(2.5551 0.164479 0)
(2.5603 0.166448 0)
(1.00347 -1.0711 0)
(1.4374 -1.92893 0)
(1.9574 -2.35712 0)
(2.17421 -2.10145 0)
(2.20735 -1.86355 0)
(2.31715 -1.59056 0)
(2.43078 -1.33928 0)
(2.5304 -1.08251 0)
(2.58225 -0.981674 0)
(2.62321 -0.663365 0)
(2.69207 -0.481544 0)
(2.67263 -0.213008 0)
(2.6761 -0.0598724 0)
(2.63275 0.11432 0)
(2.59805 0.215245 0)
(2.56666 0.242632 0)
(2.5403 0.233979 0)
(2.53354 0.186727 0)
(2.45296 0.314521 0)
(2.47225 0.289554 0)
(1.06974 -1.32733 0)
(1.63844 -2.22337 0)
(1.90899 -2.18663 0)
(1.93884 -1.86314 0)
(2.03893 -1.70803 0)
(2.21653 -1.4074 0)
(2.34306 -1.15496 0)
(2.42248 -0.955062 0)
(2.45875 -0.761318 0)
(2.49772 -0.584128 0)
(2.562 -0.39035 0)
(2.56506 -0.157223 0)
(2.57524 0.0207283 0)
(2.53828 0.208924 0)
(2.48128 0.383811 0)
(2.45014 0.459106 0)
(2.38344 0.560037 0)
(2.36448 0.520177 0)
(2.31977 0.55629 0)
(2.32737 0.512517 0)
(1.0375 -1.43148 0)
(1.52264 -2.17678 0)
(1.7649 -1.99844 0)
(1.92951 -1.69852 0)
(2.10922 -1.57888 0)
(2.31777 -1.03268 0)
(2.45195 -0.759477 0)
(2.53081 -0.550609 0)
(2.51578 -0.220769 0)
(2.53378 -0.124809 0)
(2.52345 0.0617795 0)
(2.49456 0.203058 0)
(2.458 0.317777 0)
(2.41272 0.418435 0)
(2.35217 0.522288 0)
(2.32839 0.568349 0)
(2.24845 0.672003 0)
(2.19268 0.74341 0)
(2.15826 0.787533 0)
(2.13976 0.792133 0)
(0.909257 -1.38378 0)
(1.50607 -2.02672 0)
(1.79212 -1.8161 0)
(2.06397 -0.966438 0)
(2.35559 -0.89779 0)
(2.44087 -0.294719 0)
(2.54313 -0.159719 0)
(2.52707 0.112791 0)
(2.48245 0.235938 0)
(2.45442 0.372754 0)
(2.40043 0.518153 0)
(2.3323 0.640289 0)
(2.2749 0.714158 0)
(2.21271 0.783972 0)
(2.16744 0.802172 0)
(2.13269 0.812268 0)
(2.08899 0.850734 0)
(2.06773 0.877161 0)
(2.03152 0.929684 0)
(2.05473 0.956866 0)
(0.89809 -0.963944 0)
(1.76932 -1.46166 0)
(2.11231 -1.33395 0)
(2.26592 -0.132421 0)
(2.42505 0.132733 0)
(2.46517 -0.0543743 0)
(2.46617 0.0698588 0)
(2.39759 0.302336 0)
(2.33802 0.422172 0)
(2.30792 0.572995 0)
(2.22272 0.728852 0)
(2.14147 0.848135 0)
(2.07571 0.92068 0)
(2.01354 0.985742 0)
(1.97199 0.993881 0)
(1.94947 1.00113 0)
(1.95608 1.01446 0)
(1.97186 0.990997 0)
(1.99658 0.990579 0)
(2.06888 0.976271 0)
(1.28954 -0.398013 0)
(1.88124 -0.944347 0)
(2.29449 -0.0711693 0)
(2.38843 -0.0166468 0)
(2.36916 0.127704 0)
(2.36851 0.296004 0)
(2.27768 0.524286 0)
(2.20915 0.635949 0)
(2.13379 0.744741 0)
(2.08651 0.884538 0)
(1.98053 0.994876 0)
(1.92746 1.04794 0)
(1.89247 1.07073 0)
(1.87184 1.08756 0)
(1.86919 1.05923 0)
(1.89382 1.05173 0)
(1.96077 1.023 0)
(2.16639 0.901768 0)
(2.38555 0.786985 0)
(2.78049 0.435622 0)
(1.19596 -0.0878974 0)
(1.94098 -0.354891 0)
(2.21925 0.340686 0)
(2.23355 0.515265 0)
(2.20112 0.619519 0)
(2.15635 0.742947 0)
(2.04581 0.894834 0)
(1.95686 0.982348 0)
(1.89889 1.0414 0)
(1.84419 1.13185 0)
(1.789 1.16034 0)
(1.79322 1.1513 0)
(1.81491 1.12925 0)
(1.85387 1.08637 0)
(2.04047 0.951389 0)
(2.25758 0.830734 0)
(2.66569 0.504253 0)
(3.03651 0.0916478 0)
(3.05453 -0.0237272 0)
(3.00399 -0.00462914 0)
(1.02451 0.00381022 0)
(1.89769 0.865196 0)
(2.10733 0.820594 0)
(2.00843 0.938485 0)
(1.96984 0.986252 0)
(1.86714 1.09735 0)
(1.79319 1.14328 0)
(1.75981 1.14705 0)
(1.75583 1.16315 0)
(1.73076 1.20495 0)
(1.71062 1.19894 0)
(1.86391 1.07461 0)
(2.10555 0.887952 0)
(2.51051 0.576966 0)
(2.98961 0.135165 0)
(3.07354 -0.0295366 0)
(3.00806 -0.00767029 0)
(3.0029 -0.00381798 0)
(3.00122 -0.00218272 0)
(3.00008 -0.00048069 0)
(1.16158 0.768457 0)
(1.82988 1.14193 0)
(1.838 1.14849 0)
(1.74726 1.1908 0)
(1.71677 1.2041 0)
(1.67086 1.246 0)
(1.66255 1.21765 0)
(1.72629 1.16549 0)
(1.75313 1.22565 0)
(1.77785 1.14095 0)
(2.25796 0.750487 0)
(2.84898 0.218896 0)
(3.09493 -0.0244661 0)
(3.02063 -0.0122291 0)
(3.00446 -0.0053633 0)
(3.00185 -0.00300699 0)
(3.00006 -0.000601611 0)
(2.99998 -2.48896e-05 0)
(2.99999 1.42762e-05 0)
(3 5.91057e-06 0)
(1.576 1.2536 0)
(1.58167 1.25983 0)
(1.59175 1.26523 0)
(1.60473 1.26454 0)
(1.62458 1.25214 0)
(1.61752 1.26181 0)
(1.89001 1.14975 0)
(2.96594 0.334575 0)
(3.33582 -0.558586 0)
(3 6.73352e-11 0)
(3 -8.84079e-11 0)
(3 9.51089e-11 0)
(3 9.7339e-15 0)
(3 -5.00687e-13 0)
(3 -1.7028e-14 0)
(3 2.27789e-14 0)
(3 -1.03549e-14 0)
(3 -6.45614e-16 0)
(3 -1.61029e-15 0)
(3 -9.01761e-16 0)
(1.57446 1.24683 0)
(1.58787 1.25846 0)
(1.59672 1.26785 0)
(1.59908 1.26356 0)
(1.66843 1.23937 0)
(1.74437 1.22099 0)
(2.31399 0.707053 0)
(3.00287 0.00839697 0)
(3 5.66722e-08 0)
(3 -6.4171e-11 0)
(3 -1.45665e-12 0)
(3 9.5428e-15 0)
(3 -2.06633e-15 0)
(3 -2.48027e-16 0)
(3 1.18015e-15 0)
(3 3.15384e-15 0)
(3 2.56913e-15 0)
(3 -4.14644e-16 0)
(3 -1.59068e-15 0)
(3 1.18563e-15 0)
(1.5828 1.2559 0)
(1.59886 1.26071 0)
(1.59608 1.26999 0)
(1.56382 1.29788 0)
(1.7408 1.20551 0)
(2.2063 0.837093 0)
(2.98897 0.00701883 0)
(3.00027 -0.000595474 0)
(3 6.84859e-07 0)
(3 5.3096e-11 0)
(3 -7.80589e-13 0)
(3 1.85931e-14 0)
(3 -1.42824e-15 0)
(3 -9.11002e-16 0)
(3 6.37134e-16 0)
(3 2.75403e-15 0)
(3 3.03358e-16 0)
(3 -7.44612e-16 0)
(3 -1.37076e-15 0)
(3 1.76454e-15 0)
(1.58632 1.25787 0)
(1.60574 1.2623 0)
(1.6227 1.26909 0)
(1.57474 1.33458 0)
(1.83067 1.11526 0)
(2.70439 0.263036 0)
(3.00518 -0.0019564 0)
(2.99992 7.31803e-05 0)
(3 -8.24071e-07 0)
(3 8.53809e-10 0)
(3 -7.28712e-14 0)
(3 -6.62092e-15 0)
(3 -1.12268e-15 0)
(3 -3.83153e-16 0)
(3 4.3639e-17 0)
(3 6.06334e-16 0)
(3 -1.46388e-16 0)
(3 -5.36035e-16 0)
(3 -7.78288e-16 0)
(3 1.26364e-15 0)
(1.58843 1.26978 0)
(1.60842 1.26512 0)
(1.63888 1.25725 0)
(1.70526 1.2135 0)
(2.33072 0.642023 0)
(3.02226 -0.0201556 0)
(2.99972 0.000157638 0)
(3 -4.36293e-06 0)
(3 8.43591e-08 0)
(3 -8.7686e-10 0)
(3 3.4809e-12 0)
(3 -4.18719e-14 0)
(3 -3.09979e-15 0)
(3 -1.33321e-15 0)
(3 4.03319e-16 0)
(3 -2.25739e-15 0)
(3 -1.99189e-15 0)
(3 -5.20574e-16 0)
(3 -6.33444e-16 0)
(3 6.45084e-16 0)
(1.58612 1.28285 0)
(1.58733 1.27396 0)
(1.64759 1.23693 0)
(1.89524 1.07051 0)
(2.76729 0.202681 0)
(3 -5.82688e-10 0)
(3 1.40526e-08 0)
(3 -1.26917e-08 0)
(3 5.51686e-10 0)
(3 2.78127e-12 0)
(3 -1.17279e-13 0)
(3 -1.10636e-15 0)
(3 -4.44357e-15 0)
(3 -2.76698e-15 0)
(3 -1.81505e-15 0)
(3 -2.2768e-15 0)
(3 -1.60092e-15 0)
(3 -1.68913e-15 0)
(3 -1.15634e-15 0)
(3 -3.37444e-16 0)
(1.58357 1.29239 0)
(1.54814 1.28228 0)
(1.65233 1.24202 0)
(2.07375 0.873316 0)
(3.01295 -0.00778893 0)
(3 4.52562e-12 0)
(3 -4.98503e-12 0)
(3 2.4473e-12 0)
(3 -8.54074e-13 0)
(3 2.08376e-14 0)
(3 -2.90725e-15 0)
(3 -3.63433e-15 0)
(3 -4.65229e-15 0)
(3 -4.71005e-15 0)
(3 -3.42722e-15 0)
(3 -1.15676e-15 0)
(3 -8.87389e-16 0)
(3 -2.02694e-15 0)
(3 -1.88351e-15 0)
(3 -1.68679e-15 0)
(1.57857 1.32149 0)
(1.50332 1.32187 0)
(1.763 1.19089 0)
(2.42117 0.552668 0)
(3 -3.59489e-07 0)
(3 1.92573e-11 0)
(3 1.14816e-13 0)
(3 -1.167e-14 0)
(3 3.87073e-15 0)
(3 -1.81742e-15 0)
(3 -2.50794e-15 0)
(3 -2.97691e-15 0)
(3 -3.94617e-15 0)
(3 -4.02857e-15 0)
(3 -3.14471e-15 0)
(3 -1.45125e-15 0)
(3 -1.89588e-15 0)
(3 -1.75551e-15 0)
(3 -2.05776e-15 0)
(3 -2.13599e-15 0)
(1.58571 1.30719 0)
(1.47134 1.33978 0)
(1.97161 1.04579 0)
(2.87257 0.131822 0)
(3 -1.69807e-09 0)
(3 3.66781e-12 0)
(3 3.36659e-15 0)
(3 1.39554e-15 0)
(3 4.28691e-16 0)
(3 -1.15712e-15 0)
(3 -1.62915e-15 0)
(3 -2.68733e-15 0)
(3 -3.11402e-15 0)
(3 -3.23946e-15 0)
(3 -3.15227e-15 0)
(3 -1.40945e-15 0)
(3 -1.30387e-15 0)
(3 -1.07401e-15 0)
(3 -2.0996e-15 0)
(3 -2.48157e-15 0)
(1.60454 1.29799 0)
(1.48408 1.39795 0)
(2.10626 0.860966 0)
(3.01152 -0.009622 0)
(3 1.03667e-08 0)
(3 -2.1072e-11 0)
(3 4.33328e-14 0)
(3 7.77026e-16 0)
(3 5.96271e-16 0)
(3 -6.83572e-16 0)
(3 -1.35269e-15 0)
(3 -1.35683e-15 0)
(3 -1.84461e-15 0)
(3 -1.89287e-15 0)
(3 -1.62609e-15 0)
(3 -4.99832e-16 0)
(3 3.96767e-16 0)
(3 -5.89515e-16 0)
(3 -2.4678e-15 0)
(3 -2.161e-15 0)
(1.6215 1.2816 0)
(1.58185 1.30377 0)
(2.43363 0.516922 0)
(3 4.27206e-13 0)
(3 -7.50593e-12 0)
(3 1.34463e-13 0)
(3 -4.84936e-16 0)
(3 1.10314e-15 0)
(3 6.34317e-16 0)
(3 -7.60453e-16 0)
(3 -1.58023e-15 0)
(3 -1.63977e-15 0)
(3 -1.37557e-15 0)
(3 -7.51802e-16 0)
(3 -2.81097e-17 0)
(3 1.36483e-15 0)
(3 2.46661e-15 0)
(3 2.39526e-15 0)
(3 -4.58527e-16 0)
(3 -1.36569e-15 0)
(1.63794 1.26558 0)
(1.64673 1.23454 0)
(2.65869 0.279993 0)
(3 6.19418e-13 0)
(3 1.16397e-14 0)
(3 7.68232e-16 0)
(3 7.38515e-16 0)
(3 1.09331e-15 0)
(3 9.56819e-16 0)
(3 -9.12515e-16 0)
(3 -1.79868e-15 0)
(3 -1.95784e-15 0)
(3 -1.53089e-15 0)
(3 -1.16036e-15 0)
(3 1.03663e-15 0)
(3 2.25631e-15 0)
(3 3.97058e-15 0)
(3 4.9878e-15 0)
(3 4.21987e-15 0)
(3 2.62714e-15 0)
(1.65858 1.24098 0)
(1.80518 1.09963 0)
(2.87582 0.0877324 0)
(3 -1.08889e-12 0)
(3 4.67378e-16 0)
(3 6.80741e-16 0)
(3 7.12858e-16 0)
(3 1.32238e-15 0)
(3 1.12522e-15 0)
(3 -8.45293e-17 0)
(3 -1.07259e-15 0)
(3 -1.865e-15 0)
(3 -1.70694e-15 0)
(3 -8.36118e-16 0)
(3 3.19179e-16 0)
(3 1.81262e-15 0)
(3 3.55845e-15 0)
(3 3.93534e-15 0)
(3 4.08987e-15 0)
(3 3.79494e-15 0)
(1.68882 1.19405 0)
(1.9226 0.968248 0)
(2.99986 3.7822e-05 0)
(3 7.95476e-15 0)
(3 3.90513e-16 0)
(3 6.07902e-16 0)
(3 1.20939e-15 0)
(3 1.73072e-15 0)
(3 1.70377e-15 0)
(3 5.17131e-16 0)
(3 -5.03052e-16 0)
(3 -1.09195e-15 0)
(3 -1.06958e-15 0)
(3 -4.78899e-16 0)
(3 1.46904e-16 0)
(3 8.94291e-16 0)
(3 1.14383e-15 0)
(3 1.19836e-15 0)
(3 1.19103e-15 0)
(3 1.32302e-15 0)
(1.70391 1.16125 0)
(2.04455 0.835793 0)
(3 1.33024e-15 0)
(3 1.36857e-15 0)
(3 1.26116e-15 0)
(3 1.017e-15 0)
(3 1.1064e-15 0)
(3 1.66978e-15 0)
(3 1.85135e-15 0)
(3 3.23221e-16 0)
(3 -2.25316e-15 0)
(3 -3.47918e-15 0)
(3 -4.27605e-15 0)
(3 -4.49979e-15 0)
(3 -3.93937e-15 0)
(3 -3.02673e-15 0)
(3 -1.42482e-15 0)
(3 -5.61948e-16 0)
(3 8.61339e-16 0)
(3 1.53651e-15 0)
(1.72692 1.10932 0)
(2.19301 0.666627 0)
(3 1.33083e-15 0)
(3 5.33596e-16 0)
(3 1.09996e-15 0)
(3 1.49829e-15 0)
(3 1.31102e-15 0)
(3 9.90232e-16 0)
(3 5.09045e-16 0)
(3 -1.58607e-15 0)
(3 -2.69003e-15 0)
(3 -3.58093e-15 0)
(3 -4.42892e-15 0)
(3 -4.82221e-15 0)
(3 -4.7936e-15 0)
(3 -4.82302e-15 0)
(3 -4.45572e-15 0)
(3 -4.31245e-15 0)
(3 -3.81436e-15 0)
(3 -3.03571e-15 0)
(1.84071 1.02022 0)
(2.44363 0.448277 0)
(3 -2.49688e-15 0)
(3 -1.7268e-15 0)
(3 -1.09582e-15 0)
(3 1.68971e-16 0)
(3 1.66292e-17 0)
(3 -7.7306e-16 0)
(3 -1.6546e-15 0)
(3 -1.70772e-15 0)
(3 -1.84246e-15 0)
(3 -1.87305e-15 0)
(3 -2.37037e-15 0)
(3 -2.86614e-15 0)
(3 -3.7808e-15 0)
(3 -4.00939e-15 0)
(3 -3.94194e-15 0)
(3 -4.18686e-15 0)
(3 -4.57528e-15 0)
(3 -4.77955e-15 0)
(1.96388 0.865527 0)
(2.74132 0.188127 0)
(3 -8.35407e-16 0)
(3 -2.99796e-16 0)
(3 2.49407e-16 0)
(3 3.93325e-16 0)
(3 2.52546e-16 0)
(3 6.52917e-16 0)
(3 6.0146e-16 0)
(3 3.44775e-16 0)
(3 1.71102e-16 0)
(3 2.89982e-16 0)
(3 2.58796e-16 0)
(3 -9.17795e-17 0)
(3 -6.01544e-16 0)
(3 -9.75746e-16 0)
(3 -1.07513e-15 0)
(3 -1.15817e-15 0)
(3 -1.10192e-15 0)
(3 -6.30258e-16 0)
(2.0928 0.641977 0)
(2.99311 0.000144714 0)
(3 -9.44703e-16 0)
(3 -4.15825e-16 0)
(3 6.81204e-16 0)
(3 1.13076e-15 0)
(3 1.30065e-15 0)
(3 8.909e-16 0)
(3 6.80008e-16 0)
(3 4.27955e-17 0)
(3 -4.20672e-16 0)
(3 -6.00601e-16 0)
(3 -1.09036e-15 0)
(3 -1.50729e-15 0)
(3 -1.73851e-15 0)
(3 -1.99737e-15 0)
(3 -2.0279e-15 0)
(3 -1.80427e-15 0)
(3 -1.44958e-15 0)
(3 -1.58399e-15 0)
(1.99236 0.380069 0)
(2.99988 -2.226e-05 0)
(3 -1.02736e-15 0)
(3 -1.19237e-15 0)
(3 -7.91344e-16 0)
(3 -3.57112e-16 0)
(3 -1.13472e-16 0)
(3 1.35684e-16 0)
(3 2.62759e-16 0)
(3 1.0185e-16 0)
(3 1.99945e-18 0)
(3 -6.81173e-17 0)
(3 -6.81577e-17 0)
(3 -3.02614e-17 0)
(3 3.89527e-16 0)
(3 5.60278e-16 0)
(3 6.71883e-16 0)
(3 7.33974e-16 0)
(3 5.48792e-16 0)
(3 2.98245e-16 0)
(1.99227 -0.379072 0)
(2.99986 2.71505e-05 0)
(3 -1.03499e-15 0)
(3 -2.05919e-15 0)
(3 -2.47253e-15 0)
(3 -2.65991e-15 0)
(3 -2.25583e-15 0)
(3 -1.18235e-15 0)
(3 -3.04647e-16 0)
(3 1.38007e-16 0)
(3 2.53285e-16 0)
(3 4.86574e-16 0)
(3 1.17395e-15 0)
(3 2.04674e-15 0)
(3 2.55806e-15 0)
(3 2.72161e-15 0)
(3 2.72382e-15 0)
(3 2.57854e-15 0)
(3 2.52446e-15 0)
(3 2.58529e-15 0)
(2.08953 -0.644135 0)
(2.99312 -0.00012455 0)
(3 -1.58755e-15 0)
(3 -1.20214e-15 0)
(3 -9.7023e-16 0)
(3 -9.76829e-16 0)
(3 -3.67714e-16 0)
(3 7.78869e-16 0)
(3 1.50546e-15 0)
(3 1.49006e-15 0)
(3 7.27271e-16 0)
(3 1.09249e-15 0)
(3 1.58322e-15 0)
(3 1.92448e-15 0)
(3 1.89644e-15 0)
(3 1.16815e-15 0)
(3 6.92945e-16 0)
(3 1.20768e-17 0)
(3 -9.1647e-19 0)
(3 -2.15229e-17 0)
(1.9603 -0.863673 0)
(2.74138 -0.187535 0)
(3 -7.56698e-16 0)
(3 -1.21955e-15 0)
(3 -1.28535e-15 0)
(3 -1.46245e-15 0)
(3 -1.23266e-15 0)
(3 -3.38659e-16 0)
(3 -3.05168e-16 0)
(3 -4.90344e-16 0)
(3 -1.12301e-15 0)
(3 -1.13387e-15 0)
(3 -1.00289e-15 0)
(3 -6.96273e-16 0)
(3 -6.54573e-16 0)
(3 -5.4466e-16 0)
(3 -3.87948e-16 0)
(3 -4.73117e-16 0)
(3 -5.55081e-16 0)
(3 -5.6284e-16 0)
(1.84415 -1.02062 0)
(2.44718 -0.44701 0)
(3 9.04784e-16 0)
(3 1.53716e-15 0)
(3 1.89182e-15 0)
(3 1.71222e-15 0)
(3 7.43694e-16 0)
(3 1.98055e-16 0)
(3 -5.39166e-17 0)
(3 -3.66742e-16 0)
(3 1.09953e-17 0)
(3 6.96259e-16 0)
(3 1.38618e-15 0)
(3 1.69603e-15 0)
(3 1.34539e-15 0)
(3 1.33608e-15 0)
(3 1.10388e-15 0)
(3 1.37889e-15 0)
(3 1.58627e-15 0)
(3 1.57848e-15 0)
(1.73075 -1.10761 0)
(2.1976 -0.663413 0)
(3 -7.77667e-16 0)
(3 -2.04543e-16 0)
(3 -2.30788e-16 0)
(3 4.74411e-17 0)
(3 -5.84522e-16 0)
(3 -9.61853e-16 0)
(3 -9.57612e-16 0)
(3 -1.0945e-15 0)
(3 -1.12355e-15 0)
(3 -9.73769e-16 0)
(3 -4.14354e-16 0)
(3 -2.76336e-16 0)
(3 -5.40955e-16 0)
(3 -7.52127e-16 0)
(3 -8.70552e-16 0)
(3 -1.19912e-15 0)
(3 -1.32237e-15 0)
(3 -1.96809e-15 0)
(1.69962 -1.16313 0)
(2.03974 -0.837465 0)
(3 -6.57894e-17 0)
(3 -2.00057e-17 0)
(3 -4.12082e-17 0)
(3 -1.18576e-16 0)
(3 -1.22273e-15 0)
(3 -1.46799e-15 0)
(3 -1.49085e-15 0)
(3 -1.28026e-15 0)
(3 -1.17543e-15 0)
(3 -8.29335e-16 0)
(3 -4.2496e-16 0)
(3 -3.5957e-16 0)
(3 -9.07967e-16 0)
(3 -3.51353e-16 0)
(3 -1.03923e-15 0)
(3 -1.81949e-15 0)
(3 -2.33277e-15 0)
(3 -3.38206e-15 0)
(1.69051 -1.19391 0)
(1.92565 -0.966533 0)
(2.99984 -4.18599e-05 0)
(3 -5.22829e-15 0)
(3 -2.53272e-16 0)
(3 -9.62847e-17 0)
(3 -6.95014e-16 0)
(3 -9.35729e-16 0)
(3 -1.29906e-15 0)
(3 -1.71536e-15 0)
(3 -1.73017e-15 0)
(3 -1.80205e-15 0)
(3 -1.75721e-15 0)
(3 -1.6635e-15 0)
(3 -1.87575e-15 0)
(3 -3.02009e-15 0)
(3 -3.80547e-15 0)
(3 -4.52178e-15 0)
(3 -4.5567e-15 0)
(3 -4.43501e-15 0)
(1.65791 -1.24111 0)
(1.80158 -1.10138 0)
(2.87267 -0.0895146 0)
(3 1.12614e-12 0)
(3 -3.63827e-16 0)
(3 -2.3111e-17 0)
(3 -9.39232e-17 0)
(3 -5.17257e-16 0)
(3 -3.58094e-16 0)
(3 -9.67568e-16 0)
(3 -8.32077e-16 0)
(3 -5.9869e-16 0)
(3 -5.51567e-16 0)
(3 -7.75258e-16 0)
(3 -2.88948e-15 0)
(3 -4.16188e-15 0)
(3 -4.20005e-15 0)
(3 -3.72936e-15 0)
(3 -3.25904e-15 0)
(3 -2.39493e-15 0)
(1.63628 -1.26543 0)
(1.64076 -1.2387 0)
(2.65495 -0.285077 0)
(3 -5.60034e-13 0)
(3 -1.48319e-14 0)
(3 3.51864e-17 0)
(3 -1.03364e-16 0)
(3 -7.51005e-16 0)
(3 -1.26087e-15 0)
(3 -1.43723e-15 0)
(3 -1.61761e-15 0)
(3 -1.55211e-15 0)
(3 -1.10462e-15 0)
(3 -1.93127e-15 0)
(3 -3.41224e-15 0)
(3 -3.9473e-15 0)
(3 -4.1191e-15 0)
(3 -3.26172e-15 0)
(3 -2.91581e-15 0)
(3 -1.49206e-15 0)
(1.62108 -1.28093 0)
(1.58493 -1.3038 0)
(2.43713 -0.516397 0)
(3 -5.78975e-13 0)
(3 7.54326e-12 0)
(3 -1.25184e-13 0)
(3 1.17703e-15 0)
(3 -8.36403e-16 0)
(3 -1.22535e-15 0)
(3 -1.93851e-15 0)
(3 -2.36067e-15 0)
(3 -2.73162e-15 0)
(3 -2.50417e-15 0)
(3 -2.26609e-15 0)
(3 -2.56936e-15 0)
(3 -2.89656e-15 0)
(3 -1.52177e-15 0)
(3 7.78854e-16 0)
(3 2.11003e-15 0)
(3 3.57342e-15 0)
(1.60529 -1.29755 0)
(1.48501 -1.39662 0)
(2.11118 -0.856714 0)
(3.01148 0.00960354 0)
(3 -9.72276e-09 0)
(3 1.9572e-11 0)
(3 -4.30545e-14 0)
(3 -9.88556e-16 0)
(3 -2.38826e-15 0)
(3 -2.95143e-15 0)
(3 -2.46438e-15 0)
(3 -2.72689e-15 0)
(3 -2.84666e-15 0)
(3 -1.80859e-15 0)
(3 -1.76863e-15 0)
(3 -1.96044e-15 0)
(3 1.42847e-15 0)
(3 2.91546e-15 0)
(3 3.61352e-15 0)
(3 3.47387e-15 0)
(1.58701 -1.30748 0)
(1.47072 -1.34124 0)
(1.9658 -1.04532 0)
(2.87083 -0.131647 0)
(3 1.9022e-09 0)
(3 -2.78289e-12 0)
(3 1.62477e-15 0)
(3 -1.57487e-16 0)
(3 -1.46244e-15 0)
(3 -2.5025e-15 0)
(3 -2.4574e-15 0)
(3 -2.36296e-15 0)
(3 -3.18461e-15 0)
(3 -2.94968e-15 0)
(3 -2.26657e-15 0)
(3 -3.25369e-16 0)
(3 2.34084e-15 0)
(3 2.50812e-15 0)
(3 3.26957e-15 0)
(3 3.00485e-15 0)
(1.57857 -1.32114 0)
(1.50384 -1.32173 0)
(1.76874 -1.1894 0)
(2.42713 -0.54926 0)
(3 9.58411e-07 0)
(3 -1.77713e-11 0)
(3 -1.99437e-13 0)
(3 2.51282e-14 0)
(3 -6.00132e-15 0)
(3 5.6095e-16 0)
(3 -1.81934e-15 0)
(3 -2.11109e-15 0)
(3 -2.52344e-15 0)
(3 -4.50539e-15 0)
(3 -1.15087e-15 0)
(3 1.21256e-15 0)
(3 1.54302e-15 0)
(3 2.19536e-15 0)
(3 2.71693e-15 0)
(3 2.59014e-15 0)
(1.5833 -1.29238 0)
(1.54806 -1.28236 0)
(1.65024 -1.24459 0)
(2.07212 -0.876147 0)
(3.01075 0.00581135 0)
(3 -5.49271e-12 0)
(3 1.12343e-11 0)
(3 -7.8215e-12 0)
(3 1.28611e-12 0)
(3 -2.15148e-14 0)
(3 5.04643e-18 0)
(3 -8.31138e-16 0)
(3 -1.83041e-15 0)
(3 -4.04258e-15 0)
(3 -6.08485e-16 0)
(3 -2.06161e-16 0)
(3 9.80637e-16 0)
(3 2.12155e-15 0)
(3 2.24568e-15 0)
(3 2.41331e-15 0)
(1.58595 -1.28282 0)
(1.58611 -1.27344 0)
(1.64526 -1.23655 0)
(1.88353 -1.07502 0)
(2.76613 -0.203019 0)
(3 5.83628e-10 0)
(3 -1.41263e-08 0)
(3 1.27647e-08 0)
(3 -5.5599e-10 0)
(3 -3.07446e-12 0)
(3 1.06762e-13 0)
(3 -7.39809e-16 0)
(3 -1.98608e-15 0)
(3 -3.7055e-15 0)
(3 -2.12971e-15 0)
(3 -8.57085e-16 0)
(3 1.28155e-15 0)
(3 2.36108e-15 0)
(3 2.81996e-15 0)
(3 2.31783e-15 0)
(1.58857 -1.26987 0)
(1.60859 -1.26456 0)
(1.63838 -1.25602 0)
(1.71634 -1.20835 0)
(2.33606 -0.638715 0)
(3.02198 0.0199647 0)
(2.99972 -0.000165687 0)
(3 4.36874e-06 0)
(3 -8.4855e-08 0)
(3 8.64262e-10 0)
(3 -8.6018e-13 0)
(3 -5.68728e-16 0)
(3 -2.4314e-15 0)
(3 -3.30643e-15 0)
(3 -1.72153e-15 0)
(3 -7.52675e-16 0)
(3 9.79557e-16 0)
(3 2.3609e-15 0)
(3 2.11113e-15 0)
(3 1.9679e-15 0)
(1.58666 -1.25787 0)
(1.6071 -1.26217 0)
(1.62472 -1.26823 0)
(1.58052 -1.32904 0)
(1.82853 -1.11429 0)
(2.70319 -0.2626 0)
(3.00535 0.00221002 0)
(2.99992 -7.56533e-05 0)
(3 8.21723e-07 0)
(3 -8.12719e-10 0)
(3 1.01164e-12 0)
(3 -1.93237e-15 0)
(3 -2.68683e-15 0)
(3 -2.5328e-15 0)
(3 -4.85617e-16 0)
(3 -6.47022e-16 0)
(3 1.10527e-15 0)
(3 1.8212e-15 0)
(3 1.6722e-15 0)
(3 2.60424e-15 0)
(1.58316 -1.2559 0)
(1.59873 -1.26065 0)
(1.59633 -1.2713 0)
(1.56434 -1.30133 0)
(1.73388 -1.20924 0)
(2.19707 -0.839906 0)
(2.98703 -0.00875709 0)
(3.00029 0.000635374 0)
(3 -6.66494e-07 0)
(3 -5.81389e-11 0)
(3 -1.17904e-13 0)
(3 5.38266e-16 0)
(3 -1.74644e-15 0)
(3 -2.27023e-15 0)
(3 -1.69194e-17 0)
(3 3.78571e-16 0)
(3 1.93363e-15 0)
(3 1.13709e-15 0)
(3 1.84005e-15 0)
(3 1.76153e-15 0)
(1.57501 -1.24804 0)
(1.5881 -1.25911 0)
(1.595 -1.26935 0)
(1.59549 -1.26548 0)
(1.6682 -1.24076 0)
(1.74753 -1.22204 0)
(2.31616 -0.709153 0)
(3.003 -0.00820968 0)
(3 -5.97769e-08 0)
(3 -1.10543e-11 0)
(3 -2.63385e-13 0)
(3 2.13933e-13 0)
(3 -2.90219e-15 0)
(3 -3.22867e-15 0)
(3 -6.79143e-16 0)
(3 5.70187e-18 0)
(3 9.95205e-16 0)
(3 1.51568e-15 0)
(3 2.04382e-15 0)
(3 1.12344e-15 0)
(1.57505 -1.25327 0)
(1.58088 -1.25959 0)
(1.59025 -1.26486 0)
(1.60368 -1.26364 0)
(1.62537 -1.25063 0)
(1.61814 -1.26204 0)
(1.89375 -1.15112 0)
(2.96984 -0.335894 0)
(3.33515 0.56105 0)
(3 -7.42916e-11 0)
(3 8.51151e-11 0)
(3 -8.79109e-11 0)
(3 -8.95236e-15 0)
(3 5.39805e-13 0)
(3 1.65834e-14 0)
(3 -1.69879e-14 0)
(3 8.0799e-15 0)
(3 1.02746e-15 0)
(3 1.65482e-15 0)
(3 3.68266e-15 0)
(1.15816 -0.770546 0)
(1.82729 -1.14411 0)
(1.83945 -1.14538 0)
(1.74333 -1.19266 0)
(1.71767 -1.20226 0)
(1.67267 -1.24489 0)
(1.66324 -1.21728 0)
(1.72713 -1.16531 0)
(1.75364 -1.22615 0)
(1.77759 -1.14111 0)
(2.25695 -0.750944 0)
(2.84826 -0.21957 0)
(3.09481 0.0242048 0)
(3.02061 0.0121979 0)
(3.00444 0.00535048 0)
(3.00185 0.00300333 0)
(3.00006 0.000600292 0)
(2.99998 2.4907e-05 0)
(2.99999 -1.42821e-05 0)
(3 -5.90426e-06 0)
(1.02647 -0.00392604 0)
(1.90297 -0.843054 0)
(2.09693 -0.835886 0)
(2.01525 -0.924166 0)
(1.96584 -0.988728 0)
(1.86606 -1.09988 0)
(1.79418 -1.14332 0)
(1.7606 -1.14675 0)
(1.75642 -1.16286 0)
(1.7308 -1.20479 0)
(1.70996 -1.19885 0)
(1.86315 -1.07462 0)
(2.10555 -0.887828 0)
(2.51128 -0.576393 0)
(2.99003 -0.134728 0)
(3.07364 0.0296671 0)
(3.00808 0.00768934 0)
(3.0029 0.00382671 0)
(3.00122 0.00218586 0)
(3.00008 0.000481728 0)
(1.13888 0.033506 0)
(1.92991 0.227785 0)
(2.24622 -0.237688 0)
(2.22647 -0.548433 0)
(2.20307 -0.604479 0)
(2.15494 -0.737578 0)
(2.04498 -0.894932 0)
(1.95763 -0.982586 0)
(1.89871 -1.04144 0)
(1.84368 -1.13216 0)
(1.78819 -1.16051 0)
(1.79267 -1.15148 0)
(1.81486 -1.12902 0)
(1.85413 -1.08591 0)
(2.04079 -0.950765 0)
(2.25766 -0.830335 0)
(2.66527 -0.504556 0)
(3.03634 -0.0919904 0)
(3.05453 0.0236149 0)
(3.00398 0.00461762 0)
(1.3269 0.571305 0)
(1.82733 1.04426 0)
(2.2147 -0.303053 0)
(2.36513 0.132897 0)
(2.36746 -0.10755 0)
(2.36677 -0.298124 0)
(2.27639 -0.525935 0)
(2.20926 -0.638143 0)
(2.13219 -0.747839 0)
(2.08492 -0.887253 0)
(1.97875 -0.997223 0)
(1.92646 -1.04909 0)
(1.89291 -1.07018 0)
(1.8722 -1.08658 0)
(1.86944 -1.05873 0)
(1.89367 -1.05157 0)
(1.96051 -1.02319 0)
(2.16587 -0.902636 0)
(2.38548 -0.787873 0)
(2.78109 -0.435568 0)
(1.02749 1.05286 0)
(1.69652 1.49582 0)
(2.25142 1.21649 0)
(2.37143 0.172234 0)
(2.44154 -0.210395 0)
(2.46174 0.104333 0)
(2.4637 -0.0464127 0)
(2.3973 -0.287662 0)
(2.33791 -0.413253 0)
(2.30776 -0.565392 0)
(2.2229 -0.723106 0)
(2.14375 -0.842188 0)
(2.0788 -0.915361 0)
(2.01545 -0.98234 0)
(1.97247 -0.993269 0)
(1.9482 -1.00241 0)
(1.95547 -1.01587 0)
(1.97189 -0.99137 0)
(1.99707 -0.990596 0)
(2.06976 -0.975711 0)
(0.993369 1.58085 0)
(1.64036 2.01288 0)
(1.91156 1.73564 0)
(2.09002 0.793792 0)
(2.40778 0.915977 0)
(2.44182 0.207576 0)
(2.53851 0.126967 0)
(2.52582 -0.117209 0)
(2.48769 -0.222177 0)
(2.45535 -0.37104 0)
(2.40253 -0.516883 0)
(2.33287 -0.643531 0)
(2.27458 -0.720039 0)
(2.21058 -0.792061 0)
(2.16488 -0.809738 0)
(2.12972 -0.8182 0)
(2.08829 -0.85335 0)
(2.0696 -0.875461 0)
(2.03306 -0.927256 0)
(2.05525 -0.9559 0)
(1.18673 1.62933 0)
(1.57484 2.2206 0)
(1.74284 1.95792 0)
(1.97127 1.5588 0)
(2.12187 1.58879 0)
(2.32709 0.928582 0)
(2.45431 0.751125 0)
(2.5406 0.521336 0)
(2.52101 0.184502 0)
(2.53865 0.0983285 0)
(2.5244 -0.0874547 0)
(2.49582 -0.22222 0)
(2.458 -0.331095 0)
(2.41292 -0.424346 0)
(2.35244 -0.520642 0)
(2.32927 -0.561128 0)
(2.25249 -0.659818 0)
(2.19577 -0.736145 0)
(2.15734 -0.787956 0)
(2.1384 -0.794009 0)
(1.24797 1.60528 0)
(1.73436 2.37057 0)
(1.86914 2.07851 0)
(1.86131 1.82981 0)
(2.01824 1.69588 0)
(2.20446 1.41325 0)
(2.32492 1.17067 0)
(2.41269 0.966292 0)
(2.45766 0.753862 0)
(2.49493 0.588408 0)
(2.55603 0.393617 0)
(2.5608 0.169238 0)
(2.57116 -0.00518951 0)
(2.53937 -0.1877 0)
(2.48234 -0.3666 0)
(2.45439 -0.445803 0)
(2.3833 -0.560806 0)
(2.35818 -0.533099 0)
(2.31688 -0.563348 0)
(2.32645 -0.516611 0)
(1.19834 1.42197 0)
(1.71009 2.22725 0)
(2.10961 2.30355 0)
(2.09803 2.03032 0)
(2.15212 1.82441 0)
(2.26387 1.60887 0)
(2.39702 1.31647 0)
(2.49088 1.09882 0)
(2.54223 1.0039 0)
(2.59264 0.699579 0)
(2.67305 0.518408 0)
(2.66299 0.242672 0)
(2.67379 0.0777209 0)
(2.63273 -0.106272 0)
(2.59546 -0.223289 0)
(2.56344 -0.258916 0)
(2.53523 -0.259819 0)
(2.53185 -0.195902 0)
(2.4534 -0.313007 0)
(2.47474 -0.281173 0)
(1.09547 1.17417 0)
(1.46963 1.90486 0)
(1.95706 2.27699 0)
(2.28824 2.38616 0)
(2.48443 1.967 0)
(2.48844 1.8734 0)
(2.65661 1.43707 0)
(2.76612 1.17768 0)
(2.82603 1.02724 0)
(2.78318 0.677982 0)
(2.78003 0.599754 0)
(2.75139 0.402563 0)
(2.73545 0.339875 0)
(2.71189 0.226966 0)
(2.6856 0.169973 0)
(2.65578 0.140371 0)
(2.64269 0.120527 0)
(2.61983 0.0308635 0)
(2.55601 -0.150953 0)
(2.56268 -0.15876 0)
(1.08674 1.10921 0)
(1.33162 1.73145 0)
(1.74448 2.09259 0)
(1.97309 2.30199 0)
(2.42552 2.0535 0)
(2.5004 2.01628 0)
(2.55297 1.57947 0)
(2.58742 1.3398 0)
(2.63277 1.24033 0)
(2.66798 1.18625 0)
(2.66695 1.10129 0)
(2.68024 0.914778 0)
(2.65762 0.782931 0)
(2.68408 0.69303 0)
(2.67764 0.536597 0)
(2.69827 0.437855 0)
(2.71295 0.29296 0)
(2.69011 0.0985286 0)
(2.64937 -0.0258456 0)
(2.614 -0.025706 0)
(1.1432 1.07983 0)
(1.25812 1.58511 0)
(1.56148 1.97095 0)
(1.73541 2.10672 0)
(1.90176 2.11973 0)
(2.06337 2.08187 0)
(2.20505 1.78466 0)
(2.3324 1.61125 0)
(2.37047 1.58904 0)
(2.39178 1.54166 0)
(2.47081 1.33772 0)
(2.55308 1.21741 0)
(2.5911 0.989557 0)
(2.70254 0.898861 0)
(2.71598 0.646872 0)
(2.76636 0.496878 0)
(2.76295 0.311683 0)
(2.74306 0.176528 0)
(2.69932 0.254927 0)
(2.66157 0.224946 0)
(1.25281 1.14734 0)
(1.31072 1.51615 0)
(1.42341 1.93878 0)
(1.59327 2.13549 0)
(1.66064 2.17243 0)
(1.79954 2.12109 0)
(1.99832 1.98791 0)
(2.12475 1.78284 0)
(2.18979 1.66975 0)
(2.31552 1.61608 0)
(2.43823 1.37549 0)
(2.60419 1.29069 0)
(2.65638 0.99743 0)
(2.75818 0.890657 0)
(2.77434 0.666989 0)
(2.77534 0.631372 0)
(2.7696 0.554693 0)
(2.74527 0.524038 0)
(2.72408 0.64514 0)
(2.69372 0.492928 0)
(1.39735 1.31214 0)
(1.42234 1.53099 0)
(1.46157 1.93128 0)
(1.54051 2.14279 0)
(1.59075 2.17701 0)
(1.75728 2.10445 0)
(1.91827 2.02406 0)
(2.0824 1.80787 0)
(2.21661 1.69316 0)
(2.42665 1.60529 0)
(2.54219 1.38484 0)
(2.66945 1.28884 0)
(2.72358 1.15202 0)
(2.72972 1.14705 0)
(2.75049 1.04027 0)
(2.73059 1.04039 0)
(2.7125 0.933902 0)
(2.70123 0.928706 0)
(2.72293 0.906686 0)
(2.74996 0.680565 0)
(1.58516 1.47395 0)
(1.61621 1.55151 0)
(1.56622 1.90227 0)
(1.63299 2.13398 0)
(1.63928 2.17356 0)
(1.77576 2.16907 0)
(1.93668 2.1174 0)
(2.17308 1.84303 0)
(2.33305 1.80954 0)
(2.50866 1.69493 0)
(2.52574 1.64222 0)
(2.59203 1.53956 0)
(2.62561 1.49187 0)
(2.61133 1.48157 0)
(2.619 1.40367 0)
(2.61734 1.33585 0)
(2.62636 1.20873 0)
(2.71212 1.16094 0)
(2.74974 1.00469 0)
(2.83522 0.769227 0)
(1.78692 1.42973 0)
(1.83645 1.4106 0)
(1.81559 1.70658 0)
(1.7943 2.02846 0)
(1.914 2.16708 0)
(1.92611 2.24545 0)
(2.0424 2.20696 0)
(2.13963 2.07899 0)
(2.19958 2.03402 0)
(2.3526 1.83299 0)
(2.37252 1.88677 0)
(2.45694 1.78328 0)
(2.44648 1.72629 0)
(2.46086 1.65662 0)
(2.52058 1.57436 0)
(2.60951 1.44898 0)
(2.65474 1.30735 0)
(2.78068 1.14833 0)
(2.85844 0.928237 0)
(2.8311 0.888959 0)
(1.89293 1.39199 0)
(1.99824 1.25519 0)
(2.08772 1.42425 0)
(2.13738 1.78147 0)
(2.04668 2.10534 0)
(2.03109 2.24918 0)
(2.08927 2.20323 0)
(2.06208 2.14485 0)
(2.12131 2.09119 0)
(2.22723 2.00554 0)
(2.20791 2.06505 0)
(2.28955 1.88149 0)
(2.34633 1.80322 0)
(2.42995 1.71474 0)
(2.55548 1.62222 0)
(2.70031 1.47313 0)
(2.74962 1.34876 0)
(2.80476 1.30718 0)
(2.80455 1.32789 0)
(2.70685 1.37737 0)
(1.86135 1.32068 0)
(1.99189 1.14068 0)
(2.16843 1.35498 0)
(2.37318 1.63554 0)
(2.24283 2.01855 0)
(2.04366 2.24706 0)
(2.05454 2.21371 0)
(1.98868 2.20951 0)
(2.00077 2.17643 0)
(2.06731 2.08787 0)
(2.13986 2.0511 0)
(2.21182 1.95512 0)
(2.32031 1.90223 0)
(2.4262 1.83954 0)
(2.52254 1.78986 0)
(2.60593 1.72755 0)
(2.61438 1.74271 0)
(2.60502 1.68142 0)
(2.56308 1.66867 0)
(2.55554 1.59778 0)
(1.86219 1.36587 0)
(1.8801 1.26398 0)
(1.96544 1.31165 0)
(2.15153 1.57603 0)
(2.12883 1.96663 0)
(1.85226 1.88542 0)
(1.70499 1.48147 0)
(1.71634 1.33879 0)
(1.8227 1.53485 0)
(1.88853 1.55899 0)
(1.81169 1.33869 0)
(1.78865 1.04965 0)
(1.91678 0.870915 0)
(2.02073 0.836882 0)
(2.199 0.996109 0)
(2.29965 1.2056 0)
(2.34015 1.40028 0)
(2.35039 1.43759 0)
(2.31523 1.42695 0)
(2.2994 1.36054 0)
(1.38659 0.430961 0)
(1.41749 0.515201 0)
(1.39642 0.315764 0)
(1.49891 0.354727 0)
(1.52929 0.37122 0)
(1.47397 0.351362 0)
(1.40586 0.218731 0)
(1.42346 0.144525 0)
(1.48981 0.25116 0)
(1.57967 0.336654 0)
(1.52527 0.284302 0)
(1.50552 0.111602 0)
(1.58988 0.000840759 0)
(1.66635 0.011229 0)
(1.69781 0.0780236 0)
(1.7614 0.150885 0)
(1.80154 0.247401 0)
(1.83254 0.34004 0)
(1.85712 0.356266 0)
(1.84833 0.328975 0)
(1.97119 -0.160902 0)
(2.03216 -0.132232 0)
(2.06634 -0.075425 0)
(2.11427 -0.0822834 0)
(2.1282 -0.0170895 0)
(2.15358 -0.0268092 0)
(2.17187 -0.0178405 0)
(2.17062 -0.00660822 0)
(2.18579 -0.00441139 0)
(2.21646 -0.00838427 0)
(2.21949 -0.0116149 0)
(2.21327 -0.010717 0)
(2.21205 -0.00242789 0)
(2.22872 0.011962 0)
(2.25003 0.0165451 0)
(2.26648 0.00253582 0)
(2.27034 -0.0172984 0)
(2.27025 -0.0208375 0)
(2.2732 -0.0161182 0)
(2.28751 -0.00399075 0)
(2.35681 -0.811026 0)
(2.33189 -0.529676 0)
(2.29023 -0.295335 0)
(2.33369 -0.232872 0)
(2.30628 -0.0906704 0)
(2.2856 -0.057031 0)
(2.25078 -0.0258512 0)
(2.25431 0.00461919 0)
(2.25992 0.0040783 0)
(2.27456 -0.0223558 0)
(2.29309 -0.0406688 0)
(2.28479 -0.0398393 0)
(2.27678 -0.0264373 0)
(2.28269 0.0127741 0)
(2.29735 0.0269305 0)
(2.31058 0.0156045 0)
(2.32103 -0.0118352 0)
(2.32092 -0.0242849 0)
(2.31935 -0.0181837 0)
(2.31797 -0.00570615 0)
(2.6531 -1.47206 0)
(2.68692 -1.40752 0)
(2.64261 -1.08074 0)
(2.62472 -0.889295 0)
(2.5843 -0.562914 0)
(2.67474 -0.343929 0)
(2.48711 -0.0676739 0)
(2.41647 -0.0171797 0)
(2.38568 0.00318448 0)
(2.39046 -0.0116876 0)
(2.42213 -0.0396632 0)
(2.41952 -0.0401063 0)
(2.40711 -0.0299279 0)
(2.39161 -6.87761e-05 0)
(2.38653 0.0206893 0)
(2.39254 0.0146488 0)
(2.40505 -0.00530558 0)
(2.40748 -0.0154598 0)
(2.40149 -0.00773084 0)
(2.3895 -0.00272654 0)
(2.68582 -1.25732 0)
(2.73406 -1.21299 0)
(2.72657 -1.19796 0)
(2.69922 -1.18235 0)
(2.69385 -1.14365 0)
(2.76013 -0.905002 0)
(2.73958 -0.489997 0)
(2.72019 -0.241844 0)
(2.59764 -0.0236911 0)
(2.54709 -0.0169163 0)
(2.51787 -0.047259 0)
(2.52153 -0.0434979 0)
(2.52887 -0.034255 0)
(2.51242 -0.0102855 0)
(2.50219 0.00432664 0)
(2.49111 0.00495071 0)
(2.49092 -0.00499797 0)
(2.49332 -0.00907837 0)
(2.48758 0.000241413 0)
(2.47094 0.00235558 0)
(2.71804 -1.07113 0)
(2.73569 -1.10262 0)
(2.72592 -1.01365 0)
(2.71397 -0.988129 0)
(2.72127 -0.98751 0)
(2.75382 -1.00402 0)
(2.78761 -0.963901 0)
(2.82012 -0.700522 0)
(2.78986 -0.348796 0)
(2.72719 -0.170041 0)
(2.63393 -0.0628102 0)
(2.59528 -0.0355023 0)
(2.58869 -0.0369175 0)
(2.59169 -0.0273436 0)
(2.5835 -0.0213746 0)
(2.56377 -0.0129811 0)
(2.5463 -0.00446859 0)
(2.54322 0.00536078 0)
(2.54248 0.0132799 0)
(2.53171 0.00535164 0)
(2.75242 -0.847504 0)
(2.72923 -0.909822 0)
(2.73352 -0.923997 0)
(2.75325 -0.893094 0)
(2.76548 -0.87008 0)
(2.76875 -0.896918 0)
(2.7809 -0.947341 0)
(2.80159 -0.935598 0)
(2.80255 -0.807109 0)
(2.76224 -0.540932 0)
(2.67893 -0.185963 0)
(2.62958 -0.0486106 0)
(2.62143 -0.0548903 0)
(2.6223 -0.0475473 0)
(2.6126 -0.0351002 0)
(2.59545 -0.024674 0)
(2.56961 -0.00621015 0)
(2.56706 0.0162736 0)
(2.56639 0.0164721 0)
(2.56383 0.00276974 0)
(2.75902 -0.641828 0)
(2.7223 -0.757661 0)
(2.74215 -0.745667 0)
(2.78294 -0.701355 0)
(2.79039 -0.713845 0)
(2.79556 -0.758081 0)
(2.76388 -0.819331 0)
(2.75759 -0.851612 0)
(2.75491 -0.848245 0)
(2.74232 -0.786536 0)
(2.70201 -0.643086 0)
(2.62605 -0.251142 0)
(2.61592 -0.0630743 0)
(2.6184 -0.0814798 0)
(2.6132 -0.0628813 0)
(2.59773 -0.0431626 0)
(2.57655 -0.0120369 0)
(2.57644 0.00985495 0)
(2.57565 0.00775508 0)
(2.5748 -0.00679899 0)
(2.73052 -0.493787 0)
(2.71854 -0.607738 0)
(2.73187 -0.630828 0)
(2.79944 -0.622557 0)
(2.83025 -0.644736 0)
(2.81795 -0.656706 0)
(2.75663 -0.735518 0)
(2.72481 -0.776436 0)
(2.72866 -0.773875 0)
(2.72176 -0.765216 0)
(2.70429 -0.730002 0)
(2.687 -0.643996 0)
(2.63107 -0.321996 0)
(2.60628 -0.0836056 0)
(2.59967 -0.0868344 0)
(2.58736 -0.04531 0)
(2.57886 -0.0199869 0)
(2.58134 0.00248278 0)
(2.57527 -0.00725146 0)
(2.57376 -0.0123874 0)
(2.68596 -0.28539 0)
(2.70379 -0.437349 0)
(2.72072 -0.480426 0)
(2.78668 -0.485447 0)
(2.83732 -0.546741 0)
(2.81386 -0.564373 0)
(2.74892 -0.617281 0)
(2.70235 -0.685103 0)
(2.69831 -0.695425 0)
(2.71835 -0.7013 0)
(2.72058 -0.710768 0)
(2.71085 -0.700538 0)
(2.70008 -0.644929 0)
(2.66212 -0.40305 0)
(2.59435 -0.0945708 0)
(2.59136 -0.0530776 0)
(2.58823 -0.0174489 0)
(2.58767 -0.00497895 0)
(2.56494 -0.0264905 0)
(2.56888 -0.0162324 0)
(2.64159 -0.107163 0)
(2.67248 -0.288378 0)
(2.68777 -0.337476 0)
(2.74634 -0.378918 0)
(2.79873 -0.456987 0)
(2.77115 -0.479613 0)
(2.71582 -0.518742 0)
(2.68831 -0.586527 0)
(2.68351 -0.644334 0)
(2.72006 -0.645751 0)
(2.73438 -0.657872 0)
(2.72398 -0.686968 0)
(2.71835 -0.676109 0)
(2.70499 -0.648869 0)
(2.66609 -0.392609 0)
(2.63791 -0.142437 0)
(2.61609 0.0254034 0)
(2.58253 -0.00958953 0)
(2.56758 -0.0275226 0)
(2.57938 -0.013176 0)
(2.48168 0.268472 0)
(2.57606 -0.0278924 0)
(2.61827 -0.21968 0)
(2.66013 -0.215003 0)
(2.64318 -0.206366 0)
(2.59695 -0.280495 0)
(2.62105 -0.337046 0)
(2.66996 -0.448234 0)
(2.691 -0.512577 0)
(2.72404 -0.547979 0)
(2.74313 -0.562021 0)
(2.72733 -0.594841 0)
(2.71789 -0.630478 0)
(2.74005 -0.607889 0)
(2.7339 -0.591405 0)
(2.71528 -0.421459 0)
(2.68973 -0.202502 0)
(2.67189 -0.138634 0)
(2.66786 -0.0411522 0)
(2.62592 -0.00626173 0)
(2.3469 0.561674 0)
(2.4276 0.384926 0)
(2.51883 0.149525 0)
(2.59687 -0.0992567 0)
(2.6052 -0.191697 0)
(2.61972 -0.246889 0)
(2.65849 -0.342213 0)
(2.68362 -0.382442 0)
(2.70462 -0.390413 0)
(2.73553 -0.424042 0)
(2.73547 -0.46998 0)
(2.72069 -0.526486 0)
(2.72242 -0.551883 0)
(2.74732 -0.567889 0)
(2.7805 -0.542445 0)
(2.78034 -0.551486 0)
(2.76036 -0.505471 0)
(2.75021 -0.338578 0)
(2.75769 -0.18676 0)
(2.72316 -0.0511991 0)
(2.34588 0.709742 0)
(2.39095 0.595826 0)
(2.44517 0.4578 0)
(2.50565 0.287257 0)
(2.59461 0.0108334 0)
(2.63538 -0.0451089 0)
(2.63566 -0.0249035 0)
(2.61534 -0.0918117 0)
(2.64541 -0.17719 0)
(2.65886 -0.224542 0)
(2.71062 -0.307451 0)
(2.73279 -0.397116 0)
(2.74886 -0.432256 0)
(2.77831 -0.461647 0)
(2.7983 -0.456692 0)
(2.8169 -0.523196 0)
(2.82379 -0.536629 0)
(2.82116 -0.523748 0)
(2.82797 -0.447951 0)
(2.80558 -0.208307 0)
(2.43314 0.686824 0)
(2.43244 0.679522 0)
(2.43482 0.64056 0)
(2.47093 0.541061 0)
(2.52376 0.390504 0)
(2.59828 0.178539 0)
(2.64213 0.0322072 0)
(2.64279 -0.0289852 0)
(2.68178 -0.193258 0)
(2.70055 -0.243129 0)
(2.7343 -0.295347 0)
(2.76871 -0.31955 0)
(2.78896 -0.353423 0)
(2.80655 -0.375968 0)
(2.80815 -0.379013 0)
(2.81863 -0.422793 0)
(2.83841 -0.481011 0)
(2.84336 -0.494356 0)
(2.87561 -0.478596 0)
(2.8764 -0.414721 0)
(2.71676 0.449421 0)
(2.60284 0.600138 0)
(2.52241 0.626403 0)
(2.52069 0.614715 0)
(2.52621 0.568435 0)
(2.56057 0.462824 0)
(2.60923 0.324432 0)
(2.65644 0.189288 0)
(2.69978 0.0250765 0)
(2.71031 0.0101134 0)
(2.73796 -0.0689723 0)
(2.74842 -0.0703965 0)
(2.75338 -0.13806 0)
(2.79703 -0.214413 0)
(2.81513 -0.277519 0)
(2.84223 -0.324419 0)
(2.86667 -0.380942 0)
(2.88539 -0.40886 0)
(2.91561 -0.430781 0)
(2.9214 -0.432255 0)
(2.96728 0.0718562 0)
(2.85376 0.307432 0)
(2.74098 0.472801 0)
(2.61062 0.581457 0)
(2.60734 0.58174 0)
(2.60696 0.565033 0)
(2.61872 0.515031 0)
(2.65593 0.414209 0)
(2.70545 0.267326 0)
(2.72246 0.187232 0)
(2.77826 0.00952297 0)
(2.79316 -0.0519007 0)
(2.80627 -0.124111 0)
(2.83359 -0.231096 0)
(2.85417 -0.265485 0)
(2.88632 -0.279111 0)
(2.90921 -0.311507 0)
(2.91436 -0.315025 0)
(2.91354 -0.309815 0)
(2.93262 -0.365997 0)
(2.99892 0.00350425 0)
(2.98602 0.035975 0)
(2.95164 0.132554 0)
(2.81849 0.379224 0)
(2.75088 0.479865 0)
(2.66707 0.550215 0)
(2.66617 0.550185 0)
(2.67013 0.534262 0)
(2.6887 0.479501 0)
(2.71777 0.392416 0)
(2.75995 0.269401 0)
(2.79502 0.154292 0)
(2.81344 0.101252 0)
(2.8354 0.00156262 0)
(2.84986 -0.0444054 0)
(2.85925 -0.0450206 0)
(2.8836 -0.0978063 0)
(2.88341 -0.169377 0)
(2.91434 -0.253173 0)
(2.942 -0.307214 0)
(2.99998 7.1886e-05 0)
(2.99964 0.00090954 0)
(2.99753 0.00739487 0)
(2.97403 0.0659593 0)
(2.93276 0.176509 0)
(2.82975 0.376487 0)
(2.76873 0.476927 0)
(2.71452 0.520754 0)
(2.71467 0.517727 0)
(2.71963 0.501021 0)
(2.73536 0.459641 0)
(2.77498 0.357644 0)
(2.8032 0.272818 0)
(2.83951 0.164522 0)
(2.87203 0.0446949 0)
(2.88167 -0.0138396 0)
(2.90574 -0.0959711 0)
(2.92114 -0.183654 0)
(2.93508 -0.231662 0)
(2.96458 -0.259738 0)
(3 1.10267e-06 0)
(3 9.49828e-06 0)
(2.99995 0.000112886 0)
(2.99916 0.00204669 0)
(2.99499 0.0140106 0)
(2.96951 0.0774457 0)
(2.92089 0.199057 0)
(2.84077 0.364489 0)
(2.79473 0.449051 0)
(2.75196 0.494083 0)
(2.75262 0.491896 0)
(2.75847 0.476682 0)
(2.7753 0.433899 0)
(2.80547 0.36101 0)
(2.83615 0.269912 0)
(2.87088 0.155754 0)
(2.89106 0.10021 0)
(2.90712 0.0378615 0)
(2.91212 0.00440381 0)
(2.93186 -0.0603419 0)
(3 1.26793e-08 0)
(3 8.01631e-08 0)
(3 9.36979e-07 0)
(2.99999 2.12242e-05 0)
(2.9999 0.000248097 0)
(2.99874 0.00302172 0)
(2.99263 0.0184835 0)
(2.96649 0.0837201 0)
(2.92283 0.19493 0)
(2.855 0.343709 0)
(2.81369 0.42491 0)
(2.78365 0.46385 0)
(2.78424 0.46265 0)
(2.78913 0.45192 0)
(2.80478 0.416105 0)
(2.82897 0.355653 0)
(2.86367 0.260104 0)
(2.89312 0.174765 0)
(2.91721 0.0899069 0)
(2.94453 -0.0303835 0)
(3 1.07423e-10 0)
(3 6.34618e-10 0)
(3 6.39767e-09 0)
(3 1.46911e-07 0)
(3 2.05111e-06 0)
(2.99998 3.54384e-05 0)
(2.99983 0.000390476 0)
(2.99847 0.00358873 0)
(2.99177 0.0202255 0)
(2.96815 0.0778973 0)
(2.92362 0.188248 0)
(2.86984 0.313739 0)
(2.83287 0.393016 0)
(2.80783 0.437638 0)
(2.80852 0.436712 0)
(2.81237 0.428369 0)
(2.825 0.400931 0)
(2.84672 0.350889 0)
(2.87782 0.268787 0)
(2.91212 0.161215 0)
(3 7.18103e-13 0)
(3 4.42258e-12 0)
(3 4.08406e-11 0)
(3 8.50385e-10 0)
(3 1.35549e-08 0)
(3 2.52196e-07 0)
(3 3.53987e-06 0)
(2.99998 4.44525e-05 0)
(2.9998 0.000459057 0)
(2.99845 0.00357288 0)
(2.99168 0.0195817 0)
(2.97064 0.0709975 0)
(2.93307 0.163419 0)
(2.88106 0.287867 0)
(2.84886 0.36189 0)
(2.8276 0.408448 0)
(2.82791 0.409678 0)
(2.83089 0.404591 0)
(2.83957 0.388317 0)
(2.87073 0.313723 0)
(3 7.9871e-15 0)
(3 3.20333e-14 0)
(3 2.47228e-13 0)
(3 4.50725e-12 0)
(3 7.81462e-11 0)
(3 1.51885e-09 0)
(3 2.35734e-08 0)
(3 3.27917e-07 0)
(3 4.30283e-06 0)
(2.99998 4.67107e-05 0)
(2.99979 0.000463822 0)
(2.9986 0.00319562 0)
(2.99281 0.0167506 0)
(2.97471 0.0592477 0)
(2.9388 0.147131 0)
(2.90197 0.239769 0)
(2.85825 0.348671 0)
(2.84775 0.368914 0)
(2.84331 0.383873 0)
(2.84925 0.374918 0)
(3 8.24537e-16 0)
(3 1.40912e-15 0)
(3 2.03747e-15 0)
(3 2.37086e-14 0)
(3 3.93875e-13 0)
(3 8.45451e-12 0)
(3 1.31111e-10 0)
(3 2.0756e-09 0)
(3 2.84798e-08 0)
(3 3.63251e-07 0)
(3 4.40931e-06 0)
(2.99998 4.19812e-05 0)
(2.99982 0.000396796 0)
(2.99886 0.00253468 0)
(2.9939 0.0142483 0)
(2.98084 0.0452715 0)
(2.94788 0.126303 0)
(2.91676 0.207672 0)
(2.88315 0.305441 0)
(2.87317 0.345507 0)
(3 -7.14227e-16 0)
(3 -3.57556e-16 0)
(3 -1.42433e-16 0)
(3 -4.20903e-16 0)
(3 3.12438e-15 0)
(3 3.74495e-14 0)
(3 6.18008e-13 0)
(3 9.63456e-12 0)
(3 1.5097e-10 0)
(3 1.92571e-09 0)
(3 2.66369e-08 0)
(3 2.74482e-07 0)
(3 3.27764e-06 0)
(2.99998 2.81928e-05 0)
(2.99984 0.000267582 0)
(2.99904 0.00147928 0)
(2.99424 0.00918371 0)
(2.98109 0.0272529 0)
(2.94839 0.0800004 0)
(2.8799 0.154106 0)
(2.41886 0.392206 0)
(2.26876 0.706841 0)
(2.3426 0.734196 0)
(2.54993 0.600636 0)
(2.86024 0.238726 0)
(2.98715 0.0320706 0)
(2.99956 0.00157271 0)
(2.99999 3.87957e-05 0)
(3 5.88354e-07 0)
(3 5.98016e-09 0)
(3 4.3101e-11 0)
(3 2.39801e-13 0)
(3 5.00513e-15 0)
(3 4.19226e-16 0)
(3 -6.67092e-16 0)
(2.27422 0.665873 0)
(2.25492 0.79102 0)
(2.39466 0.748546 0)
(2.77796 0.377075 0)
(2.98963 0.0360965 0)
(3.00003 0.000477604 0)
(3 -1.08818e-06 0)
(3 -8.36562e-08 0)
(3 -1.5316e-08 0)
(3 -6.33993e-10 0)
(3 -8.30747e-12 0)
(3 -5.07482e-14 0)
(3 3.29631e-15 0)
(3 -7.48548e-16 0)
(3 -1.20792e-15 0)
(2.21091 0.800473 0)
(2.25113 0.803514 0)
(2.58782 0.553384 0)
(2.94389 0.118978 0)
(2.99894 0.00491621 0)
(2.99999 6.83032e-05 0)
(3 8.49042e-07 0)
(3 1.10535e-08 0)
(3 4.87687e-11 0)
(3 3.47923e-13 0)
(3 1.62559e-14 0)
(3 1.11726e-14 0)
(3 3.04583e-15 0)
(3 -1.59605e-15 0)
(3 -1.4304e-15 0)
(2.17677 0.882375 0)
(2.41605 0.742731 0)
(2.84512 0.273793 0)
(2.99551 0.0154646 0)
(3 9.23772e-05 0)
(3 -9.26658e-07 0)
(3 -7.74917e-09 0)
(3 -1.40808e-09 0)
(3 -7.1646e-11 0)
(3 -1.14621e-12 0)
(3 -2.4813e-15 0)
(3 1.03466e-14 0)
(3 2.30325e-15 0)
(3 -1.86745e-15 0)
(3 -1.1909e-15 0)
(2.17494 0.902392 0)
(2.66544 0.457351 0)
(2.98494 0.0345811 0)
(2.99998 0.000416155 0)
(3 2.87996e-06 0)
(3 -5.02065e-10 0)
(3 -1.655e-09 0)
(3 -1.11116e-11 0)
(3 1.0402e-13 0)
(3 9.97703e-15 0)
(3 7.35819e-15 0)
(3 9.61997e-15 0)
(3 1.75242e-15 0)
(3 -9.07086e-16 0)
(3 -1.41904e-16 0)
(2.56588 0.577317 0)
(2.99024 0.0390377 0)
(3.00025 0.000342631 0)
(3 -1.72809e-06 0)
(3 -3.46314e-07 0)
(3 -2.97915e-08 0)
(3 -3.38535e-11 0)
(3 9.15743e-14 0)
(3 1.23107e-14 0)
(3 -2.01294e-15 0)
(3 7.39696e-15 0)
(3 8.79903e-15 0)
(3 9.84711e-16 0)
(3 1.04726e-16 0)
(3 1.9226e-15 0)
(2.994 0.0482302 0)
(2.99998 0.00109712 0)
(3 4.38133e-07 0)
(3 -4.11349e-08 0)
(3 2.25567e-10 0)
(3 3.07425e-11 0)
(3 3.39269e-12 0)
(3 9.25394e-14 0)
(3 -7.29616e-15 0)
(3 -1.56214e-16 0)
(3 7.6452e-15 0)
(3 8.41087e-15 0)
(3 -6.13904e-17 0)
(3 3.5181e-16 0)
(3 2.47633e-15 0)
(3.00076 -0.0015552 0)
(3.00004 -0.000109548 0)
(3 -3.51923e-06 0)
(3 -7.78862e-08 0)
(3 -4.99764e-10 0)
(3 -5.73584e-12 0)
(3 -4.81604e-14 0)
(3 -2.60706e-15 0)
(3 -6.15545e-15 0)
(3 -2.18439e-16 0)
(3 7.99056e-15 0)
(3 8.05415e-15 0)
(3 -1.73072e-16 0)
(3 5.97942e-16 0)
(3 2.27523e-15 0)
(3.00001 -2.15121e-05 0)
(3 1.21741e-07 0)
(3 2.40972e-08 0)
(3 1.17012e-09 0)
(3 1.97144e-11 0)
(3 1.91525e-13 0)
(3 -2.78999e-15 0)
(3 -2.61238e-15 0)
(3 -5.13417e-15 0)
(3 -1.61509e-16 0)
(3 8.23371e-15 0)
(3 7.24128e-15 0)
(3 -5.3602e-16 0)
(3 3.48745e-16 0)
(3 2.37682e-15 0)
(3 1.24363e-06 0)
(3 1.44299e-08 0)
(3 -7.7008e-11 0)
(3 -1.26525e-11 0)
(3 -3.96649e-13 0)
(3 -6.47828e-15 0)
(3 -4.84066e-15 0)
(3 -1.22062e-15 0)
(3 -5.01332e-15 0)
(3 2.45332e-16 0)
(3 8.35707e-15 0)
(3 6.20682e-15 0)
(3 -4.80452e-16 0)
(3 5.00592e-16 0)
(3 2.28306e-15 0)
(3 1.33717e-15 0)
(3 7.22152e-17 0)
(3 1.05602e-15 0)
(3 -2.29677e-15 0)
(3 -1.59155e-15 0)
(3 -2.64854e-15 0)
(3 -4.28221e-15 0)
(3 -9.01576e-16 0)
(3 -4.66513e-15 0)
(3 4.45451e-16 0)
(3 8.33543e-15 0)
(3 4.73127e-15 0)
(3 -2.86341e-16 0)
(3 9.3499e-16 0)
(3 1.92616e-15 0)
(3 1.77561e-16 0)
(3 2.33106e-15 0)
(3 9.87274e-16 0)
(3 -2.03768e-15 0)
(3 -3.32011e-15 0)
(3 -3.68007e-15 0)
(3 -3.32139e-15 0)
(3 -8.77102e-16 0)
(3 -4.60204e-15 0)
(3 5.68302e-16 0)
(3 8.02549e-15 0)
(3 4.14962e-15 0)
(3 -1.82019e-16 0)
(3 7.79438e-16 0)
(3 1.25681e-15 0)
(3 6.59484e-16 0)
(3 1.746e-15 0)
(3 1.78733e-15 0)
(3 -2.8269e-15 0)
(3 -3.62442e-15 0)
(3 -3.80059e-15 0)
(3 -1.99353e-15 0)
(3 -6.79427e-16 0)
(3 -4.54605e-15 0)
(3 4.40014e-16 0)
(3 7.67797e-15 0)
(3 2.80014e-15 0)
(3 -1.28615e-16 0)
(3 -3.27028e-17 0)
(3 9.27971e-16 0)
(3 9.48049e-16 0)
(3 1.99704e-15 0)
(3 1.74641e-15 0)
(3 -2.36044e-15 0)
(3 -3.61042e-15 0)
(3 -3.80888e-15 0)
(3 -7.93896e-16 0)
(3 -6.3313e-16 0)
(3 -4.81234e-15 0)
(3 4.02363e-16 0)
(3 7.55043e-15 0)
(3 2.76435e-15 0)
(3 5.1537e-17 0)
(3 -1.0325e-15 0)
(3 6.46273e-16 0)
(3 9.0652e-16 0)
(3 2.34995e-15 0)
(3 1.45887e-15 0)
(3 -1.83981e-15 0)
(3 -3.20199e-15 0)
(3 -3.54049e-15 0)
(3 -3.26515e-17 0)
(3 -1.66942e-15 0)
(3 -4.73834e-15 0)
(3 3.18137e-16 0)
(3 7.26078e-15 0)
(3 2.37662e-15 0)
(3 3.87686e-17 0)
(3 -1.4248e-15 0)
(3 3.0198e-16 0)
(3 7.62532e-16 0)
(3 2.47256e-15 0)
(3 1.25334e-15 0)
(3 -1.67102e-15 0)
(3 -2.69381e-15 0)
(3 -3.20023e-15 0)
(3 6.25098e-16 0)
(3 -1.97673e-15 0)
(3 -4.40209e-15 0)
(3 1.70988e-16 0)
(3 5.38714e-15 0)
(3 2.33429e-15 0)
(3 -3.43654e-17 0)
(3 -1.95681e-15 0)
(3 7.90063e-17 0)
(3 1.30044e-16 0)
(3 2.4841e-15 0)
(3 1.0209e-15 0)
(3 -1.23763e-15 0)
(3 -2.68705e-15 0)
(3 -2.66598e-15 0)
(3 1.17722e-15 0)
(3 -1.54226e-15 0)
(3 -4.40835e-15 0)
(3 -1.33416e-16 0)
(3 4.80553e-15 0)
(3 2.29504e-15 0)
(3 -1.34681e-16 0)
(3 -2.14164e-15 0)
(3 7.06013e-17 0)
(3 -3.73566e-16 0)
(3 1.79459e-15 0)
(3 8.64728e-16 0)
(3 -4.02988e-16 0)
(3 -2.97561e-15 0)
(3 -2.44727e-15 0)
(3 1.15794e-15 0)
(3 -1.05081e-15 0)
(3 -3.88247e-15 0)
(3 -2.45688e-16 0)
(3 4.1479e-15 0)
(3 2.24438e-15 0)
(3 -4.19349e-16 0)
(3 -2.31601e-15 0)
(3 1.02521e-16 0)
(3 -1.69998e-15 0)
(3 1.17878e-15 0)
(3 8.66711e-16 0)
(3 3.23193e-16 0)
(3 -2.52379e-15 0)
(3 -3.12695e-15 0)
(3 1.03989e-15 0)
(3 -5.76258e-16 0)
(3 -3.70242e-15 0)
(3 -4.00162e-16 0)
(3 3.61751e-15 0)
(3 2.05812e-15 0)
(3 -5.15625e-16 0)
(3 -2.33887e-15 0)
(3 8.27497e-17 0)
(3 -2.35748e-15 0)
(3 -2.59136e-16 0)
(3 5.67764e-16 0)
(3 8.34457e-16 0)
(3 -1.67322e-15 0)
(3 -4.08776e-15 0)
(3 8.64372e-16 0)
(3 5.45107e-16 0)
(3 -3.49187e-15 0)
(3 -4.3045e-16 0)
(3 3.02259e-15 0)
(3 2.07812e-15 0)
(3 -7.39953e-16 0)
(3 -2.32723e-15 0)
(3 2.18144e-16 0)
(3 -2.80071e-15 0)
(3 -1.48072e-15 0)
(3 -3.39988e-16 0)
(3 1.38945e-15 0)
(3 5.1877e-16 0)
(3 -4.31789e-15 0)
(3 7.2694e-16 0)
(3 5.53675e-16 0)
(3 -3.13181e-15 0)
(3 -4.20002e-16 0)
(3 1.42188e-15 0)
(3 2.08297e-15 0)
(3 -9.05854e-16 0)
(3 -2.31333e-15 0)
(3 3.88156e-16 0)
(3 -1.43007e-15 0)
(3 -1.70467e-15 0)
(3 -2.98995e-15 0)
(3 1.18713e-15 0)
(3 1.86499e-15 0)
(3 -3.30744e-15 0)
(3 6.35003e-16 0)
(3 1.32667e-16 0)
(3 -2.88469e-15 0)
(3 8.16814e-16 0)
(3 1.9333e-15 0)
(3 2.87136e-17 0)
(3 -1.1572e-15 0)
(3 -2.45189e-15 0)
(3 7.28236e-16 0)
(3 -3.51814e-16 0)
(3 -3.77212e-15 0)
(3 -5.09298e-15 0)
(3 1.77831e-15 0)
(3 5.02855e-15 0)
(3 -2.47541e-15 0)
(3 4.93873e-16 0)
(3 5.53653e-16 0)
(3 -1.92608e-15 0)
(3 7.81057e-16 0)
(3 1.07055e-15 0)
(3 -4.90596e-17 0)
(3 -1.42197e-15 0)
(3 -2.93572e-15 0)
(3 9.06286e-16 0)
(3 1.16274e-16 0)
(3 -5.0113e-15 0)
(3 -5.4638e-15 0)
(3 1.91786e-15 0)
(3 5.19983e-15 0)
(3 -1.0991e-15 0)
(3 9.71979e-16 0)
(3 8.68471e-17 0)
(3 6.45486e-16 0)
(3 1.43294e-15 0)
(3 -1.1913e-15 0)
(3 -9.88113e-16 0)
(3 -1.85959e-15 0)
(3 -2.94628e-15 0)
(3 9.87475e-16 0)
(3 -4.7472e-16 0)
(3 -6.38181e-15 0)
(3 -4.15176e-15 0)
(3 2.57682e-15 0)
(3 3.96407e-15 0)
(3 -3.49801e-16 0)
(3 3.87343e-16 0)
(3 -5.76552e-17 0)
(3 2.52141e-15 0)
(3 1.90131e-15 0)
(3 -3.7749e-15 0)
(3 -3.13495e-15 0)
(3 -1.87748e-15 0)
(3 -2.04617e-15 0)
(3 5.61011e-16 0)
(3 -5.05045e-16 0)
(3 -2.24604e-15 0)
(3 -5.57425e-16 0)
(3 2.29693e-15 0)
(3 -2.83807e-16 0)
(3 -6.21329e-16 0)
(3 1.4926e-15 0)
(3 1.30347e-15 0)
(3 3.23608e-15 0)
(3 3.20013e-15 0)
(3 -3.29157e-15 0)
(3 -6.17194e-15 0)
(3 -1.76056e-15 0)
(3 -8.15615e-16 0)
(3 2.80721e-17 0)
(3 -1.01935e-15 0)
(3 1.11237e-15 0)
(3 9.90225e-16 0)
(3 -6.96549e-17 0)
(3 -3.90939e-15 0)
(3 -7.6566e-16 0)
(3 7.18918e-15 0)
(3 2.62788e-15 0)
(3 2.5596e-15 0)
(3 3.38303e-15 0)
(3 -2.50886e-15 0)
(3 -7.88477e-15 0)
(3 -1.73628e-15 0)
(3 -8.30028e-16 0)
(3 -1.04861e-15 0)
(3 -1.55721e-16 0)
(3 2.06133e-15 0)
(3 3.36531e-15 0)
(3 1.13068e-15 0)
(3 -6.35119e-15 0)
(3 -8.70953e-16 0)
(3 6.06613e-15 0)
(3 9.7204e-16 0)
(3 2.16771e-15 0)
(3 2.88217e-15 0)
(3 -3.31043e-15 0)
(3 -7.88954e-15 0)
(3 -1.76592e-15 0)
(3 -9.40253e-16 0)
(3 -1.28899e-15 0)
(3 -5.34897e-15 0)
(3 1.96394e-15 0)
(3 3.51305e-15 0)
(3 2.87777e-15 0)
(3 1.03089e-15 0)
(3 2.13112e-15 0)
(3 4.47631e-15 0)
(3 -1.12629e-15 0)
(3 2.8474e-16 0)
(3 1.70955e-15 0)
(3 -2.9869e-15 0)
(3 -4.90729e-15 0)
(3 4.32446e-16 0)
(3 -1.12481e-15 0)
(3 -8.22476e-16 0)
(3 -2.95496e-15 0)
(3 -3.33985e-15 0)
(3 -7.7462e-16 0)
(3 3.26258e-15 0)
(3 3.86435e-15 0)
(3 2.85615e-15 0)
(3 1.82995e-16 0)
(3 -1.53637e-15 0)
(3 2.01537e-16 0)
(3 3.04242e-15 0)
(3 6.00129e-16 0)
(3 -3.57608e-15 0)
(3 -1.4483e-16 0)
(3 -6.52327e-16 0)
(3 -5.22591e-17 0)
(3 -2.67164e-15 0)
(3 -1.30653e-15 0)
(3 2.97144e-16 0)
(3 2.93162e-15 0)
(3 4.58176e-15 0)
(3 4.24825e-15 0)
(3 -6.538e-16 0)
(3 -3.30097e-15 0)
(3 -6.46332e-15 0)
(3 -8.30071e-15 0)
(3 1.60345e-15 0)
(3 2.16345e-15 0)
(3 3.25532e-15 0)
(3 1.8221e-15 0)
(3 6.97276e-16 0)
(3 1.92346e-15 0)
(3 -4.69017e-16 0)
(3 -3.26569e-15 0)
(3 -4.47069e-15 0)
(3 -5.76299e-15 0)
(3 3.52349e-15 0)
(3 3.62699e-15 0)
(3 3.80252e-15 0)
(3 1.17788e-15 0)
(3 -1.05524e-15 0)
(3 -2.61506e-15 0)
(3 -1.4632e-15 0)
(3 -4.03768e-15 0)
(3 -5.46243e-15 0)
(3 -4.35825e-15 0)
(3 1.23598e-15 0)
(3 -6.25025e-16 0)
(3 -1.68619e-15 0)
(3 -1.72203e-15 0)
(3 -3.79147e-15 0)
(3 -3.37215e-15 0)
(3 -1.19656e-15 0)
(3 -2.44211e-15 0)
(3 -4.54204e-15 0)
(3 -4.27791e-15 0)
(3 1.83878e-15 0)
(3 -2.00258e-15 0)
(3 -1.7362e-15 0)
(3 -2.10676e-16 0)
(3 -2.18433e-16 0)
(3 3.5474e-16 0)
(3 1.23155e-15 0)
(3 -1.20728e-15 0)
(3 -4.39254e-15 0)
(3 -3.7064e-15 0)
(3 -2.42514e-15 0)
(3 -2.69388e-15 0)
(3 -1.91888e-15 0)
(3 1.28122e-15 0)
(3 4.64041e-15 0)
(3 6.13674e-15 0)
(3 -1.98517e-16 0)
(3 -2.167e-15 0)
(3 -2.3857e-15 0)
(3 -1.23239e-15 0)
(3 -4.8567e-15 0)
(3 -3.29644e-15 0)
(3 -2.03595e-15 0)
(3 -5.36281e-16 0)
(3 5.45452e-15 0)
(3 3.78493e-15 0)
(3 1.15614e-15 0)
(3 1.44246e-16 0)
(3 2.44724e-16 0)
(3 2.49925e-16 0)
(3 -4.23619e-16 0)
(3 4.40512e-16 0)
(3 1.11579e-15 0)
(3 2.284e-15 0)
(3 2.70976e-15 0)
(3 2.29726e-15 0)
(3 5.30452e-15 0)
(3 3.05774e-15 0)
(3 1.59941e-15 0)
(3 -3.3335e-16 0)
(3 -1.28372e-15 0)
(3 3.91003e-16 0)
(3 2.13131e-15 0)
(3 2.47177e-15 0)
(3 2.448e-15 0)
(3 4.56463e-16 0)
(3 6.4911e-16 0)
(3 2.03374e-15 0)
(3 4.38248e-16 0)
(3 -2.11927e-16 0)
(3 6.05374e-17 0)
(3 9.09819e-18 0)
(3 8.40968e-16 0)
(3 1.88652e-16 0)
(3 9.57466e-16 0)
(3 1.66402e-16 0)
(3 -2.01367e-15 0)
(3 -2.91208e-16 0)
(3 -7.00411e-16 0)
(3 1.60608e-15 0)
(3 2.69989e-15 0)
(3 2.68965e-15 0)
(3 1.21585e-15 0)
(3 -2.04707e-16 0)
(3 -2.50614e-15 0)
(3 -2.78394e-15 0)
(3 -3.73708e-16 0)
(3 -6.4743e-16 0)
(3 1.66614e-15 0)
(3 1.42783e-15 0)
(3 -1.51813e-16 0)
(3 -1.12576e-16 0)
(3 -1.83419e-15 0)
(3 -1.87895e-15 0)
(3 -3.03607e-15 0)
(3 -3.97878e-15 0)
(3 -2.61227e-15 0)
(3 5.09882e-16 0)
(3 2.69219e-15 0)
(3 8.69599e-16 0)
(3 -3.33982e-16 0)
(3 -1.64538e-15 0)
(3 -1.93604e-15 0)
(3 -1.65432e-15 0)
(3 -2.76318e-15 0)
(3 -2.94396e-15 0)
(3 -2.47185e-15 0)
(3 -5.9026e-16 0)
(3 4.36251e-15 0)
(3 6.15665e-15 0)
(3 1.04669e-15 0)
(3 4.14976e-16 0)
(3 8.16242e-16 0)
(3 -3.2507e-15 0)
(3 -5.35146e-15 0)
(3 -5.98489e-15 0)
(3 -4.66273e-17 0)
(3 -6.00199e-16 0)
(3 2.54236e-16 0)
(3 1.36406e-15 0)
(3 -3.38078e-15 0)
(3 -2.81568e-15 0)
(3 -3.08518e-15 0)
(3 -3.24933e-15 0)
(3 -5.51137e-15 0)
(3 -6.17471e-15 0)
(3 -1.18412e-15 0)
(3 -1.07288e-15 0)
(3 -9.33207e-16 0)
(3 -1.49518e-15 0)
(3 -3.9999e-15 0)
(3 -3.55438e-15 0)
(3 -2.71991e-15 0)
(3 -2.57786e-15 0)
(3 -2.75958e-15 0)
(3 -3.80693e-16 0)
(3 -2.66081e-16 0)
(3 -2.60813e-16 0)
(3 7.69595e-16 0)
(3 -5.1889e-16 0)
(3 -3.67237e-15 0)
(3 -2.72653e-15 0)
(3 -3.11069e-15 0)
(3 -3.32353e-15 0)
(3 2.42526e-15 0)
(3 4.64111e-15 0)
(3 1.19979e-15 0)
(3 8.29774e-17 0)
(3 1.01743e-15 0)
(3 4.83565e-16 0)
(3 -1.34157e-15 0)
(3 -2.11577e-15 0)
(3 -1.65522e-15 0)
(3 -5.82371e-16 0)
(3 3.40231e-15 0)
(3 4.33632e-15 0)
(3 1.6281e-15 0)
(3 1.8644e-15 0)
(3 1.30548e-15 0)
(3 3.02239e-15 0)
(3 3.77233e-16 0)
(3 -1.13997e-15 0)
(3 -1.46602e-15 0)
(3 7.79522e-16 0)
(3 3.19696e-15 0)
(3 3.25145e-15 0)
(3 2.5543e-15 0)
(3 3.77738e-15 0)
(3 2.58254e-15 0)
(3 4.33299e-15 0)
(3 3.86595e-15 0)
(3 1.82412e-15 0)
(3 3.22548e-16 0)
(3 7.0731e-16 0)
(3 -3.80521e-16 0)
(3 2.14668e-15 0)
(3 3.56406e-15 0)
(3 5.21309e-15 0)
(3 4.40306e-15 0)
(3 3.7845e-15 0)
(3 3.50882e-15 0)
(3 3.28233e-15 0)
(3 2.96072e-15 0)
(3 3.36731e-15 0)
(3 9.19774e-16 0)
(3 1.22682e-15 0)
(3 2.45164e-15 0)
(3 3.11884e-15 0)
(3 3.06714e-15 0)
(3 2.58971e-15 0)
(3 1.23351e-15 0)
(3 1.4876e-15 0)
(3 1.97954e-15 0)
(3 3.6024e-15 0)
(3 2.93807e-15 0)
(3 -3.82558e-16 0)
(3 -1.45159e-15 0)
(3 -1.57373e-15 0)
(3 -2.84466e-15 0)
(3 2.97955e-15 0)
(3 1.24327e-15 0)
(3 1.23466e-15 0)
(3 2.36421e-15 0)
(3 2.62498e-15 0)
(3 3.80781e-15 0)
(3 1.7436e-15 0)
(3 2.92341e-16 0)
(3 -1.48078e-15 0)
(3 -8.75412e-16 0)
(3 -7.8684e-18 0)
(3 1.00488e-16 0)
(3 4.56179e-16 0)
(3 2.12246e-15 0)
(3 1.46019e-15 0)
(3 1.66054e-15 0)
(3 2.41122e-15 0)
(3 1.31313e-15 0)
(3 -1.97769e-15 0)
(3 5.78614e-16 0)
(3 -3.53392e-16 0)
(3 -2.11e-16 0)
(3 2.00682e-16 0)
(3 -9.05198e-16 0)
(3 -1.26154e-15 0)
(3 -2.03935e-15 0)
(3 -7.41415e-16 0)
(3 -1.68275e-15 0)
(3 -4.89163e-16 0)
(3 -2.13699e-15 0)
(3 -3.07792e-15 0)
(3 3.28064e-15 0)
(3 1.1577e-15 0)
(3 -5.34773e-16 0)
(3 -3.09144e-15 0)
(3 -3.84844e-15 0)
(3 -4.82051e-15 0)
(3 -1.75559e-15 0)
(3 1.81429e-15 0)
(3 -5.47177e-16 0)
(3 -3.54689e-17 0)
(3 1.98117e-15 0)
(3 1.5723e-15 0)
(3 2.15372e-15 0)
(3 1.82183e-16 0)
(3 2.87374e-15 0)
(3 1.36532e-15 0)
(3 -2.4965e-15 0)
(3 7.61706e-16 0)
(3 2.46421e-15 0)
(3 1.26254e-15 0)
(3 -5.67565e-16 0)
(3 7.45609e-16 0)
(3 2.1342e-15 0)
(3 3.93213e-15 0)
(3 4.68114e-15 0)
(3 5.11978e-15 0)
(3 3.33595e-15 0)
(3 1.60407e-15 0)
(3 1.13926e-15 0)
(3 -4.78004e-16 0)
(3 8.06438e-16 0)
(3 1.3069e-15 0)
(3 1.29972e-15 0)
(3 1.47189e-15 0)
(3 5.35981e-16 0)
(3 1.73358e-15 0)
(3 3.86473e-15 0)
(3 1.93572e-15 0)
(3 3.16083e-16 0)
(3 -2.11322e-16 0)
(3 9.04292e-16 0)
(3 5.76131e-16 0)
(3 -4.34853e-16 0)
(3 -6.9346e-16 0)
(3 -1.09211e-15 0)
(3 2.8769e-16 0)
(3 1.8381e-15 0)
(3 2.49473e-15 0)
(3 2.47139e-15 0)
(3 1.04955e-15 0)
(3 -1.95756e-15 0)
(3 -2.51488e-15 0)
(3 -2.24093e-15 0)
(3 1.06612e-15 0)
(3 2.05738e-15 0)
(3 3.41668e-15 0)
(3 5.78837e-16 0)
(3 7.78155e-16 0)
(3 1.95604e-15 0)
(3 1.78447e-15 0)
(3 8.21342e-16 0)
(3 9.23206e-16 0)
(3 1.77611e-15 0)
(3 2.02697e-15 0)
(3 1.81701e-15 0)
(3 1.47692e-15 0)
(3 -3.06214e-16 0)
(3 -2.03443e-15 0)
(3 -5.66859e-17 0)
(3 -6.09479e-16 0)
(3 4.891e-15 0)
(3 4.80235e-15 0)
(3 4.68793e-15 0)
(3 2.92278e-15 0)
(3 8.43693e-16 0)
(3 -7.2485e-17 0)
(3 -1.82236e-15 0)
(3 -2.55675e-15 0)
(3 -1.36286e-15 0)
(3 -1.32024e-15 0)
(3 3.03462e-15 0)
(3 2.72109e-15 0)
(3 1.81626e-15 0)
(3 6.81347e-16 0)
(3 -5.12811e-16 0)
(3 -6.38162e-16 0)
(3 6.30504e-16 0)
(3 -1.20874e-15 0)
(3 -1.89955e-15 0)
(3 4.14133e-16 0)
(3 6.24787e-16 0)
(3 3.76618e-16 0)
(3 2.86206e-16 0)
(3 2.04836e-16 0)
(3 -4.47419e-17 0)
(3 1.83602e-16 0)
(3 2.434e-16 0)
(3 -9.00355e-16 0)
(3 -1.56684e-15 0)
(3 9.88499e-16 0)
(3 2.29215e-15 0)
(3 8.03123e-16 0)
(3 8.96043e-16 0)
(3 -5.08386e-16 0)
(3 2.80534e-15 0)
(3 3.07973e-15 0)
(3 1.3255e-15 0)
(3 -1.27966e-15 0)
(3 9.57958e-16 0)
(3 5.70412e-16 0)
(3 -3.04623e-15 0)
(3 1.31724e-15 0)
(3 4.94464e-15 0)
(3 3.2401e-15 0)
(3 7.35874e-16 0)
(3 2.03133e-15 0)
(3 6.80698e-16 0)
(3 8.82491e-16 0)
(3 -8.53366e-16 0)
(3 3.60556e-15 0)
(3 2.85839e-15 0)
(3 4.74066e-16 0)
(3 -1.51602e-15 0)
(3 1.12791e-15 0)
(3 6.56103e-16 0)
(3 -3.4679e-15 0)
(3 1.72083e-15 0)
(3 4.99751e-15 0)
(3 3.22759e-15 0)
(3 7.96197e-16 0)
(3 2.02207e-15 0)
(3 3.80026e-16 0)
(3 1.41333e-15 0)
(3 -4.82155e-16 0)
(3 3.31706e-15 0)
(3 2.57817e-15 0)
(3 -7.60416e-16 0)
(3 -1.41293e-15 0)
(3 1.24889e-15 0)
(3 7.74529e-16 0)
(3 -3.67377e-15 0)
(3 2.35182e-15 0)
(3 4.93269e-15 0)
(3 3.24738e-15 0)
(3 7.9582e-16 0)
(3 2.29607e-15 0)
(3 2.62158e-16 0)
(3 1.99095e-15 0)
(3 6.28819e-16 0)
(3 3.2416e-15 0)
(3 1.6871e-15 0)
(3 -1.38447e-15 0)
(3 -1.42032e-15 0)
(3 1.17399e-15 0)
(3 5.7521e-16 0)
(3 -3.76423e-15 0)
(3 2.89828e-15 0)
(3 4.85207e-15 0)
(3 2.87121e-15 0)
(3 8.07762e-16 0)
(3 1.88224e-15 0)
(3 9.58439e-16 0)
(3 2.82361e-15 0)
(3 1.44471e-15 0)
(3 3.29422e-15 0)
(3 8.25433e-16 0)
(3 -1.81479e-15 0)
(3 -1.45676e-15 0)
(3 9.85454e-16 0)
(3 2.69551e-16 0)
(3 -3.80238e-15 0)
(3 3.19467e-15 0)
(3 4.74023e-15 0)
(3 2.81089e-15 0)
(3 8.04834e-16 0)
(3 1.96939e-15 0)
(3 1.116e-15 0)
(3 3.21079e-15 0)
(3 1.58569e-15 0)
(3 3.9981e-15 0)
(3 1.2262e-17 0)
(3 -2.4367e-15 0)
(3 -1.37674e-15 0)
(3 6.82394e-16 0)
(3 -1.44626e-16 0)
(3 -4.00214e-15 0)
(3 3.4936e-15 0)
(3 4.92859e-15 0)
(3 2.75463e-15 0)
(3 7.75422e-16 0)
(3 1.9778e-15 0)
(3 1.258e-15 0)
(3 2.37356e-15 0)
(3 3.74911e-15 0)
(3 5.20884e-15 0)
(3 -5.08948e-16 0)
(3 -3.77435e-15 0)
(3 -6.14451e-16 0)
(3 3.34484e-16 0)
(3 -4.09316e-16 0)
(3 -4.08314e-15 0)
(3 3.86674e-15 0)
(3 5.42773e-15 0)
(3 2.67702e-15 0)
(3 6.64193e-16 0)
(3 1.59419e-15 0)
(3 1.38992e-15 0)
(3 1.9745e-15 0)
(3 4.20585e-15 0)
(3 7.23747e-15 0)
(3 -7.0397e-16 0)
(3 -4.6978e-15 0)
(3 -5.54053e-18 0)
(3 4.04316e-16 0)
(3 -8.16848e-16 0)
(3 -4.77613e-15 0)
(3 3.94115e-15 0)
(3 5.50227e-15 0)
(3 2.63724e-15 0)
(3 6.66275e-16 0)
(3 1.63256e-15 0)
(3 1.22615e-15 0)
(3 2.39236e-15 0)
(3 4.99537e-15 0)
(3 7.21814e-15 0)
(3 -5.96342e-16 0)
(3 -4.87912e-15 0)
(3 -1.22317e-15 0)
(3 3.85707e-17 0)
(3 -9.57878e-16 0)
(3 -5.03503e-15 0)
(3 4.07567e-15 0)
(3 5.53031e-15 0)
(3 2.38565e-15 0)
(3 6.26099e-16 0)
(3 8.28277e-16 0)
(3 2.33042e-15 0)
(3 2.58422e-15 0)
(3 5.94171e-15 0)
(3 6.88502e-15 0)
(3 2.01729e-16 0)
(3 -4.39894e-15 0)
(3 -2.07877e-15 0)
(3 -2.34441e-16 0)
(3 -8.32567e-16 0)
(3 -4.94166e-15 0)
(3 3.75482e-15 0)
(3 5.30203e-15 0)
(3 1.93139e-15 0)
(3 3.55543e-16 0)
(3 -1.24071e-06 0)
(3 -1.4381e-08 0)
(3 7.68628e-11 0)
(3 1.26512e-11 0)
(3 4.03614e-13 0)
(3 6.29691e-15 0)
(3 -3.37826e-15 0)
(3 -2.74247e-15 0)
(3 -1.90159e-16 0)
(3 -5.83609e-16 0)
(3 -4.87862e-15 0)
(3 3.4234e-15 0)
(3 5.09162e-15 0)
(3 1.52823e-15 0)
(3 5.48051e-17 0)
(3.00001 2.1527e-05 0)
(3 -1.21446e-07 0)
(3 -2.40321e-08 0)
(3 -1.16745e-09 0)
(3 -1.96878e-11 0)
(3 -1.9047e-13 0)
(3 -5.07552e-15 0)
(3 -4.08643e-15 0)
(3 -1.15078e-15 0)
(3 -2.19486e-16 0)
(3 -4.69376e-15 0)
(3 3.01326e-15 0)
(3 4.94889e-15 0)
(3 1.09803e-15 0)
(3 -2.74858e-16 0)
(3.00076 0.00155024 0)
(3.00004 0.000109244 0)
(3 3.5155e-06 0)
(3 7.75831e-08 0)
(3 5.39752e-10 0)
(3 6.47603e-12 0)
(3 4.67311e-14 0)
(3 -4.06889e-15 0)
(3 -1.36524e-15 0)
(3 -3.61599e-16 0)
(3 -4.18897e-15 0)
(3 1.90246e-15 0)
(3 4.77613e-15 0)
(3 7.2553e-16 0)
(3 -2.26473e-16 0)
(2.99411 -0.0480934 0)
(2.99998 -0.00108903 0)
(3 -2.82005e-07 0)
(3 6.28004e-08 0)
(3 -5.44224e-11 0)
(3 -2.45277e-11 0)
(3 -4.00074e-12 0)
(3 -1.11593e-13 0)
(3 -1.76841e-15 0)
(3 -4.93007e-16 0)
(3 -4.57123e-15 0)
(3 1.22036e-15 0)
(3 4.71909e-15 0)
(3 8.4279e-16 0)
(3 -9.36737e-16 0)
(2.56664 -0.576273 0)
(2.99027 -0.0388794 0)
(3.00024 -0.00034974 0)
(3 1.5963e-06 0)
(3 3.31468e-07 0)
(3 2.94242e-08 0)
(3 1.92214e-10 0)
(3 4.0769e-13 0)
(3 4.20071e-17 0)
(3 -1.41611e-15 0)
(3 -4.92419e-15 0)
(3 2.06906e-16 0)
(3 4.3902e-15 0)
(3 1.47814e-15 0)
(3 -1.55754e-15 0)
(2.17481 -0.902129 0)
(2.66523 -0.457308 0)
(2.985 -0.0344561 0)
(2.99998 -0.000407446 0)
(3 -2.7016e-06 0)
(3 2.8633e-09 0)
(3 1.71081e-09 0)
(3 1.39445e-11 0)
(3 -7.85367e-14 0)
(3 -1.31927e-14 0)
(3 -6.22379e-15 0)
(3 7.07533e-17 0)
(3 4.0648e-15 0)
(3 1.82217e-15 0)
(3 -1.62713e-15 0)
(2.17632 -0.882787 0)
(2.4159 -0.743081 0)
(2.84505 -0.274071 0)
(2.99547 -0.0155474 0)
(3 -9.54051e-05 0)
(3 9.12879e-07 0)
(3 8.00551e-09 0)
(3 1.46242e-09 0)
(3 7.26262e-11 0)
(3 1.11957e-12 0)
(3 2.89808e-15 0)
(3 4.72902e-16 0)
(3 3.95842e-15 0)
(3 4.24341e-15 0)
(3 2.56545e-16 0)
(2.21108 -0.800824 0)
(2.25134 -0.803331 0)
(2.58753 -0.553687 0)
(2.94386 -0.118944 0)
(2.99895 -0.00490016 0)
(2.99999 -6.77258e-05 0)
(3 -8.39479e-07 0)
(3 -1.08263e-08 0)
(3 -4.61892e-11 0)
(3 -3.77126e-13 0)
(3 -1.63346e-14 0)
(3 -6.00867e-16 0)
(3 3.78583e-15 0)
(3 5.02948e-15 0)
(3 6.38058e-16 0)
(2.27614 -0.662224 0)
(2.25523 -0.7905 0)
(2.39512 -0.748355 0)
(2.77807 -0.377104 0)
(2.98961 -0.0361318 0)
(3.00003 -0.000478795 0)
(3 1.08109e-06 0)
(3 8.36568e-08 0)
(3 1.53145e-08 0)
(3 6.33191e-10 0)
(3 8.28018e-12 0)
(3 6.16691e-14 0)
(3 4.63394e-15 0)
(3 5.2349e-15 0)
(3 1.00565e-15 0)
(2.41821 -0.395843 0)
(2.26758 -0.709115 0)
(2.34262 -0.733837 0)
(2.55012 -0.600639 0)
(2.86036 -0.238727 0)
(2.98717 -0.0320558 0)
(2.99956 -0.0015708 0)
(2.99999 -3.87189e-05 0)
(3 -5.87006e-07 0)
(3 -5.96679e-09 0)
(3 -4.30308e-11 0)
(3 -2.28977e-13 0)
(3 3.25496e-15 0)
(3 6.33267e-15 0)
(3 1.42035e-15 0)
(2.48769 -0.254415 0)
(2.35152 -0.552181 0)
(2.34509 -0.710965 0)
(2.43303 -0.68675 0)
(2.71665 -0.44965 0)
(2.96725 -0.0719564 0)
(2.99892 -0.00350539 0)
(2.99998 -7.18116e-05 0)
(3 -1.10064e-06 0)
(3 -1.26474e-08 0)
(3 -1.0718e-10 0)
(3 -7.07083e-13 0)
(3 2.08845e-15 0)
(3 5.93674e-15 0)
(3 1.78968e-15 0)
(2.57123 -0.00126166 0)
(2.41937 -0.402689 0)
(2.39149 -0.591375 0)
(2.43245 -0.679395 0)
(2.6018 -0.600674 0)
(2.85337 -0.307267 0)
(2.98601 -0.0359828 0)
(2.99964 -0.000909019 0)
(3 -9.49522e-06 0)
(3 -8.00917e-08 0)
(3 -6.33732e-10 0)
(3 -4.40666e-12 0)
(3 -2.11481e-14 0)
(3 4.84115e-15 0)
(3 2.01365e-15 0)
(2.6156 0.221249 0)
(2.51279 -0.160404 0)
(2.4466 -0.453104 0)
(2.43435 -0.640718 0)
(2.52247 -0.627028 0)
(2.74111 -0.472749 0)
(2.9517 -0.132421 0)
(2.99753 -0.00739528 0)
(2.99995 -0.000112756 0)
(3 -9.36994e-07 0)
(3 -6.39984e-09 0)
(3 -4.0847e-11 0)
(3 -2.37101e-13 0)
(3 2.72474e-15 0)
(3 1.69058e-15 0)
(2.65641 0.238337 0)
(2.60179 0.115248 0)
(2.48962 -0.309132 0)
(2.46761 -0.544019 0)
(2.52106 -0.614781 0)
(2.61095 -0.581422 0)
(2.81861 -0.379116 0)
(2.97407 -0.0658023 0)
(2.99916 -0.00204464 0)
(2.99999 -2.11975e-05 0)
(3 -1.46869e-07 0)
(3 -8.50542e-10 0)
(3 -4.49896e-12 0)
(3 -1.65023e-14 0)
(3 1.63256e-15 0)
(2.66175 0.223025 0)
(2.61116 0.200814 0)
(2.58762 -0.0214062 0)
(2.53211 -0.369699 0)
(2.52614 -0.569183 0)
(2.60747 -0.581605 0)
(2.75104 -0.479672 0)
(2.93278 -0.176443 0)
(2.99499 -0.0139934 0)
(2.9999 -0.00024834 0)
(3 -2.05385e-06 0)
(3 -1.3576e-08 0)
(3 -7.82537e-11 0)
(3 -3.84931e-13 0)
(3 -1.65849e-15 0)
(2.60624 0.271614 0)
(2.62592 0.229426 0)
(2.63768 0.047099 0)
(2.59267 -0.193081 0)
(2.56111 -0.460884 0)
(2.60701 -0.564861 0)
(2.66714 -0.550052 0)
(2.82971 -0.3766 0)
(2.96948 -0.0775259 0)
(2.99874 -0.00302366 0)
(2.99998 -3.54817e-05 0)
(3 -2.5243e-07 0)
(3 -1.51956e-09 0)
(3 -8.4468e-12 0)
(3 -3.48006e-14 0)
(2.61212 0.340185 0)
(2.65179 0.348948 0)
(2.64297 0.0535419 0)
(2.62967 -0.0813772 0)
(2.61762 -0.300347 0)
(2.61797 -0.516306 0)
(2.66616 -0.55009 0)
(2.7689 -0.476787 0)
(2.92095 -0.19911 0)
(2.99262 -0.0185064 0)
(2.99983 -0.000390753 0)
(3 -3.5421e-06 0)
(3 -2.35919e-08 0)
(3 -1.3117e-10 0)
(3 -6.16495e-13 0)
(2.65721 0.440768 0)
(2.67019 0.388422 0)
(2.63998 0.143633 0)
(2.66335 0.0577181 0)
(2.64406 -0.222986 0)
(2.6572 -0.408252 0)
(2.67001 -0.534424 0)
(2.71453 -0.520808 0)
(2.84079 -0.364621 0)
(2.96649 -0.0837465 0)
(2.99847 -0.00359058 0)
(2.99998 -4.44711e-05 0)
(3 -3.27977e-07 0)
(3 -2.07642e-09 0)
(3 -9.63278e-12 0)
(2.68329 0.499196 0)
(2.70057 0.391146 0)
(2.65389 0.18087 0)
(2.68553 0.205045 0)
(2.69306 -0.0531352 0)
(2.70555 -0.266315 0)
(2.68887 -0.479247 0)
(2.71472 -0.517745 0)
(2.79474 -0.449078 0)
(2.92282 -0.194916 0)
(2.99177 -0.0202307 0)
(2.9998 -0.000459326 0)
(3 -4.30611e-06 0)
(3 -2.8483e-08 0)
(3 -1.50971e-10 0)
(2.72736 0.533983 0)
(2.73425 0.397087 0)
(2.66886 0.228634 0)
(2.70045 0.23795 0)
(2.71634 0.00949439 0)
(2.72195 -0.192526 0)
(2.71885 -0.390329 0)
(2.71972 -0.500821 0)
(2.75195 -0.493883 0)
(2.85491 -0.343776 0)
(2.96814 -0.0779069 0)
(2.99845 -0.00357308 0)
(2.99998 -4.66903e-05 0)
(3 -3.63052e-07 0)
(3 -1.92371e-09 0)
(2.74115 0.563434 0)
(2.72571 0.428892 0)
(2.71781 0.32094 0)
(2.73552 0.31014 0)
(2.74515 0.0888169 0)
(2.77976 -0.0174393 0)
(2.76049 -0.268254 0)
(2.73509 -0.459442 0)
(2.75254 -0.491756 0)
(2.81364 -0.424796 0)
(2.92361 -0.18828 0)
(2.99168 -0.0195881 0)
(2.99979 -0.000463786 0)
(3 -4.4063e-06 0)
(3 -2.66234e-08 0)
(2.72787 0.584898 0)
(2.72826 0.509505 0)
(2.73627 0.389767 0)
(2.77237 0.3382 0)
(2.75464 0.0807818 0)
(2.79182 0.0479853 0)
(2.79426 -0.153613 0)
(2.77455 -0.357733 0)
(2.75834 -0.476711 0)
(2.78354 -0.463911 0)
(2.8698 -0.313789 0)
(2.97064 -0.0709887 0)
(2.9986 -0.00319436 0)
(2.99998 -4.1962e-05 0)
(3 -2.74338e-07 0)
(2.71803 0.631175 0)
(2.723 0.554185 0)
(2.75235 0.420267 0)
(2.79375 0.346784 0)
(2.75792 0.140959 0)
(2.80597 0.12861 0)
(2.8122 -0.102663 0)
(2.80317 -0.273261 0)
(2.77527 -0.434034 0)
(2.78413 -0.46278 0)
(2.83272 -0.393178 0)
(2.933 -0.163513 0)
(2.99281 -0.0167551 0)
(2.99982 -0.000396914 0)
(3 -3.27903e-06 0)
(2.73916 0.642225 0)
(2.74523 0.575549 0)
(2.78066 0.444746 0)
(2.8109 0.367979 0)
(2.79879 0.215665 0)
(2.83073 0.236658 0)
(2.83168 -0.00900349 0)
(2.83939 -0.166399 0)
(2.80566 -0.360927 0)
(2.78899 -0.452164 0)
(2.80769 -0.437863 0)
(2.88097 -0.287981 0)
(2.97469 -0.0592894 0)
(2.99886 -0.00253541 0)
(2.99998 -2.82035e-05 0)
(2.73787 0.608689 0)
(2.79303 0.546993 0)
(2.80452 0.456791 0)
(2.80859 0.360834 0)
(2.81471 0.278393 0)
(2.85283 0.272684 0)
(2.84518 0.0354399 0)
(2.87197 -0.0422323 0)
(2.83575 -0.270918 0)
(2.80464 -0.41652 0)
(2.80842 -0.436937 0)
(2.84878 -0.362042 0)
(2.9388 -0.147106 0)
(2.9939 -0.0142526 0)
(2.99983 -0.000267605 0)
(2.72317 0.429657 0)
(2.79392 0.556063 0)
(2.82228 0.528667 0)
(2.81695 0.402039 0)
(2.84154 0.327377 0)
(2.88611 0.282731 0)
(2.85345 0.0389552 0)
(2.88069 0.021168 0)
(2.8699 -0.157627 0)
(2.82903 -0.356131 0)
(2.81235 -0.428584 0)
(2.82759 -0.4086 0)
(2.90188 -0.239985 0)
(2.98083 -0.0452873 0)
(2.99904 -0.00148017 0)
(2.69918 0.215127 0)
(2.77243 0.506978 0)
(2.82782 0.547593 0)
(2.83603 0.456811 0)
(2.86562 0.382774 0)
(2.90831 0.308611 0)
(2.881 0.0971139 0)
(2.90454 0.103233 0)
(2.88917 -0.104519 0)
(2.86392 -0.260264 0)
(2.82509 -0.401079 0)
(2.82793 -0.409794 0)
(2.85826 -0.34867 0)
(2.94787 -0.126325 0)
(2.99424 -0.00918431 0)
(2.6726 0.136777 0)
(2.75485 0.337257 0)
(2.81954 0.52397 0)
(2.84071 0.484896 0)
(2.88569 0.407525 0)
(2.91471 0.314354 0)
(2.88139 0.166298 0)
(2.91945 0.186815 0)
(2.9053 -0.04176 0)
(2.89367 -0.173705 0)
(2.84681 -0.351032 0)
(2.83093 -0.404671 0)
(2.84779 -0.369007 0)
(2.91676 -0.207726 0)
(2.9811 -0.0272546 0)
(2.66528 0.041107 0)
(2.75346 0.18121 0)
(2.82635 0.445776 0)
(2.87668 0.48082 0)
(2.91682 0.43033 0)
(2.91448 0.308221 0)
(2.91378 0.250402 0)
(2.934 0.234693 0)
(2.91103 -0.00519493 0)
(2.91752 -0.0890258 0)
(2.8779 -0.268919 0)
(2.83962 -0.388389 0)
(2.84336 -0.383893 0)
(2.88318 -0.305439 0)
(2.9484 -0.0799865 0)
(2.62429 0.00461514 0)
(2.72038 0.047802 0)
(2.80568 0.211231 0)
(2.87492 0.417576 0)
(2.9232 0.432801 0)
(2.93403 0.364743 0)
(2.94177 0.305821 0)
(2.96392 0.262973 0)
(2.93113 0.0607548 0)
(2.94464 0.0307327 0)
(2.9123 -0.161104 0)
(2.87079 -0.31377 0)
(2.84929 -0.374918 0)
(2.87319 -0.345481 0)
(2.87991 -0.154077 0)
(2.64041 0.106165 0)
(2.67664 0.287201 0)
(2.6853 0.346649 0)
(2.74013 0.386495 0)
(2.79622 0.455062 0)
(2.7694 0.482489 0)
(2.72184 0.520796 0)
(2.68934 0.572718 0)
(2.68373 0.620517 0)
(2.71848 0.638746 0)
(2.73518 0.654583 0)
(2.72463 0.679802 0)
(2.71836 0.681499 0)
(2.70623 0.649194 0)
(2.67354 0.382149 0)
(2.64951 0.141263 0)
(2.62254 -0.0305473 0)
(2.57208 0.00130627 0)
(2.56587 0.0242304 0)
(2.5795 0.011677 0)
(2.68366 0.28284 0)
(2.70437 0.440539 0)
(2.72032 0.485448 0)
(2.78566 0.476651 0)
(2.83262 0.543304 0)
(2.81212 0.562033 0)
(2.75287 0.610222 0)
(2.70814 0.669557 0)
(2.69544 0.688578 0)
(2.71505 0.699874 0)
(2.72219 0.719436 0)
(2.71049 0.702425 0)
(2.70116 0.648453 0)
(2.65336 0.363187 0)
(2.62261 0.185696 0)
(2.60093 0.0597866 0)
(2.59951 0.00823718 0)
(2.59439 -0.00531957 0)
(2.56948 0.0212893 0)
(2.57379 0.0137678 0)
(2.72807 0.497852 0)
(2.71862 0.608486 0)
(2.73436 0.631091 0)
(2.80321 0.629157 0)
(2.82903 0.648804 0)
(2.81806 0.656799 0)
(2.75971 0.728279 0)
(2.72536 0.769366 0)
(2.72077 0.772409 0)
(2.71443 0.783321 0)
(2.70365 0.739169 0)
(2.68535 0.644465 0)
(2.63301 0.307117 0)
(2.61913 0.130812 0)
(2.57327 0.0327435 0)
(2.57759 0.0330996 0)
(2.58631 0.010207 0)
(2.59438 -0.0139233 0)
(2.58658 -0.000752498 0)
(2.58039 0.0125704 0)
(2.75671 0.646506 0)
(2.72313 0.754666 0)
(2.74748 0.74579 0)
(2.78996 0.696115 0)
(2.79327 0.707642 0)
(2.79297 0.747913 0)
(2.76315 0.809802 0)
(2.75575 0.848764 0)
(2.73495 0.855017 0)
(2.72279 0.806845 0)
(2.69209 0.657964 0)
(2.62501 0.263227 0)
(2.61846 0.0850512 0)
(2.61318 0.070829 0)
(2.59594 0.0451338 0)
(2.58044 0.0297792 0)
(2.58102 0.00585858 0)
(2.58454 -0.0102077 0)
(2.58579 -0.0067666 0)
(2.58237 0.00770986 0)
(2.75343 0.846626 0)
(2.72455 0.910823 0)
(2.74385 0.919514 0)
(2.76309 0.889447 0)
(2.76832 0.85816 0)
(2.76346 0.884382 0)
(2.77482 0.940524 0)
(2.79555 0.933998 0)
(2.7907 0.821642 0)
(2.74948 0.567562 0)
(2.66933 0.2078 0)
(2.63146 0.0345439 0)
(2.61708 0.0428341 0)
(2.61177 0.0288729 0)
(2.59876 0.0210363 0)
(2.57977 0.0178317 0)
(2.57118 0.0114216 0)
(2.57445 -0.00119003 0)
(2.57679 -0.00584284 0)
(2.57166 0.00130144 0)
(2.71409 1.06765 0)
(2.73795 1.09894 0)
(2.73562 1.01094 0)
(2.7262 0.97822 0)
(2.72235 0.976428 0)
(2.74274 1.00784 0)
(2.77886 0.958549 0)
(2.82202 0.708414 0)
(2.79169 0.361504 0)
(2.73336 0.195586 0)
(2.62858 0.0516079 0)
(2.59786 0.0268106 0)
(2.58599 0.0264194 0)
(2.58085 0.0108035 0)
(2.57007 0.00297835 0)
(2.5547 0.00646966 0)
(2.54713 0.0142319 0)
(2.54893 0.0125366 0)
(2.54627 0.00346241 0)
(2.53497 0.00156604 0)
(2.68237 1.25903 0)
(2.73616 1.22659 0)
(2.73018 1.19694 0)
(2.70326 1.17168 0)
(2.68723 1.13637 0)
(2.74015 0.880587 0)
(2.73295 0.481854 0)
(2.74154 0.257273 0)
(2.61607 0.0424819 0)
(2.54986 0.0281107 0)
(2.522 0.0425627 0)
(2.52076 0.038188 0)
(2.5251 0.0300433 0)
(2.5078 0.00250516 0)
(2.49736 -0.00889516 0)
(2.48495 0.000483511 0)
(2.4834 0.0196945 0)
(2.48244 0.0193338 0)
(2.47837 0.00925968 0)
(2.46358 0.000795333 0)
(2.64485 1.47591 0)
(2.66909 1.34608 0)
(2.63788 1.05189 0)
(2.63134 0.870392 0)
(2.58847 0.566728 0)
(2.62503 0.32287 0)
(2.47583 0.0579715 0)
(2.43248 0.0209194 0)
(2.40669 0.00851231 0)
(2.40223 0.0233311 0)
(2.43177 0.042389 0)
(2.42305 0.0404216 0)
(2.41118 0.0276986 0)
(2.394 -0.0063096 0)
(2.39079 -0.0187627 0)
(2.38441 -0.0103507 0)
(2.38591 0.0144905 0)
(2.38472 0.021969 0)
(2.38179 0.0150962 0)
(2.37595 0.00271514 0)
(2.26903 0.822925 0)
(2.28813 0.450396 0)
(2.27917 0.266323 0)
(2.34499 0.230482 0)
(2.31159 0.0995884 0)
(2.263 0.0655969 0)
(2.24589 0.0227277 0)
(2.25907 -0.0144589 0)
(2.27304 -0.00836554 0)
(2.2938 0.0185336 0)
(2.31447 0.0351081 0)
(2.30516 0.0360595 0)
(2.29428 0.0253273 0)
(2.28645 -0.00278062 0)
(2.2903 -0.0128017 0)
(2.29717 -0.00147586 0)
(2.29773 0.0174353 0)
(2.29749 0.0205882 0)
(2.29999 0.011703 0)
(2.31132 -0.00225494 0)
(1.9177 0.171809 0)
(2.01757 0.110354 0)
(2.05923 0.0810222 0)
(2.1191 0.0755415 0)
(2.11992 0.0386912 0)
(2.15992 0.0241687 0)
(2.1694 0.00324933 0)
(2.16926 -0.0115127 0)
(2.18544 -0.00880187 0)
(2.22235 0.00395598 0)
(2.23098 0.0176561 0)
(2.2257 0.0202103 0)
(2.22357 0.0176514 0)
(2.2306 0.00517964 0)
(2.24207 -0.00155559 0)
(2.25871 -0.00333887 0)
(2.26176 -0.00153834 0)
(2.26104 0.000270555 0)
(2.2685 -0.00125422 0)
(2.28575 -0.00235198 0)
)
;

boundaryField
{
    inlet
    {
        type            fixedValue;
        value           uniform (3 0 0);
    }
    outlet
    {
        type            inletOutlet;
        inletValue      uniform (3 0 0);
        value           nonuniform List<vector> 
50
(
(2.62592 -0.00626173 0)
(2.72316 -0.0511991 0)
(2.80558 -0.208307 0)
(2.8764 -0.414721 0)
(2.9214 -0.432255 0)
(2.93262 -0.365997 0)
(2.942 -0.307214 0)
(2.96458 -0.259738 0)
(2.93186 -0.0603419 0)
(2.94453 -0.0303835 0)
(2.91212 0.161215 0)
(2.87073 0.313723 0)
(2.84925 0.374918 0)
(2.87317 0.345507 0)
(2.8799 0.154106 0)
(2.28751 -0.00399075 0)
(2.31797 -0.00570615 0)
(2.3895 -0.00272654 0)
(2.47094 0.00235558 0)
(2.53171 0.00535164 0)
(2.56383 0.00276974 0)
(2.5748 -0.00679899 0)
(2.57376 -0.0123874 0)
(2.56888 -0.0162324 0)
(2.57938 -0.013176 0)
(2.5795 0.011677 0)
(2.57379 0.0137678 0)
(2.58039 0.0125704 0)
(2.58237 0.00770986 0)
(2.57166 0.00130144 0)
(2.53497 0.00156604 0)
(2.46358 0.000795333 0)
(2.37595 0.00271514 0)
(2.31132 -0.00225494 0)
(2.28575 -0.00235198 0)
(2.62429 0.00461514 0)
(2.72038 0.047802 0)
(2.80568 0.211231 0)
(2.87492 0.417576 0)
(2.9232 0.432801 0)
(2.93403 0.364743 0)
(2.94177 0.305821 0)
(2.96392 0.262973 0)
(2.93113 0.0607548 0)
(2.94464 0.0307327 0)
(2.9123 -0.161104 0)
(2.87079 -0.31377 0)
(2.84929 -0.374918 0)
(2.87319 -0.345481 0)
(2.87991 -0.154077 0)
)
;
    }
    airfoil
    {
        type            slip;
    }
    top
    {
        type            symmetryPlane;
    }
    bottom
    {
        type            symmetryPlane;
    }
    defaultFaces
    {
        type            empty;
    }
}


// ************************************************************************* //
