/*--------------------------------*- C++ -*----------------------------------*\
  =========                 |
  \\      /  F ield         | OpenFOAM: The Open Source CFD Toolbox
   \\    /   O peration     | Website:  https://openfoam.org
    \\  /    A nd           | Version:  7
     \\/     M anipulation  |
\*---------------------------------------------------------------------------*/
FoamFile
{
    version     2.0;
    format      ascii;
    class       volVectorField;
    location    "5.4";
    object      U;
}
// * * * * * * * * * * * * * * * * * * * * * * * * * * * * * * * * * * * * * //

dimensions      [0 1 -1 0 0 0 0];

internalField   nonuniform List<vector> 
3700
(
(1.37253 -0.486008 0)
(1.2839 -0.537815 0)
(1.20327 -0.40547 0)
(1.187 -0.281815 0)
(1.27528 -0.247178 0)
(1.47631 -0.408249 0)
(1.53814 -0.398968 0)
(1.44401 -0.247929 0)
(1.44039 -0.0493387 0)
(1.54144 -0.0245625 0)
(1.5981 -0.131682 0)
(1.61095 -0.252737 0)
(1.58669 -0.247441 0)
(1.56938 -0.164816 0)
(1.64163 -0.107142 0)
(1.70501 -0.157181 0)
(1.79185 -0.23953 0)
(1.82987 -0.240113 0)
(1.84459 -0.160666 0)
(1.89332 -0.112103 0)
(1.48297 -1.49883 0)
(1.52454 -1.51396 0)
(1.54795 -1.6244 0)
(1.63016 -1.51823 0)
(1.73576 -1.49761 0)
(1.85162 -1.72879 0)
(1.79898 -1.64173 0)
(1.64187 -1.28201 0)
(1.60019 -0.925755 0)
(1.78036 -0.88435 0)
(1.93635 -1.01945 0)
(1.99543 -1.32005 0)
(1.95274 -1.30579 0)
(1.90221 -1.20021 0)
(1.95283 -1.11111 0)
(2.07106 -1.19588 0)
(2.16867 -1.25136 0)
(2.2412 -1.23455 0)
(2.29885 -1.0602 0)
(2.37012 -0.985699 0)
(1.44122 -1.47545 0)
(1.62895 -1.59522 0)
(1.78493 -1.90756 0)
(1.85158 -2.12999 0)
(1.91741 -2.23589 0)
(1.94431 -2.25029 0)
(1.98904 -2.20317 0)
(1.97995 -2.16677 0)
(1.98455 -2.1423 0)
(2.10435 -2.10053 0)
(2.25458 -2.03324 0)
(2.32182 -2.01259 0)
(2.40654 -1.94854 0)
(2.40067 -1.94622 0)
(2.39755 -1.8784 0)
(2.39431 -1.82562 0)
(2.41552 -1.78739 0)
(2.46117 -1.67073 0)
(2.5394 -1.64576 0)
(2.65991 -1.52371 0)
(1.52613 -1.50211 0)
(1.7676 -1.54022 0)
(1.91388 -1.98064 0)
(2.00232 -2.15675 0)
(2.06666 -2.25014 0)
(2.04882 -2.32812 0)
(2.09991 -2.18003 0)
(2.03767 -2.14593 0)
(2.02807 -2.10766 0)
(2.13852 -1.97225 0)
(2.27405 -1.84339 0)
(2.43977 -1.78106 0)
(2.575 -1.62203 0)
(2.66664 -1.58788 0)
(2.70071 -1.56743 0)
(2.67141 -1.58115 0)
(2.59418 -1.63466 0)
(2.57707 -1.51267 0)
(2.56381 -1.5224 0)
(2.62398 -1.33915 0)
(1.60911 -1.53685 0)
(1.93541 -1.56716 0)
(2.04519 -2.01645 0)
(2.11544 -2.16062 0)
(2.24153 -2.17256 0)
(2.25016 -2.26933 0)
(2.30303 -2.0627 0)
(2.17281 -2.07393 0)
(2.14584 -2.08851 0)
(2.18759 -1.95741 0)
(2.24132 -1.88544 0)
(2.3861 -1.75604 0)
(2.47424 -1.64842 0)
(2.61885 -1.53568 0)
(2.72696 -1.34714 0)
(2.79416 -1.16665 0)
(2.78868 -1.15773 0)
(2.7859 -1.11199 0)
(2.69977 -1.21806 0)
(2.64539 -1.19635 0)
(1.71405 -1.59729 0)
(2.08646 -1.58125 0)
(2.03303 -2.05192 0)
(2.0141 -2.16413 0)
(2.1552 -2.15225 0)
(2.23243 -2.22117 0)
(2.32815 -1.98937 0)
(2.30259 -1.92186 0)
(2.34825 -1.91299 0)
(2.42738 -1.82943 0)
(2.39457 -1.81739 0)
(2.4639 -1.67062 0)
(2.50442 -1.55236 0)
(2.56742 -1.47321 0)
(2.64311 -1.3581 0)
(2.69216 -1.19512 0)
(2.79484 -1.04524 0)
(2.8687 -0.85006 0)
(2.85007 -0.74935 0)
(2.7424 -0.774148 0)
(1.87131 -1.65259 0)
(2.03146 -1.62559 0)
(1.82513 -2.10878 0)
(1.86395 -2.16379 0)
(2.00628 -2.11146 0)
(2.10941 -2.07578 0)
(2.26037 -1.90552 0)
(2.37719 -1.79299 0)
(2.46182 -1.76652 0)
(2.59045 -1.56763 0)
(2.5814 -1.63262 0)
(2.64122 -1.46873 0)
(2.6213 -1.40486 0)
(2.62998 -1.31471 0)
(2.65039 -1.20509 0)
(2.6664 -1.08256 0)
(2.71072 -0.995204 0)
(2.80356 -0.882311 0)
(2.81036 -0.635069 0)
(2.80039 -0.478573 0)
(1.81439 -1.62161 0)
(1.7477 -1.75121 0)
(1.56395 -2.12708 0)
(1.70884 -2.10455 0)
(1.78588 -2.02404 0)
(1.95454 -1.88454 0)
(2.08474 -1.84784 0)
(2.26774 -1.67849 0)
(2.45351 -1.56683 0)
(2.59863 -1.3491 0)
(2.66391 -1.29034 0)
(2.73089 -1.10152 0)
(2.73143 -1.08184 0)
(2.7416 -1.01538 0)
(2.74314 -0.91867 0)
(2.72268 -0.8476 0)
(2.70869 -0.762376 0)
(2.75099 -0.764228 0)
(2.7403 -0.600283 0)
(2.74235 -0.38732 0)
(1.60161 -1.55426 0)
(1.49696 -1.71462 0)
(1.41409 -1.98583 0)
(1.60878 -1.97079 0)
(1.76081 -1.95013 0)
(1.87802 -1.84467 0)
(2.00666 -1.80592 0)
(2.16765 -1.6478 0)
(2.2832 -1.51155 0)
(2.42745 -1.40208 0)
(2.5545 -1.13294 0)
(2.66225 -0.939663 0)
(2.69971 -0.71786 0)
(2.75089 -0.614943 0)
(2.76458 -0.478691 0)
(2.75925 -0.461374 0)
(2.74326 -0.373979 0)
(2.72155 -0.443791 0)
(2.70943 -0.429401 0)
(2.67179 -0.240297 0)
(1.42206 -1.37526 0)
(1.39543 -1.47497 0)
(1.38223 -1.78701 0)
(1.58761 -1.8789 0)
(1.76917 -1.79199 0)
(1.92205 -1.7758 0)
(2.08621 -1.73575 0)
(2.2492 -1.57389 0)
(2.32021 -1.41861 0)
(2.38181 -1.34156 0)
(2.48091 -1.12882 0)
(2.57311 -0.971316 0)
(2.62515 -0.728123 0)
(2.7331 -0.603671 0)
(2.70891 -0.320305 0)
(2.71916 -0.201058 0)
(2.6994 -0.0419332 0)
(2.66665 -0.0509552 0)
(2.64538 -0.119012 0)
(2.62086 -0.0580394 0)
(1.34053 -1.1517 0)
(1.36021 -1.22631 0)
(1.44243 -1.63129 0)
(1.58809 -1.86662 0)
(1.81479 -1.71947 0)
(1.99608 -1.7365 0)
(2.24057 -1.55456 0)
(2.4364 -1.25731 0)
(2.55357 -1.10735 0)
(2.56295 -1.08705 0)
(2.59086 -0.892126 0)
(2.61611 -0.733059 0)
(2.61683 -0.565083 0)
(2.6665 -0.475461 0)
(2.64307 -0.27362 0)
(2.66328 -0.162404 0)
(2.63274 0.0391209 0)
(2.59621 0.164695 0)
(2.5339 0.227332 0)
(2.57574 0.107692 0)
(1.22521 -1.0067 0)
(1.3018 -1.08841 0)
(1.52894 -1.55892 0)
(1.64638 -1.93088 0)
(2.10833 -1.59407 0)
(2.46863 -1.68194 0)
(2.71629 -1.34733 0)
(2.7701 -0.852614 0)
(2.78647 -0.61525 0)
(2.73452 -0.462418 0)
(2.72063 -0.341311 0)
(2.69008 -0.197458 0)
(2.66353 -0.119947 0)
(2.64608 -0.0476292 0)
(2.60579 0.0305564 0)
(2.57973 0.0585222 0)
(2.55237 0.120422 0)
(2.50882 0.242082 0)
(2.43955 0.387821 0)
(2.44598 0.365479 0)
(1.07937 -0.905769 0)
(1.23123 -1.00347 0)
(1.61936 -1.50136 0)
(1.86749 -1.97657 0)
(2.59484 -1.40693 0)
(2.52149 -1.48715 0)
(2.62778 -1.11911 0)
(2.66246 -0.726577 0)
(2.64989 -0.62861 0)
(2.64143 -0.327531 0)
(2.66661 -0.140602 0)
(2.60567 0.106043 0)
(2.58321 0.229711 0)
(2.52954 0.362169 0)
(2.48995 0.422743 0)
(2.45092 0.438402 0)
(2.41732 0.43303 0)
(2.40159 0.425207 0)
(2.32215 0.543306 0)
(2.31522 0.532013 0)
(0.870678 -0.821599 0)
(1.20219 -0.987223 0)
(1.83197 -1.50558 0)
(2.35868 -1.62188 0)
(2.37654 -1.38953 0)
(2.373 -1.23328 0)
(2.43997 -0.879683 0)
(2.48187 -0.616339 0)
(2.48961 -0.42369 0)
(2.51474 -0.240452 0)
(2.53555 -0.0371624 0)
(2.48599 0.19187 0)
(2.46419 0.343191 0)
(2.39932 0.501512 0)
(2.34376 0.61123 0)
(2.29758 0.662005 0)
(2.2239 0.73909 0)
(2.20831 0.725132 0)
(2.18705 0.749129 0)
(2.14882 0.773419 0)
(0.668033 -0.670894 0)
(1.32033 -1.2059 0)
(2.20697 -1.61437 0)
(2.21388 -1.2946 0)
(2.22888 -1.21404 0)
(2.39995 -0.787878 0)
(2.46871 -0.355619 0)
(2.49242 -0.139449 0)
(2.44757 0.0976355 0)
(2.45846 0.21999 0)
(2.40867 0.395497 0)
(2.34259 0.53245 0)
(2.29165 0.621167 0)
(2.23267 0.705329 0)
(2.18386 0.756791 0)
(2.13739 0.799846 0)
(2.0731 0.873476 0)
(2.04608 0.912279 0)
(2.03004 0.942791 0)
(2.06037 0.956031 0)
(0.674828 -0.510964 0)
(1.41795 -1.4655 0)
(1.95864 -1.50454 0)
(2.1418 -0.984359 0)
(2.35676 -0.634982 0)
(2.41157 -0.0504836 0)
(2.4387 0.193591 0)
(2.37976 0.419256 0)
(2.32978 0.510152 0)
(2.30368 0.643321 0)
(2.20767 0.789253 0)
(2.11888 0.893629 0)
(2.05998 0.942925 0)
(2.01132 0.983603 0)
(1.98626 0.970333 0)
(1.96303 0.979758 0)
(1.95698 1.00739 0)
(1.97045 0.994623 0)
(1.99381 0.995857 0)
(2.06849 0.980763 0)
(0.994743 -0.405925 0)
(1.88901 -0.481497 0)
(2.11506 -0.901166 0)
(2.31056 -0.0199571 0)
(2.34931 0.280699 0)
(2.33458 0.381201 0)
(2.28618 0.507729 0)
(2.20533 0.65725 0)
(2.14277 0.758088 0)
(2.09528 0.890225 0)
(1.98779 1.00215 0)
(1.91598 1.06448 0)
(1.87627 1.08873 0)
(1.86358 1.0956 0)
(1.86965 1.05841 0)
(1.89835 1.04792 0)
(1.96459 1.01923 0)
(2.16735 0.89937 0)
(2.38317 0.788302 0)
(2.778 0.439932 0)
(1.17727 -0.121474 0)
(1.91708 -0.178609 0)
(2.24682 0.414282 0)
(2.24653 0.563008 0)
(2.20015 0.643121 0)
(2.14373 0.753235 0)
(2.02855 0.905129 0)
(1.96614 0.964831 0)
(1.91278 1.02965 0)
(1.86057 1.11943 0)
(1.79878 1.15752 0)
(1.78809 1.15145 0)
(1.80426 1.13169 0)
(1.84658 1.08936 0)
(2.03991 0.952928 0)
(2.25848 0.831526 0)
(2.66481 0.505794 0)
(3.03697 0.0921081 0)
(3.05524 -0.0240192 0)
(3.00401 -0.00467213 0)
(1.00833 0.0280442 0)
(1.91627 0.805871 0)
(2.12133 0.808317 0)
(2.00201 0.959296 0)
(1.96226 0.984743 0)
(1.86486 1.08568 0)
(1.79194 1.13206 0)
(1.76157 1.1474 0)
(1.76075 1.16347 0)
(1.74156 1.20344 0)
(1.72411 1.19458 0)
(1.86811 1.06619 0)
(2.09421 0.884826 0)
(2.49324 0.583399 0)
(2.98225 0.14112 0)
(3.07383 -0.0286914 0)
(3.00814 -0.00765949 0)
(3.0029 -0.00379568 0)
(3.00121 -0.00217269 0)
(3.00008 -0.000481235 0)
(1.16817 0.768166 0)
(1.83558 1.15002 0)
(1.84421 1.15529 0)
(1.74138 1.19923 0)
(1.71438 1.20185 0)
(1.65981 1.24573 0)
(1.65353 1.21714 0)
(1.72358 1.16973 0)
(1.75836 1.23641 0)
(1.79767 1.14644 0)
(2.28256 0.736156 0)
(2.86596 0.202013 0)
(3.09937 -0.0313493 0)
(3.02121 -0.0129162 0)
(3.00466 -0.00561361 0)
(3.00183 -0.00304612 0)
(3.00005 -0.000582404 0)
(2.99998 -2.10783e-05 0)
(2.99999 1.42777e-05 0)
(3 5.89077e-06 0)
(1.58242 1.25937 0)
(1.58749 1.26425 0)
(1.59543 1.26842 0)
(1.60251 1.26576 0)
(1.6062 1.25723 0)
(1.59183 1.26862 0)
(1.89054 1.17179 0)
(2.95395 0.400196 0)
(3.34647 -0.609897 0)
(3 5.81099e-11 0)
(3 -6.69366e-11 0)
(3 7.16103e-11 0)
(3 4.0432e-15 0)
(3 -3.74219e-13 0)
(3 -1.12169e-14 0)
(3 1.82209e-14 0)
(3 -8.3849e-15 0)
(3 2.02786e-15 0)
(3 1.00991e-15 0)
(3 1.41766e-16 0)
(1.58179 1.24625 0)
(1.59343 1.25464 0)
(1.6063 1.26159 0)
(1.61015 1.27318 0)
(1.6371 1.26543 0)
(1.70173 1.22066 0)
(2.24087 0.743629 0)
(2.99249 0.0194835 0)
(3 5.00773e-08 0)
(3 -9.73644e-12 0)
(3 5.87588e-14 0)
(3 -1.68401e-15 0)
(3 -8.53026e-16 0)
(3 2.51812e-15 0)
(3 1.27803e-15 0)
(3 2.33417e-15 0)
(3 3.21837e-15 0)
(3 2.51071e-15 0)
(3 3.41896e-16 0)
(3 6.31333e-16 0)
(1.58032 1.24502 0)
(1.60381 1.25093 0)
(1.61766 1.25548 0)
(1.61271 1.26993 0)
(1.71705 1.20938 0)
(2.25146 0.774347 0)
(3.00338 -0.00903371 0)
(3.00019 -0.000546833 0)
(3 5.70499e-07 0)
(3 6.60992e-11 0)
(3 -2.8653e-13 0)
(3 -1.4749e-15 0)
(3 -1.86299e-15 0)
(3 9.20567e-16 0)
(3 1.87847e-15 0)
(3 3.93438e-15 0)
(3 2.5557e-15 0)
(3 7.17497e-16 0)
(3 -4.01429e-16 0)
(3 1.94337e-16 0)
(1.58069 1.25214 0)
(1.60277 1.25329 0)
(1.62533 1.25937 0)
(1.64256 1.26728 0)
(1.91483 1.05343 0)
(2.78096 0.196043 0)
(3.00422 -0.000850489 0)
(2.99992 6.98964e-05 0)
(3 -7.86835e-07 0)
(3 8.43618e-10 0)
(3 -1.15791e-13 0)
(3 1.42418e-17 0)
(3 -2.49064e-15 0)
(3 -7.84845e-16 0)
(3 1.84377e-15 0)
(3 3.06349e-15 0)
(3 1.7377e-15 0)
(3 3.71272e-16 0)
(3 -2.30809e-16 0)
(3 2.97351e-16 0)
(1.58132 1.26331 0)
(1.59388 1.26876 0)
(1.62901 1.26492 0)
(1.65463 1.25813 0)
(2.31821 0.659666 0)
(3.02089 -0.0179592 0)
(2.99974 0.000145436 0)
(3 -4.18038e-06 0)
(3 8.11399e-08 0)
(3 -8.84754e-10 0)
(3 4.04566e-13 0)
(3 -2.90862e-15 0)
(3 -1.49388e-15 0)
(3 -7.90294e-16 0)
(3 7.34278e-16 0)
(3 1.48315e-15 0)
(3 1.37772e-15 0)
(3 2.50937e-16 0)
(3 -1.0801e-15 0)
(3 4.07511e-17 0)
(1.58135 1.28275 0)
(1.5881 1.28228 0)
(1.64417 1.26415 0)
(1.779 1.15405 0)
(2.68166 0.265887 0)
(3 -5.89025e-10 0)
(3 1.38419e-08 0)
(3 -1.24574e-08 0)
(3 5.30303e-10 0)
(3 2.42e-12 0)
(3 -1.07377e-13 0)
(3 2.65124e-15 0)
(3 -1.12848e-15 0)
(3 -1.03559e-15 0)
(3 2.56343e-16 0)
(3 8.38202e-16 0)
(3 8.09016e-16 0)
(3 -4.25867e-17 0)
(3 -1.42791e-15 0)
(3 -8.94779e-16 0)
(1.58176 1.29637 0)
(1.55163 1.30807 0)
(1.68201 1.23389 0)
(2.20181 0.82086 0)
(3.02289 -0.0221723 0)
(3 -4.70646e-13 0)
(3 6.10147e-13 0)
(3 3.95678e-13 0)
(3 -1.22497e-12 0)
(3 1.10501e-14 0)
(3 3.04173e-15 0)
(3 1.85303e-15 0)
(3 7.66904e-16 0)
(3 -3.56382e-16 0)
(3 -1.063e-16 0)
(3 2.10072e-16 0)
(3 6.0842e-17 0)
(3 -6.60387e-16 0)
(3 -1.46587e-15 0)
(3 -2.29409e-15 0)
(1.59533 1.3314 0)
(1.4965 1.33665 0)
(1.73097 1.18549 0)
(2.39208 0.552245 0)
(3 -2.00551e-07 0)
(3 -1.48757e-13 0)
(3 -3.86918e-15 0)
(3 1.97599e-14 0)
(3 -6.5469e-15 0)
(3 3.12813e-15 0)
(3 3.24754e-15 0)
(3 2.95406e-15 0)
(3 2.0725e-15 0)
(3 7.41932e-16 0)
(3 1.88677e-16 0)
(3 -1.80206e-16 0)
(3 -4.89689e-16 0)
(3 -9.41927e-16 0)
(3 -2.47637e-15 0)
(3 -1.46434e-15 0)
(1.58894 1.30357 0)
(1.47561 1.35115 0)
(1.96191 1.0269 0)
(2.87348 0.109983 0)
(3 -7.03383e-09 0)
(3 2.71869e-11 0)
(3 -5.95505e-14 0)
(3 2.85948e-15 0)
(3 4.34938e-15 0)
(3 3.8381e-15 0)
(3 3.89691e-15 0)
(3 3.8586e-15 0)
(3 3.17064e-15 0)
(3 2.12237e-15 0)
(3 2.13232e-16 0)
(3 -4.2437e-16 0)
(3 -1.10537e-15 0)
(3 -1.55755e-15 0)
(3 -1.96773e-15 0)
(3 -1.25041e-15 0)
(1.6019 1.28974 0)
(1.47618 1.37547 0)
(2.18723 0.808917 0)
(3.0103 -0.00840878 0)
(3 2.10638e-08 0)
(3 -2.06524e-11 0)
(3 2.66112e-14 0)
(3 2.39714e-16 0)
(3 1.56622e-15 0)
(3 3.62448e-15 0)
(3 4.65256e-15 0)
(3 5.02398e-15 0)
(3 4.14407e-15 0)
(3 4.10371e-15 0)
(3 2.1772e-15 0)
(3 7.05299e-16 0)
(3 1.43144e-16 0)
(3 -3.47886e-16 0)
(3 -8.21525e-16 0)
(3 -1.01565e-15 0)
(1.61883 1.27826 0)
(1.55373 1.32886 0)
(2.40517 0.557667 0)
(3 -2.33214e-12 0)
(3 -1.86989e-11 0)
(3 2.80667e-13 0)
(3 -3.80421e-15 0)
(3 -3.51791e-15 0)
(3 -1.95783e-15 0)
(3 -2.65062e-17 0)
(3 3.05197e-15 0)
(3 4.2022e-15 0)
(3 4.73111e-15 0)
(3 5.06754e-15 0)
(3 3.96598e-15 0)
(3 2.36189e-15 0)
(3 2.45066e-15 0)
(3 3.29118e-15 0)
(3 2.43524e-15 0)
(3 6.23497e-16 0)
(1.63629 1.26579 0)
(1.64208 1.2433 0)
(2.65238 0.29247 0)
(3 6.11704e-13 0)
(3 -9.81041e-14 0)
(3 -5.83249e-15 0)
(3 -3.65054e-15 0)
(3 -3.65716e-15 0)
(3 -2.86931e-15 0)
(3 -1.4306e-15 0)
(3 -1.31231e-15 0)
(3 -3.71513e-16 0)
(3 3.24508e-15 0)
(3 4.83909e-15 0)
(3 3.31077e-15 0)
(3 2.17926e-15 0)
(3 2.22203e-15 0)
(3 4.3296e-15 0)
(3 4.91621e-15 0)
(3 3.99199e-15 0)
(1.65282 1.24005 0)
(1.81765 1.10489 0)
(2.86436 0.10266 0)
(3 -5.98055e-15 0)
(3 -3.65215e-15 0)
(3 -3.94766e-15 0)
(3 -3.54413e-15 0)
(3 -3.04888e-15 0)
(3 -2.48469e-15 0)
(3 -2.38033e-15 0)
(3 -2.08909e-15 0)
(3 -9.11912e-16 0)
(3 5.80585e-19 0)
(3 7.55205e-16 0)
(3 5.22174e-16 0)
(3 1.02335e-15 0)
(3 2.14883e-15 0)
(3 2.57931e-15 0)
(3 4.30277e-15 0)
(3 4.42589e-15 0)
(1.66211 1.20605 0)
(1.88281 0.97864 0)
(2.9793 0.0135816 0)
(3 -3.13713e-15 0)
(3 -3.20216e-15 0)
(3 -4.09801e-15 0)
(3 -4.7835e-15 0)
(3 -4.97449e-15 0)
(3 -4.21908e-15 0)
(3 -3.48103e-15 0)
(3 -3.29639e-15 0)
(3 -2.31811e-15 0)
(3 -1.33076e-15 0)
(3 -9.37003e-16 0)
(3 -1.34869e-15 0)
(3 -1.10039e-15 0)
(3 -1.54063e-15 0)
(3 -6.07237e-16 0)
(3 2.5423e-16 0)
(3 1.30119e-15 0)
(1.72484 1.16689 0)
(2.07201 0.813823 0)
(3 -3.97914e-15 0)
(3 -3.70402e-15 0)
(3 -4.29303e-15 0)
(3 -4.95008e-15 0)
(3 -5.19594e-15 0)
(3 -5.45965e-15 0)
(3 -5.20193e-15 0)
(3 -4.79157e-15 0)
(3 -4.06732e-15 0)
(3 -3.73714e-15 0)
(3 -3.22066e-15 0)
(3 -3.02336e-15 0)
(3 -2.56133e-15 0)
(3 -2.412e-15 0)
(3 -1.90993e-15 0)
(3 -1.45041e-15 0)
(3 -1.17749e-15 0)
(3 -7.29421e-16 0)
(1.77085 1.09548 0)
(2.23563 0.652252 0)
(3 -4.68637e-15 0)
(3 -4.35998e-15 0)
(3 -4.27935e-15 0)
(3 -4.72593e-15 0)
(3 -4.69089e-15 0)
(3 -4.63906e-15 0)
(3 -4.58942e-15 0)
(3 -4.94943e-15 0)
(3 -4.58114e-15 0)
(3 -4.07893e-15 0)
(3 -3.90478e-15 0)
(3 -4.333e-15 0)
(3 -4.70816e-15 0)
(3 -4.43519e-15 0)
(3 -4.71028e-15 0)
(3 -4.49121e-15 0)
(3 -3.38366e-15 0)
(3 -2.62489e-15 0)
(1.80286 1.01122 0)
(2.42825 0.453995 0)
(3 -2.74676e-15 0)
(3 -2.94162e-15 0)
(3 -2.91264e-15 0)
(3 -3.34e-15 0)
(3 -4.19129e-15 0)
(3 -5.55602e-15 0)
(3 -5.27513e-15 0)
(3 -5.69491e-15 0)
(3 -5.81843e-15 0)
(3 -5.40967e-15 0)
(3 -4.8185e-15 0)
(3 -4.57379e-15 0)
(3 -4.54157e-15 0)
(3 -4.40671e-15 0)
(3 -4.29256e-15 0)
(3 -4.57372e-15 0)
(3 -4.45033e-15 0)
(3 -4.14845e-15 0)
(1.9395 0.886077 0)
(2.6988 0.219594 0)
(3 -1.54294e-15 0)
(3 -1.81168e-15 0)
(3 -1.99778e-15 0)
(3 -1.68163e-15 0)
(3 -1.50745e-15 0)
(3 -1.36218e-15 0)
(3 -1.79249e-15 0)
(3 -2.34417e-15 0)
(3 -2.88532e-15 0)
(3 -2.87076e-15 0)
(3 -2.37251e-15 0)
(3 -2.05617e-15 0)
(3 -1.45378e-15 0)
(3 -1.40867e-15 0)
(3 -1.10212e-15 0)
(3 -1.04722e-15 0)
(3 -8.8587e-16 0)
(3 -7.85407e-16 0)
(2.10308 0.649876 0)
(2.99051 0.000226171 0)
(3 -5.48609e-16 0)
(3 -1.23041e-15 0)
(3 -1.26105e-15 0)
(3 -1.45387e-15 0)
(3 -1.40294e-15 0)
(3 -1.26466e-15 0)
(3 -1.39969e-15 0)
(3 -2.41414e-15 0)
(3 -3.23738e-15 0)
(3 -3.65344e-15 0)
(3 -3.40002e-15 0)
(3 -2.87115e-15 0)
(3 -2.72059e-15 0)
(3 -2.57044e-15 0)
(3 -2.52483e-15 0)
(3 -2.25182e-15 0)
(3 -2.05815e-15 0)
(3 -1.80477e-15 0)
(1.9948 0.373518 0)
(2.99993 -8.43254e-06 0)
(3 -1.18365e-15 0)
(3 -5.71485e-16 0)
(3 -5.70533e-16 0)
(3 -1.03863e-15 0)
(3 -1.29321e-15 0)
(3 -1.16858e-15 0)
(3 -5.44994e-16 0)
(3 -6.69343e-16 0)
(3 -1.43346e-15 0)
(3 -2.02885e-15 0)
(3 -1.98822e-15 0)
(3 -1.73024e-15 0)
(3 -1.88092e-15 0)
(3 -2.00701e-15 0)
(3 -2.07749e-15 0)
(3 -2.14679e-15 0)
(3 -2.13709e-15 0)
(3 -2.13665e-15 0)
(1.99493 -0.373883 0)
(2.99993 7.73049e-06 0)
(3 -8.00556e-16 0)
(3 -7.22333e-16 0)
(3 -8.41548e-16 0)
(3 -7.05614e-16 0)
(3 -9.70319e-16 0)
(3 -1.28155e-15 0)
(3 -1.32182e-15 0)
(3 -4.61475e-16 0)
(3 7.82964e-17 0)
(3 3.05163e-16 0)
(3 5.22169e-17 0)
(3 -3.74438e-16 0)
(3 -5.5065e-16 0)
(3 -6.00762e-16 0)
(3 -5.60375e-16 0)
(3 -3.43829e-16 0)
(3 -2.33659e-16 0)
(3 -1.43058e-16 0)
(2.10432 -0.64861 0)
(2.9906 -0.000243248 0)
(3 -3.96412e-15 0)
(3 -1.6669e-15 0)
(3 -1.70648e-15 0)
(3 -1.77839e-15 0)
(3 -2.09223e-15 0)
(3 -2.1244e-15 0)
(3 -2.09342e-15 0)
(3 -1.70311e-15 0)
(3 -8.36154e-16 0)
(3 -3.89857e-16 0)
(3 -9.92353e-17 0)
(3 5.49971e-17 0)
(3 1.62721e-16 0)
(3 5.51254e-16 0)
(3 5.41188e-16 0)
(3 3.42283e-16 0)
(3 1.23052e-16 0)
(3 -7.14944e-18 0)
(1.94118 -0.887126 0)
(2.69889 -0.219815 0)
(3 -8.93073e-17 0)
(3 -7.41397e-16 0)
(3 -1.18189e-15 0)
(3 -1.96707e-15 0)
(3 -2.35453e-15 0)
(3 -2.41008e-15 0)
(3 -2.05921e-15 0)
(3 -1.70428e-15 0)
(3 -1.31642e-15 0)
(3 -4.03792e-16 0)
(3 2.36666e-16 0)
(3 8.12822e-16 0)
(3 1.20822e-15 0)
(3 1.15455e-15 0)
(3 8.49052e-16 0)
(3 1.71684e-16 0)
(3 -2.7422e-16 0)
(3 -4.54622e-16 0)
(1.80132 -1.01215 0)
(2.42427 -0.456412 0)
(3 4.31974e-15 0)
(3 3.76433e-15 0)
(3 3.4392e-15 0)
(3 2.30643e-15 0)
(3 -1.91756e-16 0)
(3 4.59854e-16 0)
(3 1.59202e-15 0)
(3 2.28727e-15 0)
(3 2.17785e-15 0)
(3 2.2547e-15 0)
(3 2.49862e-15 0)
(3 2.38505e-15 0)
(3 2.03202e-15 0)
(3 1.49323e-15 0)
(3 1.2253e-15 0)
(3 1.01087e-15 0)
(3 7.62543e-16 0)
(3 6.09443e-16 0)
(1.76598 -1.09449 0)
(2.23352 -0.653006 0)
(3 5.43605e-16 0)
(3 2.01837e-15 0)
(3 1.22739e-15 0)
(3 6.28989e-16 0)
(3 6.44158e-17 0)
(3 1.02265e-15 0)
(3 1.7135e-15 0)
(3 1.59006e-15 0)
(3 1.72502e-15 0)
(3 1.95244e-15 0)
(3 1.92047e-15 0)
(3 1.41226e-15 0)
(3 2.97898e-16 0)
(3 -6.04721e-16 0)
(3 -9.08803e-16 0)
(3 -1.13223e-15 0)
(3 -1.64539e-15 0)
(3 -2.59416e-15 0)
(1.7285 -1.16752 0)
(2.07505 -0.813444 0)
(3 -5.46593e-16 0)
(3 -2.39802e-15 0)
(3 -2.01595e-15 0)
(3 -2.18276e-15 0)
(3 -1.5466e-15 0)
(3 -8.77898e-16 0)
(3 -7.47616e-17 0)
(3 3.99699e-16 0)
(3 9.43884e-16 0)
(3 1.15729e-15 0)
(3 1.07387e-15 0)
(3 -1.99337e-16 0)
(3 -7.54181e-16 0)
(3 -2.13434e-15 0)
(3 -2.66268e-15 0)
(3 -2.64042e-15 0)
(3 -3.18045e-15 0)
(3 -2.95171e-15 0)
(1.66351 -1.20558 0)
(1.88512 -0.977046 0)
(2.9805 -0.0125149 0)
(3 -1.28088e-15 0)
(3 -2.04294e-15 0)
(3 -1.84376e-15 0)
(3 -1.66843e-15 0)
(3 -1.74628e-15 0)
(3 -1.14591e-15 0)
(3 -1.0331e-16 0)
(3 3.47557e-16 0)
(3 -4.90488e-17 0)
(3 -1.36112e-15 0)
(3 -2.5015e-15 0)
(3 -4.16555e-15 0)
(3 -3.67727e-15 0)
(3 -2.43182e-15 0)
(3 -3.10517e-15 0)
(3 -2.85264e-15 0)
(3 -2.67531e-15 0)
(1.65293 -1.23881 0)
(1.81424 -1.10387 0)
(2.8644 -0.1017 0)
(3 7.83944e-16 0)
(3 -1.12286e-15 0)
(3 -1.29898e-15 0)
(3 -1.30824e-15 0)
(3 -1.66719e-15 0)
(3 -1.56842e-15 0)
(3 -1.30881e-15 0)
(3 -9.47678e-16 0)
(3 -2.20679e-15 0)
(3 -3.25472e-15 0)
(3 -4.01126e-15 0)
(3 -3.96535e-15 0)
(3 -3.50394e-15 0)
(3 -3.17814e-15 0)
(3 -3.06738e-15 0)
(3 -2.62988e-15 0)
(3 -2.66926e-15 0)
(1.63624 -1.26684 0)
(1.64606 -1.24096 0)
(2.65185 -0.292146 0)
(3 -7.83008e-13 0)
(3 1.16386e-13 0)
(3 1.55606e-15 0)
(3 -1.26095e-15 0)
(3 -1.69409e-15 0)
(3 -1.73423e-15 0)
(3 -1.51398e-15 0)
(3 -1.91299e-15 0)
(3 -3.002e-15 0)
(3 -3.32365e-15 0)
(3 -3.40588e-15 0)
(3 -3.02579e-15 0)
(3 -2.69188e-15 0)
(3 -2.14077e-15 0)
(3 -1.83847e-15 0)
(3 -1.03083e-15 0)
(3 3.42027e-16 0)
(1.6183 -1.27903 0)
(1.55242 -1.32947 0)
(2.40297 -0.559552 0)
(3 2.7681e-12 0)
(3 2.02704e-11 0)
(3 -3.25449e-13 0)
(3 1.61987e-15 0)
(3 -2.14889e-15 0)
(3 -2.09552e-15 0)
(3 -2.28427e-15 0)
(3 -3.15067e-15 0)
(3 -3.41657e-15 0)
(3 -2.71527e-15 0)
(3 -1.55184e-15 0)
(3 -1.94739e-15 0)
(3 -1.9764e-15 0)
(3 -1.36595e-15 0)
(3 3.13292e-16 0)
(3 1.93659e-15 0)
(3 3.47221e-15 0)
(1.601 -1.28989 0)
(1.47338 -1.37919 0)
(2.17998 -0.815869 0)
(3.01034 0.00839539 0)
(3 -2.41495e-08 0)
(3 3.66755e-11 0)
(3 -7.90331e-14 0)
(3 -2.16393e-15 0)
(3 -1.68033e-15 0)
(3 -1.94452e-15 0)
(3 -2.57435e-15 0)
(3 -2.24025e-15 0)
(3 -6.01331e-16 0)
(3 3.7255e-16 0)
(3 -2.17701e-16 0)
(3 -4.5203e-16 0)
(3 5.38328e-16 0)
(3 2.87671e-15 0)
(3 3.42462e-15 0)
(3 3.35856e-15 0)
(1.5882 -1.30295 0)
(1.47623 -1.34781 0)
(1.97241 -1.02479 0)
(2.87877 -0.107575 0)
(3 7.37026e-09 0)
(3 -4.26016e-11 0)
(3 1.43282e-13 0)
(3 -1.98835e-15 0)
(3 -1.43698e-15 0)
(3 -2.69095e-16 0)
(3 -1.22917e-15 0)
(3 -1.87383e-16 0)
(3 1.58767e-15 0)
(3 1.86282e-15 0)
(3 5.84833e-16 0)
(3 1.26292e-16 0)
(3 2.50956e-15 0)
(3 2.86992e-15 0)
(3 2.24115e-15 0)
(3 2.5636e-15 0)
(1.59511 -1.33136 0)
(1.49795 -1.3364 0)
(1.72663 -1.18864 0)
(2.38738 -0.555046 0)
(3 1.33206e-07 0)
(3 -3.77319e-12 0)
(3 -3.33757e-14 0)
(3 -4.00531e-15 0)
(3 3.49962e-15 0)
(3 -7.06585e-16 0)
(3 -6.44605e-16 0)
(3 1.69626e-16 0)
(3 2.25433e-15 0)
(3 1.06046e-15 0)
(3 7.8774e-16 0)
(3 1.27357e-16 0)
(3 1.3346e-15 0)
(3 1.60609e-15 0)
(3 1.77318e-15 0)
(3 2.00817e-15 0)
(1.58227 -1.29673 0)
(1.55134 -1.30666 0)
(1.68311 -1.23051 0)
(2.19988 -0.818476 0)
(3.0228 0.0219132 0)
(3 2.14463e-12 0)
(3 1.15126e-12 0)
(3 -1.00747e-12 0)
(3 1.2527e-12 0)
(3 -1.25419e-14 0)
(3 -1.69204e-15 0)
(3 8.08189e-16 0)
(3 1.40124e-15 0)
(3 9.92905e-16 0)
(3 1.44221e-15 0)
(3 -1.15821e-16 0)
(3 1.3897e-16 0)
(3 1.35265e-15 0)
(3 1.57604e-15 0)
(3 1.22907e-15 0)
(1.58175 -1.28317 0)
(1.58884 -1.28304 0)
(1.64477 -1.26384 0)
(1.78925 -1.14569 0)
(2.68601 -0.260802 0)
(3 5.912e-10 0)
(3 -1.38485e-08 0)
(3 1.24626e-08 0)
(3 -5.30615e-10 0)
(3 -2.35127e-12 0)
(3 1.21792e-13 0)
(3 -4.84092e-16 0)
(3 2.16447e-15 0)
(3 6.97545e-16 0)
(3 5.52667e-16 0)
(3 -8.48632e-16 0)
(3 -6.6647e-16 0)
(3 1.03998e-15 0)
(3 1.12697e-15 0)
(3 1.27541e-15 0)
(1.58213 -1.26457 0)
(1.59441 -1.27049 0)
(1.6278 -1.26559 0)
(1.64259 -1.26721 0)
(2.31188 -0.664057 0)
(3.02126 0.0183289 0)
(2.99974 -0.000139051 0)
(3 4.16944e-06 0)
(3 -8.13247e-08 0)
(3 8.89439e-10 0)
(3 -1.04718e-12 0)
(3 1.4598e-15 0)
(3 8.75813e-16 0)
(3 4.05893e-16 0)
(3 1.14002e-16 0)
(3 -7.14359e-16 0)
(3 -5.63264e-16 0)
(3 2.69973e-16 0)
(3 9.31657e-16 0)
(3 1.49669e-15 0)
(1.58135 -1.25237 0)
(1.60311 -1.255 0)
(1.62549 -1.26074 0)
(1.63889 -1.26942 0)
(1.9158 -1.0528 0)
(2.77878 -0.199091 0)
(3.0042 0.000686382 0)
(2.99992 -6.75312e-05 0)
(3 8.06884e-07 0)
(3 -8.56943e-10 0)
(3 -1.30981e-13 0)
(3 3.66894e-15 0)
(3 -9.47941e-16 0)
(3 -7.45752e-16 0)
(3 1.36402e-18 0)
(3 -1.15396e-15 0)
(3 6.08953e-16 0)
(3 5.99163e-16 0)
(3 3.32838e-17 0)
(3 9.3441e-16 0)
(1.57977 -1.24602 0)
(1.60335 -1.25178 0)
(1.61771 -1.25629 0)
(1.61147 -1.27023 0)
(1.72063 -1.2075 0)
(2.25035 -0.774687 0)
(3.00404 0.00956582 0)
(3.00014 0.00048057 0)
(3 -6.04465e-07 0)
(3 -6.40489e-11 0)
(3 -9.97361e-14 0)
(3 2.22427e-15 0)
(3 -1.53425e-15 0)
(3 -1.24421e-15 0)
(3 9.74528e-17 0)
(3 -2.7649e-16 0)
(3 8.06924e-16 0)
(3 2.62923e-17 0)
(3 6.34451e-16 0)
(3 1.68089e-15 0)
(1.57964 -1.24351 0)
(1.59265 -1.25345 0)
(1.60615 -1.26171 0)
(1.60932 -1.2742 0)
(1.63661 -1.26772 0)
(1.71402 -1.21408 0)
(2.24319 -0.741857 0)
(2.9932 -0.0182527 0)
(3 -4.9318e-08 0)
(3 5.38126e-11 0)
(3 -1.7352e-14 0)
(3 4.81126e-14 0)
(3 -2.16848e-15 0)
(3 -1.77411e-15 0)
(3 -7.03394e-16 0)
(3 -1.04499e-16 0)
(3 -1.85128e-16 0)
(3 2.166e-16 0)
(3 1.06464e-15 0)
(3 1.57337e-15 0)
(1.58165 -1.2588 0)
(1.58683 -1.26342 0)
(1.59538 -1.26752 0)
(1.6027 -1.26645 0)
(1.60662 -1.25873 0)
(1.59287 -1.26822 0)
(1.88679 -1.17327 0)
(2.9551 -0.401772 0)
(3.35069 0.618714 0)
(3 -6.05554e-11 0)
(3 7.79091e-11 0)
(3 -8.29413e-11 0)
(3 -3.76571e-15 0)
(3 4.64621e-13 0)
(3 1.4722e-14 0)
(3 -1.9412e-14 0)
(3 1.24866e-14 0)
(3 1.71164e-15 0)
(3 3.09408e-15 0)
(3 4.74065e-15 0)
(1.1625 -0.777587 0)
(1.83872 -1.14379 0)
(1.8414 -1.1559 0)
(1.74207 -1.19752 0)
(1.71572 -1.20038 0)
(1.66137 -1.24455 0)
(1.65353 -1.21669 0)
(1.72325 -1.169 0)
(1.7569 -1.23701 0)
(1.79702 -1.14708 0)
(2.28286 -0.736758 0)
(2.8658 -0.202367 0)
(3.09906 0.0311627 0)
(3.02119 0.0129092 0)
(3.00467 0.00562153 0)
(3.00183 0.00305376 0)
(3.00005 0.000583012 0)
(2.99998 2.11145e-05 0)
(2.99999 -1.43009e-05 0)
(3 -5.89663e-06 0)
(1.00647 -0.0292268 0)
(1.91428 -0.818934 0)
(2.12922 -0.792022 0)
(2.00294 -0.962088 0)
(1.95342 -0.99593 0)
(1.86703 -1.08622 0)
(1.79263 -1.13134 0)
(1.76072 -1.14715 0)
(1.7597 -1.1634 0)
(1.74055 -1.20366 0)
(1.72405 -1.19431 0)
(1.86938 -1.06536 0)
(2.09547 -0.883762 0)
(2.4932 -0.583111 0)
(2.98171 -0.141493 0)
(3.07386 0.0286805 0)
(3.00818 0.00767749 0)
(3.00291 0.00380191 0)
(3.00122 0.00217533 0)
(3.00008 0.000481302 0)
(1.16358 0.124192 0)
(1.92752 0.177627 0)
(2.22641 -0.495424 0)
(2.25279 -0.514615 0)
(2.20454 -0.612444 0)
(2.14255 -0.753582 0)
(2.02733 -0.909172 0)
(1.96509 -0.966551 0)
(1.91129 -1.03062 0)
(1.86066 -1.11912 0)
(1.79843 -1.15721 0)
(1.78847 -1.15058 0)
(1.80442 -1.13122 0)
(1.84593 -1.08934 0)
(2.03946 -0.953011 0)
(2.25836 -0.831481 0)
(2.66427 -0.506158 0)
(3.03656 -0.0925413 0)
(3.05527 0.0239576 0)
(3.00402 0.00467706 0)
(1.12593 0.405129 0)
(1.84094 0.775496 0)
(2.17692 0.913895 0)
(2.30101 -0.152299 0)
(2.34309 -0.333506 0)
(2.33721 -0.363589 0)
(2.28613 -0.502361 0)
(2.20674 -0.651846 0)
(2.14246 -0.756883 0)
(2.09596 -0.888073 0)
(1.98813 -0.999782 0)
(1.91701 -1.06218 0)
(1.87706 -1.08723 0)
(1.86372 -1.09527 0)
(1.86928 -1.05877 0)
(1.89805 -1.04832 0)
(1.96441 -1.01955 0)
(2.16718 -0.899727 0)
(2.38311 -0.788473 0)
(2.77798 -0.439927 0)
(0.816362 0.637211 0)
(1.57329 1.66105 0)
(1.97759 1.5732 0)
(2.17703 0.89088 0)
(2.37143 0.612069 0)
(2.40849 0.0263842 0)
(2.44246 -0.191857 0)
(2.37965 -0.426991 0)
(2.3317 -0.510317 0)
(2.30453 -0.643458 0)
(2.21009 -0.787769 0)
(2.11934 -0.894193 0)
(2.05921 -0.945243 0)
(2.0095 -0.987327 0)
(1.98394 -0.973621 0)
(1.96247 -0.981238 0)
(1.95729 -1.00738 0)
(1.97076 -0.994188 0)
(1.99411 -0.995445 0)
(2.06843 -0.98065 0)
(0.667732 0.672631 0)
(1.52226 1.50858 0)
(2.22894 1.66521 0)
(2.09177 1.43572 0)
(2.2196 1.20801 0)
(2.39384 0.735513 0)
(2.47084 0.343178 0)
(2.49684 0.123213 0)
(2.44817 -0.118236 0)
(2.46022 -0.235752 0)
(2.40791 -0.410794 0)
(2.34105 -0.545132 0)
(2.28847 -0.631185 0)
(2.23129 -0.709357 0)
(2.18355 -0.755597 0)
(2.1391 -0.795963 0)
(2.07579 -0.868264 0)
(2.0476 -0.909317 0)
(2.02925 -0.943303 0)
(2.0598 -0.956728 0)
(0.818915 0.806392 0)
(1.26939 1.0982 0)
(2.16963 1.70763 0)
(2.27545 1.76881 0)
(2.34625 1.37916 0)
(2.34277 1.23587 0)
(2.42272 0.877362 0)
(2.47242 0.626461 0)
(2.48449 0.420302 0)
(2.51166 0.246925 0)
(2.53049 0.0432625 0)
(2.48307 -0.179722 0)
(2.46265 -0.327772 0)
(2.40116 -0.483664 0)
(2.3454 -0.599458 0)
(2.30124 -0.654291 0)
(2.22398 -0.739639 0)
(2.20294 -0.733205 0)
(2.18515 -0.753251 0)
(2.14923 -0.774773 0)
(1.01812 0.891953 0)
(1.24865 1.06457 0)
(1.77326 1.68004 0)
(2.12158 2.12684 0)
(2.60108 1.44298 0)
(2.4693 1.51985 0)
(2.58356 1.10841 0)
(2.63153 0.754756 0)
(2.625 0.663095 0)
(2.62692 0.362665 0)
(2.66146 0.17501 0)
(2.60387 -0.0808116 0)
(2.58498 -0.215355 0)
(2.52818 -0.361392 0)
(2.48747 -0.431625 0)
(2.44819 -0.452426 0)
(2.41253 -0.451434 0)
(2.40151 -0.42912 0)
(2.32399 -0.539717 0)
(2.31888 -0.525033 0)
(1.15588 0.985717 0)
(1.28628 1.09463 0)
(1.6733 1.66441 0)
(1.73153 2.0522 0)
(2.26116 1.6788 0)
(2.52396 1.72076 0)
(2.7384 1.33082 0)
(2.79059 0.843289 0)
(2.79901 0.629883 0)
(2.74205 0.433381 0)
(2.72926 0.31629 0)
(2.69374 0.166204 0)
(2.66777 0.0925428 0)
(2.6467 0.0174727 0)
(2.60858 -0.0491957 0)
(2.57906 -0.0717364 0)
(2.55333 -0.115745 0)
(2.51211 -0.226147 0)
(2.44205 -0.378736 0)
(2.4467 -0.364953 0)
(1.27893 1.11534 0)
(1.33015 1.20272 0)
(1.53155 1.6824 0)
(1.67348 1.96998 0)
(1.83873 1.82369 0)
(2.05623 1.74094 0)
(2.25724 1.55507 0)
(2.43856 1.21649 0)
(2.57862 1.06075 0)
(2.59281 1.0568 0)
(2.61391 0.868659 0)
(2.63066 0.711084 0)
(2.62392 0.555508 0)
(2.66523 0.471515 0)
(2.64228 0.28473 0)
(2.66058 0.181363 0)
(2.6349 -0.00994944 0)
(2.59859 -0.152708 0)
(2.53456 -0.231897 0)
(2.57301 -0.119833 0)
(1.39284 1.31306 0)
(1.3643 1.40739 0)
(1.423 1.76743 0)
(1.64944 1.91728 0)
(1.78226 1.86357 0)
(1.95369 1.76071 0)
(2.09525 1.72045 0)
(2.26657 1.53484 0)
(2.33339 1.41398 0)
(2.38395 1.35013 0)
(2.47423 1.14155 0)
(2.56039 0.990267 0)
(2.61072 0.754147 0)
(2.72372 0.63602 0)
(2.70305 0.351776 0)
(2.72038 0.220059 0)
(2.69973 0.0453769 0)
(2.66605 0.0291024 0)
(2.64205 0.0986269 0)
(2.62051 0.0560399 0)
(1.5236 1.54893 0)
(1.4411 1.70644 0)
(1.41703 1.97447 0)
(1.63704 1.97241 0)
(1.75769 1.98079 0)
(1.88815 1.83088 0)
(1.99046 1.81318 0)
(2.16281 1.62454 0)
(2.26131 1.51644 0)
(2.39483 1.42414 0)
(2.52635 1.16131 0)
(2.64489 0.984256 0)
(2.68884 0.732722 0)
(2.75123 0.620794 0)
(2.76013 0.45766 0)
(2.75715 0.438837 0)
(2.7455 0.349323 0)
(2.71943 0.413418 0)
(2.71057 0.432533 0)
(2.66884 0.242985 0)
(1.74936 1.63459 0)
(1.65899 1.83974 0)
(1.54335 2.1393 0)
(1.69874 2.10978 0)
(1.78232 2.04362 0)
(1.96344 1.85818 0)
(2.03834 1.87845 0)
(2.23809 1.66343 0)
(2.41288 1.57404 0)
(2.56423 1.36073 0)
(2.64701 1.26316 0)
(2.72318 1.07777 0)
(2.73283 1.04141 0)
(2.7474 0.988775 0)
(2.75195 0.895662 0)
(2.72985 0.838245 0)
(2.71287 0.746995 0)
(2.74396 0.762144 0)
(2.73757 0.621655 0)
(2.73797 0.398671 0)
(1.91241 1.63201 0)
(1.9491 1.681 0)
(1.78175 2.143 0)
(1.82294 2.20907 0)
(1.95191 2.11364 0)
(2.06876 2.00538 0)
(2.19486 1.96634 0)
(2.34576 1.80522 0)
(2.44811 1.78727 0)
(2.59228 1.56221 0)
(2.60502 1.60732 0)
(2.66281 1.44024 0)
(2.63246 1.39944 0)
(2.63505 1.31257 0)
(2.65204 1.20363 0)
(2.66467 1.0864 0)
(2.69872 0.998575 0)
(2.79479 0.90573 0)
(2.79817 0.668883 0)
(2.80331 0.495212 0)
(1.85506 1.59314 0)
(2.14716 1.50808 0)
(2.02207 2.07962 0)
(1.94728 2.23937 0)
(2.11054 2.20141 0)
(2.18827 2.24136 0)
(2.26974 2.03047 0)
(2.26464 1.93979 0)
(2.34734 1.88858 0)
(2.46138 1.79063 0)
(2.41634 1.816 0)
(2.47435 1.66903 0)
(2.50302 1.55869 0)
(2.55363 1.47784 0)
(2.62948 1.36909 0)
(2.67637 1.21848 0)
(2.77356 1.0763 0)
(2.86187 0.884851 0)
(2.86484 0.739376 0)
(2.75549 0.739806 0)
(1.6828 1.51713 0)
(2.09153 1.47794 0)
(2.13973 2.01937 0)
(2.09801 2.2316 0)
(2.19776 2.20501 0)
(2.20053 2.26753 0)
(2.25585 2.06943 0)
(2.16244 2.03671 0)
(2.1675 2.05308 0)
(2.20919 1.9512 0)
(2.24222 1.89255 0)
(2.36579 1.76537 0)
(2.45375 1.65834 0)
(2.59035 1.55104 0)
(2.71527 1.38371 0)
(2.78352 1.17276 0)
(2.80102 1.13124 0)
(2.80349 1.08132 0)
(2.72187 1.17584 0)
(2.65268 1.1879 0)
(1.59211 1.47845 0)
(1.88625 1.49208 0)
(2.0441 2.03167 0)
(2.07205 2.23993 0)
(2.12044 2.26498 0)
(2.08439 2.34177 0)
(2.1016 2.15688 0)
(2.03399 2.12067 0)
(2.03811 2.09361 0)
(2.1231 1.97554 0)
(2.24781 1.85146 0)
(2.4043 1.79963 0)
(2.54 1.64102 0)
(2.65291 1.5777 0)
(2.71058 1.54823 0)
(2.70167 1.55303 0)
(2.62386 1.61758 0)
(2.59531 1.50872 0)
(2.56347 1.52604 0)
(2.61279 1.35533 0)
(1.5201 1.46986 0)
(1.72395 1.54512 0)
(1.91516 1.96393 0)
(1.96742 2.17585 0)
(1.96662 2.28824 0)
(1.97946 2.27981 0)
(2.01741 2.19049 0)
(1.98574 2.15908 0)
(1.97864 2.13311 0)
(2.07481 2.08748 0)
(2.22974 2.0107 0)
(2.30932 1.99309 0)
(2.41099 1.93203 0)
(2.4262 1.93757 0)
(2.41793 1.87559 0)
(2.40822 1.81862 0)
(2.41846 1.79301 0)
(2.45867 1.67757 0)
(2.52835 1.65614 0)
(2.63735 1.52775 0)
(1.49642 1.4896 0)
(1.5885 1.57121 0)
(1.69372 1.69678 0)
(1.79103 1.88102 0)
(1.815 1.86593 0)
(1.74502 1.56613 0)
(1.76628 1.19779 0)
(1.89897 1.26247 0)
(1.88579 1.42372 0)
(1.83328 1.33508 0)
(1.787 1.13481 0)
(1.87375 1.06476 0)
(2.00154 1.147 0)
(2.11721 1.43394 0)
(2.11773 1.53015 0)
(2.08832 1.47623 0)
(2.0709 1.25698 0)
(2.18032 1.14094 0)
(2.32133 1.11956 0)
(2.37779 1.11769 0)
(1.33582 0.672135 0)
(1.26495 0.66168 0)
(1.22798 0.479616 0)
(1.31388 0.505508 0)
(1.33378 0.420593 0)
(1.32929 0.224286 0)
(1.42671 0.0522763 0)
(1.54956 0.137087 0)
(1.62345 0.256643 0)
(1.58278 0.247309 0)
(1.52283 0.156542 0)
(1.56636 0.100682 0)
(1.61521 0.128439 0)
(1.65573 0.251419 0)
(1.71417 0.344667 0)
(1.6936 0.325135 0)
(1.71634 0.218496 0)
(1.79073 0.169328 0)
(1.85396 0.215413 0)
(1.86068 0.240113 0)
(1.94223 -0.182102 0)
(2.01013 -0.130069 0)
(2.08037 -0.0723364 0)
(2.11987 -0.0702735 0)
(2.1076 -0.0188448 0)
(2.11453 -0.00834362 0)
(2.1657 -0.00681551 0)
(2.20087 -0.0154444 0)
(2.21407 -0.0180679 0)
(2.20765 -0.012592 0)
(2.20016 -0.0080323 0)
(2.20207 0.00114752 0)
(2.22936 0.00230547 0)
(2.24093 -0.00221105 0)
(2.24816 -0.00540734 0)
(2.25927 0.00450925 0)
(2.26358 0.00970862 0)
(2.27264 0.0138204 0)
(2.28191 0.0098194 0)
(2.29062 -0.00106662 0)
(2.33678 -0.810779 0)
(2.27407 -0.497774 0)
(2.31796 -0.345428 0)
(2.34468 -0.213246 0)
(2.27399 -0.0423515 0)
(2.24835 -0.0032542 0)
(2.24858 0.011263 0)
(2.29233 -0.025488 0)
(2.30097 -0.0418347 0)
(2.28053 -0.0399557 0)
(2.26922 -0.0281512 0)
(2.26541 -0.00960994 0)
(2.28151 0.000481156 0)
(2.29092 -0.0117551 0)
(2.29328 -0.0198859 0)
(2.29789 -0.0178022 0)
(2.30195 -0.00724952 0)
(2.31024 0.00555502 0)
(2.32301 0.0127076 0)
(2.32478 0.00589608 0)
(2.71508 -1.47053 0)
(2.65687 -1.39127 0)
(2.59746 -1.09331 0)
(2.62884 -0.871136 0)
(2.58765 -0.457414 0)
(2.60578 -0.259132 0)
(2.51916 -0.0275491 0)
(2.48792 -0.0506843 0)
(2.41257 -0.049397 0)
(2.4201 -0.0407503 0)
(2.40994 -0.0372633 0)
(2.39463 -0.0113495 0)
(2.39167 0.0126618 0)
(2.39455 0.00724543 0)
(2.40028 -0.0164687 0)
(2.39508 -0.0275857 0)
(2.39174 -0.0260297 0)
(2.39097 -0.0126977 0)
(2.39235 0.00708352 0)
(2.38837 0.00516614 0)
(2.74047 -1.20711 0)
(2.72082 -1.19745 0)
(2.7138 -1.26607 0)
(2.72423 -1.20325 0)
(2.73639 -1.07418 0)
(2.77385 -0.798927 0)
(2.7375 -0.399725 0)
(2.73629 -0.297023 0)
(2.59546 -0.104473 0)
(2.55259 -0.0811701 0)
(2.51827 -0.0399313 0)
(2.51676 -0.0176701 0)
(2.50613 0.00412932 0)
(2.49975 -0.000589243 0)
(2.49894 -0.0154868 0)
(2.50452 -0.0249366 0)
(2.49984 -0.025087 0)
(2.49331 -0.0180082 0)
(2.47943 -0.00102931 0)
(2.46871 0.00348663 0)
(2.72862 -1.06544 0)
(2.73155 -1.04376 0)
(2.69996 -1.05565 0)
(2.73531 -1.03179 0)
(2.77656 -1.00735 0)
(2.79801 -0.956875 0)
(2.79133 -0.917141 0)
(2.78212 -0.74339 0)
(2.72091 -0.437591 0)
(2.71621 -0.240684 0)
(2.63509 -0.0735594 0)
(2.60501 -0.0219262 0)
(2.582 0.00726818 0)
(2.57007 0.00753445 0)
(2.5544 -0.00851714 0)
(2.56261 -0.0240202 0)
(2.56655 -0.0278465 0)
(2.56252 -0.0234505 0)
(2.54469 -0.00341949 0)
(2.53346 -0.000628072 0)
(2.72045 -0.908831 0)
(2.7286 -0.912124 0)
(2.7203 -0.925881 0)
(2.73486 -0.922653 0)
(2.78443 -0.913458 0)
(2.83028 -0.881375 0)
(2.83616 -0.864836 0)
(2.80004 -0.884312 0)
(2.74413 -0.852197 0)
(2.71548 -0.526936 0)
(2.72398 -0.273676 0)
(2.66018 -0.0881293 0)
(2.62706 -0.0239332 0)
(2.59688 0.00390918 0)
(2.57952 0.00191588 0)
(2.58328 -0.0139831 0)
(2.59026 -0.0220659 0)
(2.58698 -0.0180801 0)
(2.57495 -0.00584901 0)
(2.56585 -0.00653969 0)
(2.72253 -0.651905 0)
(2.73315 -0.723256 0)
(2.73335 -0.782048 0)
(2.74193 -0.80051 0)
(2.78331 -0.80327 0)
(2.82483 -0.809746 0)
(2.82497 -0.797019 0)
(2.78114 -0.782719 0)
(2.74047 -0.785524 0)
(2.71585 -0.806605 0)
(2.6961 -0.620729 0)
(2.67818 -0.322208 0)
(2.64308 -0.154087 0)
(2.59039 -0.0317312 0)
(2.58241 0.000695323 0)
(2.58718 -0.00700247 0)
(2.59424 -0.0054004 0)
(2.58923 -0.00129083 0)
(2.58119 -0.00680937 0)
(2.57302 -0.00841692 0)
(2.70637 -0.451925 0)
(2.72886 -0.580462 0)
(2.75725 -0.641558 0)
(2.76288 -0.677882 0)
(2.77653 -0.701126 0)
(2.80707 -0.724415 0)
(2.8145 -0.705435 0)
(2.74967 -0.691082 0)
(2.7124 -0.707101 0)
(2.6919 -0.73518 0)
(2.69926 -0.756268 0)
(2.70374 -0.654 0)
(2.65537 -0.355248 0)
(2.63106 -0.183357 0)
(2.58481 -0.0140299 0)
(2.57677 -0.00670955 0)
(2.58646 0.0154093 0)
(2.58586 0.0179249 0)
(2.57671 -0.00507461 0)
(2.57133 -0.0126395 0)
(2.67626 -0.264167 0)
(2.7116 -0.38485 0)
(2.78541 -0.470643 0)
(2.78139 -0.53687 0)
(2.75589 -0.591337 0)
(2.75517 -0.647549 0)
(2.76418 -0.641107 0)
(2.71396 -0.621368 0)
(2.6848 -0.637975 0)
(2.69143 -0.670983 0)
(2.7078 -0.694177 0)
(2.72165 -0.715531 0)
(2.72213 -0.666492 0)
(2.67455 -0.384432 0)
(2.62613 -0.157633 0)
(2.59049 -0.0316138 0)
(2.58896 0.0109013 0)
(2.57554 0.00923661 0)
(2.56224 -0.01992 0)
(2.57075 -0.0137523 0)
(2.63522 -0.12679 0)
(2.68241 -0.224889 0)
(2.78823 -0.312874 0)
(2.76039 -0.384481 0)
(2.72413 -0.481241 0)
(2.70299 -0.549591 0)
(2.71038 -0.594724 0)
(2.69289 -0.579256 0)
(2.67113 -0.581595 0)
(2.68281 -0.599985 0)
(2.71191 -0.630488 0)
(2.73476 -0.665578 0)
(2.73736 -0.696863 0)
(2.72099 -0.647935 0)
(2.67495 -0.376631 0)
(2.64855 -0.158106 0)
(2.60976 0.0268012 0)
(2.56289 -0.00143031 0)
(2.56152 -0.0252406 0)
(2.57943 -0.0140296 0)
(2.51316 0.132988 0)
(2.57904 0.0223382 0)
(2.56693 0.0545835 0)
(2.58888 -0.123728 0)
(2.62813 -0.265047 0)
(2.65682 -0.409961 0)
(2.66682 -0.454606 0)
(2.69218 -0.468685 0)
(2.69815 -0.501595 0)
(2.6925 -0.507986 0)
(2.71613 -0.556555 0)
(2.7296 -0.572313 0)
(2.73599 -0.616398 0)
(2.74447 -0.645972 0)
(2.73958 -0.607825 0)
(2.72523 -0.442532 0)
(2.68752 -0.208589 0)
(2.66029 -0.132499 0)
(2.66049 -0.038089 0)
(2.62544 -0.00738722 0)
(2.3227 0.602506 0)
(2.47085 0.281783 0)
(2.53097 0.0803854 0)
(2.5445 0.0496245 0)
(2.60847 -0.124343 0)
(2.64806 -0.265007 0)
(2.65018 -0.338973 0)
(2.69994 -0.377958 0)
(2.72312 -0.432947 0)
(2.7089 -0.434631 0)
(2.69583 -0.444282 0)
(2.72165 -0.475655 0)
(2.73071 -0.499577 0)
(2.74482 -0.566005 0)
(2.76476 -0.596852 0)
(2.79404 -0.573275 0)
(2.77301 -0.502073 0)
(2.75001 -0.331455 0)
(2.74956 -0.180517 0)
(2.71977 -0.0513628 0)
(2.34703 0.708131 0)
(2.37282 0.625701 0)
(2.46613 0.410566 0)
(2.5422 0.192798 0)
(2.56885 0.129834 0)
(2.58359 0.0357809 0)
(2.625 -0.118568 0)
(2.66277 -0.11367 0)
(2.67917 -0.167409 0)
(2.68249 -0.26622 0)
(2.69803 -0.349241 0)
(2.72102 -0.376804 0)
(2.75436 -0.409883 0)
(2.77801 -0.445039 0)
(2.79432 -0.466862 0)
(2.81632 -0.513318 0)
(2.82473 -0.528556 0)
(2.82337 -0.522786 0)
(2.82728 -0.456865 0)
(2.80381 -0.215396 0)
(2.43347 0.686874 0)
(2.43167 0.67953 0)
(2.43179 0.644537 0)
(2.47014 0.536646 0)
(2.54335 0.33603 0)
(2.5558 0.276446 0)
(2.64603 0.0308139 0)
(2.66446 -0.0495528 0)
(2.69557 -0.178285 0)
(2.71393 -0.250259 0)
(2.73075 -0.314513 0)
(2.75443 -0.350338 0)
(2.79085 -0.352411 0)
(2.79969 -0.337027 0)
(2.81727 -0.392731 0)
(2.81845 -0.413314 0)
(2.8361 -0.445216 0)
(2.84642 -0.497359 0)
(2.87388 -0.49453 0)
(2.87751 -0.422838 0)
(2.72227 0.44169 0)
(2.59041 0.6081 0)
(2.52837 0.630032 0)
(2.5248 0.616916 0)
(2.52753 0.571661 0)
(2.5634 0.461006 0)
(2.62218 0.292634 0)
(2.63858 0.216941 0)
(2.69097 0.0508376 0)
(2.71709 0.00724787 0)
(2.72402 -0.0361909 0)
(2.75182 -0.123608 0)
(2.76484 -0.129185 0)
(2.79178 -0.208056 0)
(2.82792 -0.283951 0)
(2.8371 -0.333277 0)
(2.8642 -0.359587 0)
(2.89334 -0.403261 0)
(2.91632 -0.431559 0)
(2.9191 -0.431744 0)
(2.96879 0.0699643 0)
(2.84766 0.311689 0)
(2.73739 0.473628 0)
(2.61376 0.580198 0)
(2.61054 0.581177 0)
(2.60908 0.566355 0)
(2.62201 0.508378 0)
(2.64653 0.420323 0)
(2.70272 0.262184 0)
(2.73808 0.158484 0)
(2.75667 0.0774742 0)
(2.80328 -0.0912212 0)
(2.81152 -0.141808 0)
(2.83185 -0.198897 0)
(2.85461 -0.278869 0)
(2.87657 -0.297242 0)
(2.90831 -0.303687 0)
(2.92835 -0.318922 0)
(2.92405 -0.329326 0)
(2.92812 -0.374661 0)
(2.99898 0.00339729 0)
(2.98533 0.0372697 0)
(2.95053 0.133074 0)
(2.82427 0.368883 0)
(2.74737 0.487845 0)
(2.66773 0.551713 0)
(2.66666 0.549213 0)
(2.66919 0.532323 0)
(2.686 0.482518 0)
(2.72422 0.378765 0)
(2.75724 0.277825 0)
(2.7924 0.162265 0)
(2.81737 0.0705704 0)
(2.83319 0.03853 0)
(2.84833 -0.0289292 0)
(2.85865 -0.0784188 0)
(2.87236 -0.0930167 0)
(2.88875 -0.157554 0)
(2.92197 -0.243141 0)
(2.93716 -0.304783 0)
(2.99998 7.21416e-05 0)
(2.99963 0.000918117 0)
(2.99748 0.00767642 0)
(2.97616 0.0607683 0)
(2.927 0.183999 0)
(2.83097 0.370889 0)
(2.77139 0.472214 0)
(2.71298 0.523912 0)
(2.71358 0.520861 0)
(2.71994 0.501672 0)
(2.7362 0.456768 0)
(2.76905 0.374245 0)
(2.81089 0.252015 0)
(2.83982 0.160898 0)
(2.86875 0.0709132 0)
(2.89132 -0.0413639 0)
(2.89809 -0.102452 0)
(2.9149 -0.167013 0)
(2.93925 -0.228925 0)
(2.96764 -0.261248 0)
(3 1.10557e-06 0)
(3 9.67145e-06 0)
(2.99996 0.00011179 0)
(2.99921 0.00193175 0)
(2.99459 0.0141604 0)
(2.96921 0.0783515 0)
(2.92398 0.194422 0)
(2.83849 0.370537 0)
(2.79602 0.446875 0)
(2.7525 0.492069 0)
(2.75263 0.491247 0)
(2.75848 0.477291 0)
(2.77468 0.436986 0)
(2.80686 0.35413 0)
(2.83688 0.272149 0)
(2.86868 0.171426 0)
(2.89049 0.0880063 0)
(2.90885 0.028074 0)
(2.91642 0.007844 0)
(2.93283 -0.0578805 0)
(3 1.24624e-08 0)
(3 8.22014e-08 0)
(3 9.06874e-07 0)
(2.99999 2.04869e-05 0)
(2.99989 0.000256875 0)
(2.99875 0.00302403 0)
(2.99284 0.0182503 0)
(2.96634 0.0834552 0)
(2.92143 0.198106 0)
(2.85621 0.341501 0)
(2.8138 0.424777 0)
(2.78356 0.464606 0)
(2.78431 0.462721 0)
(2.78894 0.451682 0)
(2.80447 0.416327 0)
(2.83004 0.355616 0)
(2.86323 0.262408 0)
(2.89256 0.174146 0)
(2.91723 0.0900177 0)
(2.9446 -0.0298583 0)
(3 1.06262e-10 0)
(3 6.35992e-10 0)
(3 6.28951e-09 0)
(3 1.43206e-07 0)
(3 2.18348e-06 0)
(2.99998 3.46107e-05 0)
(2.99983 0.000387163 0)
(2.99845 0.00361612 0)
(2.99169 0.0203201 0)
(2.96793 0.0790612 0)
(2.92602 0.183118 0)
(2.86714 0.319562 0)
(2.83303 0.392137 0)
(2.80805 0.436437 0)
(2.80861 0.436446 0)
(2.81258 0.428738 0)
(2.8256 0.400505 0)
(2.84628 0.350645 0)
(2.87684 0.269062 0)
(2.91216 0.161604 0)
(3 7.15057e-13 0)
(3 4.41342e-12 0)
(3 4.01085e-11 0)
(3 8.5803e-10 0)
(3 1.41544e-08 0)
(3 2.49323e-07 0)
(3 3.44752e-06 0)
(2.99998 4.60788e-05 0)
(2.9998 0.000452992 0)
(2.99843 0.00365881 0)
(2.99202 0.0188061 0)
(2.96972 0.0725616 0)
(2.93267 0.164271 0)
(2.8835 0.28286 0)
(2.84707 0.367195 0)
(2.8275 0.408529 0)
(2.82797 0.409109 0)
(2.83095 0.403869 0)
(2.83963 0.387671 0)
(2.87094 0.313672 0)
(3 9.28052e-15 0)
(3 3.0841e-14 0)
(3 2.36325e-13 0)
(3 4.64656e-12 0)
(3 8.03994e-11 0)
(3 1.49634e-09 0)
(3 2.31804e-08 0)
(3 3.38674e-07 0)
(3 4.26523e-06 0)
(2.99998 4.71111e-05 0)
(2.9998 0.00045058 0)
(2.99857 0.00321782 0)
(2.99267 0.0173863 0)
(2.97655 0.0553633 0)
(2.93531 0.156654 0)
(2.90779 0.228596 0)
(2.85813 0.348837 0)
(2.84352 0.375949 0)
(2.84339 0.384099 0)
(2.84952 0.374144 0)
(3 1.75795e-15 0)
(3 1.95199e-15 0)
(3 2.24105e-15 0)
(3 2.46582e-14 0)
(3 4.04657e-13 0)
(3 8.18186e-12 0)
(3 1.32768e-10 0)
(3 2.09138e-09 0)
(3 2.87634e-08 0)
(3 3.58603e-07 0)
(3 4.32863e-06 0)
(2.99998 4.30379e-05 0)
(2.99982 0.000394803 0)
(2.99889 0.00250492 0)
(2.99375 0.0142791 0)
(2.98129 0.0453486 0)
(2.94781 0.127538 0)
(2.91728 0.205542 0)
(2.8831 0.30516 0)
(2.87286 0.346308 0)
(3 2.21432e-15 0)
(3 5.35094e-16 0)
(3 1.22362e-16 0)
(3 7.05106e-17 0)
(3 6.76471e-16 0)
(3 3.29695e-14 0)
(3 6.21125e-13 0)
(3 9.85858e-12 0)
(3 1.49026e-10 0)
(3 1.93303e-09 0)
(3 2.59772e-08 0)
(3 2.81963e-07 0)
(3 3.2628e-06 0)
(2.99998 2.72264e-05 0)
(2.99983 0.000275773 0)
(2.99905 0.0014577 0)
(2.99422 0.00922225 0)
(2.98109 0.0274618 0)
(2.94843 0.0801392 0)
(2.88015 0.153711 0)
(2.40926 0.411952 0)
(2.27304 0.701961 0)
(2.34131 0.736408 0)
(2.54867 0.602744 0)
(2.85829 0.241814 0)
(2.98701 0.0322227 0)
(2.99955 0.00157404 0)
(2.99999 3.87808e-05 0)
(3 5.87459e-07 0)
(3 5.94823e-09 0)
(3 4.26767e-11 0)
(3 2.37172e-13 0)
(3 3.59223e-15 0)
(3 1.87783e-15 0)
(3 2.54644e-15 0)
(2.28431 0.645771 0)
(2.25624 0.788198 0)
(2.40012 0.739722 0)
(2.78015 0.374035 0)
(2.99005 0.0355336 0)
(3.00004 0.000469151 0)
(3 -1.13699e-06 0)
(3 -8.40521e-08 0)
(3 -1.54675e-08 0)
(3 -6.43067e-10 0)
(3 -8.38501e-12 0)
(3 -5.07085e-14 0)
(3 1.79587e-15 0)
(3 9.81579e-16 0)
(3 2.37907e-15 0)
(2.19866 0.814542 0)
(2.24803 0.807049 0)
(2.58335 0.558639 0)
(2.94314 0.120065 0)
(2.99893 0.00500874 0)
(2.99999 6.95899e-05 0)
(3 8.52241e-07 0)
(3 1.10071e-08 0)
(3 4.61044e-11 0)
(3 3.08231e-13 0)
(3 1.70023e-14 0)
(3 1.03991e-14 0)
(3 2.46824e-15 0)
(3 6.54397e-16 0)
(3 2.10212e-15 0)
(2.17846 0.877453 0)
(2.4119 0.742194 0)
(2.84345 0.273689 0)
(2.99539 0.0156769 0)
(3 9.55069e-05 0)
(3 -9.39477e-07 0)
(3 -5.58449e-09 0)
(3 -1.05858e-09 0)
(3 -6.32323e-11 0)
(3 -1.1482e-12 0)
(3 -1.25881e-15 0)
(3 8.65654e-15 0)
(3 2.12365e-15 0)
(3 6.74695e-16 0)
(3 1.57811e-15 0)
(2.17977 0.898222 0)
(2.66804 0.45125 0)
(2.98521 0.0335605 0)
(2.99999 0.000385381 0)
(3 2.40209e-06 0)
(3 1.36157e-08 0)
(3 -3.26027e-10 0)
(3 -7.96355e-12 0)
(3 7.76835e-14 0)
(3 5.29174e-15 0)
(3 8.58003e-15 0)
(3 8.0919e-15 0)
(3 1.7651e-15 0)
(3 3.74148e-16 0)
(3 1.32605e-15 0)
(2.56951 0.577054 0)
(2.99112 0.0377835 0)
(3.00023 0.000353607 0)
(3 -1.43757e-06 0)
(3 -2.88749e-07 0)
(3 -1.27531e-08 0)
(3 -1.52709e-10 0)
(3 -6.88716e-13 0)
(3 -7.63879e-15 0)
(3 -5.05745e-17 0)
(3 8.00493e-15 0)
(3 6.77831e-15 0)
(3 1.66881e-15 0)
(3 -4.85963e-16 0)
(3 5.99503e-16 0)
(2.9931 0.0500968 0)
(2.99997 0.00112558 0)
(3 -9.9179e-07 0)
(3 -4.40441e-07 0)
(3 -9.62742e-09 0)
(3 -1.4266e-11 0)
(3 5.6775e-13 0)
(3 8.02375e-14 0)
(3 -1.35244e-15 0)
(3 3.20305e-16 0)
(3 9.04527e-15 0)
(3 6.40349e-15 0)
(3 1.49401e-15 0)
(3 -9.60839e-16 0)
(3 -2.04299e-17 0)
(3.00074 -0.00154292 0)
(3.00003 -0.000107498 0)
(3 -3.49248e-06 0)
(3 2.62305e-08 0)
(3 1.48821e-10 0)
(3 2.52931e-11 0)
(3 6.02125e-13 0)
(3 1.74671e-16 0)
(3 -4.62755e-15 0)
(3 2.48809e-16 0)
(3 8.84647e-15 0)
(3 6.18031e-15 0)
(3 1.58892e-15 0)
(3 -2.75665e-15 0)
(3 -1.3244e-15 0)
(3.00001 -2.17031e-05 0)
(3 1.19813e-07 0)
(3 2.3759e-08 0)
(3 1.16176e-09 0)
(3 -1.36347e-12 0)
(3 -2.65961e-14 0)
(3 -4.25727e-15 0)
(3 -2.16771e-15 0)
(3 -4.30135e-15 0)
(3 6.31819e-16 0)
(3 8.79077e-15 0)
(3 5.26542e-15 0)
(3 1.75458e-15 0)
(3 -2.88269e-15 0)
(3 -1.69037e-15 0)
(3 1.23523e-06 0)
(3 1.42878e-08 0)
(3 -7.62966e-11 0)
(3 -1.2603e-11 0)
(3 -4.05095e-13 0)
(3 -8.95957e-16 0)
(3 8.20874e-16 0)
(3 -2.31178e-15 0)
(3 -4.84351e-15 0)
(3 8.64136e-16 0)
(3 8.94369e-15 0)
(3 4.87409e-15 0)
(3 9.27195e-16 0)
(3 -2.60956e-15 0)
(3 -1.14623e-15 0)
(3 2.12616e-16 0)
(3 3.0733e-16 0)
(3 1.3481e-15 0)
(3 -3.23991e-15 0)
(3 -6.58057e-15 0)
(3 -3.48551e-15 0)
(3 1.42175e-15 0)
(3 -2.66565e-15 0)
(3 -4.8063e-15 0)
(3 9.80753e-16 0)
(3 8.76413e-15 0)
(3 4.1595e-15 0)
(3 2.14327e-16 0)
(3 -2.25445e-15 0)
(3 -9.6091e-16 0)
(3 -5.32699e-17 0)
(3 1.28818e-15 0)
(3 2.53409e-16 0)
(3 -3.55365e-15 0)
(3 -5.49823e-15 0)
(3 -3.0556e-15 0)
(3 1.85699e-15 0)
(3 -2.69978e-15 0)
(3 -4.80352e-15 0)
(3 7.40334e-16 0)
(3 8.71283e-15 0)
(3 2.9821e-15 0)
(3 3.80679e-17 0)
(3 -1.9988e-15 0)
(3 -9.06841e-16 0)
(3 6.24323e-16 0)
(3 1.20638e-15 0)
(3 -2.45442e-16 0)
(3 -3.33953e-15 0)
(3 -5.05821e-15 0)
(3 -2.63964e-15 0)
(3 1.99564e-15 0)
(3 -2.43257e-15 0)
(3 -4.76457e-15 0)
(3 4.81845e-16 0)
(3 8.72244e-15 0)
(3 3.21802e-15 0)
(3 4.30952e-17 0)
(3 -2.40244e-15 0)
(3 -8.27656e-16 0)
(3 4.40373e-16 0)
(3 1.60992e-15 0)
(3 -5.46558e-16 0)
(3 -3.03412e-15 0)
(3 -3.92402e-15 0)
(3 -2.29615e-15 0)
(3 1.78539e-15 0)
(3 -1.12489e-15 0)
(3 -4.96899e-15 0)
(3 -7.31316e-17 0)
(3 8.34628e-15 0)
(3 3.33191e-15 0)
(3 5.93053e-17 0)
(3 -3.27317e-15 0)
(3 -8.23312e-16 0)
(3 5.68224e-16 0)
(3 2.03528e-15 0)
(3 -6.16548e-16 0)
(3 -2.99698e-15 0)
(3 -3.91348e-15 0)
(3 -1.84742e-15 0)
(3 1.73849e-15 0)
(3 -1.12573e-15 0)
(3 -5.04688e-15 0)
(3 9.89825e-17 0)
(3 7.7413e-15 0)
(3 3.44882e-15 0)
(3 -2.03905e-16 0)
(3 -3.64085e-15 0)
(3 -8.55584e-16 0)
(3 6.61334e-16 0)
(3 2.11232e-15 0)
(3 3.25763e-17 0)
(3 -2.5858e-15 0)
(3 -3.60585e-15 0)
(3 -1.35966e-15 0)
(3 1.8449e-15 0)
(3 -1.33353e-15 0)
(3 -5.08437e-15 0)
(3 2.13524e-16 0)
(3 7.13876e-15 0)
(3 3.19419e-15 0)
(3 -6.35454e-16 0)
(3 -3.84167e-15 0)
(3 -8.40395e-16 0)
(3 5.10234e-16 0)
(3 1.54504e-15 0)
(3 2.03043e-16 0)
(3 -1.69274e-15 0)
(3 -3.33096e-15 0)
(3 -1.52653e-15 0)
(3 1.98746e-15 0)
(3 -1.34589e-15 0)
(3 -4.97161e-15 0)
(3 4.59287e-16 0)
(3 7.01159e-15 0)
(3 3.19119e-15 0)
(3 -9.95787e-16 0)
(3 -4.07365e-15 0)
(3 -7.34771e-16 0)
(3 6.24761e-17 0)
(3 1.38874e-15 0)
(3 4.67791e-16 0)
(3 -9.02636e-16 0)
(3 -2.77495e-15 0)
(3 -2.14928e-15 0)
(3 1.69107e-15 0)
(3 -5.24535e-16 0)
(3 -4.6542e-15 0)
(3 3.70672e-16 0)
(3 6.43274e-15 0)
(3 3.37636e-15 0)
(3 -1.47377e-15 0)
(3 -4.20285e-15 0)
(3 -5.11576e-16 0)
(3 -1.00028e-15 0)
(3 9.97221e-16 0)
(3 1.29494e-16 0)
(3 1.0052e-17 0)
(3 -2.05903e-15 0)
(3 -2.55457e-15 0)
(3 1.38154e-15 0)
(3 -2.85387e-17 0)
(3 -4.13287e-15 0)
(3 8.24558e-17 0)
(3 4.96669e-15 0)
(3 3.40755e-15 0)
(3 -1.54358e-15 0)
(3 -4.44334e-15 0)
(3 -3.73286e-16 0)
(3 -1.65483e-15 0)
(3 -3.44626e-17 0)
(3 6.2157e-17 0)
(3 3.32144e-16 0)
(3 -9.94834e-16 0)
(3 -3.11769e-15 0)
(3 7.74767e-16 0)
(3 7.88685e-16 0)
(3 -3.06772e-15 0)
(3 -7.64138e-17 0)
(3 3.89998e-15 0)
(3 3.39523e-15 0)
(3 -1.65585e-15 0)
(3 -4.61496e-15 0)
(3 -1.63912e-16 0)
(3 -1.6767e-15 0)
(3 -6.52433e-16 0)
(3 -5.63543e-16 0)
(3 7.74544e-16 0)
(3 5.11173e-16 0)
(3 -3.81844e-15 0)
(3 3.73739e-16 0)
(3 5.42991e-16 0)
(3 -1.832e-15 0)
(3 -1.9501e-16 0)
(3 2.94552e-15 0)
(3 3.34562e-15 0)
(3 -1.7365e-15 0)
(3 -4.59529e-15 0)
(3 -6.33786e-17 0)
(3 -3.18856e-16 0)
(3 -1.93695e-15 0)
(3 -3.13867e-15 0)
(3 5.50422e-16 0)
(3 1.87871e-15 0)
(3 -2.56591e-15 0)
(3 -2.66789e-17 0)
(3 -4.59404e-16 0)
(3 2.53333e-16 0)
(3 1.10752e-15 0)
(3 2.40537e-15 0)
(3 1.48091e-15 0)
(3 -2.0338e-15 0)
(3 -4.55144e-15 0)
(3 1.06826e-16 0)
(3 7.786e-16 0)
(3 -3.15324e-15 0)
(3 -4.58599e-15 0)
(3 3.7324e-16 0)
(3 3.98954e-15 0)
(3 -1.34006e-15 0)
(3 -3.09194e-17 0)
(3 -5.45343e-17 0)
(3 7.04691e-16 0)
(3 1.1692e-15 0)
(3 1.29192e-15 0)
(3 9.43997e-16 0)
(3 -2.39672e-15 0)
(3 -4.61685e-15 0)
(3 1.57415e-16 0)
(3 8.21142e-16 0)
(3 -4.85971e-15 0)
(3 -5.17522e-15 0)
(3 8.96722e-16 0)
(3 3.89204e-15 0)
(3 -6.74246e-16 0)
(3 1.00944e-15 0)
(3 3.83304e-16 0)
(3 1.92562e-15 0)
(3 1.25842e-15 0)
(3 -9.78035e-16 0)
(3 -6.4568e-16 0)
(3 -3.23868e-15 0)
(3 -3.69894e-15 0)
(3 3.98104e-16 0)
(3 6.48363e-16 0)
(3 -5.38623e-15 0)
(3 -3.45372e-15 0)
(3 9.99561e-16 0)
(3 3.42009e-15 0)
(3 6.96432e-16 0)
(3 2.66286e-16 0)
(3 7.24894e-16 0)
(3 2.76509e-15 0)
(3 2.58564e-15 0)
(3 -1.20184e-15 0)
(3 -4.13617e-15 0)
(3 -3.13496e-15 0)
(3 -1.6345e-15 0)
(3 4.66975e-16 0)
(3 -1.02035e-15 0)
(3 -1.94356e-16 0)
(3 3.15513e-16 0)
(3 3.90622e-17 0)
(3 -4.8898e-16 0)
(3 -3.14542e-16 0)
(3 3.4413e-15 0)
(3 2.95247e-15 0)
(3 3.22896e-15 0)
(3 2.91232e-15 0)
(3 -3.52149e-15 0)
(3 -7.12862e-15 0)
(3 -2.30539e-15 0)
(3 -2.2713e-16 0)
(3 3.18329e-16 0)
(3 -1.2439e-15 0)
(3 1.82141e-15 0)
(3 1.75242e-16 0)
(3 1.92972e-17 0)
(3 -5.23973e-15 0)
(3 -1.0067e-15 0)
(3 6.09272e-15 0)
(3 1.90908e-15 0)
(3 2.3099e-15 0)
(3 2.96575e-15 0)
(3 -2.63633e-15 0)
(3 -8.15688e-15 0)
(3 -2.90294e-15 0)
(3 -8.2234e-16 0)
(3 -3.6783e-16 0)
(3 -2.59865e-15 0)
(3 1.87735e-15 0)
(3 3.7771e-15 0)
(3 2.15874e-15 0)
(3 -4.81112e-15 0)
(3 -2.14763e-15 0)
(3 5.24109e-15 0)
(3 1.04107e-15 0)
(3 2.06964e-15 0)
(3 3.15832e-15 0)
(3 -2.48878e-15 0)
(3 -8.55934e-15 0)
(3 -2.31944e-15 0)
(3 -1.74853e-15 0)
(3 -1.21835e-15 0)
(3 -7.62667e-15 0)
(3 1.551e-15 0)
(3 3.96954e-15 0)
(3 3.69555e-15 0)
(3 1.78972e-15 0)
(3 2.82585e-15 0)
(3 3.49075e-15 0)
(3 -6.30162e-16 0)
(3 6.90273e-16 0)
(3 1.6019e-15 0)
(3 -2.6336e-15 0)
(3 -3.82773e-15 0)
(3 -5.57636e-17 0)
(3 -9.3265e-16 0)
(3 -4.45601e-16 0)
(3 -3.70659e-15 0)
(3 -2.58482e-15 0)
(3 2.78334e-16 0)
(3 2.61129e-15 0)
(3 3.50161e-15 0)
(3 2.63314e-15 0)
(3 -1.872e-16 0)
(3 -1.51832e-15 0)
(3 4.02474e-16 0)
(3 3.43186e-15 0)
(3 6.73166e-16 0)
(3 -3.52016e-15 0)
(3 -4.35025e-16 0)
(3 -8.28183e-16 0)
(3 -1.43139e-16 0)
(3 1.635e-17 0)
(3 4.56291e-16 0)
(3 2.16152e-15 0)
(3 3.65659e-15 0)
(3 5.87165e-15 0)
(3 3.35703e-15 0)
(3 -1.58825e-15 0)
(3 -2.9531e-15 0)
(3 -7.45027e-15 0)
(3 -8.20444e-15 0)
(3 1.65172e-15 0)
(3 2.48358e-15 0)
(3 2.72781e-15 0)
(3 2.20117e-15 0)
(3 1.9406e-15 0)
(3 1.89735e-15 0)
(3 3.4898e-16 0)
(3 -2.55491e-15 0)
(3 -4.31031e-15 0)
(3 -6.78349e-15 0)
(3 3.79053e-15 0)
(3 3.69449e-15 0)
(3 2.68501e-15 0)
(3 1.27684e-16 0)
(3 -1.85203e-15 0)
(3 -7.23952e-16 0)
(3 2.8356e-16 0)
(3 -3.8742e-15 0)
(3 -6.45312e-15 0)
(3 -4.05674e-15 0)
(3 2.35498e-15 0)
(3 2.94448e-15 0)
(3 -2.52563e-15 0)
(3 -2.8167e-15 0)
(3 -3.81642e-15 0)
(3 -3.00088e-15 0)
(3 -2.11615e-16 0)
(3 -1.70428e-15 0)
(3 -4.33787e-15 0)
(3 -4.08517e-15 0)
(3 -3.66328e-16 0)
(3 -1.60571e-15 0)
(3 -2.06163e-15 0)
(3 2.88363e-16 0)
(3 1.49681e-15 0)
(3 1.37561e-15 0)
(3 1.47161e-15 0)
(3 -1.26238e-15 0)
(3 -6.0506e-15 0)
(3 -4.00877e-15 0)
(3 -2.48223e-15 0)
(3 -2.36155e-15 0)
(3 -3.76234e-16 0)
(3 2.94123e-15 0)
(3 6.18178e-15 0)
(3 6.83372e-15 0)
(3 6.01961e-16 0)
(3 -1.1288e-15 0)
(3 -2.0324e-15 0)
(3 -5.46336e-16 0)
(3 -3.85727e-15 0)
(3 -1.81233e-15 0)
(3 -2.5613e-16 0)
(3 7.5283e-16 0)
(3 5.82665e-15 0)
(3 4.67098e-15 0)
(3 1.58935e-15 0)
(3 1.91278e-15 0)
(3 2.46385e-15 0)
(3 -1.80389e-16 0)
(3 -6.68176e-16 0)
(3 1.67445e-16 0)
(3 4.79952e-16 0)
(3 3.02764e-15 0)
(3 4.38071e-15 0)
(3 4.36026e-15 0)
(3 4.55826e-15 0)
(3 3.22674e-15 0)
(3 9.47824e-16 0)
(3 -1.12026e-15 0)
(3 -1.44995e-15 0)
(3 -3.08765e-16 0)
(3 -9.40948e-16 0)
(3 3.01878e-16 0)
(3 1.22857e-15 0)
(3 -9.28956e-16 0)
(3 2.09658e-15 0)
(3 9.25874e-16 0)
(3 -7.13091e-16 0)
(3 -9.70547e-16 0)
(3 -2.13162e-15 0)
(3 -1.30705e-15 0)
(3 -1.95795e-15 0)
(3 -1.94969e-15 0)
(3 -8.68941e-16 0)
(3 -2.03837e-15 0)
(3 -3.28976e-15 0)
(3 -1.66059e-15 0)
(3 -8.05445e-16 0)
(3 7.67738e-16 0)
(3 1.52015e-16 0)
(3 -3.24795e-16 0)
(3 -1.87674e-15 0)
(3 -3.62943e-15 0)
(3 -5.14839e-15 0)
(3 -4.86369e-15 0)
(3 -2.20019e-15 0)
(3 -1.40146e-15 0)
(3 1.18535e-15 0)
(3 2.59211e-15 0)
(3 -2.01542e-16 0)
(3 -1.03565e-15 0)
(3 -2.28629e-15 0)
(3 -3.09253e-15 0)
(3 -5.59344e-15 0)
(3 -5.35093e-15 0)
(3 -2.4896e-15 0)
(3 1.57781e-15 0)
(3 3.68074e-15 0)
(3 1.64215e-15 0)
(3 -5.65591e-16 0)
(3 -1.11012e-15 0)
(3 -1.33068e-15 0)
(3 -1.71415e-15 0)
(3 -4.66173e-15 0)
(3 -4.62159e-15 0)
(3 -5.86669e-16 0)
(3 1.04404e-15 0)
(3 4.70755e-15 0)
(3 7.37176e-15 0)
(3 4.44394e-16 0)
(3 3.91614e-16 0)
(3 -1.09986e-15 0)
(3 -4.55369e-15 0)
(3 -5.4901e-15 0)
(3 -5.84848e-15 0)
(3 4.40467e-16 0)
(3 -1.34613e-15 0)
(3 7.63508e-17 0)
(3 2.65248e-15 0)
(3 -3.3973e-15 0)
(3 -2.7477e-15 0)
(3 -1.71769e-15 0)
(3 -3.13607e-15 0)
(3 -5.3302e-15 0)
(3 -5.07376e-15 0)
(3 -1.03534e-15 0)
(3 -1.10637e-15 0)
(3 -1.77042e-15 0)
(3 -1.73931e-15 0)
(3 -2.77329e-15 0)
(3 -1.75418e-15 0)
(3 -1.36827e-15 0)
(3 -7.34142e-16 0)
(3 -1.35096e-15 0)
(3 1.4871e-15 0)
(3 -2.81469e-17 0)
(3 -1.16724e-15 0)
(3 1.18746e-15 0)
(3 -6.76918e-16 0)
(3 -2.05515e-15 0)
(3 -2.35788e-15 0)
(3 -1.72358e-15 0)
(3 -1.33815e-15 0)
(3 3.17208e-15 0)
(3 3.91414e-15 0)
(3 1.84346e-15 0)
(3 1.60171e-16 0)
(3 4.71976e-16 0)
(3 3.39011e-16 0)
(3 -1.66945e-15 0)
(3 -1.9414e-15 0)
(3 -1.40974e-15 0)
(3 -1.0502e-15 0)
(3 2.39465e-15 0)
(3 4.62418e-15 0)
(3 1.18314e-15 0)
(3 2.91614e-15 0)
(3 1.81651e-15 0)
(3 2.16199e-15 0)
(3 1.64288e-15 0)
(3 8.63776e-16 0)
(3 -2.78516e-16 0)
(3 5.26135e-16 0)
(3 3.92557e-15 0)
(3 3.56477e-15 0)
(3 2.85851e-15 0)
(3 5.1971e-15 0)
(3 6.16353e-15 0)
(3 4.09001e-15 0)
(3 4.18117e-15 0)
(3 1.82254e-15 0)
(3 4.80943e-16 0)
(3 3.81074e-16 0)
(3 1.17119e-15 0)
(3 4.11991e-15 0)
(3 4.44531e-15 0)
(3 5.6021e-15 0)
(3 3.31833e-15 0)
(3 4.28992e-15 0)
(3 4.41219e-15 0)
(3 4.35041e-15 0)
(3 3.13126e-15 0)
(3 3.51999e-15 0)
(3 1.86778e-15 0)
(3 2.69345e-15 0)
(3 2.83231e-15 0)
(3 3.71258e-15 0)
(3 2.48015e-15 0)
(3 3.09997e-15 0)
(3 2.61129e-15 0)
(3 2.10462e-15 0)
(3 2.75276e-15 0)
(3 3.72749e-15 0)
(3 1.91389e-15 0)
(3 -5.04321e-16 0)
(3 -8.33728e-16 0)
(3 -1.72337e-15 0)
(3 -2.17821e-15 0)
(3 3.36342e-15 0)
(3 -9.4704e-16 0)
(3 7.16476e-18 0)
(3 1.82877e-15 0)
(3 2.96881e-15 0)
(3 3.80847e-15 0)
(3 4.62679e-17 0)
(3 -1.87012e-15 0)
(3 -3.45729e-15 0)
(3 -1.5625e-15 0)
(3 -8.86577e-16 0)
(3 -2.14449e-17 0)
(3 1.17211e-15 0)
(3 1.27235e-15 0)
(3 2.01793e-15 0)
(3 3.39568e-15 0)
(3 3.59143e-15 0)
(3 -1.88686e-15 0)
(3 -2.4264e-15 0)
(3 3.19202e-16 0)
(3 -3.95889e-16 0)
(3 3.39509e-15 0)
(3 2.97579e-15 0)
(3 2.90491e-16 0)
(3 -1.91812e-15 0)
(3 -1.51654e-15 0)
(3 2.87131e-16 0)
(3 2.4217e-17 0)
(3 2.14688e-15 0)
(3 -1.57975e-15 0)
(3 -2.81934e-15 0)
(3 1.684e-15 0)
(3 -9.1082e-16 0)
(3 -1.64613e-15 0)
(3 -2.96793e-15 0)
(3 -4.63802e-15 0)
(3 -3.99137e-15 0)
(3 -1.69347e-15 0)
(3 8.19516e-16 0)
(3 -1.21894e-15 0)
(3 -7.23103e-16 0)
(3 1.31002e-15 0)
(3 1.27962e-15 0)
(3 1.58229e-15 0)
(3 -1.9919e-16 0)
(3 -6.52079e-16 0)
(3 -2.45631e-15 0)
(3 -2.52455e-15 0)
(3 5.34435e-16 0)
(3 2.53286e-15 0)
(3 1.33752e-15 0)
(3 -5.441e-16 0)
(3 1.17395e-15 0)
(3 2.42644e-15 0)
(3 4.06039e-15 0)
(3 4.74293e-15 0)
(3 5.51991e-15 0)
(3 3.97244e-15 0)
(3 2.35833e-15 0)
(3 2.004e-15 0)
(3 -3.65363e-16 0)
(3 5.90268e-16 0)
(3 9.04613e-16 0)
(3 1.08672e-15 0)
(3 1.61438e-15 0)
(3 1.52844e-15 0)
(3 1.78955e-15 0)
(3 3.87158e-15 0)
(3 2.27699e-15 0)
(3 1.07731e-16 0)
(3 1.67854e-16 0)
(3 1.09711e-15 0)
(3 4.83997e-17 0)
(3 -8.18442e-16 0)
(3 -2.34177e-16 0)
(3 1.89907e-17 0)
(3 2.39276e-17 0)
(3 1.35527e-15 0)
(3 1.99962e-15 0)
(3 2.15551e-15 0)
(3 1.32913e-15 0)
(3 -8.85981e-16 0)
(3 -7.43997e-16 0)
(3 1.25899e-17 0)
(3 1.33432e-15 0)
(3 1.47731e-15 0)
(3 3.251e-15 0)
(3 -7.05007e-17 0)
(3 8.2973e-17 0)
(3 1.86734e-15 0)
(3 1.35367e-15 0)
(3 3.26177e-16 0)
(3 1.29405e-15 0)
(3 2.38759e-15 0)
(3 2.39255e-15 0)
(3 2.0966e-15 0)
(3 1.74918e-16 0)
(3 -3.60424e-17 0)
(3 -1.28346e-15 0)
(3 -3.44347e-16 0)
(3 -7.23954e-16 0)
(3 3.45842e-15 0)
(3 3.20915e-15 0)
(3 2.21601e-15 0)
(3 1.74375e-15 0)
(3 1.2763e-15 0)
(3 3.4226e-17 0)
(3 -1.26859e-15 0)
(3 -2.07866e-15 0)
(3 -1.03421e-15 0)
(3 -1.44753e-15 0)
(3 2.95713e-15 0)
(3 2.17363e-15 0)
(3 1.61603e-15 0)
(3 4.7105e-16 0)
(3 -8.01135e-16 0)
(3 -3.69851e-16 0)
(3 1.0461e-15 0)
(3 -2.12273e-15 0)
(3 -1.12067e-15 0)
(3 4.40286e-16 0)
(3 3.6111e-16 0)
(3 -2.72104e-18 0)
(3 -4.43179e-17 0)
(3 -1.27638e-16 0)
(3 -2.50144e-16 0)
(3 -1.26261e-16 0)
(3 -1.50809e-16 0)
(3 -8.79789e-16 0)
(3 -1.42053e-15 0)
(3 1.43498e-15 0)
(3 3.05745e-15 0)
(3 4.97598e-16 0)
(3 -1.90131e-15 0)
(3 1.0541e-15 0)
(3 3.88555e-15 0)
(3 2.8675e-15 0)
(3 3.46015e-16 0)
(3 -9.4442e-16 0)
(3 1.12887e-15 0)
(3 9.46014e-16 0)
(3 -9.46518e-16 0)
(3 -2.65937e-17 0)
(3 3.68431e-15 0)
(3 3.27025e-15 0)
(3 3.76087e-16 0)
(3 2.12957e-15 0)
(3 4.54897e-16 0)
(3 -1.41621e-15 0)
(3 1.18613e-15 0)
(3 4.56629e-15 0)
(3 3.06825e-15 0)
(3 -6.5344e-16 0)
(3 -1.31195e-15 0)
(3 1.6218e-15 0)
(3 8.11737e-16 0)
(3 -1.21456e-15 0)
(3 4.81002e-17 0)
(3 3.78646e-15 0)
(3 3.58931e-15 0)
(3 6.39885e-16 0)
(3 1.36185e-15 0)
(3 -8.99113e-16 0)
(3 -8.39866e-16 0)
(3 2.59845e-15 0)
(3 5.28042e-15 0)
(3 2.95132e-15 0)
(3 -1.50411e-15 0)
(3 -1.38462e-15 0)
(3 1.88074e-15 0)
(3 5.48787e-16 0)
(3 -1.55731e-15 0)
(3 4.58548e-16 0)
(3 4.00988e-15 0)
(3 3.76518e-15 0)
(3 8.80373e-16 0)
(3 9.21042e-16 0)
(3 -2.62631e-15 0)
(3 -3.73723e-16 0)
(3 3.75813e-15 0)
(3 5.3447e-15 0)
(3 2.74409e-15 0)
(3 -2.21647e-15 0)
(3 -8.94791e-16 0)
(3 1.97172e-15 0)
(3 5.3356e-16 0)
(3 -2.86366e-15 0)
(3 1.42841e-15 0)
(3 4.2137e-15 0)
(3 4.08097e-15 0)
(3 1.03327e-15 0)
(3 2.61961e-16 0)
(3 -2.98716e-15 0)
(3 -4.61456e-16 0)
(3 4.36107e-15 0)
(3 5.42382e-15 0)
(3 2.17631e-15 0)
(3 -2.05517e-15 0)
(3 -1.21253e-15 0)
(3 2.15048e-15 0)
(3 5.18821e-16 0)
(3 -3.16652e-15 0)
(3 1.58067e-15 0)
(3 4.38904e-15 0)
(3 3.94449e-15 0)
(3 1.03442e-15 0)
(3 -2.10906e-16 0)
(3 -2.64229e-15 0)
(3 5.91849e-16 0)
(3 4.95138e-15 0)
(3 5.02935e-15 0)
(3 7.65282e-16 0)
(3 -1.98648e-15 0)
(3 -8.56861e-16 0)
(3 1.84968e-15 0)
(3 3.24782e-16 0)
(3 -3.34573e-15 0)
(3 1.98317e-15 0)
(3 5.19229e-15 0)
(3 3.78088e-15 0)
(3 9.7018e-16 0)
(3 2.36647e-16 0)
(3 -2.05959e-15 0)
(3 1.74823e-15 0)
(3 5.90444e-15 0)
(3 4.61701e-15 0)
(3 2.49588e-16 0)
(3 -1.91104e-15 0)
(3 -1.26787e-15 0)
(3 1.67361e-15 0)
(3 -1.58939e-17 0)
(3 -3.27678e-15 0)
(3 2.36273e-15 0)
(3 5.44159e-15 0)
(3 3.67995e-15 0)
(3 9.51434e-16 0)
(3 3.64132e-16 0)
(3 2.80722e-16 0)
(3 2.50696e-15 0)
(3 7.12483e-15 0)
(3 4.74051e-15 0)
(3 -1.6779e-16 0)
(3 -2.7389e-15 0)
(3 -1.57905e-15 0)
(3 1.35042e-15 0)
(3 1.16642e-16 0)
(3 -3.29314e-15 0)
(3 2.64756e-15 0)
(3 5.33621e-15 0)
(3 3.62179e-15 0)
(3 9.98457e-16 0)
(3 1.57496e-15 0)
(3 9.28198e-16 0)
(3 3.98115e-15 0)
(3 6.11976e-15 0)
(3 4.70282e-15 0)
(3 -1.03268e-15 0)
(3 -3.017e-15 0)
(3 -1.88146e-15 0)
(3 1.11366e-15 0)
(3 2.75213e-16 0)
(3 -3.23651e-15 0)
(3 2.98097e-15 0)
(3 5.12853e-15 0)
(3 3.5488e-15 0)
(3 1.06655e-15 0)
(3 -5.95034e-16 0)
(3 2.91008e-15 0)
(3 4.18267e-15 0)
(3 4.77488e-15 0)
(3 4.46568e-15 0)
(3 -6.62563e-16 0)
(3 -3.48885e-15 0)
(3 -1.85602e-15 0)
(3 9.52193e-16 0)
(3 3.39907e-16 0)
(3 -3.34232e-15 0)
(3 3.03114e-15 0)
(3 4.98444e-15 0)
(3 3.40985e-15 0)
(3 1.14167e-15 0)
(3 -1.23578e-06 0)
(3 -1.42802e-08 0)
(3 7.62252e-11 0)
(3 1.2599e-11 0)
(3 4.03456e-13 0)
(3 -2.60743e-15 0)
(3 -4.86427e-15 0)
(3 -1.83162e-15 0)
(3 5.49299e-16 0)
(3 3.94702e-16 0)
(3 -3.57477e-15 0)
(3 3.06569e-15 0)
(3 4.97513e-15 0)
(3 3.28361e-15 0)
(3 1.2227e-15 0)
(3.00001 2.17134e-05 0)
(3 -1.1989e-07 0)
(3 -2.37628e-08 0)
(3 -1.16103e-09 0)
(3 9.60963e-13 0)
(3 1.9223e-14 0)
(3 -1.21727e-15 0)
(3 -1.59183e-15 0)
(3 1.94414e-16 0)
(3 2.633e-16 0)
(3 -3.38901e-15 0)
(3 1.88288e-15 0)
(3 5.06029e-15 0)
(3 3.36827e-15 0)
(3 1.10768e-15 0)
(3.00075 0.00154349 0)
(3.00003 0.000107516 0)
(3 3.49005e-06 0)
(3 -1.87596e-08 0)
(3 -1.27388e-10 0)
(3 -2.36036e-11 0)
(3 -6.35594e-13 0)
(3 -2.37032e-15 0)
(3 2.74428e-17 0)
(3 -6.25247e-16 0)
(3 -3.15623e-15 0)
(3 1.51704e-15 0)
(3 5.20165e-15 0)
(3 3.4248e-15 0)
(3 9.63555e-16 0)
(2.99315 -0.050033 0)
(2.99997 -0.00113309 0)
(3 5.49387e-07 0)
(3 3.13517e-07 0)
(3 6.75365e-09 0)
(3 -3.88035e-12 0)
(3 -5.55868e-13 0)
(3 -5.93253e-14 0)
(3 -3.3279e-15 0)
(3 -7.59492e-16 0)
(3 -3.17573e-15 0)
(3 1.31401e-15 0)
(3 4.40964e-15 0)
(3 3.38858e-15 0)
(3 1.25968e-15 0)
(2.56911 -0.577439 0)
(2.99114 -0.0378036 0)
(3.00024 -0.000332752 0)
(3 1.67222e-06 0)
(3 3.12087e-07 0)
(3 1.46195e-08 0)
(3 1.69598e-10 0)
(3 6.19869e-13 0)
(3 7.81052e-16 0)
(3 -7.13738e-16 0)
(3 -2.96043e-15 0)
(3 1.21026e-15 0)
(3 3.84419e-15 0)
(3 3.55389e-15 0)
(3 1.43917e-15 0)
(2.17973 -0.898651 0)
(2.668 -0.451615 0)
(2.98493 -0.0340589 0)
(2.99998 -0.00040659 0)
(3 -2.65721e-06 0)
(3 -1.44276e-08 0)
(3 3.92147e-10 0)
(3 1.13915e-11 0)
(3 -5.84852e-14 0)
(3 -5.64563e-15 0)
(3 -4.036e-15 0)
(3 1.41076e-15 0)
(3 3.71074e-15 0)
(3 3.18028e-15 0)
(3 1.48406e-15 0)
(2.17895 -0.877412 0)
(2.4129 -0.741597 0)
(2.84528 -0.271151 0)
(2.99559 -0.0153365 0)
(3 -8.88543e-05 0)
(3 9.58725e-07 0)
(3 5.69549e-09 0)
(3 1.06567e-09 0)
(3 6.25417e-11 0)
(3 1.13287e-12 0)
(3 5.49242e-15 0)
(3 1.85883e-15 0)
(3 3.65713e-15 0)
(3 2.5475e-15 0)
(3 1.47871e-15 0)
(2.1995 -0.81353 0)
(2.24775 -0.807166 0)
(2.58114 -0.561281 0)
(2.94233 -0.121038 0)
(2.9989 -0.00506691 0)
(2.99999 -7.05657e-05 0)
(3 -8.60165e-07 0)
(3 -1.10831e-08 0)
(3 -4.75458e-11 0)
(3 -3.24849e-13 0)
(3 -1.26972e-14 0)
(3 1.31297e-15 0)
(3 3.57463e-15 0)
(3 1.57804e-15 0)
(3 1.32842e-15 0)
(2.28351 -0.647381 0)
(2.25583 -0.78864 0)
(2.40124 -0.738457 0)
(2.78056 -0.373525 0)
(2.9901 -0.0354178 0)
(3.00004 -0.000466252 0)
(3 1.15317e-06 0)
(3 8.40338e-08 0)
(3 1.54655e-08 0)
(3 6.4312e-10 0)
(3 8.39322e-12 0)
(3 6.35676e-14 0)
(3 4.05523e-15 0)
(3 7.68418e-16 0)
(3 -9.84689e-17 0)
(2.40971 -0.411965 0)
(2.27301 -0.701676 0)
(2.34141 -0.736268 0)
(2.5492 -0.602068 0)
(2.85848 -0.241559 0)
(2.98702 -0.032189 0)
(2.99955 -0.0015728 0)
(2.99999 -3.87643e-05 0)
(3 -5.87301e-07 0)
(3 -5.94533e-09 0)
(3 -4.26199e-11 0)
(3 -2.23464e-13 0)
(3 2.83255e-15 0)
(3 -3.62278e-16 0)
(3 -5.93418e-16 0)
(2.51194 -0.139799 0)
(2.32267 -0.602608 0)
(2.34738 -0.707371 0)
(2.43374 -0.686476 0)
(2.72254 -0.441398 0)
(2.9688 -0.0699556 0)
(2.99898 -0.00339675 0)
(2.99998 -7.21617e-05 0)
(3 -1.10475e-06 0)
(3 -1.24562e-08 0)
(3 -1.06083e-10 0)
(3 -7.00791e-13 0)
(3 -8.99925e-16 0)
(3 5.23463e-16 0)
(3 -1.75695e-15 0)
(2.58031 0.00123922 0)
(2.47185 -0.284436 0)
(2.371 -0.628689 0)
(2.43147 -0.679452 0)
(2.59019 -0.607568 0)
(2.84757 -0.311686 0)
(2.98531 -0.0373085 0)
(2.99963 -0.00091947 0)
(3 -9.68607e-06 0)
(3 -8.21757e-08 0)
(3 -6.35546e-10 0)
(3 -4.39522e-12 0)
(3 -2.17406e-14 0)
(3 3.22186e-15 0)
(3 1.27238e-15 0)
(2.57979 -0.0472358 0)
(2.53059 -0.0766484 0)
(2.46475 -0.409794 0)
(2.43218 -0.642728 0)
(2.52887 -0.630005 0)
(2.73672 -0.473753 0)
(2.95026 -0.133261 0)
(2.99747 -0.00768816 0)
(2.99996 -0.000111902 0)
(3 -9.0747e-07 0)
(3 -6.28623e-09 0)
(3 -4.00719e-11 0)
(3 -2.26755e-13 0)
(3 2.72694e-15 0)
(3 1.93477e-15 0)
(2.58275 0.102755 0)
(2.547 -0.0471884 0)
(2.54537 -0.180921 0)
(2.46895 -0.536603 0)
(2.5243 -0.617814 0)
(2.61334 -0.580493 0)
(2.82399 -0.369191 0)
(2.97613 -0.0608765 0)
(2.99921 -0.00193191 0)
(2.99999 -2.04607e-05 0)
(3 -1.43007e-07 0)
(3 -8.56642e-10 0)
(3 -4.62923e-12 0)
(3 -1.60496e-14 0)
(3 2.59949e-15 0)
(2.60993 0.243203 0)
(2.60674 0.133805 0)
(2.56153 -0.147795 0)
(2.53643 -0.349729 0)
(2.52913 -0.568045 0)
(2.61047 -0.581358 0)
(2.74737 -0.488066 0)
(2.92715 -0.183823 0)
(2.99461 -0.0141443 0)
(2.99989 -0.00025628 0)
(3 -2.1782e-06 0)
(3 -1.41313e-08 0)
(3 -8.03276e-11 0)
(3 -3.94201e-13 0)
(3 -7.77916e-16 0)
(2.6536 0.400081 0)
(2.64248 0.266525 0)
(2.58525 -0.0234846 0)
(2.57082 -0.243417 0)
(2.55858 -0.47445 0)
(2.60896 -0.566328 0)
(2.66776 -0.551852 0)
(2.83104 -0.370946 0)
(2.96924 -0.0782515 0)
(2.99875 -0.00302023 0)
(2.99998 -3.45815e-05 0)
(3 -2.49297e-07 0)
(3 -1.49696e-09 0)
(3 -8.17768e-12 0)
(3 -3.4989e-14 0)
(2.66792 0.451002 0)
(2.65139 0.331023 0)
(2.62126 0.105784 0)
(2.64164 -0.0168765 0)
(2.62048 -0.297307 0)
(2.6225 -0.507496 0)
(2.66671 -0.549124 0)
(2.77155 -0.471981 0)
(2.92403 -0.194262 0)
(2.99284 -0.0182257 0)
(2.99983 -0.000387095 0)
(3 -3.44952e-06 0)
(3 -2.32035e-08 0)
(3 -1.32865e-10 0)
(3 -6.21267e-13 0)
(2.70157 0.462055 0)
(2.70378 0.362853 0)
(2.64768 0.0834128 0)
(2.65036 0.0187521 0)
(2.65767 -0.169671 0)
(2.64438 -0.425914 0)
(2.66917 -0.531769 0)
(2.71296 -0.523623 0)
(2.83852 -0.370378 0)
(2.96632 -0.0834823 0)
(2.99845 -0.00361754 0)
(2.99998 -4.61206e-05 0)
(3 -3.38987e-07 0)
(3 -2.09326e-09 0)
(3 -9.86177e-12 0)
(2.69829 0.517653 0)
(2.72223 0.436039 0)
(2.68366 0.176572 0)
(2.70074 0.158065 0)
(2.6971 -0.0477136 0)
(2.70308 -0.260358 0)
(2.68501 -0.482763 0)
(2.71346 -0.520711 0)
(2.796 -0.446954 0)
(2.92146 -0.198135 0)
(2.99168 -0.0203405 0)
(2.9998 -0.000453423 0)
(3 -4.26804e-06 0)
(3 -2.87772e-08 0)
(3 -1.49098e-10 0)
(2.691 0.509004 0)
(2.70827 0.456142 0)
(2.68574 0.270476 0)
(2.72197 0.248345 0)
(2.70957 -0.0359664 0)
(2.74091 -0.142432 0)
(2.7226 -0.381205 0)
(2.71987 -0.501694 0)
(2.75255 -0.49207 0)
(2.85624 -0.341614 0)
(2.96792 -0.0790971 0)
(2.99843 -0.00366079 0)
(2.99998 -4.71412e-05 0)
(3 -3.58744e-07 0)
(3 -1.9334e-09 0)
(2.71087 0.549151 0)
(2.69825 0.458064 0)
(2.70598 0.354732 0)
(2.73545 0.30547 0)
(2.71943 0.0308896 0)
(2.75766 -0.0772728 0)
(2.75795 -0.27758 0)
(2.73645 -0.45653 0)
(2.7527 -0.491172 0)
(2.81385 -0.424757 0)
(2.92601 -0.183144 0)
(2.99202 -0.0188135 0)
(2.9998 -0.00045067 0)
(3 -4.33018e-06 0)
(3 -2.59799e-08 0)
(2.73047 0.570004 0)
(2.72005 0.485799 0)
(2.72552 0.408892 0)
(2.75973 0.345757 0)
(2.75098 0.119832 0)
(2.80395 0.0844982 0)
(2.79562 -0.156775 0)
(2.76898 -0.374279 0)
(2.75848 -0.477105 0)
(2.78351 -0.464506 0)
(2.86713 -0.319508 0)
(2.96972 -0.0725627 0)
(2.99857 -0.0032198 0)
(2.99998 -4.30394e-05 0)
(3 -2.81952e-07 0)
(2.73536 0.599455 0)
(2.73839 0.510996 0)
(2.76246 0.42682 0)
(2.79577 0.351987 0)
(2.76148 0.130473 0)
(2.80956 0.137583 0)
(2.81979 -0.0621497 0)
(2.81054 -0.251715 0)
(2.77449 -0.436932 0)
(2.78421 -0.462645 0)
(2.83297 -0.392084 0)
(2.93266 -0.164276 0)
(2.99267 -0.0173816 0)
(2.99982 -0.000394924 0)
(3 -3.26253e-06 0)
(2.74253 0.644564 0)
(2.74763 0.550517 0)
(2.78736 0.447379 0)
(2.81107 0.351517 0)
(2.79641 0.214796 0)
(2.83034 0.201259 0)
(2.83333 -0.0352215 0)
(2.83896 -0.162027 0)
(2.80666 -0.354119 0)
(2.78879 -0.451672 0)
(2.80791 -0.436519 0)
(2.88341 -0.283 0)
(2.97651 -0.0554403 0)
(2.99889 -0.00250651 0)
(2.99998 -2.7247e-05 0)
(2.73646 0.610346 0)
(2.78527 0.548413 0)
(2.80322 0.475027 0)
(2.81895 0.404029 0)
(2.82768 0.288931 0)
(2.85419 0.276196 0)
(2.84555 0.0222679 0)
(2.8671 -0.0738194 0)
(2.83685 -0.271979 0)
(2.80429 -0.416506 0)
(2.80845 -0.43659 0)
(2.84695 -0.367334 0)
(2.93529 -0.156673 0)
(2.99375 -0.0142871 0)
(2.99983 -0.000275796 0)
(2.72241 0.443269 0)
(2.79043 0.555834 0)
(2.82023 0.520729 0)
(2.82058 0.420741 0)
(2.83618 0.33251 0)
(2.87879 0.294985 0)
(2.85405 0.0655572 0)
(2.89008 0.0451649 0)
(2.86831 -0.17153 0)
(2.82994 -0.355949 0)
(2.81244 -0.42897 0)
(2.82741 -0.408738 0)
(2.90769 -0.228797 0)
(2.98127 -0.0453755 0)
(2.99905 -0.00145854 0)
(2.69846 0.22286 0)
(2.77631 0.500781 0)
(2.8254 0.528017 0)
(2.83162 0.43394 0)
(2.86438 0.362297 0)
(2.91073 0.298097 0)
(2.87007 0.0916246 0)
(2.89725 0.110964 0)
(2.8887 -0.0913615 0)
(2.86314 -0.263071 0)
(2.82552 -0.400869 0)
(2.82792 -0.409313 0)
(2.85809 -0.348967 0)
(2.94778 -0.12758 0)
(2.99421 -0.0092248 0)
(2.67768 0.143236 0)
(2.76111 0.335318 0)
(2.82395 0.525134 0)
(2.8469 0.476031 0)
(2.89374 0.410685 0)
(2.92658 0.30936 0)
(2.88824 0.161285 0)
(2.91414 0.173734 0)
(2.90586 -0.0344671 0)
(2.89289 -0.173261 0)
(2.84632 -0.351072 0)
(2.83096 -0.404049 0)
(2.84348 -0.376145 0)
(2.91725 -0.20562 0)
(2.98108 -0.0274723 0)
(2.66393 0.0381134 0)
(2.75591 0.18123 0)
(2.82464 0.44851 0)
(2.86665 0.480236 0)
(2.91642 0.437668 0)
(2.92098 0.323653 0)
(2.92084 0.247298 0)
(2.93862 0.231917 0)
(2.91336 -0.0130998 0)
(2.91756 -0.0880411 0)
(2.87688 -0.269605 0)
(2.8397 -0.387817 0)
(2.84345 -0.384157 0)
(2.8831 -0.305247 0)
(2.94842 -0.0801555 0)
(2.62599 0.0100573 0)
(2.71994 0.051135 0)
(2.80329 0.208677 0)
(2.87561 0.4151 0)
(2.91999 0.434173 0)
(2.92745 0.371066 0)
(2.93735 0.305444 0)
(2.96757 0.263752 0)
(2.93086 0.055632 0)
(2.94456 0.0315138 0)
(2.91223 -0.161774 0)
(2.87104 -0.313741 0)
(2.84958 -0.374184 0)
(2.87289 -0.346345 0)
(2.88017 -0.15371 0)
(2.63671 0.132059 0)
(2.67819 0.233061 0)
(2.78678 0.305616 0)
(2.76941 0.369994 0)
(2.73125 0.477565 0)
(2.69979 0.545722 0)
(2.71325 0.593485 0)
(2.70298 0.596223 0)
(2.67487 0.596835 0)
(2.67429 0.595714 0)
(2.71102 0.627142 0)
(2.74039 0.658781 0)
(2.73768 0.682165 0)
(2.7167 0.64416 0)
(2.67008 0.38278 0)
(2.65387 0.131535 0)
(2.61719 -0.0382553 0)
(2.57424 0.00988823 0)
(2.56783 0.0272252 0)
(2.58145 0.0148732 0)
(2.6821 0.281182 0)
(2.7082 0.388485 0)
(2.78629 0.440775 0)
(2.78861 0.517152 0)
(2.75731 0.599712 0)
(2.74936 0.647468 0)
(2.76537 0.652536 0)
(2.71782 0.641678 0)
(2.68487 0.65376 0)
(2.68459 0.682371 0)
(2.71279 0.692783 0)
(2.72519 0.706076 0)
(2.72161 0.654575 0)
(2.66186 0.387908 0)
(2.63329 0.18269 0)
(2.60939 0.0523999 0)
(2.59747 0.00564705 0)
(2.58566 0.00240452 0)
(2.5694 0.0254599 0)
(2.57508 0.0163101 0)
(2.71152 0.451219 0)
(2.72368 0.582899 0)
(2.76217 0.62956 0)
(2.76831 0.680307 0)
(2.77002 0.715919 0)
(2.80456 0.731571 0)
(2.81631 0.710185 0)
(2.74207 0.696833 0)
(2.71354 0.71653 0)
(2.68958 0.722536 0)
(2.69842 0.739594 0)
(2.70218 0.651083 0)
(2.65434 0.370916 0)
(2.60168 0.122268 0)
(2.57219 0.00550988 0)
(2.57342 0.0222071 0)
(2.58329 0.00577488 0)
(2.58759 -0.00674271 0)
(2.58499 0.00730245 0)
(2.57872 0.0122241 0)
(2.72561 0.644892 0)
(2.7298 0.722651 0)
(2.73776 0.770072 0)
(2.74482 0.803514 0)
(2.77798 0.811287 0)
(2.82639 0.812867 0)
(2.82501 0.799799 0)
(2.7796 0.786972 0)
(2.74184 0.783905 0)
(2.71948 0.792025 0)
(2.69363 0.619571 0)
(2.66677 0.324162 0)
(2.6224 0.125192 0)
(2.59479 0.0570805 0)
(2.5807 0.0192922 0)
(2.57515 0.021165 0)
(2.58109 0.0136674 0)
(2.58504 0.00145289 0)
(2.58429 0.00417345 0)
(2.58026 0.00967451 0)
(2.71905 0.905961 0)
(2.7276 0.912735 0)
(2.71933 0.92338 0)
(2.73641 0.926895 0)
(2.78293 0.923618 0)
(2.8312 0.89167 0)
(2.83478 0.869465 0)
(2.80439 0.883897 0)
(2.74849 0.840305 0)
(2.72237 0.523172 0)
(2.71577 0.264239 0)
(2.65349 0.0917242 0)
(2.62022 0.0195917 0)
(2.59343 0.0169242 0)
(2.57797 0.0167216 0)
(2.57441 0.0149087 0)
(2.5744 0.0113463 0)
(2.57543 0.00444941 0)
(2.57043 -0.00158788 0)
(2.56782 0.00351101 0)
(2.72342 1.07251 0)
(2.73247 1.04215 0)
(2.69736 1.06033 0)
(2.73434 1.03516 0)
(2.77836 1.01418 0)
(2.80186 0.962615 0)
(2.79092 0.904828 0)
(2.78673 0.725609 0)
(2.72286 0.407754 0)
(2.73026 0.241896 0)
(2.63555 0.0718325 0)
(2.61043 0.0354986 0)
(2.58286 -0.00182342 0)
(2.57009 0.00489223 0)
(2.55946 0.0157507 0)
(2.55479 0.0107666 0)
(2.55203 0.00923032 0)
(2.5488 0.00397329 0)
(2.5392 0.00017814 0)
(2.53221 0.00157193 0)
(2.73479 1.21159 0)
(2.72156 1.19133 0)
(2.7145 1.25599 0)
(2.72784 1.20239 0)
(2.74506 1.05817 0)
(2.78783 0.781559 0)
(2.72611 0.375711 0)
(2.72311 0.287687 0)
(2.59258 0.0832 0)
(2.55773 0.0762874 0)
(2.52636 0.0469131 0)
(2.52725 0.023336 0)
(2.51545 -0.0025199 0)
(2.50819 0.00165087 0)
(2.50495 0.0157884 0)
(2.49654 0.021342 0)
(2.48737 0.0168522 0)
(2.48283 0.0076148 0)
(2.4737 -0.0061959 0)
(2.46488 -0.00394396 0)
(2.71529 1.45874 0)
(2.6728 1.44242 0)
(2.59418 1.15396 0)
(2.60101 0.853475 0)
(2.59267 0.443286 0)
(2.62893 0.259091 0)
(2.50796 0.0251529 0)
(2.44208 0.0496902 0)
(2.40362 0.0361816 0)
(2.41973 0.0332764 0)
(2.42419 0.0427699 0)
(2.41427 0.0218335 0)
(2.413 -0.00613143 0)
(2.4089 -0.00250898 0)
(2.40229 0.0112124 0)
(2.39108 0.0172267 0)
(2.38239 0.0142408 0)
(2.38121 0.000941426 0)
(2.38091 -0.0100847 0)
(2.37829 -0.00664832 0)
(2.29117 0.7369 0)
(2.35532 0.574769 0)
(2.32577 0.37762 0)
(2.29831 0.199147 0)
(2.24839 -0.00321141 0)
(2.24957 0.010727 0)
(2.25046 -0.00235661 0)
(2.27404 0.0268398 0)
(2.2929 0.0318707 0)
(2.28603 0.0399241 0)
(2.28012 0.0337125 0)
(2.28582 0.0087454 0)
(2.3011 -0.0096953 0)
(2.3063 -0.00132753 0)
(2.30503 0.00905877 0)
(2.29671 0.0143442 0)
(2.29258 0.0140974 0)
(2.29412 0.00803961 0)
(2.30663 -0.000400164 0)
(2.31136 0.000651732 0)
(1.91896 0.123549 0)
(2.05234 0.142655 0)
(2.09002 0.111062 0)
(2.10231 0.0558998 0)
(2.105 0.0105505 0)
(2.1221 0.00510067 0)
(2.16782 -0.00365109 0)
(2.20143 0.0157795 0)
(2.21163 0.0173843 0)
(2.2086 0.0176495 0)
(2.20458 0.0146756 0)
(2.21096 0.00767849 0)
(2.23653 0.00569507 0)
(2.24721 0.00679632 0)
(2.2561 0.00716933 0)
(2.25898 0.00854559 0)
(2.25928 0.0108271 0)
(2.26272 0.00902991 0)
(2.27209 2.85733e-06 0)
(2.28297 -0.00276619 0)
)
;

boundaryField
{
    inlet
    {
        type            fixedValue;
        value           uniform (3 0 0);
    }
    outlet
    {
        type            inletOutlet;
        inletValue      uniform (3 0 0);
        value           nonuniform List<vector> 
50
(
(2.62544 -0.00738722 0)
(2.71977 -0.0513628 0)
(2.80381 -0.215396 0)
(2.87751 -0.422838 0)
(2.9191 -0.431744 0)
(2.92812 -0.374661 0)
(2.93716 -0.304783 0)
(2.96764 -0.261248 0)
(2.93283 -0.0578805 0)
(2.9446 -0.0298583 0)
(2.91216 0.161604 0)
(2.87094 0.313672 0)
(2.84952 0.374144 0)
(2.87286 0.346308 0)
(2.88015 0.153711 0)
(2.29062 -0.00106662 0)
(2.32478 0.00589608 0)
(2.38837 0.00516614 0)
(2.46871 0.00348663 0)
(2.53346 -0.000628072 0)
(2.56585 -0.00653969 0)
(2.57302 -0.00841692 0)
(2.57133 -0.0126395 0)
(2.57075 -0.0137523 0)
(2.57943 -0.0140296 0)
(2.58145 0.0148732 0)
(2.57508 0.0163101 0)
(2.57872 0.0122241 0)
(2.58026 0.00967451 0)
(2.56782 0.00351101 0)
(2.53221 0.00157193 0)
(2.46488 -0.00394396 0)
(2.37829 -0.00664832 0)
(2.31136 0.000651732 0)
(2.28297 -0.00276619 0)
(2.62599 0.0100573 0)
(2.71994 0.051135 0)
(2.80329 0.208677 0)
(2.87561 0.4151 0)
(2.91999 0.434173 0)
(2.92745 0.371066 0)
(2.93735 0.305444 0)
(2.96757 0.263752 0)
(2.93086 0.055632 0)
(2.94456 0.0315138 0)
(2.91223 -0.161774 0)
(2.87104 -0.313741 0)
(2.84958 -0.374184 0)
(2.87289 -0.346345 0)
(2.88017 -0.15371 0)
)
;
    }
    airfoil
    {
        type            slip;
    }
    top
    {
        type            symmetryPlane;
    }
    bottom
    {
        type            symmetryPlane;
    }
    defaultFaces
    {
        type            empty;
    }
}


// ************************************************************************* //
