/*--------------------------------*- C++ -*----------------------------------*\
  =========                 |
  \\      /  F ield         | OpenFOAM: The Open Source CFD Toolbox
   \\    /   O peration     | Website:  https://openfoam.org
    \\  /    A nd           | Version:  7
     \\/     M anipulation  |
\*---------------------------------------------------------------------------*/
FoamFile
{
    version     2.0;
    format      ascii;
    class       volVectorField;
    location    "9.4";
    object      U;
}
// * * * * * * * * * * * * * * * * * * * * * * * * * * * * * * * * * * * * * //

dimensions      [0 1 -1 0 0 0 0];

internalField   nonuniform List<vector> 
3700
(
(1.40131 -0.512947 0)
(1.46588 -0.551401 0)
(1.41468 -0.320257 0)
(1.4327 -0.222408 0)
(1.48293 -0.251988 0)
(1.54854 -0.374892 0)
(1.51552 -0.366925 0)
(1.47307 -0.330846 0)
(1.476 -0.298749 0)
(1.49651 -0.238492 0)
(1.53986 -0.135061 0)
(1.60108 -0.0933857 0)
(1.638 -0.133751 0)
(1.66339 -0.177443 0)
(1.64915 -0.162569 0)
(1.67104 -0.109372 0)
(1.74618 -0.120232 0)
(1.79072 -0.197844 0)
(1.86712 -0.277407 0)
(1.89584 -0.280394 0)
(1.78437 -1.38431 0)
(1.94342 -1.31485 0)
(2.01517 -1.46366 0)
(1.99521 -1.49325 0)
(2.01546 -1.75632 0)
(1.93319 -2.07149 0)
(1.8251 -1.89564 0)
(1.72835 -1.72781 0)
(1.73235 -1.57507 0)
(1.76442 -1.39107 0)
(1.81427 -1.15389 0)
(1.91736 -1.02341 0)
(2.01706 -1.05988 0)
(2.06519 -1.09047 0)
(2.0577 -1.07404 0)
(2.08008 -1.01683 0)
(2.15794 -1.09627 0)
(2.2606 -1.22083 0)
(2.29846 -1.29336 0)
(2.33342 -1.30001 0)
(1.8082 -1.36572 0)
(2.04398 -1.1542 0)
(2.28057 -1.56701 0)
(2.26966 -1.99948 0)
(2.08089 -2.2264 0)
(2.02746 -2.32382 0)
(2.0232 -2.29217 0)
(1.96674 -2.24153 0)
(1.98883 -2.15086 0)
(2.05671 -2.06137 0)
(2.15188 -2.03028 0)
(2.21831 -1.94823 0)
(2.3238 -1.89852 0)
(2.41859 -1.82804 0)
(2.50206 -1.77648 0)
(2.57419 -1.71873 0)
(2.58631 -1.73542 0)
(2.59168 -1.67544 0)
(2.55281 -1.66085 0)
(2.54463 -1.59286 0)
(1.87417 -1.41717 0)
(2.07729 -1.22572 0)
(2.17818 -1.6995 0)
(2.06057 -2.09944 0)
(2.02435 -2.22407 0)
(2.03571 -2.31675 0)
(2.04968 -2.28447 0)
(2.06779 -2.16133 0)
(2.10429 -2.09858 0)
(2.20412 -1.99153 0)
(2.20668 -2.03889 0)
(2.30149 -1.87391 0)
(2.36053 -1.79176 0)
(2.43556 -1.69505 0)
(2.55008 -1.60411 0)
(2.70394 -1.47222 0)
(2.75287 -1.35302 0)
(2.80729 -1.30961 0)
(2.79934 -1.33266 0)
(2.69689 -1.37962 0)
(1.80459 -1.41491 0)
(1.97153 -1.32269 0)
(1.95759 -1.82301 0)
(1.81755 -2.17806 0)
(1.94038 -2.23645 0)
(1.95038 -2.26759 0)
(2.05875 -2.24288 0)
(2.16053 -2.06606 0)
(2.18653 -2.03943 0)
(2.3216 -1.83754 0)
(2.3503 -1.87843 0)
(2.45417 -1.7692 0)
(2.45165 -1.7228 0)
(2.47029 -1.64594 0)
(2.52484 -1.56388 0)
(2.61764 -1.4445 0)
(2.66182 -1.31135 0)
(2.78386 -1.14303 0)
(2.86123 -0.926663 0)
(2.82995 -0.892798 0)
(1.67416 -1.39955 0)
(1.81282 -1.44631 0)
(1.73703 -1.91006 0)
(1.65972 -2.20258 0)
(1.6584 -2.23368 0)
(1.83357 -2.15809 0)
(1.98369 -2.11781 0)
(2.20409 -1.81515 0)
(2.32236 -1.83809 0)
(2.48794 -1.72621 0)
(2.50307 -1.66462 0)
(2.57202 -1.55419 0)
(2.62416 -1.49607 0)
(2.61828 -1.48061 0)
(2.62738 -1.39034 0)
(2.62624 -1.32915 0)
(2.63256 -1.20699 0)
(2.71762 -1.15621 0)
(2.7529 -1.00051 0)
(2.84062 -0.767083 0)
(1.56585 -1.31813 0)
(1.69055 -1.39368 0)
(1.62137 -1.84635 0)
(1.4935 -2.1581 0)
(1.608 -2.21124 0)
(1.81376 -2.09025 0)
(1.93914 -2.02424 0)
(2.10261 -1.78211 0)
(2.21766 -1.69555 0)
(2.42552 -1.60949 0)
(2.54185 -1.39476 0)
(2.66898 -1.31242 0)
(2.72759 -1.17085 0)
(2.73559 -1.16216 0)
(2.7572 -1.05075 0)
(2.73641 -1.04128 0)
(2.71689 -0.935328 0)
(2.70622 -0.933858 0)
(2.72586 -0.905387 0)
(2.75279 -0.674199 0)
(1.52651 -1.24103 0)
(1.61812 -1.30143 0)
(1.56745 -1.76176 0)
(1.51676 -2.11846 0)
(1.64376 -2.19593 0)
(1.88309 -2.08228 0)
(2.02479 -1.982 0)
(2.12173 -1.76841 0)
(2.18365 -1.66574 0)
(2.30904 -1.60299 0)
(2.43503 -1.3601 0)
(2.60709 -1.27894 0)
(2.65965 -0.991805 0)
(2.75896 -0.885946 0)
(2.7749 -0.664443 0)
(2.77516 -0.635351 0)
(2.77257 -0.558417 0)
(2.74985 -0.535131 0)
(2.7274 -0.649953 0)
(2.69397 -0.498174 0)
(1.53798 -1.19495 0)
(1.59569 -1.25155 0)
(1.5829 -1.74871 0)
(1.59394 -2.11992 0)
(1.85715 -2.1662 0)
(2.18191 -1.96325 0)
(2.25457 -1.74503 0)
(2.32127 -1.62392 0)
(2.34925 -1.58972 0)
(2.36994 -1.5296 0)
(2.45155 -1.3323 0)
(2.54211 -1.21755 0)
(2.58817 -0.992307 0)
(2.70412 -0.894722 0)
(2.71391 -0.63561 0)
(2.76046 -0.481829 0)
(2.75948 -0.300131 0)
(2.74359 -0.171123 0)
(2.70252 -0.253057 0)
(2.66117 -0.229508 0)
(1.53981 -1.20164 0)
(1.60693 -1.30768 0)
(1.63562 -1.84194 0)
(1.7365 -2.1938 0)
(2.24477 -2.04495 0)
(2.48545 -1.89228 0)
(2.52245 -1.4617 0)
(2.54857 -1.31913 0)
(2.60724 -1.23461 0)
(2.64559 -1.17339 0)
(2.6441 -1.10609 0)
(2.66221 -0.922797 0)
(2.64525 -0.802385 0)
(2.67819 -0.709874 0)
(2.672 -0.540876 0)
(2.69177 -0.432395 0)
(2.71043 -0.28683 0)
(2.68935 -0.0895107 0)
(2.65081 0.0322018 0)
(2.6146 0.0231446 0)
(1.50274 -1.23249 0)
(1.65388 -1.43748 0)
(1.84171 -2.18699 0)
(1.94503 -2.36779 0)
(2.24852 -1.93863 0)
(2.37931 -1.7946 0)
(2.56856 -1.34574 0)
(2.70291 -1.14015 0)
(2.79504 -1.00938 0)
(2.77926 -0.67431 0)
(2.77648 -0.580395 0)
(2.74302 -0.384821 0)
(2.72855 -0.344586 0)
(2.71208 -0.242965 0)
(2.68527 -0.179325 0)
(2.65139 -0.141218 0)
(2.6387 -0.121197 0)
(2.61846 -0.030506 0)
(2.55754 0.151581 0)
(2.56518 0.157719 0)
(1.35802 -1.30973 0)
(1.68513 -1.84582 0)
(1.90728 -2.3582 0)
(1.91265 -2.18058 0)
(2.09722 -1.78521 0)
(2.20958 -1.59222 0)
(2.36083 -1.32641 0)
(2.46885 -1.09178 0)
(2.53391 -0.983326 0)
(2.59728 -0.707851 0)
(2.67617 -0.504251 0)
(2.66063 -0.222801 0)
(2.67016 -0.0650397 0)
(2.63831 0.103799 0)
(2.60061 0.220489 0)
(2.56391 0.259954 0)
(2.53174 0.263451 0)
(2.53064 0.196062 0)
(2.4546 0.312929 0)
(2.47573 0.281939 0)
(1.24418 -1.4515 0)
(1.69884 -2.29901 0)
(1.80553 -2.15685 0)
(1.87627 -1.94071 0)
(2.06207 -1.67064 0)
(2.22534 -1.39692 0)
(2.31547 -1.2052 0)
(2.4106 -0.967964 0)
(2.45654 -0.748107 0)
(2.50015 -0.585392 0)
(2.55574 -0.3897 0)
(2.55464 -0.161943 0)
(2.56696 0.00835915 0)
(2.54686 0.179631 0)
(2.48904 0.362447 0)
(2.45616 0.447774 0)
(2.3805 0.566315 0)
(2.35587 0.536157 0)
(2.3183 0.564396 0)
(2.32858 0.51617 0)
(1.28232 -1.63213 0)
(1.57827 -2.40836 0)
(1.83484 -1.98265 0)
(1.96539 -1.80312 0)
(2.26004 -1.33488 0)
(2.39361 -0.841973 0)
(2.48102 -0.745086 0)
(2.55463 -0.512516 0)
(2.53046 -0.19952 0)
(2.54536 -0.101341 0)
(2.52505 0.0874639 0)
(2.48837 0.227559 0)
(2.45175 0.332002 0)
(2.41462 0.416194 0)
(2.35888 0.508545 0)
(2.33199 0.556631 0)
(2.25115 0.662663 0)
(2.19364 0.741205 0)
(2.15801 0.791896 0)
(2.14158 0.793068 0)
(1.36244 -1.66428 0)
(1.46178 -2.18528 0)
(2.02773 -1.66025 0)
(2.26171 -1.18447 0)
(2.38543 -0.513181 0)
(2.51274 -0.294511 0)
(2.55987 -0.0856203 0)
(2.53889 0.126095 0)
(2.49718 0.223976 0)
(2.46794 0.364339 0)
(2.40608 0.517078 0)
(2.32395 0.652253 0)
(2.26698 0.72418 0)
(2.20824 0.789983 0)
(2.17042 0.799098 0)
(2.13361 0.811809 0)
(2.08712 0.855483 0)
(2.06745 0.879828 0)
(2.03252 0.93172 0)
(2.05758 0.956682 0)
(1.32094 -1.33093 0)
(1.58592 -1.75612 0)
(2.21522 -1.24006 0)
(2.3249 -0.196062 0)
(2.43669 0.00395177 0)
(2.44892 -0.205964 0)
(2.45973 0.0150174 0)
(2.40487 0.282302 0)
(2.34964 0.41194 0)
(2.31725 0.571673 0)
(2.22532 0.728933 0)
(2.13498 0.850921 0)
(2.07124 0.920862 0)
(2.01226 0.982267 0)
(1.97709 0.987035 0)
(1.9525 0.997488 0)
(1.95387 1.01757 0)
(1.97004 0.994878 0)
(1.99597 0.994284 0)
(2.07149 0.977553 0)
(1.22796 -0.813381 0)
(1.56809 -1.32803 0)
(2.20155 -0.735191 0)
(2.33095 0.114952 0)
(2.34813 0.110016 0)
(2.34902 0.309393 0)
(2.27542 0.519672 0)
(2.21549 0.635721 0)
(2.14137 0.746527 0)
(2.09389 0.887529 0)
(1.98048 0.998838 0)
(1.92019 1.05366 0)
(1.88538 1.07416 0)
(1.86911 1.08597 0)
(1.87307 1.05589 0)
(1.89746 1.0485 0)
(1.96051 1.02256 0)
(2.16158 0.906771 0)
(2.38121 0.794483 0)
(2.78051 0.440738 0)
(0.988346 -0.0472388 0)
(1.91691 0.151268 0)
(2.21889 0.529716 0)
(2.22814 0.532738 0)
(2.20004 0.590084 0)
(2.1442 0.73549 0)
(2.03574 0.899085 0)
(1.96001 0.984275 0)
(1.90552 1.04249 0)
(1.85039 1.13028 0)
(1.79052 1.16191 0)
(1.78998 1.15278 0)
(1.80727 1.12963 0)
(1.85047 1.08579 0)
(2.04315 0.948317 0)
(2.26055 0.827393 0)
(2.66172 0.5062 0)
(3.03461 0.0944069 0)
(3.0554 -0.0234189 0)
(3.00403 -0.00465571 0)
(1.01692 0.0274919 0)
(1.91449 0.820763 0)
(2.11776 0.801342 0)
(2.00629 0.946937 0)
(1.954 0.989183 0)
(1.85087 1.09699 0)
(1.79121 1.1329 0)
(1.76672 1.14368 0)
(1.76508 1.16088 0)
(1.74307 1.2012 0)
(1.72078 1.19393 0)
(1.85642 1.06939 0)
(2.08838 0.88763 0)
(2.49669 0.581638 0)
(2.98539 0.138527 0)
(3.07401 -0.0291434 0)
(3.00823 -0.00772549 0)
(3.00295 -0.00385402 0)
(3.00123 -0.00220435 0)
(3.00008 -0.000489646 0)
(1.16423 0.765755 0)
(1.82863 1.15236 0)
(1.84106 1.15259 0)
(1.73596 1.19979 0)
(1.7069 1.19428 0)
(1.66265 1.2398 0)
(1.65891 1.21295 0)
(1.731 1.16635 0)
(1.76779 1.23155 0)
(1.80418 1.13697 0)
(2.27787 0.731569 0)
(2.86222 0.203882 0)
(3.09993 -0.0302681 0)
(3.02136 -0.0127765 0)
(3.00448 -0.00548319 0)
(3.00178 -0.00297585 0)
(3.00005 -0.00056835 0)
(2.99998 -2.1798e-05 0)
(2.99999 1.44295e-05 0)
(3 5.93009e-06 0)
(1.58055 1.25796 0)
(1.58456 1.26435 0)
(1.59152 1.26976 0)
(1.59863 1.26628 0)
(1.6044 1.25429 0)
(1.59283 1.26914 0)
(1.89867 1.1808 0)
(2.96603 0.405387 0)
(3.33306 -0.606625 0)
(3 6.25439e-11 0)
(3 -7.36282e-11 0)
(3 7.84398e-11 0)
(3 1.61638e-15 0)
(3 -4.28128e-13 0)
(3 -1.81821e-14 0)
(3 1.73495e-14 0)
(3 -1.38655e-14 0)
(3 -2.69461e-15 0)
(3 -3.4892e-15 0)
(3 -9.47651e-15 0)
(1.58387 1.24886 0)
(1.59469 1.25789 0)
(1.60516 1.2669 0)
(1.61052 1.28014 0)
(1.64284 1.2713 0)
(1.71302 1.2253 0)
(2.23686 0.759827 0)
(2.99106 0.0214181 0)
(3 4.99556e-08 0)
(3 -2.98322e-11 0)
(3 -6.59279e-15 0)
(3 -9.76995e-16 0)
(3 -1.51159e-15 0)
(3 -8.68319e-16 0)
(3 -1.65833e-15 0)
(3 -1.4211e-15 0)
(3 -2.17368e-15 0)
(3 -1.41228e-15 0)
(3 -3.91693e-15 0)
(3 -4.39447e-15 0)
(1.58361 1.24728 0)
(1.60493 1.25289 0)
(1.61686 1.25612 0)
(1.61349 1.27696 0)
(1.67951 1.2282 0)
(2.23667 0.773291 0)
(3.00115 -0.0063764 0)
(3.00026 -0.000674063 0)
(3 7.81991e-07 0)
(3 6.00094e-11 0)
(3 -2.24199e-14 0)
(3 -1.48401e-15 0)
(3 -1.02111e-15 0)
(3 -1.63017e-15 0)
(3 -1.29546e-15 0)
(3 -1.92795e-15 0)
(3 -4.18317e-15 0)
(3 -2.91263e-15 0)
(3 -4.66757e-15 0)
(3 -4.2654e-15 0)
(1.58302 1.2526 0)
(1.60382 1.25248 0)
(1.62362 1.2551 0)
(1.64558 1.25867 0)
(1.91096 1.05335 0)
(2.77175 0.201492 0)
(3.00463 -0.00136109 0)
(2.99991 7.94019e-05 0)
(3 -9.4242e-07 0)
(3 8.97751e-10 0)
(3 -9.82898e-15 0)
(3 -1.18832e-15 0)
(3 -1.29533e-15 0)
(3 -2.17283e-15 0)
(3 -1.90025e-15 0)
(3 -2.88706e-15 0)
(3 -3.93934e-15 0)
(3 -3.26241e-15 0)
(3 -4.81037e-15 0)
(3 -4.20186e-15 0)
(1.58253 1.26189 0)
(1.59474 1.26057 0)
(1.63169 1.26267 0)
(1.68345 1.23158 0)
(2.34523 0.64135 0)
(3.01987 -0.0177404 0)
(2.99975 0.00016284 0)
(3 -4.28122e-06 0)
(3 8.36436e-08 0)
(3 -9.21672e-10 0)
(3 1.55648e-13 0)
(3 -7.92674e-16 0)
(3 -1.91485e-15 0)
(3 -2.83915e-15 0)
(3 -2.4822e-15 0)
(3 -3.38519e-15 0)
(3 -2.83313e-15 0)
(3 -4.0841e-15 0)
(3 -5.08745e-15 0)
(3 -5.0031e-15 0)
(1.58065 1.27922 0)
(1.58444 1.27988 0)
(1.64559 1.26032 0)
(1.7541 1.17684 0)
(2.6663 0.285007 0)
(3 -6.04778e-10 0)
(3 1.41806e-08 0)
(3 -1.27801e-08 0)
(3 5.48752e-10 0)
(3 2.71735e-12 0)
(3 -9.79535e-14 0)
(3 -8.17836e-16 0)
(3 -1.63938e-15 0)
(3 -2.15552e-15 0)
(3 -1.90723e-15 0)
(3 -1.07081e-15 0)
(3 -2.65376e-15 0)
(3 -4.11797e-15 0)
(3 -4.86909e-15 0)
(3 -5.49589e-15 0)
(1.57993 1.29533 0)
(1.55493 1.30555 0)
(1.67865 1.24175 0)
(2.21459 0.823316 0)
(3.02284 -0.0231233 0)
(3 -7.09471e-12 0)
(3 1.95182e-12 0)
(3 7.79752e-12 0)
(3 -2.45052e-12 0)
(3 3.67975e-15 0)
(3 -1.4121e-15 0)
(3 -1.8734e-15 0)
(3 -2.0804e-15 0)
(3 -1.42264e-15 0)
(3 -1.49132e-15 0)
(3 -1.74707e-15 0)
(3 -3.3288e-15 0)
(3 -3.92263e-15 0)
(3 -3.97607e-15 0)
(3 -4.65853e-15 0)
(1.59287 1.32873 0)
(1.49306 1.3355 0)
(1.74542 1.18323 0)
(2.40603 0.551657 0)
(3 -5.67102e-07 0)
(3 -3.49714e-12 0)
(3 -1.17436e-15 0)
(3 -5.34542e-15 0)
(3 4.3619e-15 0)
(3 -2.11535e-15 0)
(3 -2.72025e-15 0)
(3 -2.21482e-15 0)
(3 -2.37727e-15 0)
(3 -2.38084e-15 0)
(3 -1.84302e-15 0)
(3 -2.29092e-15 0)
(3 -3.75028e-15 0)
(3 -4.75416e-15 0)
(3 -4.3585e-15 0)
(3 -4.93819e-15 0)
(1.58958 1.30654 0)
(1.47349 1.36043 0)
(1.935 1.03948 0)
(2.85646 0.122091 0)
(3 -1.6415e-08 0)
(3 3.6683e-11 0)
(3 -9.79107e-14 0)
(3 -1.85668e-15 0)
(3 -1.69945e-15 0)
(3 -1.57214e-15 0)
(3 -1.68256e-15 0)
(3 -1.66859e-15 0)
(3 -2.15821e-15 0)
(3 -2.60248e-15 0)
(3 -2.19794e-15 0)
(3 -2.51514e-15 0)
(3 -2.76032e-15 0)
(3 -5.2134e-15 0)
(3 -5.33907e-15 0)
(3 -5.32211e-15 0)
(1.60325 1.29072 0)
(1.47916 1.37014 0)
(2.19417 0.801483 0)
(3.01042 -0.00870991 0)
(3 4.06701e-08 0)
(3 -2.46685e-11 0)
(3 4.16955e-14 0)
(3 -2.02645e-15 0)
(3 -1.86998e-15 0)
(3 -1.67774e-15 0)
(3 -1.58638e-15 0)
(3 -9.91849e-16 0)
(3 -1.29881e-15 0)
(3 -1.57906e-15 0)
(3 -2.09755e-15 0)
(3 -2.48577e-15 0)
(3 -2.40171e-15 0)
(3 -3.81504e-15 0)
(3 -4.45916e-15 0)
(3 -5.32341e-15 0)
(1.62017 1.27752 0)
(1.55903 1.324 0)
(2.40758 0.55147 0)
(3 -3.77568e-12 0)
(3 -3.8649e-11 0)
(3 4.67265e-13 0)
(3 -3.71268e-15 0)
(3 -1.71324e-15 0)
(3 -1.89125e-15 0)
(3 -1.80622e-15 0)
(3 -1.22933e-15 0)
(3 -1.07623e-15 0)
(3 -8.91392e-16 0)
(3 -7.51802e-16 0)
(3 -1.1832e-15 0)
(3 -1.70457e-15 0)
(3 -1.82998e-15 0)
(3 -2.18996e-15 0)
(3 -2.54397e-15 0)
(3 -3.33346e-15 0)
(1.63811 1.26262 0)
(1.63657 1.24579 0)
(2.65469 0.290303 0)
(3 6.58647e-13 0)
(3 -1.1963e-13 0)
(3 -3.16105e-15 0)
(3 9.33048e-17 0)
(3 -6.57788e-16 0)
(3 -5.69478e-16 0)
(3 -5.84182e-16 0)
(3 -4.06504e-16 0)
(3 -3.87885e-16 0)
(3 -4.41542e-16 0)
(3 -1.084e-16 0)
(3 -3.48252e-16 0)
(3 -1.405e-15 0)
(3 -1.68302e-15 0)
(3 -1.88405e-15 0)
(3 -2.12614e-15 0)
(3 -2.58501e-15 0)
(1.65394 1.24115 0)
(1.82478 1.10659 0)
(2.86724 0.102353 0)
(3 -1.78138e-14 0)
(3 8.04725e-16 0)
(3 1.20663e-15 0)
(3 9.13867e-16 0)
(3 3.47603e-16 0)
(3 2.492e-17 0)
(3 -1.32044e-16 0)
(3 -7.20458e-17 0)
(3 -9.49802e-17 0)
(3 1.21211e-16 0)
(3 7.92869e-16 0)
(3 7.33869e-16 0)
(3 2.0461e-16 0)
(3 -4.85853e-16 0)
(3 -1.08906e-15 0)
(3 -1.87966e-15 0)
(3 -2.06002e-15 0)
(1.66231 1.20556 0)
(1.87794 0.984203 0)
(2.97709 0.0159456 0)
(3 1.02052e-15 0)
(3 1.34034e-15 0)
(3 1.1628e-15 0)
(3 1.0006e-15 0)
(3 3.20055e-16 0)
(3 2.94248e-16 0)
(3 -1.04756e-16 0)
(3 -6.39241e-17 0)
(3 5.92193e-17 0)
(3 2.10349e-16 0)
(3 8.89031e-16 0)
(3 1.16656e-15 0)
(3 1.24669e-15 0)
(3 8.34668e-16 0)
(3 5.09792e-16 0)
(3 8.49378e-18 0)
(3 -3.37491e-16 0)
(1.71118 1.16703 0)
(2.06262 0.81515 0)
(3 7.96017e-16 0)
(3 9.76635e-16 0)
(3 1.09861e-15 0)
(3 1.18849e-15 0)
(3 1.17059e-15 0)
(3 9.88491e-16 0)
(3 5.93158e-16 0)
(3 8.93894e-17 0)
(3 -1.44297e-16 0)
(3 -2.08566e-16 0)
(3 -1.78655e-16 0)
(3 -4.90696e-16 0)
(3 1.44999e-16 0)
(3 4.08511e-16 0)
(3 5.72091e-16 0)
(3 2.48327e-16 0)
(3 -4.34804e-16 0)
(3 -7.35483e-16 0)
(1.78228 1.10135 0)
(2.24112 0.649072 0)
(3 1.53444e-15 0)
(3 4.30573e-16 0)
(3 5.48612e-16 0)
(3 9.66594e-16 0)
(3 1.44203e-15 0)
(3 1.44583e-15 0)
(3 7.75899e-16 0)
(3 6.34169e-16 0)
(3 6.61096e-16 0)
(3 8.57189e-16 0)
(3 1.11858e-15 0)
(3 1.29789e-15 0)
(3 9.80504e-16 0)
(3 7.45468e-16 0)
(3 8.84788e-16 0)
(3 9.20295e-16 0)
(3 6.68682e-16 0)
(3 7.70417e-17 0)
(1.8135 1.00582 0)
(2.44727 0.443106 0)
(3 7.74624e-16 0)
(3 -4.65577e-16 0)
(3 -3.49078e-16 0)
(3 5.8386e-16 0)
(3 2.96764e-15 0)
(3 3.58926e-15 0)
(3 3.3802e-15 0)
(3 3.11146e-15 0)
(3 2.18785e-15 0)
(3 2.03345e-15 0)
(3 2.02596e-15 0)
(3 1.9798e-15 0)
(3 1.74925e-15 0)
(3 1.55007e-15 0)
(3 1.68302e-15 0)
(3 1.61363e-15 0)
(3 1.56682e-15 0)
(3 1.73187e-15 0)
(1.92789 0.879636 0)
(2.69722 0.21854 0)
(3 3.58543e-15 0)
(3 3.12016e-15 0)
(3 3.31187e-15 0)
(3 3.64698e-15 0)
(3 3.96467e-15 0)
(3 3.81637e-15 0)
(3 3.08682e-15 0)
(3 2.13827e-15 0)
(3 2.18165e-15 0)
(3 2.4037e-15 0)
(3 2.35142e-15 0)
(3 2.05069e-15 0)
(3 1.94842e-15 0)
(3 2.03769e-15 0)
(3 2.48959e-15 0)
(3 2.90904e-15 0)
(3 2.86015e-15 0)
(3 2.73829e-15 0)
(2.09954 0.660096 0)
(2.99005 0.000120929 0)
(3 4.19621e-15 0)
(3 2.75258e-15 0)
(3 2.28018e-15 0)
(3 2.43534e-15 0)
(3 2.45404e-15 0)
(3 2.03941e-15 0)
(3 1.79796e-15 0)
(3 1.35074e-15 0)
(3 1.03598e-15 0)
(3 7.26316e-16 0)
(3 8.33653e-16 0)
(3 1.04993e-15 0)
(3 1.07657e-15 0)
(3 7.77059e-16 0)
(3 5.41553e-16 0)
(3 1.27811e-15 0)
(3 1.28149e-15 0)
(3 1.38615e-15 0)
(1.99403 0.371485 0)
(2.99992 -8.81066e-06 0)
(3 5.06156e-15 0)
(3 2.91329e-15 0)
(3 2.18458e-15 0)
(3 1.73258e-15 0)
(3 1.70496e-15 0)
(3 1.61263e-15 0)
(3 1.28658e-15 0)
(3 1.24358e-15 0)
(3 1.20778e-15 0)
(3 1.13466e-15 0)
(3 1.25712e-15 0)
(3 1.40596e-15 0)
(3 1.46837e-15 0)
(3 1.38229e-15 0)
(3 1.19259e-15 0)
(3 1.10268e-15 0)
(3 9.5857e-16 0)
(3 9.66532e-16 0)
(1.99433 -0.372366 0)
(2.99992 7.07267e-06 0)
(3 1.95946e-15 0)
(3 2.52751e-15 0)
(3 1.84833e-15 0)
(3 1.31638e-15 0)
(3 1.13694e-15 0)
(3 -2.34462e-16 0)
(3 -2.78054e-16 0)
(3 1.50057e-16 0)
(3 2.80627e-16 0)
(3 4.14506e-16 0)
(3 5.63329e-16 0)
(3 5.8579e-16 0)
(3 6.86069e-16 0)
(3 8.35616e-16 0)
(3 1.24954e-15 0)
(3 1.48821e-15 0)
(3 1.74825e-15 0)
(3 1.96799e-15 0)
(2.10316 -0.656949 0)
(2.99013 -0.000170014 0)
(3 2.4731e-15 0)
(3 2.18116e-15 0)
(3 1.53664e-15 0)
(3 9.65731e-16 0)
(3 9.11764e-16 0)
(3 3.84806e-16 0)
(3 -8.41717e-17 0)
(3 1.9327e-16 0)
(3 2.74767e-16 0)
(3 5.82133e-16 0)
(3 7.2292e-16 0)
(3 2.73911e-16 0)
(3 1.52085e-16 0)
(3 3.25598e-16 0)
(3 5.78383e-16 0)
(3 1.11458e-15 0)
(3 1.02214e-15 0)
(3 1.00072e-15 0)
(1.93198 -0.882932 0)
(2.69635 -0.220026 0)
(3 2.85123e-15 0)
(3 2.27326e-15 0)
(3 1.69434e-15 0)
(3 1.61045e-15 0)
(3 1.70067e-15 0)
(3 1.30408e-15 0)
(3 3.37598e-16 0)
(3 1.93639e-16 0)
(3 8.56502e-16 0)
(3 1.39517e-15 0)
(3 1.47822e-15 0)
(3 1.46089e-15 0)
(3 1.53833e-15 0)
(3 1.65396e-15 0)
(3 1.29642e-15 0)
(3 7.78632e-16 0)
(3 2.98306e-16 0)
(3 -2.05059e-16 0)
(1.80733 -1.00827 0)
(2.43823 -0.448255 0)
(3 2.16804e-15 0)
(3 2.05177e-15 0)
(3 1.88027e-15 0)
(3 1.89506e-15 0)
(3 1.94596e-15 0)
(3 1.86886e-15 0)
(3 1.9099e-15 0)
(3 2.74153e-15 0)
(3 3.953e-15 0)
(3 3.9108e-15 0)
(3 3.34583e-15 0)
(3 2.98816e-15 0)
(3 2.81373e-15 0)
(3 2.60957e-15 0)
(3 2.32219e-15 0)
(3 1.56228e-15 0)
(3 1.57354e-15 0)
(3 1.39192e-15 0)
(1.77841 -1.09729 0)
(2.24038 -0.649518 0)
(3 2.54501e-15 0)
(3 2.37499e-15 0)
(3 2.05442e-15 0)
(3 2.01141e-15 0)
(3 2.20926e-15 0)
(3 2.23013e-15 0)
(3 2.28826e-15 0)
(3 2.69075e-15 0)
(3 3.11573e-15 0)
(3 2.92453e-15 0)
(3 2.65904e-15 0)
(3 2.42272e-15 0)
(3 2.68863e-15 0)
(3 3.19777e-15 0)
(3 2.30685e-15 0)
(3 1.77782e-15 0)
(3 1.11374e-15 0)
(3 5.91032e-16 0)
(1.71959 -1.16668 0)
(2.06945 -0.812865 0)
(3 1.47525e-15 0)
(3 1.37062e-15 0)
(3 1.30757e-15 0)
(3 1.52642e-15 0)
(3 1.85258e-15 0)
(3 1.84459e-15 0)
(3 2.00989e-15 0)
(3 2.3884e-15 0)
(3 2.57412e-15 0)
(3 2.58951e-15 0)
(3 2.53545e-15 0)
(3 2.77151e-15 0)
(3 2.58539e-15 0)
(3 1.59575e-15 0)
(3 3.18568e-16 0)
(3 3.6968e-16 0)
(3 9.65472e-17 0)
(3 4.96696e-17 0)
(1.66091 -1.20654 0)
(1.8793 -0.981519 0)
(2.97726 -0.015307 0)
(3 1.06799e-15 0)
(3 8.16532e-16 0)
(3 1.13308e-15 0)
(3 1.56784e-15 0)
(3 1.92457e-15 0)
(3 2.09431e-15 0)
(3 2.34013e-15 0)
(3 2.63671e-15 0)
(3 2.79888e-15 0)
(3 3.05464e-15 0)
(3 2.59991e-15 0)
(3 1.83597e-15 0)
(3 1.08901e-15 0)
(3 6.81199e-16 0)
(3 9.11254e-16 0)
(3 1.16392e-15 0)
(3 1.51266e-15 0)
(1.65325 -1.24032 0)
(1.81974 -1.10616 0)
(2.86499 -0.103178 0)
(3 8.3563e-15 0)
(3 1.37805e-15 0)
(3 1.20794e-15 0)
(3 1.46734e-15 0)
(3 2.30553e-15 0)
(3 3.10667e-15 0)
(3 3.39727e-15 0)
(3 3.31761e-15 0)
(3 2.61936e-15 0)
(3 2.31469e-15 0)
(3 1.93815e-15 0)
(3 1.90991e-15 0)
(3 1.47685e-15 0)
(3 1.96488e-15 0)
(3 2.63732e-15 0)
(3 2.49654e-15 0)
(3 2.16677e-15 0)
(1.63725 -1.26464 0)
(1.64122 -1.24375 0)
(2.65411 -0.290915 0)
(3 -9.74815e-13 0)
(3 1.64862e-13 0)
(3 4.89463e-15 0)
(3 1.78618e-15 0)
(3 2.99634e-15 0)
(3 3.12406e-15 0)
(3 2.79273e-15 0)
(3 2.2419e-15 0)
(3 2.10627e-15 0)
(3 2.29622e-15 0)
(3 2.10099e-15 0)
(3 2.2925e-15 0)
(3 1.87679e-15 0)
(3 2.79891e-15 0)
(3 3.13723e-15 0)
(3 3.20194e-15 0)
(3 2.90819e-15 0)
(1.61951 -1.27787 0)
(1.55498 -1.32712 0)
(2.40505 -0.55563 0)
(3 4.13435e-12 0)
(3 3.56257e-11 0)
(3 -5.03184e-13 0)
(3 5.45467e-15 0)
(3 2.16889e-15 0)
(3 2.58596e-15 0)
(3 2.48851e-15 0)
(3 1.72264e-15 0)
(3 1.54295e-15 0)
(3 1.8082e-15 0)
(3 2.15264e-15 0)
(3 2.7303e-15 0)
(3 2.71586e-15 0)
(3 3.46802e-15 0)
(3 3.54157e-15 0)
(3 3.36192e-15 0)
(3 3.18999e-15 0)
(1.60241 -1.29022 0)
(1.477 -1.37292 0)
(2.18943 -0.805901 0)
(3.01037 0.00855806 0)
(3 -3.9607e-08 0)
(3 3.69634e-11 0)
(3 -7.09113e-14 0)
(3 1.76516e-15 0)
(3 2.0156e-15 0)
(3 2.00347e-15 0)
(3 9.85985e-16 0)
(3 9.35627e-16 0)
(3 2.00003e-15 0)
(3 2.28338e-15 0)
(3 2.70592e-15 0)
(3 2.34265e-15 0)
(3 3.22107e-15 0)
(3 3.98684e-15 0)
(3 3.10169e-15 0)
(3 2.47902e-15 0)
(1.58921 -1.30514 0)
(1.47532 -1.35453 0)
(1.95063 -1.03274 0)
(2.86579 -0.11574 0)
(3 1.38515e-08 0)
(3 -4.83947e-11 0)
(3 1.24616e-13 0)
(3 9.93375e-16 0)
(3 1.96296e-15 0)
(3 1.92153e-15 0)
(3 7.35811e-16 0)
(3 1.11851e-15 0)
(3 2.77186e-15 0)
(3 2.938e-15 0)
(3 2.99166e-15 0)
(3 2.62182e-15 0)
(3 2.56166e-15 0)
(3 3.09848e-15 0)
(3 1.77001e-15 0)
(3 3.19789e-15 0)
(1.594 -1.33069 0)
(1.49508 -1.33671 0)
(1.73585 -1.18595 0)
(2.3953 -0.555043 0)
(3 2.91024e-07 0)
(3 1.55543e-12 0)
(3 6.85908e-16 0)
(3 3.28472e-15 0)
(3 -2.27128e-15 0)
(3 1.87074e-15 0)
(3 8.64617e-16 0)
(3 1.22711e-15 0)
(3 3.43529e-15 0)
(3 4.23868e-15 0)
(3 3.13606e-15 0)
(3 3.13607e-15 0)
(3 1.823e-15 0)
(3 1.93849e-15 0)
(3 2.76751e-15 0)
(3 3.93942e-15 0)
(1.58075 -1.29514 0)
(1.55209 -1.30827 0)
(1.6803 -1.23852 0)
(2.21424 -0.822221 0)
(3.02279 0.0228342 0)
(3 5.923e-12 0)
(3 -2.93523e-12 0)
(3 -4.77547e-12 0)
(3 2.24623e-12 0)
(3 -5.7929e-15 0)
(3 6.83269e-16 0)
(3 2.21279e-15 0)
(3 4.54399e-15 0)
(3 5.54886e-15 0)
(3 4.23984e-15 0)
(3 1.87787e-15 0)
(3 2.02969e-15 0)
(3 2.22254e-15 0)
(3 3.27338e-15 0)
(3 3.88704e-15 0)
(1.58098 -1.28141 0)
(1.58711 -1.28119 0)
(1.64471 -1.26154 0)
(1.76447 -1.16749 0)
(2.67215 -0.277664 0)
(3 6.03531e-10 0)
(3 -1.40944e-08 0)
(3 1.26915e-08 0)
(3 -5.42722e-10 0)
(3 -2.55117e-12 0)
(3 1.00841e-13 0)
(3 6.98963e-16 0)
(3 5.04801e-15 0)
(3 5.59833e-15 0)
(3 3.29447e-15 0)
(3 1.88739e-15 0)
(3 2.51746e-15 0)
(3 2.97943e-15 0)
(3 3.9475e-15 0)
(3 4.25818e-15 0)
(1.5817 -1.26224 0)
(1.59454 -1.26466 0)
(1.63141 -1.2642 0)
(1.66564 -1.24599 0)
(2.33287 -0.648378 0)
(3.02038 0.0180671 0)
(2.99975 -0.000150476 0)
(3 4.22724e-06 0)
(3 -8.28946e-08 0)
(3 9.17255e-10 0)
(3 -1.76958e-13 0)
(3 3.86384e-15 0)
(3 4.62325e-15 0)
(3 4.64504e-15 0)
(3 3.10672e-15 0)
(3 2.28805e-15 0)
(3 3.08832e-15 0)
(3 3.84091e-15 0)
(3 4.69854e-15 0)
(3 4.19294e-15 0)
(1.58223 -1.25229 0)
(1.60394 -1.25231 0)
(1.62481 -1.2572 0)
(1.64338 -1.26226 0)
(1.91645 -1.05049 0)
(2.77417 -0.201394 0)
(3.00447 0.000974393 0)
(2.99991 -7.37881e-05 0)
(3 9.35309e-07 0)
(3 -8.94063e-10 0)
(3 1.81885e-14 0)
(3 4.16632e-15 0)
(3 4.8626e-15 0)
(3 3.96603e-15 0)
(3 3.94567e-15 0)
(3 3.25975e-15 0)
(3 2.92362e-15 0)
(3 3.88155e-15 0)
(3 4.00839e-15 0)
(3 4.0743e-15 0)
(1.58197 -1.24688 0)
(1.60467 -1.2518 0)
(1.61819 -1.25604 0)
(1.61404 -1.27302 0)
(1.69073 -1.22075 0)
(2.24594 -0.769327 0)
(3.00388 0.00878339 0)
(3.00016 0.000544708 0)
(3 -7.79029e-07 0)
(3 -5.96989e-11 0)
(3 4.56178e-14 0)
(3 3.37274e-15 0)
(3 4.96933e-15 0)
(3 4.32005e-15 0)
(3 4.14908e-15 0)
(3 3.36845e-15 0)
(3 3.30577e-15 0)
(3 3.17168e-15 0)
(3 3.27736e-15 0)
(3 2.71126e-15 0)
(1.58275 -1.24681 0)
(1.59428 -1.25707 0)
(1.60601 -1.26487 0)
(1.61093 -1.27829 0)
(1.63875 -1.27233 0)
(1.71873 -1.21787 0)
(2.23385 -0.757482 0)
(2.99091 -0.0208978 0)
(3 -5.04648e-08 0)
(3 3.02414e-11 0)
(3 5.04506e-15 0)
(3 4.79644e-15 0)
(3 4.83833e-15 0)
(3 3.96929e-15 0)
(3 3.89385e-15 0)
(3 3.29584e-15 0)
(3 2.94829e-15 0)
(3 2.06107e-15 0)
(3 1.08539e-15 0)
(3 2.39902e-15 0)
(1.58095 -1.25834 0)
(1.58515 -1.26391 0)
(1.5931 -1.26852 0)
(1.60069 -1.26683 0)
(1.60455 -1.25711 0)
(1.59155 -1.2694 0)
(1.88995 -1.18187 0)
(2.95735 -0.412836 0)
(3.34507 0.623103 0)
(3 -6.31276e-11 0)
(3 7.44396e-11 0)
(3 -7.85339e-11 0)
(3 -3.77795e-17 0)
(3 4.3039e-13 0)
(3 1.80374e-14 0)
(3 -1.48317e-14 0)
(3 1.30812e-14 0)
(3 3.55882e-15 0)
(3 -9.4781e-16 0)
(3 -1.01441e-15 0)
(1.16523 -0.76598 0)
(1.82876 -1.15431 0)
(1.84276 -1.15351 0)
(1.73674 -1.20228 0)
(1.7081 -1.19746 0)
(1.6611 -1.24096 0)
(1.65623 -1.21458 0)
(1.72857 -1.16716 0)
(1.76462 -1.23479 0)
(1.80437 -1.13984 0)
(2.28169 -0.730903 0)
(2.86518 -0.201534 0)
(3.10016 0.0310475 0)
(3.02129 0.0128152 0)
(3.00457 0.00552925 0)
(3.0018 0.00300518 0)
(3.00005 0.00057181 0)
(2.99998 2.13358e-05 0)
(2.99999 -1.44374e-05 0)
(3 -5.93175e-06 0)
(1.01429 -0.0324267 0)
(1.92169 -0.780968 0)
(2.11482 -0.794027 0)
(2.01352 -0.932446 0)
(1.95625 -0.989072 0)
(1.84888 -1.09969 0)
(1.7885 -1.13452 0)
(1.76532 -1.14417 0)
(1.76445 -1.16093 0)
(1.74361 -1.20139 0)
(1.7233 -1.19326 0)
(1.85983 -1.0674 0)
(2.08922 -0.886258 0)
(2.49538 -0.581657 0)
(2.98433 -0.139048 0)
(3.0739 0.0290898 0)
(3.00823 0.0077243 0)
(3.00295 0.00384966 0)
(3.00123 0.00220197 0)
(3.00008 0.000488837 0)
(0.863991 0.0274743 0)
(1.88438 -0.483651 0)
(2.23841 -0.488158 0)
(2.22653 -0.55928 0)
(2.20134 -0.587654 0)
(2.14394 -0.729971 0)
(2.03251 -0.897034 0)
(1.95852 -0.982438 0)
(1.90666 -1.04058 0)
(1.85151 -1.12894 0)
(1.792 -1.16153 0)
(1.79053 -1.1531 0)
(1.80679 -1.13011 0)
(1.84902 -1.08612 0)
(2.04278 -0.948214 0)
(2.26083 -0.827063 0)
(2.66226 -0.505925 0)
(3.03479 -0.0942755 0)
(3.05546 0.0234798 0)
(3.00405 0.00466662 0)
(1.16091 0.758029 0)
(1.52563 1.29051 0)
(2.18828 0.453796 0)
(2.35296 -0.0178723 0)
(2.36274 -0.097386 0)
(2.34761 -0.319052 0)
(2.27293 -0.51892 0)
(2.21373 -0.631747 0)
(2.14173 -0.743076 0)
(2.09487 -0.884446 0)
(1.98271 -0.99785 0)
(1.92128 -1.05403 0)
(1.88489 -1.07528 0)
(1.86813 -1.08673 0)
(1.87235 -1.05616 0)
(1.89759 -1.04832 0)
(1.96107 -1.02211 0)
(2.16212 -0.906113 0)
(2.3812 -0.794148 0)
(2.78009 -0.441031 0)
(1.24899 1.49508 0)
(1.53012 1.85186 0)
(2.1606 1.33839 0)
(2.2952 0.193607 0)
(2.41792 -0.138336 0)
(2.44532 0.18825 0)
(2.46228 -0.0214216 0)
(2.4043 -0.291474 0)
(2.34946 -0.416993 0)
(2.31789 -0.575833 0)
(2.22733 -0.73305 0)
(2.13443 -0.855854 0)
(2.06952 -0.925159 0)
(2.01078 -0.985091 0)
(1.9764 -0.987542 0)
(1.9535 -0.996255 0)
(1.95431 -1.01641 0)
(1.97012 -0.994563 0)
(1.99575 -0.994272 0)
(2.07104 -0.977963 0)
(1.38106 1.78699 0)
(1.48054 2.13357 0)
(1.93859 1.63164 0)
(2.13441 1.02296 0)
(2.45043 0.726901 0)
(2.50499 0.272719 0)
(2.54945 0.0733047 0)
(2.5357 -0.127535 0)
(2.49373 -0.231191 0)
(2.4684 -0.36607 0)
(2.40753 -0.517938 0)
(2.32423 -0.652418 0)
(2.267 -0.722928 0)
(2.20865 -0.787586 0)
(2.1714 -0.795344 0)
(2.13519 -0.808105 0)
(2.08735 -0.853518 0)
(2.06648 -0.880154 0)
(2.03158 -0.932911 0)
(2.05739 -0.957271 0)
(1.40724 1.75783 0)
(1.5812 2.40039 0)
(1.83153 1.92768 0)
(1.96785 1.74959 0)
(2.23062 1.49409 0)
(2.38488 0.849221 0)
(2.47399 0.760141 0)
(2.54462 0.52425 0)
(2.52491 0.216827 0)
(2.54312 0.116755 0)
(2.52521 -0.0734482 0)
(2.48714 -0.218488 0)
(2.45023 -0.326678 0)
(2.41355 -0.413506 0)
(2.35861 -0.508194 0)
(2.3317 -0.558739 0)
(2.24943 -0.666844 0)
(2.19181 -0.744104 0)
(2.15791 -0.792052 0)
(2.14242 -0.792356 0)
(1.3481 1.55074 0)
(1.76148 2.43203 0)
(1.83498 2.12815 0)
(1.90533 1.91333 0)
(2.08389 1.64619 0)
(2.23053 1.4068 0)
(2.32028 1.19877 0)
(2.41029 0.963167 0)
(2.45376 0.753459 0)
(2.50001 0.586753 0)
(2.55726 0.389643 0)
(2.55458 0.155771 0)
(2.56636 -0.0165286 0)
(2.54538 -0.189199 0)
(2.48878 -0.369327 0)
(2.45493 -0.453226 0)
(2.38025 -0.566715 0)
(2.3573 -0.532065 0)
(2.31917 -0.562172 0)
(2.32909 -0.515173 0)
(1.33456 1.29349 0)
(1.72792 2.03948 0)
(1.96592 2.35912 0)
(1.97935 2.16911 0)
(2.15604 1.75807 0)
(2.22434 1.616 0)
(2.37692 1.31887 0)
(2.48207 1.0858 0)
(2.54821 0.975962 0)
(2.60961 0.692339 0)
(2.68369 0.484359 0)
(2.66387 0.205583 0)
(2.66948 0.0530026 0)
(2.63799 -0.109149 0)
(2.60228 -0.217542 0)
(2.56549 -0.253838 0)
(2.53297 -0.253962 0)
(2.53054 -0.192113 0)
(2.45458 -0.313167 0)
(2.47554 -0.284534 0)
(1.39208 1.17376 0)
(1.58686 1.51684 0)
(1.87419 2.22047 0)
(2.00665 2.3984 0)
(2.34146 1.90095 0)
(2.41266 1.80007 0)
(2.59115 1.3417 0)
(2.7216 1.13964 0)
(2.80605 0.992063 0)
(2.78611 0.67343 0)
(2.78101 0.585433 0)
(2.74608 0.391468 0)
(2.72779 0.352277 0)
(2.71171 0.254798 0)
(2.68393 0.189904 0)
(2.65013 0.150161 0)
(2.63818 0.124362 0)
(2.61708 0.0254925 0)
(2.55736 -0.157521 0)
(2.56452 -0.162371 0)
(1.43775 1.11124 0)
(1.52769 1.31304 0)
(1.60296 1.8883 0)
(1.75857 2.2098 0)
(2.30719 2.02207 0)
(2.49444 1.91253 0)
(2.49334 1.48918 0)
(2.51867 1.33709 0)
(2.59914 1.243 0)
(2.63713 1.18803 0)
(2.636 1.11514 0)
(2.65544 0.931265 0)
(2.63954 0.807672 0)
(2.67579 0.716436 0)
(2.67061 0.54275 0)
(2.69234 0.429928 0)
(2.70987 0.277007 0)
(2.68885 0.0784866 0)
(2.64952 -0.0362653 0)
(2.61414 -0.0193488 0)
(1.45582 1.11616 0)
(1.4986 1.23697 0)
(1.52116 1.80404 0)
(1.58326 2.16449 0)
(1.87128 2.15993 0)
(2.16194 1.97107 0)
(2.22827 1.77552 0)
(2.31038 1.62986 0)
(2.3378 1.59044 0)
(2.36661 1.52363 0)
(2.45059 1.32594 0)
(2.54271 1.21337 0)
(2.58978 0.986063 0)
(2.70852 0.887256 0)
(2.71651 0.624931 0)
(2.76014 0.469442 0)
(2.75811 0.290564 0)
(2.74102 0.171169 0)
(2.70234 0.263248 0)
(2.65821 0.234644 0)
(1.46425 1.18875 0)
(1.53302 1.27443 0)
(1.50769 1.81881 0)
(1.50742 2.15276 0)
(1.64465 2.20404 0)
(1.88121 2.06897 0)
(1.99968 1.99779 0)
(2.11982 1.74854 0)
(2.18441 1.65561 0)
(2.31679 1.5928 0)
(2.44127 1.34792 0)
(2.61265 1.26756 0)
(2.66371 0.981306 0)
(2.75769 0.877273 0)
(2.7749 0.665574 0)
(2.77518 0.642425 0)
(2.77239 0.565527 0)
(2.74732 0.548197 0)
(2.72698 0.657018 0)
(2.6945 0.497733 0)
(1.52859 1.30002 0)
(1.63155 1.37702 0)
(1.58094 1.87091 0)
(1.49151 2.18111 0)
(1.61477 2.21968 0)
(1.82621 2.08038 0)
(1.93459 2.03552 0)
(2.11107 1.75449 0)
(2.22221 1.69007 0)
(2.43051 1.61106 0)
(2.54231 1.40001 0)
(2.66452 1.32188 0)
(2.72224 1.1877 0)
(2.73341 1.17558 0)
(2.75579 1.06199 0)
(2.73429 1.04692 0)
(2.714 0.939204 0)
(2.70606 0.940426 0)
(2.72731 0.902176 0)
(2.75662 0.669214 0)
(1.67166 1.40605 0)
(1.79251 1.44233 0)
(1.70896 1.88403 0)
(1.68601 2.21099 0)
(1.6872 2.22809 0)
(1.85819 2.15888 0)
(2.00001 2.12751 0)
(2.21073 1.81009 0)
(2.30977 1.8551 0)
(2.46572 1.73612 0)
(2.47875 1.68718 0)
(2.56269 1.55818 0)
(2.61731 1.50012 0)
(2.61482 1.48318 0)
(2.62486 1.38829 0)
(2.62538 1.32685 0)
(2.63317 1.20642 0)
(2.72344 1.15226 0)
(2.75826 0.98936 0)
(2.8454 0.75808 0)
(1.81677 1.42695 0)
(1.97927 1.33891 0)
(1.96844 1.79343 0)
(1.84477 2.1657 0)
(1.95734 2.25004 0)
(1.9622 2.28043 0)
(2.05596 2.26103 0)
(2.15009 2.06574 0)
(2.16849 2.0469 0)
(2.30961 1.83515 0)
(2.34278 1.87786 0)
(2.44873 1.76517 0)
(2.44942 1.71759 0)
(2.47239 1.6396 0)
(2.52823 1.55787 0)
(2.62327 1.4405 0)
(2.66893 1.29761 0)
(2.78945 1.12455 0)
(2.86647 0.921967 0)
(2.82793 0.901814 0)
(1.86136 1.40538 0)
(2.04951 1.25114 0)
(2.19216 1.68448 0)
(2.14793 2.0666 0)
(2.05263 2.23192 0)
(2.02736 2.3265 0)
(2.03206 2.29312 0)
(2.0683 2.15359 0)
(2.09494 2.0952 0)
(2.19832 1.98306 0)
(2.20887 2.02568 0)
(2.30559 1.86527 0)
(2.36681 1.78343 0)
(2.4443 1.68681 0)
(2.5563 1.59223 0)
(2.70804 1.46036 0)
(2.75776 1.35727 0)
(2.80825 1.32084 0)
(2.79269 1.34718 0)
(2.6887 1.3852 0)
(1.78421 1.35026 0)
(1.98261 1.20435 0)
(2.26665 1.57143 0)
(2.38941 1.95528 0)
(2.10525 2.24434 0)
(2.01147 2.34295 0)
(2.00251 2.30557 0)
(1.96013 2.23894 0)
(1.98687 2.1461 0)
(2.0596 2.05415 0)
(2.15851 2.02197 0)
(2.22536 1.94661 0)
(2.33088 1.89403 0)
(2.42361 1.82514 0)
(2.49955 1.77753 0)
(2.5655 1.72286 0)
(2.57785 1.74382 0)
(2.57966 1.67236 0)
(2.54549 1.65341 0)
(2.54231 1.59299 0)
(1.72206 1.31378 0)
(1.84973 1.16642 0)
(2.07141 1.44509 0)
(2.1395 1.89313 0)
(1.83697 1.6978 0)
(1.75539 1.55989 0)
(1.80934 1.53868 0)
(1.81695 1.64639 0)
(1.83907 1.64256 0)
(1.8658 1.52902 0)
(1.8945 1.37312 0)
(1.90685 1.2154 0)
(1.93088 1.05415 0)
(1.99399 0.992536 0)
(2.08879 1.08608 0)
(2.14419 1.21113 0)
(2.15313 1.31089 0)
(2.14484 1.24173 0)
(2.14729 1.0837 0)
(2.24953 1.01492 0)
(1.32448 0.315034 0)
(1.40243 0.378715 0)
(1.49192 0.370074 0)
(1.51193 0.392563 0)
(1.41149 0.301702 0)
(1.38481 0.188324 0)
(1.47188 0.201216 0)
(1.52085 0.277388 0)
(1.54473 0.306995 0)
(1.55734 0.282652 0)
(1.58476 0.270643 0)
(1.57958 0.213748 0)
(1.59044 0.136868 0)
(1.62412 0.118213 0)
(1.64645 0.170905 0)
(1.67804 0.265681 0)
(1.71241 0.295436 0)
(1.71388 0.241877 0)
(1.77536 0.151728 0)
(1.86819 0.119378 0)
(1.93681 -0.17813 0)
(2.02104 -0.130825 0)
(2.0727 -0.0965827 0)
(2.12334 -0.0866536 0)
(2.12569 -0.0139889 0)
(2.14862 -0.0198249 0)
(2.16611 -0.0138194 0)
(2.17074 0.000617533 0)
(2.18145 -0.000690033 0)
(2.20711 -0.0158867 0)
(2.22171 -0.0193845 0)
(2.21008 -0.0124603 0)
(2.21057 -0.00561742 0)
(2.2282 0.00888331 0)
(2.24781 0.0123003 0)
(2.2655 0.000472232 0)
(2.26728 -0.00916951 0)
(2.26668 -0.0124958 0)
(2.27019 -0.0080665 0)
(2.28316 -0.00135006 0)
(2.29325 -0.816134 0)
(2.30869 -0.501966 0)
(2.30305 -0.305083 0)
(2.32544 -0.228529 0)
(2.27338 -0.0678186 0)
(2.26015 -0.05547 0)
(2.25368 -0.031346 0)
(2.26939 0.00109181 0)
(2.26949 0.00027916 0)
(2.27291 -0.0232486 0)
(2.28881 -0.0414484 0)
(2.28039 -0.0349475 0)
(2.27669 -0.0255233 0)
(2.28439 0.00476644 0)
(2.2969 0.0153253 0)
(2.30865 0.0090585 0)
(2.31196 -0.0145295 0)
(2.31068 -0.0200119 0)
(2.30774 -0.0160469 0)
(2.31262 -0.00349233 0)
(2.65134 -1.46791 0)
(2.68288 -1.3884 0)
(2.60618 -1.08077 0)
(2.6101 -0.871332 0)
(2.54893 -0.515578 0)
(2.62605 -0.310826 0)
(2.48879 -0.0717331 0)
(2.43571 -0.0376347 0)
(2.4033 -0.00545883 0)
(2.39765 -0.0204768 0)
(2.41507 -0.0357605 0)
(2.41209 -0.0273355 0)
(2.40785 -0.0188451 0)
(2.39876 0.0038319 0)
(2.39669 0.0105443 0)
(2.3946 0.00389625 0)
(2.39544 -0.0130478 0)
(2.39363 -0.0163997 0)
(2.39159 -0.0106886 0)
(2.38314 0.00113732 0)
(2.68441 -1.25902 0)
(2.72333 -1.20717 0)
(2.78821 -1.24611 0)
(2.73181 -1.18437 0)
(2.69111 -1.10462 0)
(2.73479 -0.855452 0)
(2.72831 -0.498068 0)
(2.72274 -0.260007 0)
(2.60432 -0.0401315 0)
(2.55245 -0.0238447 0)
(2.52308 -0.0393586 0)
(2.5173 -0.0338638 0)
(2.52132 -0.0269257 0)
(2.51185 -0.00668615 0)
(2.50416 0.00488205 0)
(2.49157 -0.00133522 0)
(2.48576 -0.0146101 0)
(2.48521 -0.0144657 0)
(2.48255 -0.00495793 0)
(2.46841 0.00348334 0)
(2.71712 -1.06244 0)
(2.73115 -1.07648 0)
(2.71084 -1.0082 0)
(2.72036 -0.975676 0)
(2.73524 -0.961301 0)
(2.74 -0.999806 0)
(2.76276 -0.961779 0)
(2.80126 -0.699952 0)
(2.78916 -0.374816 0)
(2.74889 -0.200293 0)
(2.63506 -0.0492453 0)
(2.59915 -0.0247958 0)
(2.5853 -0.0265184 0)
(2.58199 -0.0183991 0)
(2.56805 -0.0106718 0)
(2.55249 -0.0108558 0)
(2.54355 -0.0140749 0)
(2.54581 -0.0100685 0)
(2.54557 -0.000589752 0)
(2.53468 0.000881857 0)
(2.75385 -0.836206 0)
(2.71781 -0.921839 0)
(2.73026 -0.937332 0)
(2.76052 -0.908726 0)
(2.78402 -0.856864 0)
(2.77982 -0.863204 0)
(2.77144 -0.919181 0)
(2.77997 -0.935415 0)
(2.78845 -0.831816 0)
(2.76767 -0.571524 0)
(2.68792 -0.226693 0)
(2.64157 -0.0422687 0)
(2.62388 -0.0380869 0)
(2.60937 -0.0344921 0)
(2.59199 -0.0245872 0)
(2.5761 -0.0211146 0)
(2.56505 -0.0149648 0)
(2.5705 -0.00215239 0)
(2.57444 0.0030004 0)
(2.56834 -0.00180153 0)
(2.75294 -0.64325 0)
(2.7236 -0.748798 0)
(2.73269 -0.76093 0)
(2.78517 -0.715781 0)
(2.8139 -0.73386 0)
(2.812 -0.7508 0)
(2.78113 -0.78391 0)
(2.74595 -0.836525 0)
(2.72408 -0.857857 0)
(2.73557 -0.817336 0)
(2.70979 -0.660765 0)
(2.64427 -0.281294 0)
(2.62287 -0.0534435 0)
(2.61121 -0.0611517 0)
(2.5896 -0.0399743 0)
(2.57727 -0.0333915 0)
(2.57449 -0.0118031 0)
(2.58057 0.00533077 0)
(2.58411 0.000797103 0)
(2.57758 -0.0102885 0)
(2.72258 -0.485258 0)
(2.72546 -0.607268 0)
(2.72392 -0.653563 0)
(2.78827 -0.634654 0)
(2.83601 -0.624465 0)
(2.82891 -0.635981 0)
(2.78668 -0.696393 0)
(2.72771 -0.751232 0)
(2.70862 -0.77001 0)
(2.7083 -0.785554 0)
(2.71765 -0.740516 0)
(2.6976 -0.638774 0)
(2.64152 -0.324934 0)
(2.60717 -0.0908305 0)
(2.57304 -0.0138662 0)
(2.572 -0.0332561 0)
(2.58048 -0.0116483 0)
(2.59373 0.0135855 0)
(2.58714 -0.00333411 0)
(2.578 -0.0126302 0)
(2.6811 -0.280769 0)
(2.71541 -0.427336 0)
(2.71793 -0.493749 0)
(2.7631 -0.510594 0)
(2.82239 -0.566375 0)
(2.82005 -0.592419 0)
(2.77506 -0.604416 0)
(2.7147 -0.64254 0)
(2.69182 -0.695756 0)
(2.70107 -0.703387 0)
(2.7226 -0.717859 0)
(2.71754 -0.689774 0)
(2.69845 -0.634435 0)
(2.64494 -0.356458 0)
(2.62978 -0.185138 0)
(2.60236 -0.0546397 0)
(2.5974 -0.00280599 0)
(2.5909 0.00637768 0)
(2.57193 -0.0163322 0)
(2.57445 -0.0126643 0)
(2.62869 -0.0926768 0)
(2.69568 -0.290676 0)
(2.69231 -0.358219 0)
(2.72059 -0.397023 0)
(2.77179 -0.42553 0)
(2.77217 -0.493862 0)
(2.74099 -0.530711 0)
(2.68412 -0.549547 0)
(2.6887 -0.616031 0)
(2.69818 -0.655056 0)
(2.72748 -0.665314 0)
(2.72797 -0.677785 0)
(2.71144 -0.677557 0)
(2.69796 -0.633892 0)
(2.67183 -0.379446 0)
(2.65534 -0.136463 0)
(2.62635 0.0409894 0)
(2.5693 0.00734445 0)
(2.56592 -0.0205885 0)
(2.58084 -0.0115003 0)
(2.49928 0.204833 0)
(2.55238 0.0808193 0)
(2.61922 -0.192416 0)
(2.64274 -0.264831 0)
(2.66779 -0.24709 0)
(2.62403 -0.28555 0)
(2.61171 -0.358066 0)
(2.6496 -0.404766 0)
(2.69555 -0.490256 0)
(2.71011 -0.541071 0)
(2.73102 -0.560461 0)
(2.72982 -0.585578 0)
(2.71316 -0.639595 0)
(2.72643 -0.658467 0)
(2.72844 -0.613487 0)
(2.72724 -0.438718 0)
(2.70471 -0.209226 0)
(2.66979 -0.125174 0)
(2.6616 -0.0392108 0)
(2.62087 -0.00696206 0)
(2.35577 0.538641 0)
(2.43055 0.390823 0)
(2.49395 0.21156 0)
(2.59728 -0.130595 0)
(2.61522 -0.174235 0)
(2.63407 -0.288226 0)
(2.65541 -0.348658 0)
(2.67823 -0.368066 0)
(2.7015 -0.386683 0)
(2.72247 -0.405748 0)
(2.73494 -0.451119 0)
(2.72903 -0.518823 0)
(2.72275 -0.565974 0)
(2.74017 -0.584551 0)
(2.80001 -0.572281 0)
(2.80413 -0.561563 0)
(2.78196 -0.495832 0)
(2.75589 -0.322082 0)
(2.74597 -0.177518 0)
(2.71372 -0.0510271 0)
(2.34677 0.709158 0)
(2.38844 0.598111 0)
(2.4526 0.441776 0)
(2.494 0.296953 0)
(2.57847 0.08574 0)
(2.63326 -0.0917579 0)
(2.65648 -0.0935626 0)
(2.63141 -0.0813838 0)
(2.66058 -0.185742 0)
(2.66447 -0.223251 0)
(2.68708 -0.281918 0)
(2.72767 -0.360118 0)
(2.74592 -0.420552 0)
(2.77336 -0.440134 0)
(2.81261 -0.478449 0)
(2.83121 -0.5246 0)
(2.83195 -0.528441 0)
(2.82423 -0.515137 0)
(2.82644 -0.452044 0)
(2.80123 -0.204675 0)
(2.43384 0.686431 0)
(2.4325 0.680045 0)
(2.43296 0.645302 0)
(2.47837 0.522714 0)
(2.51811 0.401472 0)
(2.58588 0.218749 0)
(2.64441 0.0166765 0)
(2.65611 -0.0523726 0)
(2.68832 -0.18152 0)
(2.69995 -0.256159 0)
(2.72663 -0.3054 0)
(2.76166 -0.322849 0)
(2.78596 -0.338036 0)
(2.80751 -0.366798 0)
(2.81395 -0.365887 0)
(2.82176 -0.415749 0)
(2.83085 -0.445552 0)
(2.84382 -0.498408 0)
(2.87907 -0.493232 0)
(2.8834 -0.418991 0)
(2.72286 0.442364 0)
(2.59195 0.606412 0)
(2.52326 0.629394 0)
(2.52481 0.615217 0)
(2.53066 0.564506 0)
(2.56121 0.467748 0)
(2.61246 0.310435 0)
(2.65234 0.193218 0)
(2.68656 0.0906028 0)
(2.72585 -0.0589688 0)
(2.74516 -0.0772479 0)
(2.77209 -0.129419 0)
(2.77807 -0.145057 0)
(2.79165 -0.222521 0)
(2.81823 -0.278057 0)
(2.83513 -0.34346 0)
(2.85924 -0.370448 0)
(2.89592 -0.400964 0)
(2.92154 -0.41623 0)
(2.9189 -0.418374 0)
(2.96881 0.0702581 0)
(2.84728 0.311005 0)
(2.74053 0.472221 0)
(2.61488 0.578537 0)
(2.61086 0.580265 0)
(2.60733 0.56677 0)
(2.6202 0.510402 0)
(2.65357 0.41272 0)
(2.69785 0.286232 0)
(2.7426 0.145448 0)
(2.76637 0.0573777 0)
(2.79721 -0.0355842 0)
(2.82052 -0.155376 0)
(2.83165 -0.213678 0)
(2.85214 -0.259117 0)
(2.87584 -0.295599 0)
(2.90224 -0.302668 0)
(2.92392 -0.293178 0)
(2.92868 -0.33097 0)
(2.93495 -0.404654 0)
(2.99895 0.00346254 0)
(2.98567 0.0361241 0)
(2.94911 0.135886 0)
(2.82514 0.36476 0)
(2.7454 0.487497 0)
(2.66565 0.553679 0)
(2.66551 0.550999 0)
(2.67016 0.53219 0)
(2.68625 0.483402 0)
(2.72312 0.385394 0)
(2.76214 0.260042 0)
(2.78709 0.185349 0)
(2.82371 0.0601026 0)
(2.84148 -0.00285941 0)
(2.84812 -0.00902506 0)
(2.84937 -0.0488481 0)
(2.87928 -0.12252 0)
(2.8849 -0.160266 0)
(2.92312 -0.240695 0)
(2.94579 -0.29872 0)
(2.99998 7.39649e-05 0)
(2.99965 0.000870708 0)
(2.99726 0.00800542 0)
(2.97635 0.0599643 0)
(2.92669 0.183093 0)
(2.82512 0.381426 0)
(2.77589 0.46516 0)
(2.71334 0.522277 0)
(2.7134 0.520747 0)
(2.71905 0.504151 0)
(2.73788 0.452944 0)
(2.76803 0.374213 0)
(2.80397 0.275545 0)
(2.84854 0.13115 0)
(2.86052 0.0838741 0)
(2.88642 -0.0175203 0)
(2.9082 -0.125699 0)
(2.91482 -0.179428 0)
(2.93601 -0.225779 0)
(2.96892 -0.263882 0)
(3 1.12017e-06 0)
(3 9.27128e-06 0)
(2.99995 0.000117761 0)
(2.99924 0.00188437 0)
(2.99448 0.0143347 0)
(2.96816 0.0802019 0)
(2.92786 0.189283 0)
(2.83513 0.379415 0)
(2.79814 0.442966 0)
(2.75212 0.490714 0)
(2.75245 0.489763 0)
(2.7578 0.476844 0)
(2.77524 0.436661 0)
(2.80401 0.363013 0)
(2.83945 0.258507 0)
(2.86974 0.172538 0)
(2.88666 0.106847 0)
(2.90311 0.0299194 0)
(2.9132 0.00491142 0)
(2.93345 -0.0549957 0)
(3 1.26459e-08 0)
(3 7.91915e-08 0)
(3 9.6735e-07 0)
(2.99999 1.94254e-05 0)
(2.99989 0.000263864 0)
(2.99874 0.00308989 0)
(2.99333 0.0172922 0)
(2.9639 0.0897701 0)
(2.93129 0.180253 0)
(2.84808 0.362366 0)
(2.81485 0.422048 0)
(2.78429 0.460957 0)
(2.78471 0.460652 0)
(2.78917 0.450902 0)
(2.80362 0.417288 0)
(2.82974 0.355132 0)
(2.86298 0.26376 0)
(2.8913 0.176262 0)
(2.91695 0.0877574 0)
(2.94438 -0.0304527 0)
(3 1.08051e-10 0)
(3 6.2266e-10 0)
(3 6.58239e-09 0)
(3 1.36883e-07 0)
(3 2.19149e-06 0)
(2.99998 3.60151e-05 0)
(2.99984 0.000350304 0)
(2.99829 0.00406755 0)
(2.99318 0.0175294 0)
(2.96392 0.0895555 0)
(2.93178 0.173524 0)
(2.87127 0.313915 0)
(2.82721 0.408787 0)
(2.80769 0.43631 0)
(2.80906 0.433676 0)
(2.81304 0.42565 0)
(2.82588 0.399596 0)
(2.8471 0.350138 0)
(2.87659 0.269626 0)
(2.91098 0.162546 0)
(3 7.06733e-13 0)
(3 4.41939e-12 0)
(3 4.08629e-11 0)
(3 8.29001e-10 0)
(3 1.40945e-08 0)
(3 2.55899e-07 0)
(3 3.13935e-06 0)
(2.99998 5.16366e-05 0)
(2.99983 0.000392623 0)
(2.99816 0.00420811 0)
(2.99287 0.017949 0)
(2.97054 0.0719159 0)
(2.9286 0.174308 0)
(2.89256 0.264956 0)
(2.846 0.372321 0)
(2.82377 0.419475 0)
(2.82813 0.409209 0)
(2.8309 0.40325 0)
(2.83946 0.38598 0)
(2.87059 0.31244 0)
(3 4.39086e-15 0)
(3 2.86231e-14 0)
(3 2.4088e-13 0)
(3 4.38755e-12 0)
(3 8.25612e-11 0)
(3 1.46646e-09 0)
(3 2.21671e-08 0)
(3 3.63644e-07 0)
(3 3.82067e-06 0)
(2.99997 5.44642e-05 0)
(2.99982 0.000425194 0)
(2.99853 0.00321862 0)
(2.99233 0.0181727 0)
(2.97808 0.0539534 0)
(2.93569 0.157875 0)
(2.90158 0.240422 0)
(2.87198 0.317292 0)
(2.83908 0.395398 0)
(2.84019 0.389978 0)
(2.84781 0.376855 0)
(3 -6.86569e-15 0)
(3 -8.19523e-15 0)
(3 -7.31976e-15 0)
(3 1.33603e-14 0)
(3 4.18186e-13 0)
(3 7.70615e-12 0)
(3 1.33201e-10 0)
(3 2.13503e-09 0)
(3 2.71005e-08 0)
(3 4.01142e-07 0)
(3 4.05798e-06 0)
(2.99998 4.42093e-05 0)
(2.99982 0.00041386 0)
(2.99894 0.00244768 0)
(2.99362 0.0145829 0)
(2.98158 0.0445813 0)
(2.94799 0.130671 0)
(2.91894 0.203946 0)
(2.8847 0.299497 0)
(2.87294 0.346199 0)
(3 -2.84109e-15 0)
(3 -4.0197e-15 0)
(3 -3.6071e-15 0)
(3 -4.19227e-15 0)
(3 6.56675e-16 0)
(3 3.29704e-14 0)
(3 5.9917e-13 0)
(3 1.04413e-11 0)
(3 1.35994e-10 0)
(3 2.20368e-09 0)
(3 2.37026e-08 0)
(3 2.9739e-07 0)
(3 3.41337e-06 0)
(2.99998 2.63257e-05 0)
(2.99982 0.000283802 0)
(2.99906 0.00147911 0)
(2.99428 0.00908644 0)
(2.98122 0.0275428 0)
(2.94854 0.0804187 0)
(2.8804 0.153894 0)
(2.41326 0.409214 0)
(2.26448 0.712265 0)
(2.3403 0.737043 0)
(2.54917 0.602206 0)
(2.85879 0.241455 0)
(2.98702 0.0322567 0)
(2.99955 0.00157751 0)
(2.99999 3.88612e-05 0)
(3 5.8846e-07 0)
(3 5.9668e-09 0)
(3 4.29481e-11 0)
(3 2.30599e-13 0)
(3 -2.14542e-15 0)
(3 -4.3381e-15 0)
(3 -1.6237e-15 0)
(2.27707 0.657241 0)
(2.25442 0.789135 0)
(2.39631 0.744382 0)
(2.77847 0.376858 0)
(2.98999 0.0357705 0)
(3.00004 0.000467745 0)
(3 -1.20665e-06 0)
(3 -8.48333e-08 0)
(3 -1.55057e-08 0)
(3 -6.36878e-10 0)
(3 -8.26368e-12 0)
(3 -5.90844e-14 0)
(3 -4.23057e-15 0)
(3 -3.89487e-15 0)
(3 -1.57031e-15 0)
(2.2105 0.799838 0)
(2.25009 0.802629 0)
(2.58627 0.554228 0)
(2.94371 0.119281 0)
(2.99894 0.00500522 0)
(2.99999 6.98065e-05 0)
(3 8.43874e-07 0)
(3 1.05645e-08 0)
(3 4.00859e-11 0)
(3 3.47063e-13 0)
(3 1.17524e-14 0)
(3 1.50334e-15 0)
(3 -3.8804e-15 0)
(3 -3.29619e-15 0)
(3 -1.25571e-15 0)
(2.17755 0.880873 0)
(2.41535 0.741186 0)
(2.84286 0.275499 0)
(2.99518 0.0158951 0)
(3 9.92312e-05 0)
(3 -9.50631e-07 0)
(3 -8.35485e-09 0)
(3 -1.53522e-09 0)
(3 -7.45589e-11 0)
(3 -1.12365e-12 0)
(3 -6.18863e-15 0)
(3 7.09516e-16 0)
(3 -3.8422e-15 0)
(3 -2.83252e-15 0)
(3 -9.96606e-16 0)
(2.17695 0.900674 0)
(2.66722 0.452811 0)
(2.98577 0.0327324 0)
(3.00001 0.000353423 0)
(3 2.16999e-06 0)
(3 -5.6908e-09 0)
(3 -1.39664e-09 0)
(3 -1.72763e-11 0)
(3 5.79247e-14 0)
(3 4.64995e-15 0)
(3 3.28295e-15 0)
(3 1.03282e-16 0)
(3 -4.01315e-15 0)
(3 -2.76379e-15 0)
(3 -9.88452e-16 0)
(2.57038 0.574124 0)
(2.99058 0.0381255 0)
(3.00022 0.000399059 0)
(3 -8.02132e-07 0)
(3 -2.40489e-07 0)
(3 -2.17262e-08 0)
(3 -3.21105e-10 0)
(3 -8.57218e-13 0)
(3 -5.13653e-15 0)
(3 -3.96369e-15 0)
(3 3.11769e-15 0)
(3 -2.92103e-16 0)
(3 -4.07266e-15 0)
(3 -2.7869e-15 0)
(3 -9.36099e-16 0)
(2.99401 0.0490586 0)
(2.99998 0.00107673 0)
(3 -9.87154e-07 0)
(3 -2.47366e-07 0)
(3 -1.65935e-09 0)
(3 1.6383e-11 0)
(3 3.4891e-12 0)
(3 1.72796e-13 0)
(3 3.85484e-16 0)
(3 -1.49359e-15 0)
(3 3.6129e-15 0)
(3 -2.28549e-16 0)
(3 -4.20278e-15 0)
(3 -2.40799e-15 0)
(3 -9.56123e-16 0)
(3.00074 -0.00153337 0)
(3.00004 -0.000107647 0)
(3 -3.50265e-06 0)
(3 -3.49264e-08 0)
(3 -1.46603e-10 0)
(3 -4.30737e-12 0)
(3 -5.75042e-14 0)
(3 -1.05735e-15 0)
(3 -2.14174e-15 0)
(3 -1.68271e-15 0)
(3 3.51318e-15 0)
(3 -4.0619e-16 0)
(3 -3.86737e-15 0)
(3 -2.53303e-15 0)
(3 -1.03527e-15 0)
(3.00001 -2.19722e-05 0)
(3 1.20717e-07 0)
(3 2.38506e-08 0)
(3 1.15891e-09 0)
(3 1.97137e-11 0)
(3 1.94864e-13 0)
(3 -2.36366e-15 0)
(3 -5.60533e-16 0)
(3 -1.62481e-15 0)
(3 -1.7276e-15 0)
(3 3.59018e-15 0)
(3 -2.45632e-16 0)
(3 -3.53573e-15 0)
(3 -2.54145e-15 0)
(3 -1.23253e-15 0)
(3 1.23731e-06 0)
(3 1.41688e-08 0)
(3 -7.62225e-11 0)
(3 -1.26211e-11 0)
(3 -4.01841e-13 0)
(3 -5.58129e-15 0)
(3 -3.48551e-15 0)
(3 -4.44587e-16 0)
(3 -1.14436e-15 0)
(3 -1.83176e-15 0)
(3 3.36618e-15 0)
(3 -4.93431e-16 0)
(3 -3.17956e-15 0)
(3 -2.49755e-15 0)
(3 -1.42509e-15 0)
(3 9.93143e-16 0)
(3 -1.82476e-16 0)
(3 1.92865e-15 0)
(3 -3.22937e-16 0)
(3 -2.1437e-15 0)
(3 -1.10554e-17 0)
(3 -2.68229e-15 0)
(3 -2.86795e-16 0)
(3 -1.10603e-15 0)
(3 -1.91254e-15 0)
(3 3.25828e-15 0)
(3 -3.06708e-16 0)
(3 -2.77661e-15 0)
(3 -2.63841e-15 0)
(3 -1.38973e-15 0)
(3 -2.77199e-15 0)
(3 1.13343e-15 0)
(3 4.26756e-16 0)
(3 -4.78097e-16 0)
(3 -9.7269e-16 0)
(3 4.07322e-16 0)
(3 -2.37845e-15 0)
(3 -2.42872e-16 0)
(3 -1.33292e-15 0)
(3 -1.85624e-15 0)
(3 3.14826e-15 0)
(3 -1.74325e-16 0)
(3 -2.71208e-15 0)
(3 -3.1526e-15 0)
(3 -1.4383e-15 0)
(3 -2.32245e-15 0)
(3 9.0179e-16 0)
(3 5.2113e-16 0)
(3 -4.12563e-16 0)
(3 6.24897e-17 0)
(3 1.90761e-15 0)
(3 -1.53918e-15 0)
(3 -4.85695e-16 0)
(3 -2.07281e-15 0)
(3 -1.61402e-15 0)
(3 3.166e-15 0)
(3 1.05157e-16 0)
(3 -2.28742e-15 0)
(3 -3.49135e-15 0)
(3 -1.55877e-15 0)
(3 -2.72692e-15 0)
(3 4.56142e-16 0)
(3 5.73517e-16 0)
(3 -7.07489e-17 0)
(3 1.04932e-15 0)
(3 2.18061e-15 0)
(3 -1.19735e-15 0)
(3 -5.52769e-16 0)
(3 -2.7014e-15 0)
(3 -1.49088e-15 0)
(3 3.00162e-15 0)
(3 5.64163e-16 0)
(3 -2.16866e-15 0)
(3 -3.97973e-15 0)
(3 -1.53787e-15 0)
(3 -3.04174e-15 0)
(3 3.37298e-16 0)
(3 6.45651e-16 0)
(3 2.30012e-17 0)
(3 8.33604e-16 0)
(3 2.54279e-15 0)
(3 -1.20815e-15 0)
(3 -6.84252e-16 0)
(3 -2.69813e-15 0)
(3 -1.464e-15 0)
(3 2.88039e-15 0)
(3 1.03775e-15 0)
(3 -2.18484e-15 0)
(3 -4.46102e-15 0)
(3 -1.53789e-15 0)
(3 -4.00349e-15 0)
(3 4.80373e-18 0)
(3 6.30211e-16 0)
(3 7.56995e-17 0)
(3 9.59887e-16 0)
(3 3.2739e-15 0)
(3 -9.03895e-16 0)
(3 -7.16709e-16 0)
(3 -2.82876e-15 0)
(3 -1.51355e-15 0)
(3 2.90257e-15 0)
(3 1.20212e-15 0)
(3 -2.17961e-15 0)
(3 -4.70745e-15 0)
(3 -1.59877e-15 0)
(3 -5.0528e-15 0)
(3 1.60743e-16 0)
(3 2.0672e-16 0)
(3 1.01035e-16 0)
(3 1.11858e-15 0)
(3 5.19345e-15 0)
(3 7.21393e-16 0)
(3 -6.7566e-16 0)
(3 -2.96331e-15 0)
(3 -1.55824e-15 0)
(3 2.66685e-15 0)
(3 1.18583e-15 0)
(3 -2.0071e-15 0)
(3 -4.56836e-15 0)
(3 -1.65818e-15 0)
(3 -5.42949e-15 0)
(3 -4.19748e-17 0)
(3 -9.11127e-17 0)
(3 -1.57155e-16 0)
(3 1.12224e-15 0)
(3 5.74425e-15 0)
(3 9.42914e-16 0)
(3 -7.60156e-16 0)
(3 -2.70026e-15 0)
(3 -1.43436e-15 0)
(3 1.94594e-15 0)
(3 6.41382e-16 0)
(3 -1.94661e-15 0)
(3 -4.48239e-15 0)
(3 -1.67999e-15 0)
(3 -6.14558e-15 0)
(3 -7.6828e-16 0)
(3 -1.96636e-16 0)
(3 -4.50378e-16 0)
(3 1.15627e-15 0)
(3 5.76273e-15 0)
(3 1.475e-15 0)
(3 -1.11522e-15 0)
(3 -2.39379e-15 0)
(3 -1.31483e-15 0)
(3 1.66096e-15 0)
(3 6.95167e-16 0)
(3 -1.89296e-15 0)
(3 -4.42267e-15 0)
(3 -1.7027e-15 0)
(3 -6.48929e-15 0)
(3 -1.10502e-15 0)
(3 7.86086e-17 0)
(3 -8.85949e-16 0)
(3 1.16649e-15 0)
(3 5.44108e-15 0)
(3 3.10079e-15 0)
(3 -1.07924e-15 0)
(3 -2.06035e-15 0)
(3 -1.23972e-15 0)
(3 9.28422e-16 0)
(3 6.27308e-16 0)
(3 -1.75439e-15 0)
(3 -4.34823e-15 0)
(3 -1.6476e-15 0)
(3 -6.96379e-15 0)
(3 -5.23044e-15 0)
(3 -9.11232e-16 0)
(3 -1.37857e-15 0)
(3 9.17463e-16 0)
(3 4.80043e-15 0)
(3 3.78839e-15 0)
(3 -9.86992e-16 0)
(3 -1.63504e-15 0)
(3 -1.21497e-15 0)
(3 -3.01563e-16 0)
(3 6.50467e-16 0)
(3 -1.69652e-15 0)
(3 -4.1194e-15 0)
(3 -1.61887e-15 0)
(3 -5.04088e-15 0)
(3 -3.92938e-15 0)
(3 -2.77031e-15 0)
(3 -1.64832e-15 0)
(3 2.44201e-15 0)
(3 5.29385e-15 0)
(3 3.53577e-15 0)
(3 -7.49944e-16 0)
(3 -1.54399e-15 0)
(3 -3.6508e-16 0)
(3 -9.87515e-16 0)
(3 -2.86747e-16 0)
(3 -1.93269e-15 0)
(3 -3.93093e-15 0)
(3 -1.48134e-15 0)
(3 -4.29624e-15 0)
(3 -5.30722e-15 0)
(3 -4.61244e-15 0)
(3 -1.36409e-15 0)
(3 4.31994e-15 0)
(3 4.97849e-15 0)
(3 2.43616e-15 0)
(3 7.39154e-16 0)
(3 -7.19931e-16 0)
(3 -7.81883e-17 0)
(3 -1.49772e-15 0)
(3 -1.19969e-15 0)
(3 -2.17834e-15 0)
(3 -3.38551e-15 0)
(3 -1.40483e-15 0)
(3 -4.58285e-15 0)
(3 -5.31789e-15 0)
(3 -5.6607e-15 0)
(3 -1.61355e-15 0)
(3 5.13535e-15 0)
(3 5.11681e-15 0)
(3 1.97227e-15 0)
(3 4.45003e-16 0)
(3 3.57776e-16 0)
(3 1.92806e-15 0)
(3 -1.72346e-15 0)
(3 -1.69895e-15 0)
(3 -1.89107e-15 0)
(3 -4.11366e-15 0)
(3 -1.70004e-15 0)
(3 -3.13373e-15 0)
(3 -5.29267e-15 0)
(3 -5.77736e-15 0)
(3 -2.29427e-15 0)
(3 3.3512e-15 0)
(3 5.62793e-15 0)
(3 3.80481e-15 0)
(3 6.80882e-16 0)
(3 1.44751e-15 0)
(3 4.30415e-15 0)
(3 -3.03898e-15 0)
(3 -2.0222e-15 0)
(3 -1.76451e-15 0)
(3 -4.03012e-15 0)
(3 -2.19101e-15 0)
(3 -3.15828e-15 0)
(3 -1.98431e-15 0)
(3 -2.96928e-15 0)
(3 -2.55919e-15 0)
(3 1.24052e-15 0)
(3 6.72721e-15 0)
(3 5.76546e-15 0)
(3 -4.26625e-16 0)
(3 1.91028e-15 0)
(3 3.50092e-15 0)
(3 -4.08043e-15 0)
(3 -2.12401e-15 0)
(3 -9.48271e-16 0)
(3 -3.28696e-15 0)
(3 -3.0761e-15 0)
(3 -5.44191e-15 0)
(3 -3.0909e-15 0)
(3 8.71709e-16 0)
(3 1.17199e-15 0)
(3 2.31293e-15 0)
(3 4.25886e-15 0)
(3 2.77911e-15 0)
(3 -3.05279e-16 0)
(3 1.41306e-15 0)
(3 3.45821e-15 0)
(3 -3.30287e-15 0)
(3 -3.51851e-15 0)
(3 -1.83113e-15 0)
(3 -1.96157e-15 0)
(3 -4.04688e-15 0)
(3 -7.40135e-15 0)
(3 -4.36016e-15 0)
(3 1.34774e-15 0)
(3 3.3666e-15 0)
(3 4.98535e-15 0)
(3 3.8166e-15 0)
(3 1.31921e-15 0)
(3 5.35283e-16 0)
(3 3.86485e-15 0)
(3 1.27946e-15 0)
(3 -3.67117e-15 0)
(3 -4.71017e-15 0)
(3 5.26526e-16 0)
(3 -1.41758e-15 0)
(3 -5.63118e-15 0)
(3 -3.18941e-15 0)
(3 -4.17369e-15 0)
(3 -8.1382e-16 0)
(3 2.57326e-15 0)
(3 2.68568e-15 0)
(3 7.12475e-15 0)
(3 1.62241e-15 0)
(3 -1.47205e-15 0)
(3 2.53845e-15 0)
(3 1.82524e-15 0)
(3 -4.19069e-15 0)
(3 -5.50226e-15 0)
(3 3.23112e-15 0)
(3 -2.17166e-15 0)
(3 -6.594e-15 0)
(3 -2.47346e-15 0)
(3 -1.57772e-15 0)
(3 -2.26158e-15 0)
(3 1.56961e-15 0)
(3 3.07216e-15 0)
(3 5.01705e-15 0)
(3 1.81295e-15 0)
(3 -1.24032e-15 0)
(3 -2.06344e-16 0)
(3 1.41368e-15 0)
(3 4.29519e-16 0)
(3 -2.98946e-15 0)
(3 1.58463e-15 0)
(3 -2.89342e-16 0)
(3 -1.18701e-15 0)
(3 -3.68418e-15 0)
(3 -1.98296e-15 0)
(3 -1.76198e-15 0)
(3 1.06379e-16 0)
(3 2.11194e-15 0)
(3 -2.89011e-15 0)
(3 -2.20351e-15 0)
(3 -1.36151e-15 0)
(3 -5.03706e-15 0)
(3 -5.96135e-15 0)
(3 -3.02833e-15 0)
(3 -2.66956e-15 0)
(3 -9.37761e-16 0)
(3 -2.92158e-16 0)
(3 -3.04941e-15 0)
(3 -4.63146e-15 0)
(3 -3.23173e-15 0)
(3 -4.36317e-15 0)
(3 -3.86212e-15 0)
(3 -4.34643e-15 0)
(3 -1.81046e-15 0)
(3 -1.66893e-15 0)
(3 -1.23332e-15 0)
(3 -2.49101e-15 0)
(3 -3.10437e-15 0)
(3 -3.8758e-15 0)
(3 -2.86194e-15 0)
(3 -4.54812e-15 0)
(3 -3.64693e-15 0)
(3 -2.83844e-15 0)
(3 -1.14551e-15 0)
(3 -7.87825e-16 0)
(3 -1.48194e-15 0)
(3 -2.65764e-15 0)
(3 -2.52235e-15 0)
(3 -5.27885e-16 0)
(3 -1.68416e-16 0)
(3 -3.7149e-15 0)
(3 -5.04278e-15 0)
(3 -6.2609e-15 0)
(3 -1.14944e-15 0)
(3 -2.01425e-15 0)
(3 -3.28744e-15 0)
(3 -2.36834e-15 0)
(3 -1.68019e-15 0)
(3 -1.39624e-15 0)
(3 -6.78299e-16 0)
(3 -3.48757e-15 0)
(3 -5.07658e-15 0)
(3 -4.14689e-15 0)
(3 -2.25674e-16 0)
(3 -4.14158e-16 0)
(3 -6.147e-16 0)
(3 -2.76145e-16 0)
(3 -1.71366e-15 0)
(3 -3.5137e-15 0)
(3 -4.11709e-15 0)
(3 -5.6535e-15 0)
(3 -4.37334e-15 0)
(3 -9.60725e-16 0)
(3 1.55021e-15 0)
(3 1.63911e-15 0)
(3 1.6992e-15 0)
(3 2.02633e-15 0)
(3 9.81634e-16 0)
(3 -5.00065e-15 0)
(3 -8.3453e-15 0)
(3 -7.13299e-15 0)
(3 -4.69605e-15 0)
(3 -1.08128e-15 0)
(3 2.59593e-15 0)
(3 2.30606e-15 0)
(3 2.73484e-15 0)
(3 2.78318e-15 0)
(3 4.80997e-15 0)
(3 6.26924e-16 0)
(3 -7.92873e-15 0)
(3 -3.12055e-15 0)
(3 -3.93757e-15 0)
(3 -5.61972e-16 0)
(3 1.82216e-15 0)
(3 2.60017e-15 0)
(3 2.065e-15 0)
(3 3.98494e-15 0)
(3 3.82736e-15 0)
(3 2.38736e-15 0)
(3 -3.40094e-15 0)
(3 5.16066e-16 0)
(3 -9.45049e-17 0)
(3 -2.3738e-15 0)
(3 9.86523e-16 0)
(3 1.54955e-15 0)
(3 1.38837e-15 0)
(3 2.13e-15 0)
(3 1.12803e-15 0)
(3 8.50436e-16 0)
(3 -2.09521e-15 0)
(3 -2.8913e-15 0)
(3 -1.11463e-15 0)
(3 7.90567e-16 0)
(3 2.01528e-15 0)
(3 1.92061e-15 0)
(3 2.06491e-15 0)
(3 1.59521e-15 0)
(3 2.52658e-16 0)
(3 7.12078e-17 0)
(3 -9.20021e-16 0)
(3 -4.3777e-15 0)
(3 -1.24375e-15 0)
(3 5.61825e-15 0)
(3 6.73675e-16 0)
(3 1.82378e-16 0)
(3 -1.68206e-18 0)
(3 -1.45072e-15 0)
(3 -4.28715e-16 0)
(3 -1.61638e-16 0)
(3 1.61974e-15 0)
(3 1.46668e-15 0)
(3 4.19278e-15 0)
(3 1.92837e-15 0)
(3 -3.51244e-16 0)
(3 -9.34926e-16 0)
(3 -2.11684e-15 0)
(3 -3.73823e-15 0)
(3 -2.95641e-16 0)
(3 1.73881e-15 0)
(3 6.84303e-15 0)
(3 6.56896e-15 0)
(3 4.02931e-15 0)
(3 2.04918e-17 0)
(3 8.91353e-16 0)
(3 -5.01065e-16 0)
(3 -1.44674e-15 0)
(3 -1.57294e-15 0)
(3 7.22323e-16 0)
(3 2.46028e-15 0)
(3 7.18724e-15 0)
(3 6.86614e-15 0)
(3 3.00108e-15 0)
(3 -1.39775e-15 0)
(3 2.71477e-16 0)
(3 2.29406e-16 0)
(3 4.77043e-16 0)
(3 -4.83236e-16 0)
(3 -8.99131e-16 0)
(3 1.406e-15 0)
(3 2.43898e-15 0)
(3 3.8061e-15 0)
(3 2.92481e-15 0)
(3 4.15263e-16 0)
(3 2.39729e-16 0)
(3 -5.42814e-16 0)
(3 -3.52908e-16 0)
(3 -3.13135e-16 0)
(3 -4.70665e-17 0)
(3 9.75392e-16 0)
(3 1.12753e-15 0)
(3 2.69308e-15 0)
(3 4.78908e-15 0)
(3 3.19663e-15 0)
(3 1.66301e-15 0)
(3 6.47877e-16 0)
(3 3.05457e-16 0)
(3 2.78597e-16 0)
(3 1.24656e-15 0)
(3 2.13697e-15 0)
(3 1.45899e-15 0)
(3 2.45263e-15 0)
(3 3.30057e-15 0)
(3 1.89699e-15 0)
(3 1.86117e-15 0)
(3 2.0425e-15 0)
(3 6.5463e-16 0)
(3 6.15356e-16 0)
(3 2.0051e-15 0)
(3 3.12356e-15 0)
(3 -1.23073e-16 0)
(3 8.83496e-16 0)
(3 -4.6371e-16 0)
(3 5.39231e-16 0)
(3 2.52598e-15 0)
(3 3.61152e-15 0)
(3 2.68044e-15 0)
(3 5.0871e-15 0)
(3 7.29124e-15 0)
(3 4.31783e-15 0)
(3 3.77478e-16 0)
(3 2.07408e-15 0)
(3 5.5446e-16 0)
(3 2.36002e-15 0)
(3 3.83156e-15 0)
(3 4.4715e-15 0)
(3 5.03543e-15 0)
(3 6.66698e-15 0)
(3 6.33423e-15 0)
(3 5.24177e-15 0)
(3 4.52164e-15 0)
(3 4.41262e-15 0)
(3 -2.91479e-15 0)
(3 4.38378e-15 0)
(3 4.25755e-15 0)
(3 4.93608e-15 0)
(3 5.59106e-15 0)
(3 5.67482e-15 0)
(3 3.07343e-15 0)
(3 2.98371e-15 0)
(3 4.48114e-15 0)
(3 4.94031e-15 0)
(3 -6.29072e-16 0)
(3 2.99491e-15 0)
(3 4.04616e-15 0)
(3 3.95627e-15 0)
(3 3.57751e-15 0)
(3 3.92697e-15 0)
(3 4.52772e-15 0)
(3 -8.92069e-16 0)
(3 -2.29704e-16 0)
(3 -1.20878e-17 0)
(3 -6.42763e-16 0)
(3 3.10558e-15 0)
(3 3.61034e-15 0)
(3 3.3818e-15 0)
(3 3.94904e-15 0)
(3 3.45486e-15 0)
(3 1.72061e-15 0)
(3 -1.5385e-15 0)
(3 -2.70458e-15 0)
(3 1.56041e-15 0)
(3 1.92984e-15 0)
(3 7.12368e-17 0)
(3 1.18409e-16 0)
(3 7.36664e-16 0)
(3 7.73005e-16 0)
(3 1.41106e-15 0)
(3 1.21347e-15 0)
(3 1.41592e-15 0)
(3 1.26756e-16 0)
(3 -3.834e-15 0)
(3 -2.38033e-16 0)
(3 -1.65598e-15 0)
(3 8.47328e-16 0)
(3 6.62485e-16 0)
(3 3.80747e-16 0)
(3 1.20714e-15 0)
(3 2.81565e-15 0)
(3 4.24344e-15 0)
(3 2.10929e-15 0)
(3 -6.69473e-16 0)
(3 9.78121e-16 0)
(3 -1.35742e-16 0)
(3 6.20753e-16 0)
(3 -1.72159e-16 0)
(3 -1.42829e-15 0)
(3 -3.03771e-15 0)
(3 -3.49522e-15 0)
(3 -3.22096e-15 0)
(3 1.63253e-15 0)
(3 3.61961e-15 0)
(3 3.63292e-15 0)
(3 3.9029e-16 0)
(3 -1.14934e-15 0)
(3 -2.09209e-15 0)
(3 -2.51806e-15 0)
(3 -3.43857e-15 0)
(3 -3.78975e-15 0)
(3 -2.65514e-15 0)
(3 1.97474e-15 0)
(3 5.57348e-15 0)
(3 1.35096e-15 0)
(3 -6.3139e-16 0)
(3 7.38962e-16 0)
(3 9.65249e-16 0)
(3 1.44684e-15 0)
(3 2.28795e-15 0)
(3 2.52403e-15 0)
(3 3.73042e-15 0)
(3 1.48081e-15 0)
(3 -1.61688e-15 0)
(3 -2.9211e-15 0)
(3 -2.2781e-15 0)
(3 -1.1918e-15 0)
(3 -6.44184e-16 0)
(3 7.48524e-17 0)
(3 6.60356e-16 0)
(3 1.53987e-15 0)
(3 2.31782e-15 0)
(3 3.02286e-15 0)
(3 -1.32088e-15 0)
(3 1.32431e-15 0)
(3 1.13182e-15 0)
(3 -4.48587e-15 0)
(3 -4.3157e-15 0)
(3 -3.62873e-15 0)
(3 -3.03319e-15 0)
(3 1.10406e-15 0)
(3 3.65304e-16 0)
(3 1.89931e-15 0)
(3 4.53562e-15 0)
(3 4.45928e-15 0)
(3 -3.2738e-16 0)
(3 8.34661e-16 0)
(3 1.19628e-15 0)
(3 1.28899e-15 0)
(3 9.75605e-16 0)
(3 -1.28911e-15 0)
(3 -2.78646e-15 0)
(3 -4.75539e-15 0)
(3 -2.17678e-15 0)
(3 -6.15671e-16 0)
(3 -1.86509e-15 0)
(3 5.79425e-15 0)
(3 4.94652e-15 0)
(3 2.81599e-15 0)
(3 1.95447e-15 0)
(3 7.68611e-16 0)
(3 -1.66494e-16 0)
(3 -4.15356e-15 0)
(3 -5.66366e-15 0)
(3 -1.32845e-15 0)
(3 -3.24082e-16 0)
(3 5.12782e-15 0)
(3 4.49722e-15 0)
(3 4.53061e-15 0)
(3 4.23729e-15 0)
(3 4.02879e-15 0)
(3 4.97984e-15 0)
(3 3.78457e-15 0)
(3 1.66583e-15 0)
(3 5.25332e-16 0)
(3 -3.07945e-15 0)
(3 -1.46363e-15 0)
(3 -1.41897e-15 0)
(3 -6.25971e-16 0)
(3 2.58446e-16 0)
(3 1.32748e-16 0)
(3 -7.01321e-16 0)
(3 2.44209e-16 0)
(3 1.3182e-15 0)
(3 8.83297e-16 0)
(3 3.18228e-15 0)
(3 -2.20922e-15 0)
(3 -1.72467e-15 0)
(3 -1.05302e-15 0)
(3 -1.02876e-15 0)
(3 -2.08604e-16 0)
(3 -2.53701e-16 0)
(3 1.33264e-16 0)
(3 5.58368e-16 0)
(3 3.5105e-15 0)
(3 3.03705e-15 0)
(3 4.13636e-15 0)
(3 3.62111e-15 0)
(3 2.25282e-15 0)
(3 -7.2258e-18 0)
(3 9.59654e-16 0)
(3 8.05642e-16 0)
(3 -8.20415e-16 0)
(3 6.84885e-16 0)
(3 -1.77736e-15 0)
(3 -4.42703e-15 0)
(3 1.27311e-15 0)
(3 6.74294e-15 0)
(3 5.3409e-15 0)
(3 -1.6824e-15 0)
(3 -2.3003e-15 0)
(3 4.19832e-15 0)
(3 2.9629e-15 0)
(3 1.3586e-15 0)
(3 7.71e-17 0)
(3 1.19726e-15 0)
(3 1.06829e-15 0)
(3 -6.50641e-16 0)
(3 5.60543e-16 0)
(3 -2.57314e-15 0)
(3 -4.337e-15 0)
(3 1.53439e-15 0)
(3 7.2219e-15 0)
(3 5.35609e-15 0)
(3 -1.76986e-15 0)
(3 -2.35887e-15 0)
(3 4.34339e-15 0)
(3 2.19809e-15 0)
(3 5.13074e-16 0)
(3 3.69327e-16 0)
(3 1.29827e-15 0)
(3 1.2287e-15 0)
(3 -6.26002e-16 0)
(3 4.48918e-16 0)
(3 -3.12624e-15 0)
(3 -3.99838e-15 0)
(3 1.82239e-15 0)
(3 7.25081e-15 0)
(3 5.37415e-15 0)
(3 -1.55461e-15 0)
(3 -2.35487e-15 0)
(3 4.24152e-15 0)
(3 1.56976e-15 0)
(3 1.2768e-16 0)
(3 8.20985e-16 0)
(3 1.45943e-15 0)
(3 1.26162e-15 0)
(3 -7.25188e-16 0)
(3 2.82048e-16 0)
(3 -4.05615e-15 0)
(3 -3.53356e-15 0)
(3 2.30566e-15 0)
(3 7.30575e-15 0)
(3 5.95473e-15 0)
(3 -1.20659e-15 0)
(3 -2.28126e-15 0)
(3 3.61225e-15 0)
(3 9.95562e-16 0)
(3 1.6808e-16 0)
(3 1.03613e-15 0)
(3 1.49963e-15 0)
(3 1.21702e-15 0)
(3 -6.97986e-16 0)
(3 5.41268e-18 0)
(3 -4.36162e-15 0)
(3 -3.3483e-15 0)
(3 2.64782e-15 0)
(3 7.43253e-15 0)
(3 6.22462e-15 0)
(3 -1.06452e-15 0)
(3 -2.24244e-15 0)
(3 2.73064e-15 0)
(3 9.13906e-16 0)
(3 2.97456e-16 0)
(3 1.23867e-15 0)
(3 1.14112e-15 0)
(3 1.3489e-15 0)
(3 -7.21493e-16 0)
(3 -5.17808e-17 0)
(3 -4.52504e-15 0)
(3 -2.61122e-15 0)
(3 2.61107e-15 0)
(3 7.47545e-15 0)
(3 6.47192e-15 0)
(3 -8.71399e-16 0)
(3 -2.27822e-15 0)
(3 2.15238e-15 0)
(3 8.64866e-16 0)
(3 5.54316e-16 0)
(3 1.37574e-15 0)
(3 6.53315e-16 0)
(3 1.51385e-15 0)
(3 -5.841e-16 0)
(3 -9.99034e-16 0)
(3 -4.74535e-15 0)
(3 -1.79075e-15 0)
(3 2.63107e-15 0)
(3 7.49904e-15 0)
(3 6.7019e-15 0)
(3 -4.44625e-16 0)
(3 -2.27051e-15 0)
(3 1.8706e-15 0)
(3 7.13306e-16 0)
(3 6.29528e-16 0)
(3 1.35559e-15 0)
(3 5.11454e-16 0)
(3 1.50621e-15 0)
(3 -3.6604e-16 0)
(3 -1.06101e-15 0)
(3 -4.87044e-15 0)
(3 -1.49037e-15 0)
(3 2.62645e-15 0)
(3 7.48594e-15 0)
(3 6.5668e-15 0)
(3 -1.66949e-16 0)
(3 -2.19539e-15 0)
(3 1.71016e-15 0)
(3 6.64324e-16 0)
(3 5.82653e-16 0)
(3 9.96076e-16 0)
(3 1.51942e-16 0)
(3 1.6144e-15 0)
(3 1.80194e-17 0)
(3 -1.55301e-15 0)
(3 -5.20495e-15 0)
(3 -1.37876e-15 0)
(3 3.01456e-15 0)
(3 7.44788e-15 0)
(3 6.14828e-15 0)
(3 7.90132e-16 0)
(3 -1.8796e-15 0)
(3 1.20678e-15 0)
(3 1.51739e-15 0)
(3 1.49032e-16 0)
(3 1.01201e-15 0)
(3 6.47899e-16 0)
(3 2.01376e-15 0)
(3 2.08119e-16 0)
(3 -1.6911e-15 0)
(3 -5.31871e-15 0)
(3 -1.58363e-15 0)
(3 3.34646e-15 0)
(3 7.37693e-15 0)
(3 5.87976e-15 0)
(3 1.36114e-15 0)
(3 -1.31075e-15 0)
(3 -1.23783e-06 0)
(3 -1.41768e-08 0)
(3 7.61847e-11 0)
(3 1.2617e-11 0)
(3 4.00486e-13 0)
(3 6.68571e-15 0)
(3 4.75283e-16 0)
(3 -1.78998e-15 0)
(3 -5.23578e-15 0)
(3 -1.48947e-15 0)
(3 3.71765e-15 0)
(3 7.04848e-15 0)
(3 5.81051e-15 0)
(3 2.31147e-15 0)
(3 -1.03497e-15 0)
(3.00001 2.19752e-05 0)
(3 -1.20688e-07 0)
(3 -2.38485e-08 0)
(3 -1.15855e-09 0)
(3 -1.96994e-11 0)
(3 -1.945e-13 0)
(3 -1.58173e-15 0)
(3 -2.32539e-15 0)
(3 -5.17757e-15 0)
(3 -2.03325e-15 0)
(3 3.29049e-15 0)
(3 6.58333e-15 0)
(3 5.89466e-15 0)
(3 2.54013e-15 0)
(3 -8.3586e-16 0)
(3.00074 0.00153463 0)
(3.00004 0.000107604 0)
(3 3.49865e-06 0)
(3 3.40844e-08 0)
(3 1.58548e-10 0)
(3 4.99626e-12 0)
(3 6.00433e-14 0)
(3 -2.04628e-15 0)
(3 -4.60703e-15 0)
(3 -2.2586e-15 0)
(3 2.7132e-15 0)
(3 6.29438e-15 0)
(3 5.97141e-15 0)
(3 2.93907e-15 0)
(3 -7.82576e-16 0)
(2.99392 -0.0492247 0)
(2.99998 -0.00108185 0)
(3 1.06334e-06 0)
(3 2.6696e-07 0)
(3 1.79316e-09 0)
(3 -1.53922e-11 0)
(3 -3.43583e-12 0)
(3 -1.87417e-13 0)
(3 -7.07106e-15 0)
(3 -2.7189e-15 0)
(3 2.29277e-15 0)
(3 5.72144e-15 0)
(3 6.43562e-15 0)
(3 3.39159e-15 0)
(3 -7.58322e-16 0)
(2.57015 -0.574658 0)
(2.99054 -0.0382449 0)
(3.00021 -0.000408607 0)
(3 6.61147e-07 0)
(3 2.28762e-07 0)
(3 2.14009e-08 0)
(3 3.39949e-10 0)
(3 8.99109e-13 0)
(3 -2.1452e-15 0)
(3 -2.01259e-15 0)
(3 1.82395e-15 0)
(3 5.05469e-15 0)
(3 6.62996e-15 0)
(3 3.53636e-15 0)
(3 -7.1485e-16 0)
(2.1772 -0.900802 0)
(2.66776 -0.452203 0)
(2.98596 -0.0323953 0)
(3.00001 -0.000342216 0)
(3 -2.06841e-06 0)
(3 6.78288e-09 0)
(3 1.43968e-09 0)
(3 1.88647e-11 0)
(3 -6.23821e-14 0)
(3 -9.92111e-15 0)
(3 1.20955e-15 0)
(3 4.64877e-15 0)
(3 6.50899e-15 0)
(3 4.20071e-15 0)
(3 -7.08916e-16 0)
(2.17794 -0.880673 0)
(2.41526 -0.741088 0)
(2.84222 -0.276144 0)
(2.9951 -0.015997 0)
(3 -0.000100655 0)
(3 9.53542e-07 0)
(3 8.52241e-09 0)
(3 1.5651e-09 0)
(3 7.53994e-11 0)
(3 1.11901e-12 0)
(3 9.26978e-15 0)
(3 4.8394e-15 0)
(3 6.20192e-15 0)
(3 4.8228e-15 0)
(3 -7.48657e-16 0)
(2.21069 -0.799501 0)
(2.24999 -0.80269 0)
(2.58662 -0.553776 0)
(2.94384 -0.119161 0)
(2.99894 -0.00501734 0)
(2.99999 -7.00445e-05 0)
(3 -8.42542e-07 0)
(3 -1.04833e-08 0)
(3 -3.85118e-11 0)
(3 -3.4884e-13 0)
(3 -9.07217e-15 0)
(3 4.61016e-15 0)
(3 6.07754e-15 0)
(3 4.84172e-15 0)
(3 -5.87894e-16 0)
(2.27634 -0.658839 0)
(2.25428 -0.789285 0)
(2.39602 -0.744577 0)
(2.77854 -0.37675 0)
(2.99009 -0.0356324 0)
(3.00005 -0.000464376 0)
(3 1.23498e-06 0)
(3 8.50428e-08 0)
(3 1.55334e-08 0)
(3 6.37187e-10 0)
(3 8.25953e-12 0)
(3 6.54226e-14 0)
(3 6.31659e-15 0)
(3 5.14415e-15 0)
(3 -4.25962e-16 0)
(2.41341 -0.409357 0)
(2.26448 -0.711986 0)
(2.34021 -0.737104 0)
(2.54911 -0.602253 0)
(2.85842 -0.242051 0)
(2.98698 -0.0322945 0)
(2.99955 -0.00157874 0)
(2.99999 -3.88782e-05 0)
(3 -5.88541e-07 0)
(3 -5.96587e-09 0)
(3 -4.29316e-11 0)
(3 -2.2379e-13 0)
(3 5.19749e-15 0)
(3 5.38772e-15 0)
(3 -1.96667e-16 0)
(2.49962 -0.203245 0)
(2.35572 -0.537718 0)
(2.34714 -0.708519 0)
(2.43385 -0.686432 0)
(2.72455 -0.440088 0)
(2.96875 -0.0705568 0)
(2.99894 -0.00347182 0)
(2.99998 -7.39041e-05 0)
(3 -1.11681e-06 0)
(3 -1.26274e-08 0)
(3 -1.08029e-10 0)
(3 -6.98429e-13 0)
(3 4.02477e-15 0)
(3 6.35244e-15 0)
(3 -5.9986e-16 0)
(2.54745 -0.0939092 0)
(2.42906 -0.394955 0)
(2.38805 -0.598296 0)
(2.43232 -0.680272 0)
(2.58827 -0.609008 0)
(2.84682 -0.309842 0)
(2.9857 -0.0360934 0)
(2.99965 -0.000873206 0)
(3 -9.3198e-06 0)
(3 -7.92597e-08 0)
(3 -6.21968e-10 0)
(3 -4.40369e-12 0)
(3 -2.2256e-14 0)
(3 7.42596e-15 0)
(3 1.85051e-15 0)
(2.61595 0.190236 0)
(2.49662 -0.203871 0)
(2.44611 -0.454126 0)
(2.4334 -0.643898 0)
(2.5252 -0.629635 0)
(2.74051 -0.472198 0)
(2.94912 -0.135282 0)
(2.99727 -0.00795353 0)
(2.99995 -0.000116876 0)
(3 -9.66064e-07 0)
(3 -6.58302e-09 0)
(3 -4.07766e-11 0)
(3 -2.39736e-13 0)
(3 7.08212e-15 0)
(3 4.23757e-15 0)
(2.63945 0.265603 0)
(2.59029 0.130338 0)
(2.50759 -0.267808 0)
(2.47466 -0.531812 0)
(2.52616 -0.615259 0)
(2.61502 -0.57903 0)
(2.82376 -0.366685 0)
(2.97602 -0.0605725 0)
(2.99923 -0.00190984 0)
(2.99999 -1.95148e-05 0)
(3 -1.36935e-07 0)
(3 -8.29339e-10 0)
(3 -4.39379e-12 0)
(3 -1.18818e-14 0)
(3 6.63014e-15 0)
(2.67044 0.234684 0)
(2.61592 0.163283 0)
(2.57955 -0.0814549 0)
(2.52327 -0.389418 0)
(2.53178 -0.564555 0)
(2.61091 -0.580576 0)
(2.74618 -0.48629 0)
(2.92771 -0.181581 0)
(2.9946 -0.0141224 0)
(2.99989 -0.000260831 0)
(3 -2.16438e-06 0)
(3 -1.38905e-08 0)
(3 -8.16253e-11 0)
(3 -4.11487e-13 0)
(3 9.19048e-16 0)
(2.61842 0.283084 0)
(2.63662 0.288519 0)
(2.63137 0.0648421 0)
(2.59342 -0.205661 0)
(2.56341 -0.46506 0)
(2.6074 -0.567063 0)
(2.666 -0.553365 0)
(2.82518 -0.382077 0)
(2.96814 -0.080209 0)
(2.99874 -0.00306671 0)
(2.99998 -3.59299e-05 0)
(3 -2.57547e-07 0)
(3 -1.47819e-09 0)
(3 -7.75376e-12 0)
(3 -3.16382e-14 0)
(2.61726 0.3658 0)
(2.65369 0.356437 0)
(2.64809 0.0741076 0)
(2.64698 -0.0218019 0)
(2.61128 -0.318903 0)
(2.62045 -0.510644 0)
(2.66586 -0.550873 0)
(2.77605 -0.465076 0)
(2.92748 -0.189612 0)
(2.99325 -0.0174658 0)
(2.99984 -0.000352642 0)
(3 -3.13757e-06 0)
(3 -2.21724e-08 0)
(3 -1.33113e-10 0)
(3 -5.96913e-13 0)
(2.65955 0.43244 0)
(2.67443 0.371907 0)
(2.63644 0.102639 0)
(2.65211 0.037048 0)
(2.65446 -0.190261 0)
(2.65609 -0.408514 0)
(2.67024 -0.532599 0)
(2.7134 -0.521714 0)
(2.83611 -0.376436 0)
(2.96439 -0.0883965 0)
(2.99831 -0.00401628 0)
(2.99998 -5.12806e-05 0)
(3 -3.60555e-07 0)
(3 -2.12153e-09 0)
(3 -1.03919e-11 0)
(2.68077 0.490314 0)
(2.70446 0.387661 0)
(2.65582 0.171686 0)
(2.68749 0.17775 0)
(2.69857 -0.0535199 0)
(2.69076 -0.302664 0)
(2.68653 -0.482144 0)
(2.71332 -0.520388 0)
(2.79633 -0.445514 0)
(2.92957 -0.182522 0)
(2.99305 -0.017647 0)
(2.99983 -0.000394046 0)
(3 -3.85529e-06 0)
(3 -2.72846e-08 0)
(3 -1.36695e-10 0)
(2.71858 0.535533 0)
(2.72815 0.40314 0)
(2.66263 0.235896 0)
(2.70433 0.25677 0)
(2.72334 0.0403573 0)
(2.7429 -0.141024 0)
(2.72285 -0.383453 0)
(2.71885 -0.503941 0)
(2.7522 -0.491027 0)
(2.8485 -0.360837 0)
(2.96394 -0.089532 0)
(2.99817 -0.00421312 0)
(2.99997 -5.40408e-05 0)
(3 -3.97912e-07 0)
(3 -2.1871e-09 0)
(2.73932 0.561614 0)
(2.7349 0.44285 0)
(2.71414 0.313995 0)
(2.7364 0.313792 0)
(2.73528 0.0411433 0)
(2.76909 -0.0422166 0)
(2.75713 -0.272773 0)
(2.73753 -0.453475 0)
(2.75264 -0.489709 0)
(2.81559 -0.42083 0)
(2.9325 -0.172168 0)
(2.99295 -0.0177423 0)
(2.99982 -0.000421895 0)
(3 -4.02806e-06 0)
(3 -2.35756e-08 0)
(2.73652 0.577291 0)
(2.72713 0.509755 0)
(2.73101 0.376949 0)
(2.76741 0.324171 0)
(2.76131 0.10008 0)
(2.80048 0.0618833 0)
(2.78517 -0.187294 0)
(2.76816 -0.374916 0)
(2.75812 -0.47647 0)
(2.78405 -0.461796 0)
(2.86998 -0.316359 0)
(2.97025 -0.072323 0)
(2.99852 -0.00323088 0)
(2.99998 -4.45092e-05 0)
(3 -2.99286e-07 0)
(2.72538 0.639645 0)
(2.72228 0.554381 0)
(2.74818 0.426062 0)
(2.79029 0.335702 0)
(2.76446 0.125782 0)
(2.81463 0.158367 0)
(2.82378 -0.0547433 0)
(2.80607 -0.270407 0)
(2.77517 -0.436843 0)
(2.78442 -0.461448 0)
(2.82737 -0.407383 0)
(2.9286 -0.17397 0)
(2.99234 -0.0181646 0)
(2.99982 -0.000413117 0)
(3 -3.40695e-06 0)
(2.73244 0.655704 0)
(2.74168 0.576147 0)
(2.77909 0.448368 0)
(2.81064 0.355601 0)
(2.78863 0.221948 0)
(2.82898 0.219299 0)
(2.84173 -0.00198824 0)
(2.84692 -0.138711 0)
(2.80465 -0.36154 0)
(2.7889 -0.451533 0)
(2.80776 -0.435851 0)
(2.89263 -0.264835 0)
(2.97808 -0.0539599 0)
(2.99894 -0.00244844 0)
(2.99998 -2.63373e-05 0)
(2.73291 0.614835 0)
(2.79935 0.568524 0)
(2.81369 0.484551 0)
(2.81612 0.376154 0)
(2.81751 0.275161 0)
(2.85101 0.269546 0)
(2.84596 0.00956103 0)
(2.85957 -0.0860161 0)
(2.83995 -0.258405 0)
(2.80362 -0.41752 0)
(2.80906 -0.433722 0)
(2.84557 -0.373515 0)
(2.93563 -0.157918 0)
(2.99361 -0.0145849 0)
(2.99982 -0.000284063 0)
(2.72719 0.433718 0)
(2.80243 0.558322 0)
(2.8273 0.526241 0)
(2.82024 0.425937 0)
(2.83274 0.339277 0)
(2.87414 0.296236 0)
(2.85504 0.0638354 0)
(2.88988 0.0276659 0)
(2.86825 -0.176675 0)
(2.83001 -0.354905 0)
(2.81312 -0.426053 0)
(2.82398 -0.419073 0)
(2.90158 -0.240367 0)
(2.98152 -0.0446882 0)
(2.99906 -0.0014831 0)
(2.70648 0.208164 0)
(2.77921 0.495774 0)
(2.82759 0.52932 0)
(2.82687 0.451135 0)
(2.85644 0.362852 0)
(2.90211 0.294116 0)
(2.87877 0.115995 0)
(2.90684 0.125803 0)
(2.88449 -0.110377 0)
(2.86353 -0.262907 0)
(2.82611 -0.39982 0)
(2.82824 -0.409053 0)
(2.87167 -0.318019 0)
(2.94796 -0.130789 0)
(2.99428 -0.00909916 0)
(2.67084 0.127487 0)
(2.75544 0.331025 0)
(2.82153 0.518119 0)
(2.83736 0.501458 0)
(2.89215 0.391956 0)
(2.92734 0.299816 0)
(2.8841 0.155841 0)
(2.91361 0.177625 0)
(2.90396 -0.0289325 0)
(2.89217 -0.17601 0)
(2.84736 -0.349995 0)
(2.831 -0.402978 0)
(2.83915 -0.395184 0)
(2.91911 -0.203606 0)
(2.98125 -0.0275118 0)
(2.65972 0.04366 0)
(2.74602 0.181877 0)
(2.82505 0.457422 0)
(2.87725 0.498587 0)
(2.9176 0.417352 0)
(2.92172 0.31095 0)
(2.92371 0.242056 0)
(2.93639 0.227168 0)
(2.91554 -0.00151014 0)
(2.91758 -0.0883701 0)
(2.87684 -0.268971 0)
(2.83948 -0.385775 0)
(2.84022 -0.389853 0)
(2.88462 -0.299575 0)
(2.94851 -0.0804102 0)
(2.62444 0.00679203 0)
(2.71119 0.0450894 0)
(2.79979 0.209018 0)
(2.88381 0.422576 0)
(2.91882 0.423702 0)
(2.93402 0.389027 0)
(2.94448 0.30109 0)
(2.96895 0.265654 0)
(2.93439 0.0576141 0)
(2.94442 0.0304608 0)
(2.91094 -0.162194 0)
(2.87051 -0.312456 0)
(2.84779 -0.376826 0)
(2.87281 -0.346394 0)
(2.88031 -0.153936 0)
(2.62722 0.0921123 0)
(2.70074 0.292645 0)
(2.69168 0.367093 0)
(2.72071 0.410881 0)
(2.78802 0.458357 0)
(2.76735 0.507261 0)
(2.71912 0.534289 0)
(2.67099 0.544741 0)
(2.67375 0.607575 0)
(2.7077 0.635116 0)
(2.73653 0.65021 0)
(2.74105 0.683813 0)
(2.72726 0.687542 0)
(2.71167 0.643515 0)
(2.67378 0.385295 0)
(2.65456 0.137691 0)
(2.62903 -0.0410214 0)
(2.57107 -0.00942518 0)
(2.5659 0.0210159 0)
(2.58435 0.0122569 0)
(2.67794 0.271637 0)
(2.718 0.438267 0)
(2.71831 0.506049 0)
(2.7661 0.496733 0)
(2.82908 0.536385 0)
(2.81945 0.562153 0)
(2.75415 0.597101 0)
(2.70012 0.64209 0)
(2.68598 0.696278 0)
(2.70689 0.702401 0)
(2.73023 0.722078 0)
(2.72463 0.706243 0)
(2.7094 0.650458 0)
(2.658 0.349962 0)
(2.6263 0.164291 0)
(2.60499 0.0546871 0)
(2.59962 0.00339706 0)
(2.59245 -0.00744881 0)
(2.57662 0.011547 0)
(2.57766 0.0119826 0)
(2.72721 0.491545 0)
(2.72434 0.60567 0)
(2.7216 0.653605 0)
(2.7845 0.65013 0)
(2.83433 0.664663 0)
(2.82881 0.671766 0)
(2.77782 0.720782 0)
(2.72416 0.756273 0)
(2.70722 0.773947 0)
(2.70574 0.784856 0)
(2.70979 0.744625 0)
(2.69411 0.651657 0)
(2.63162 0.315193 0)
(2.6188 0.13169 0)
(2.58704 0.0232572 0)
(2.57909 0.0302917 0)
(2.58346 0.00792334 0)
(2.59731 -0.0172791 0)
(2.59124 -0.00285463 0)
(2.57978 0.0117306 0)
(2.75601 0.643356 0)
(2.72092 0.755532 0)
(2.73253 0.76084 0)
(2.78281 0.712305 0)
(2.80653 0.726026 0)
(2.80672 0.751958 0)
(2.78169 0.79423 0)
(2.75487 0.848742 0)
(2.72175 0.851961 0)
(2.71999 0.814059 0)
(2.69915 0.649529 0)
(2.63396 0.282174 0)
(2.60829 0.067178 0)
(2.60609 0.0655296 0)
(2.59417 0.0381769 0)
(2.58128 0.0260351 0)
(2.57732 0.00792651 0)
(2.58496 -0.010972 0)
(2.58791 -0.00639516 0)
(2.57969 0.0078818 0)
(2.75227 0.841743 0)
(2.71887 0.915454 0)
(2.72894 0.936095 0)
(2.76227 0.904139 0)
(2.78194 0.844404 0)
(2.77515 0.860371 0)
(2.77802 0.923414 0)
(2.78932 0.934043 0)
(2.76885 0.825901 0)
(2.75682 0.539299 0)
(2.69477 0.200129 0)
(2.64638 0.0424393 0)
(2.61604 0.0464529 0)
(2.60371 0.0285158 0)
(2.59175 0.0180772 0)
(2.57852 0.0115144 0)
(2.56817 0.0101973 0)
(2.57364 -6.71561e-05 0)
(2.57793 -0.004956 0)
(2.57119 0.00186549 0)
(2.71475 1.06116 0)
(2.73355 1.10422 0)
(2.72302 1.01572 0)
(2.72754 0.979544 0)
(2.74077 0.961257 0)
(2.74784 0.993531 0)
(2.77059 0.950631 0)
(2.81407 0.70733 0)
(2.78474 0.362731 0)
(2.73712 0.197736 0)
(2.64358 0.0646705 0)
(2.61322 0.0365077 0)
(2.58977 0.0341036 0)
(2.57886 0.0178333 0)
(2.56381 0.000176853 0)
(2.54955 0.00218091 0)
(2.54258 0.0108743 0)
(2.54767 0.0103915 0)
(2.54702 0.0020864 0)
(2.53622 0.00246196 0)
(2.68529 1.25568 0)
(2.73562 1.21438 0)
(2.72782 1.21486 0)
(2.70621 1.16713 0)
(2.69487 1.12463 0)
(2.74214 0.893542 0)
(2.72304 0.484917 0)
(2.72821 0.261874 0)
(2.59933 0.0361099 0)
(2.53689 0.0222101 0)
(2.51699 0.0391965 0)
(2.52855 0.0400114 0)
(2.52951 0.0328094 0)
(2.51082 0.00569896 0)
(2.49487 -0.0108547 0)
(2.47957 -0.00407117 0)
(2.47841 0.0148664 0)
(2.48071 0.0172133 0)
(2.47566 0.00783401 0)
(2.46251 -0.000481756 0)
(2.65424 1.46617 0)
(2.68308 1.38246 0)
(2.63554 1.07492 0)
(2.6287 0.866058 0)
(2.59047 0.56382 0)
(2.63515 0.339913 0)
(2.47684 0.0641321 0)
(2.41348 0.0420901 0)
(2.38995 0.00477069 0)
(2.39278 0.00944406 0)
(2.4214 0.0319955 0)
(2.42891 0.0355433 0)
(2.42089 0.0271356 0)
(2.39873 -0.00243478 0)
(2.38991 -0.0163296 0)
(2.38212 -0.00968649 0)
(2.38348 0.0116373 0)
(2.38189 0.0202948 0)
(2.37704 0.0164309 0)
(2.37415 0.00409866 0)
(2.32382 0.79943 0)
(2.31683 0.50761 0)
(2.28123 0.274486 0)
(2.34719 0.219708 0)
(2.32948 0.0980897 0)
(2.26986 0.0735414 0)
(2.24288 0.0372619 0)
(2.24949 0.00281875 0)
(2.25575 -0.00412622 0)
(2.27286 0.00260692 0)
(2.30683 0.0181467 0)
(2.30775 0.0230502 0)
(2.30168 0.0182263 0)
(2.29239 -0.00263651 0)
(2.29135 -0.0110382 0)
(2.29658 -0.000780537 0)
(2.29712 0.020755 0)
(2.29536 0.0249065 0)
(2.29615 0.0145721 0)
(2.30944 -0.00513543 0)
(1.95016 0.158014 0)
(2.02758 0.124154 0)
(2.07109 0.0711255 0)
(2.13167 0.064336 0)
(2.14085 0.0328543 0)
(2.16497 0.0348575 0)
(2.16778 0.019521 0)
(2.16272 0.00366568 0)
(2.1752 -0.00391086 0)
(2.20866 -0.00789981 0)
(2.23049 0.00267787 0)
(2.2227 0.013968 0)
(2.22425 0.015506 0)
(2.23568 0.00733819 0)
(2.24606 0.00220852 0)
(2.25915 0.00169822 0)
(2.26065 0.00611762 0)
(2.25944 0.00754354 0)
(2.26773 0.00113138 0)
(2.28299 -0.00448092 0)
)
;

boundaryField
{
    inlet
    {
        type            fixedValue;
        value           uniform (3 0 0);
    }
    outlet
    {
        type            inletOutlet;
        inletValue      uniform (3 0 0);
        value           nonuniform List<vector> 
50
(
(2.62087 -0.00696206 0)
(2.71372 -0.0510271 0)
(2.80123 -0.204675 0)
(2.8834 -0.418991 0)
(2.9189 -0.418374 0)
(2.93495 -0.404654 0)
(2.94579 -0.29872 0)
(2.96892 -0.263882 0)
(2.93345 -0.0549957 0)
(2.94438 -0.0304527 0)
(2.91098 0.162546 0)
(2.87059 0.31244 0)
(2.84781 0.376855 0)
(2.87294 0.346199 0)
(2.8804 0.153894 0)
(2.28316 -0.00135006 0)
(2.31262 -0.00349233 0)
(2.38314 0.00113732 0)
(2.46841 0.00348334 0)
(2.53468 0.000881857 0)
(2.56834 -0.00180153 0)
(2.57758 -0.0102885 0)
(2.578 -0.0126302 0)
(2.57445 -0.0126643 0)
(2.58084 -0.0115003 0)
(2.58435 0.0122569 0)
(2.57766 0.0119826 0)
(2.57978 0.0117306 0)
(2.57969 0.0078818 0)
(2.57119 0.00186549 0)
(2.53622 0.00246196 0)
(2.46251 -0.000481756 0)
(2.37415 0.00409866 0)
(2.30944 -0.00513543 0)
(2.28299 -0.00448092 0)
(2.62444 0.00679203 0)
(2.71119 0.0450894 0)
(2.79979 0.209018 0)
(2.88381 0.422576 0)
(2.91882 0.423702 0)
(2.93402 0.389027 0)
(2.94448 0.30109 0)
(2.96895 0.265654 0)
(2.93439 0.0576141 0)
(2.94442 0.0304608 0)
(2.91094 -0.162194 0)
(2.87051 -0.312456 0)
(2.84779 -0.376826 0)
(2.87281 -0.346394 0)
(2.88031 -0.153936 0)
)
;
    }
    airfoil
    {
        type            slip;
    }
    top
    {
        type            symmetryPlane;
    }
    bottom
    {
        type            symmetryPlane;
    }
    defaultFaces
    {
        type            empty;
    }
}


// ************************************************************************* //
