/*--------------------------------*- C++ -*----------------------------------*\
  =========                 |
  \\      /  F ield         | OpenFOAM: The Open Source CFD Toolbox
   \\    /   O peration     | Website:  https://openfoam.org
    \\  /    A nd           | Version:  7
     \\/     M anipulation  |
\*---------------------------------------------------------------------------*/
FoamFile
{
    version     2.0;
    format      ascii;
    class       volVectorField;
    location    "7.1";
    object      U;
}
// * * * * * * * * * * * * * * * * * * * * * * * * * * * * * * * * * * * * * //

dimensions      [0 1 -1 0 0 0 0];

internalField   nonuniform List<vector> 
3700
(
(1.45737 -0.417645 0)
(1.36066 -0.549748 0)
(1.35958 -0.268304 0)
(1.48285 -0.312246 0)
(1.60426 -0.365626 0)
(1.53892 -0.214442 0)
(1.55558 -0.109984 0)
(1.55426 -0.128436 0)
(1.58622 -0.253921 0)
(1.57191 -0.31176 0)
(1.52898 -0.267272 0)
(1.55281 -0.137251 0)
(1.63034 -0.116681 0)
(1.67104 -0.17213 0)
(1.72972 -0.236168 0)
(1.72083 -0.228478 0)
(1.71179 -0.166338 0)
(1.75766 -0.128789 0)
(1.80364 -0.171465 0)
(1.87403 -0.292626 0)
(1.89884 -1.35799 0)
(1.78217 -1.31472 0)
(1.78521 -1.03119 0)
(1.9624 -1.10739 0)
(1.98417 -1.38989 0)
(1.83232 -1.29039 0)
(1.76584 -1.15754 0)
(1.79979 -1.24426 0)
(1.89021 -1.5675 0)
(1.87643 -1.60523 0)
(1.81341 -1.54256 0)
(1.85495 -1.29025 0)
(1.99686 -1.20728 0)
(2.1469 -1.27081 0)
(2.20067 -1.2553 0)
(2.20065 -1.1896 0)
(2.21353 -1.08895 0)
(2.2398 -1.0163 0)
(2.31677 -1.06369 0)
(2.39743 -1.28393 0)
(1.78941 -1.40801 0)
(1.84593 -1.35168 0)
(1.86348 -1.41221 0)
(1.91712 -1.58109 0)
(1.9358 -1.93823 0)
(1.91747 -2.191 0)
(1.95283 -2.2614 0)
(1.98724 -2.21204 0)
(2.00283 -2.20393 0)
(2.0862 -2.08328 0)
(2.09626 -2.12534 0)
(2.19452 -1.99469 0)
(2.25822 -1.92265 0)
(2.32821 -1.88064 0)
(2.40595 -1.80764 0)
(2.51894 -1.76101 0)
(2.60113 -1.68012 0)
(2.67505 -1.61401 0)
(2.71215 -1.56673 0)
(2.69257 -1.56727 0)
(1.68924 -1.42325 0)
(1.68925 -1.48141 0)
(1.6965 -1.75706 0)
(1.70004 -2.11472 0)
(1.71123 -2.22758 0)
(1.83455 -2.26599 0)
(1.90388 -2.2874 0)
(2.02624 -2.09418 0)
(2.10568 -2.06283 0)
(2.32836 -1.91936 0)
(2.33668 -1.96549 0)
(2.38509 -1.88386 0)
(2.40136 -1.8348 0)
(2.39543 -1.8117 0)
(2.43997 -1.7087 0)
(2.52726 -1.637 0)
(2.57561 -1.50198 0)
(2.67744 -1.40507 0)
(2.76336 -1.24402 0)
(2.8441 -1.17018 0)
(1.40348 -1.35532 0)
(1.55732 -1.50667 0)
(1.58754 -1.95506 0)
(1.59658 -2.26427 0)
(1.49896 -2.31523 0)
(1.67376 -2.24906 0)
(1.85464 -2.14859 0)
(2.02757 -1.89062 0)
(2.11092 -1.88042 0)
(2.31959 -1.8388 0)
(2.46178 -1.65119 0)
(2.52793 -1.61483 0)
(2.57137 -1.55435 0)
(2.54906 -1.58758 0)
(2.57205 -1.53604 0)
(2.5722 -1.53456 0)
(2.5795 -1.398 0)
(2.61963 -1.32421 0)
(2.69267 -1.2608 0)
(2.79491 -1.0139 0)
(1.26775 -1.27195 0)
(1.45286 -1.65652 0)
(1.58813 -2.10802 0)
(1.63418 -2.37088 0)
(1.74313 -2.40033 0)
(1.9103 -2.21144 0)
(1.94799 -2.04935 0)
(1.98215 -1.91459 0)
(2.03179 -1.85524 0)
(2.24196 -1.74851 0)
(2.38749 -1.56773 0)
(2.56521 -1.50854 0)
(2.65195 -1.32622 0)
(2.69924 -1.26509 0)
(2.71676 -1.17235 0)
(2.70676 -1.18521 0)
(2.69457 -1.15457 0)
(2.68334 -1.07559 0)
(2.67269 -1.14745 0)
(2.71039 -0.96883 0)
(1.20723 -1.27402 0)
(1.41623 -1.82175 0)
(1.73357 -2.21904 0)
(1.91937 -2.42552 0)
(2.05356 -2.40529 0)
(2.18779 -2.20472 0)
(2.16077 -1.97808 0)
(2.07698 -1.89905 0)
(2.09736 -1.83729 0)
(2.21203 -1.76064 0)
(2.34377 -1.55055 0)
(2.50393 -1.46719 0)
(2.56887 -1.25671 0)
(2.71397 -1.1744 0)
(2.73897 -0.944319 0)
(2.78243 -0.803302 0)
(2.76841 -0.732101 0)
(2.77209 -0.633168 0)
(2.72372 -0.771537 0)
(2.70887 -0.713016 0)
(1.15917 -1.38921 0)
(1.52639 -2.03222 0)
(2.01899 -2.33561 0)
(2.14835 -2.47194 0)
(2.30273 -2.32586 0)
(2.4313 -2.10238 0)
(2.44991 -1.78974 0)
(2.38618 -1.72631 0)
(2.38274 -1.71477 0)
(2.4129 -1.65724 0)
(2.46146 -1.50997 0)
(2.52999 -1.38898 0)
(2.56046 -1.20477 0)
(2.64664 -1.12705 0)
(2.68285 -0.930214 0)
(2.74938 -0.788751 0)
(2.78627 -0.624544 0)
(2.80456 -0.404748 0)
(2.75735 -0.392294 0)
(2.71452 -0.378289 0)
(1.27348 -1.59791 0)
(1.71475 -2.22391 0)
(2.12382 -2.37548 0)
(2.1915 -2.47841 0)
(2.35301 -2.25766 0)
(2.46381 -2.04582 0)
(2.59225 -1.63034 0)
(2.67902 -1.49463 0)
(2.73873 -1.43033 0)
(2.73814 -1.25054 0)
(2.70896 -1.27735 0)
(2.72226 -1.07525 0)
(2.67872 -0.998422 0)
(2.68834 -0.903789 0)
(2.68835 -0.776359 0)
(2.69928 -0.670354 0)
(2.73218 -0.570586 0)
(2.74211 -0.388414 0)
(2.72736 -0.209503 0)
(2.67881 -0.106083 0)
(1.43764 -1.79155 0)
(1.78892 -2.26891 0)
(2.08302 -2.35256 0)
(2.06809 -2.29384 0)
(2.13492 -2.07663 0)
(2.23351 -1.79189 0)
(2.40088 -1.57508 0)
(2.48061 -1.47741 0)
(2.64322 -1.36586 0)
(2.71493 -0.948124 0)
(2.77552 -0.834221 0)
(2.78171 -0.600616 0)
(2.76944 -0.551073 0)
(2.75553 -0.441054 0)
(2.73938 -0.385748 0)
(2.70979 -0.347141 0)
(2.69024 -0.325852 0)
(2.69124 -0.296589 0)
(2.64798 -0.130302 0)
(2.6115 0.0287239 0)
(1.51578 -1.86769 0)
(1.70096 -2.25021 0)
(1.82844 -2.17968 0)
(1.86946 -2.10347 0)
(1.98824 -1.95665 0)
(2.13903 -1.55082 0)
(2.21906 -1.52535 0)
(2.32918 -1.35422 0)
(2.39926 -1.24401 0)
(2.49032 -1.0282 0)
(2.61836 -0.831746 0)
(2.67038 -0.559181 0)
(2.70371 -0.347872 0)
(2.70473 -0.157938 0)
(2.67455 0.00412547 0)
(2.65365 0.0512038 0)
(2.6309 0.0922144 0)
(2.62203 -0.00237141 0)
(2.5572 0.0946774 0)
(2.58092 0.0652821 0)
(1.49812 -1.87043 0)
(1.63141 -2.21172 0)
(1.74167 -2.10006 0)
(1.87347 -1.92396 0)
(2.03854 -1.86253 0)
(2.22721 -1.36116 0)
(2.21235 -1.42946 0)
(2.3516 -1.23277 0)
(2.43632 -0.997242 0)
(2.46363 -0.884097 0)
(2.53684 -0.694746 0)
(2.57863 -0.491849 0)
(2.60737 -0.299478 0)
(2.63161 -0.130862 0)
(2.58565 0.0964151 0)
(2.57868 0.204949 0)
(2.52167 0.365292 0)
(2.48898 0.341611 0)
(2.44055 0.364983 0)
(2.47635 0.278239 0)
(1.3243 -1.72773 0)
(1.52126 -2.00401 0)
(1.79054 -1.85573 0)
(2.02608 -1.44611 0)
(2.1632 -1.51192 0)
(2.29108 -1.0308 0)
(2.39234 -1.07598 0)
(2.54863 -0.781517 0)
(2.57539 -0.446868 0)
(2.58764 -0.390835 0)
(2.59364 -0.206015 0)
(2.58967 -0.0799732 0)
(2.56672 0.0393587 0)
(2.54425 0.133217 0)
(2.48844 0.258151 0)
(2.48092 0.301893 0)
(2.41826 0.425838 0)
(2.35743 0.535552 0)
(2.29561 0.605608 0)
(2.30056 0.564338 0)
(1.10533 -1.46524 0)
(1.51888 -1.66561 0)
(1.91665 -1.42255 0)
(2.04419 -1.26975 0)
(2.17675 -1.20189 0)
(2.45374 -0.749707 0)
(2.60245 -0.466299 0)
(2.61455 -0.146145 0)
(2.60849 -0.079516 0)
(2.57255 0.103932 0)
(2.54401 0.247483 0)
(2.49332 0.38777 0)
(2.45264 0.475755 0)
(2.39431 0.562616 0)
(2.34467 0.599334 0)
(2.31257 0.598406 0)
(2.2729 0.62145 0)
(2.2374 0.663489 0)
(2.16739 0.756904 0)
(2.12976 0.794887 0)
(0.977394 -1.25672 0)
(1.50253 -1.47358 0)
(1.90533 -0.969256 0)
(2.23621 -1.20257 0)
(2.56743 -0.291067 0)
(2.47759 -0.6924 0)
(2.52453 -0.42889 0)
(2.50646 -0.10214 0)
(2.47447 0.0287075 0)
(2.45969 0.201895 0)
(2.41984 0.386371 0)
(2.34932 0.563095 0)
(2.2964 0.677067 0)
(2.21212 0.794814 0)
(2.15264 0.845583 0)
(2.10787 0.862399 0)
(2.06843 0.898605 0)
(2.06878 0.889891 0)
(2.04325 0.9191 0)
(2.06026 0.948929 0)
(1.17354 -1.08213 0)
(1.37452 -1.37353 0)
(2.34515 -0.104649 0)
(2.43424 -0.6995 0)
(2.47418 -0.323587 0)
(2.45772 -0.24948 0)
(2.42555 0.0329012 0)
(2.38712 0.212263 0)
(2.32549 0.391115 0)
(2.30257 0.540137 0)
(2.21369 0.703386 0)
(2.14804 0.81145 0)
(2.09487 0.877369 0)
(2.03297 0.945914 0)
(1.98645 0.970076 0)
(1.94877 0.996916 0)
(1.95342 1.02024 0)
(1.9689 0.997317 0)
(1.99517 0.995326 0)
(2.07192 0.976744 0)
(1.2699 -0.582089 0)
(1.86312 -0.444401 0)
(2.33392 -0.358454 0)
(2.31647 -0.109984 0)
(2.34864 -0.0576105 0)
(2.35241 0.295847 0)
(2.28013 0.565647 0)
(2.18758 0.722894 0)
(2.13208 0.790499 0)
(2.06865 0.917973 0)
(1.96329 1.02168 0)
(1.9125 1.06809 0)
(1.88752 1.07868 0)
(1.87217 1.08661 0)
(1.87222 1.05593 0)
(1.89543 1.04911 0)
(1.96073 1.02212 0)
(2.16377 0.903864 0)
(2.38179 0.792543 0)
(2.77935 0.440951 0)
(1.05593 -0.0863097 0)
(1.85223 0.0253913 0)
(2.24275 0.0658154 0)
(2.22527 0.487201 0)
(2.19823 0.671767 0)
(2.14076 0.786417 0)
(2.05478 0.89527 0)
(1.96719 0.969447 0)
(1.90841 1.03589 0)
(1.8423 1.12725 0)
(1.78452 1.15874 0)
(1.78968 1.15236 0)
(1.81359 1.13025 0)
(1.85481 1.08609 0)
(2.04005 0.951102 0)
(2.2557 0.830667 0)
(2.66341 0.505673 0)
(3.03712 0.0918135 0)
(3.05531 -0.0239576 0)
(3.00401 -0.00465922 0)
(1.01545 0.0358807 0)
(1.9392 0.731736 0)
(2.08384 0.882227 0)
(1.99737 0.963689 0)
(1.97237 0.979718 0)
(1.87877 1.08665 0)
(1.79176 1.14667 0)
(1.7582 1.14766 0)
(1.75451 1.16274 0)
(1.72998 1.20369 0)
(1.70845 1.19824 0)
(1.86113 1.074 0)
(2.10381 0.887415 0)
(2.51034 0.575807 0)
(2.99023 0.133698 0)
(3.07397 -0.030026 0)
(3.00816 -0.00773949 0)
(3.00293 -0.00385015 0)
(3.00122 -0.00219637 0)
(3.00008 -0.000483576 0)
(1.17116 0.745103 0)
(1.81576 1.16238 0)
(1.83887 1.14275 0)
(1.73867 1.18761 0)
(1.71921 1.19264 0)
(1.67385 1.24116 0)
(1.66279 1.21463 0)
(1.72717 1.16478 0)
(1.75446 1.22771 0)
(1.77869 1.14158 0)
(2.25465 0.751013 0)
(2.84524 0.220808 0)
(3.09456 -0.0239173 0)
(3.02078 -0.0122637 0)
(3.00439 -0.00527215 0)
(3.00186 -0.00297922 0)
(3.00006 -0.000597235 0)
(2.99998 -2.5159e-05 0)
(2.99999 1.4326e-05 0)
(3 5.9027e-06 0)
(1.57423 1.254 0)
(1.58039 1.26039 0)
(1.58579 1.26591 0)
(1.59683 1.25928 0)
(1.62099 1.24179 0)
(1.61171 1.2632 0)
(1.91158 1.15613 0)
(2.98348 0.351405 0)
(3.33423 -0.576702 0)
(3 6.19983e-11 0)
(3 -7.25811e-11 0)
(3 7.77299e-11 0)
(3 2.92269e-15 0)
(3 -4.31271e-13 0)
(3 -1.50996e-14 0)
(3 1.8069e-14 0)
(3 -9.96051e-15 0)
(3 -1.02952e-16 0)
(3 4.10008e-15 0)
(3 3.71819e-15 0)
(1.57644 1.25026 0)
(1.58902 1.26134 0)
(1.59299 1.27554 0)
(1.58691 1.27604 0)
(1.66729 1.24872 0)
(1.75271 1.22719 0)
(2.31418 0.720081 0)
(3.00281 0.00820107 0)
(3 6.26137e-08 0)
(3 -2.96827e-11 0)
(3 6.21069e-14 0)
(3 1.55713e-15 0)
(3 -1.64509e-16 0)
(3 -7.71428e-16 0)
(3 -6.96148e-16 0)
(3 3.83534e-16 0)
(3 1.55879e-15 0)
(3 3.51326e-16 0)
(3 3.17315e-15 0)
(3 5.56436e-15 0)
(1.58438 1.25496 0)
(1.60122 1.25862 0)
(1.60157 1.27243 0)
(1.57515 1.30623 0)
(1.7078 1.22455 0)
(2.18314 0.833888 0)
(2.98366 0.0118606 0)
(3.00033 -0.000696032 0)
(3 5.71713e-07 0)
(3 6.09571e-11 0)
(3 6.39529e-14 0)
(3 4.20643e-16 0)
(3 -1.39265e-16 0)
(3 -7.58258e-16 0)
(3 -1.00681e-15 0)
(3 -8.55934e-17 0)
(3 1.41902e-15 0)
(3 1.73273e-16 0)
(3 3.42069e-15 0)
(3 3.99777e-15 0)
(1.58724 1.25692 0)
(1.60972 1.25874 0)
(1.62889 1.26357 0)
(1.61243 1.29992 0)
(1.8219 1.11002 0)
(2.7065 0.252679 0)
(3.00575 -0.00272298 0)
(2.99991 8.06886e-05 0)
(3 -7.72996e-07 0)
(3 8.65087e-10 0)
(3 5.08922e-14 0)
(3 9.7917e-16 0)
(3 7.80335e-16 0)
(3 -5.75983e-17 0)
(3 -2.68901e-16 0)
(3 -6.45354e-16 0)
(3 1.61173e-15 0)
(3 7.27964e-16 0)
(3 3.39243e-15 0)
(3 2.5817e-15 0)
(1.58828 1.2688 0)
(1.60719 1.26275 0)
(1.63538 1.24874 0)
(1.74375 1.19828 0)
(2.36416 0.63066 0)
(3.02065 -0.0193699 0)
(2.99974 0.000179083 0)
(3 -4.29328e-06 0)
(3 8.48724e-08 0)
(3 -8.91989e-10 0)
(3 3.13808e-13 0)
(3 2.94947e-15 0)
(3 1.3887e-15 0)
(3 6.28402e-16 0)
(3 4.26009e-16 0)
(3 -4.0447e-16 0)
(3 4.4027e-16 0)
(3 1.81805e-15 0)
(3 2.82958e-15 0)
(3 5.77466e-16 0)
(1.58514 1.28054 0)
(1.58161 1.27124 0)
(1.63566 1.24194 0)
(1.82931 1.1087 0)
(2.74493 0.220948 0)
(3 -5.82324e-10 0)
(3 1.41674e-08 0)
(3 -1.28109e-08 0)
(3 5.59176e-10 0)
(3 2.77516e-12 0)
(3 -1.06604e-13 0)
(3 1.5502e-15 0)
(3 2.03326e-15 0)
(3 1.45312e-15 0)
(3 1.29547e-15 0)
(3 5.02892e-16 0)
(3 1.07939e-15 0)
(3 1.88059e-15 0)
(3 2.23632e-15 0)
(3 -9.81475e-16 0)
(1.58256 1.29179 0)
(1.55014 1.28267 0)
(1.64875 1.25029 0)
(2.08048 0.878523 0)
(3.00233 0.000639608 0)
(3 4.34967e-12 0)
(3 -1.21245e-11 0)
(3 1.01132e-11 0)
(3 -2.29487e-12 0)
(3 3.3425e-14 0)
(3 1.40176e-15 0)
(3 2.00292e-15 0)
(3 2.04021e-15 0)
(3 1.73422e-15 0)
(3 1.45166e-15 0)
(3 1.24864e-15 0)
(3 1.93433e-15 0)
(3 2.33374e-15 0)
(3 1.63689e-15 0)
(3 -1.62808e-15 0)
(1.58138 1.32066 0)
(1.5113 1.32298 0)
(1.79135 1.18347 0)
(2.44836 0.535572 0)
(3 -4.65789e-06 0)
(3 1.90112e-11 0)
(3 3.21557e-13 0)
(3 -3.2062e-14 0)
(3 7.95831e-15 0)
(3 1.23441e-15 0)
(3 2.04276e-15 0)
(3 2.24197e-15 0)
(3 2.12218e-15 0)
(3 1.7686e-15 0)
(3 1.70732e-15 0)
(3 1.68498e-15 0)
(3 2.44824e-15 0)
(3 2.84241e-15 0)
(3 1.56122e-15 0)
(3 -1.26105e-15 0)
(1.58985 1.30796 0)
(1.46579 1.34867 0)
(1.93809 1.04685 0)
(2.85905 0.134337 0)
(3 -1.59414e-08 0)
(3 -1.19908e-11 0)
(3 -3.60374e-14 0)
(3 1.46818e-15 0)
(3 1.28388e-15 0)
(3 1.69989e-15 0)
(3 2.12477e-15 0)
(3 2.05705e-15 0)
(3 2.57347e-15 0)
(3 2.48859e-15 0)
(3 2.55054e-15 0)
(3 2.24137e-15 0)
(3 2.73179e-15 0)
(3 2.60366e-15 0)
(3 2.26932e-15 0)
(3 -4.78231e-16 0)
(1.60511 1.29665 0)
(1.48411 1.39197 0)
(2.13228 0.842205 0)
(3.01134 -0.00956703 0)
(3 4.19878e-09 0)
(3 -6.27283e-12 0)
(3 2.0027e-14 0)
(3 1.60112e-16 0)
(3 1.08125e-15 0)
(3 1.59579e-15 0)
(3 2.46883e-15 0)
(3 2.30206e-15 0)
(3 2.95507e-15 0)
(3 3.35025e-15 0)
(3 3.15892e-15 0)
(3 3.18473e-15 0)
(3 3.32575e-15 0)
(3 3.87834e-15 0)
(3 3.84608e-15 0)
(3 2.66667e-15 0)
(1.62044 1.28223 0)
(1.58422 1.30562 0)
(2.43379 0.521903 0)
(3 5.6143e-15 0)
(3 -3.61659e-12 0)
(3 6.23796e-14 0)
(3 -8.64512e-16 0)
(3 8.32187e-16 0)
(3 1.43102e-15 0)
(3 1.38411e-15 0)
(3 1.09755e-15 0)
(3 1.54577e-15 0)
(3 2.73576e-15 0)
(3 3.6127e-15 0)
(3 3.99894e-15 0)
(3 3.84554e-15 0)
(3 3.82601e-15 0)
(3 4.43805e-15 0)
(3 4.26526e-15 0)
(3 3.98487e-15 0)
(1.63768 1.26356 0)
(1.62874 1.24532 0)
(2.64814 0.290991 0)
(3 2.67793e-13 0)
(3 9.89002e-15 0)
(3 -8.89297e-16 0)
(3 2.18009e-16 0)
(3 7.18073e-16 0)
(3 8.8062e-16 0)
(3 1.37303e-15 0)
(3 1.24166e-15 0)
(3 1.41129e-15 0)
(3 1.93552e-15 0)
(3 3.28989e-15 0)
(3 3.25905e-15 0)
(3 3.59144e-15 0)
(3 4.02587e-15 0)
(3 4.82865e-15 0)
(3 5.1897e-15 0)
(3 5.27702e-15 0)
(1.65974 1.23948 0)
(1.81455 1.09811 0)
(2.87766 0.0859911 0)
(3 -7.90613e-13 0)
(3 -9.79321e-16 0)
(3 -2.51513e-16 0)
(3 -1.18714e-16 0)
(3 -1.70247e-16 0)
(3 8.11054e-17 0)
(3 7.92326e-16 0)
(3 1.32115e-15 0)
(3 1.34753e-15 0)
(3 1.56878e-15 0)
(3 2.30259e-15 0)
(3 1.99824e-15 0)
(3 1.73489e-15 0)
(3 2.58485e-15 0)
(3 3.90785e-15 0)
(3 5.12151e-15 0)
(3 5.46246e-15 0)
(1.68635 1.19235 0)
(1.9182 0.970871 0)
(2.99994 1.48793e-05 0)
(3 -1.4226e-15 0)
(3 -2.08903e-15 0)
(3 -1.91827e-15 0)
(3 -2.05792e-15 0)
(3 -2.19473e-15 0)
(3 -1.88344e-15 0)
(3 -7.97211e-16 0)
(3 -7.00021e-18 0)
(3 5.72933e-16 0)
(3 8.33019e-16 0)
(3 1.47962e-15 0)
(3 2.03002e-15 0)
(3 1.97735e-15 0)
(3 1.53595e-15 0)
(3 1.64888e-15 0)
(3 3.27389e-15 0)
(3 4.33058e-15 0)
(1.68744 1.17083 0)
(2.03122 0.83819 0)
(3 -3.16958e-15 0)
(3 -3.33469e-15 0)
(3 -2.76096e-15 0)
(3 -2.40637e-15 0)
(3 -2.74795e-15 0)
(3 -3.24411e-15 0)
(3 -3.13701e-15 0)
(3 -2.40103e-15 0)
(3 -1.49656e-15 0)
(3 -1.10948e-15 0)
(3 -7.58676e-16 0)
(3 -4.629e-16 0)
(3 8.31834e-17 0)
(3 -3.37591e-17 0)
(3 4.54021e-16 0)
(3 8.27603e-16 0)
(3 1.07463e-15 0)
(3 1.98909e-15 0)
(1.74674 1.1036 0)
(2.21162 0.654735 0)
(3 -3.16582e-15 0)
(3 -3.88053e-15 0)
(3 -4.0472e-15 0)
(3 -3.91509e-15 0)
(3 -3.30161e-15 0)
(3 -3.11015e-15 0)
(3 -3.18843e-15 0)
(3 -3.21472e-15 0)
(3 -2.52974e-15 0)
(3 -1.69254e-15 0)
(3 -1.43067e-15 0)
(3 -1.30332e-15 0)
(3 -1.17566e-15 0)
(3 -9.54703e-16 0)
(3 -8.32511e-16 0)
(3 -8.24764e-16 0)
(3 -5.61714e-16 0)
(3 -1.15436e-16 0)
(1.85369 1.0177 0)
(2.46043 0.440599 0)
(3 -2.55704e-15 0)
(3 -3.17783e-15 0)
(3 -3.57471e-15 0)
(3 -4.1733e-15 0)
(3 -4.41309e-15 0)
(3 -4.09407e-15 0)
(3 -3.56992e-15 0)
(3 -3.12731e-15 0)
(3 -2.93834e-15 0)
(3 -2.70214e-15 0)
(3 -1.32662e-15 0)
(3 -1.16375e-15 0)
(3 -9.82735e-16 0)
(3 -7.31534e-16 0)
(3 -5.80333e-16 0)
(3 -3.94812e-16 0)
(3 1.47279e-16 0)
(3 3.79055e-16 0)
(1.94758 0.860227 0)
(2.73726 0.188935 0)
(3 -8.55479e-16 0)
(3 -7.55182e-16 0)
(3 -6.4864e-16 0)
(3 3.55733e-17 0)
(3 1.32469e-16 0)
(3 3.21239e-16 0)
(3 -1.55957e-17 0)
(3 -2.26951e-16 0)
(3 -4.44957e-16 0)
(3 -9.3191e-16 0)
(3 -1.10291e-15 0)
(3 -3.65719e-18 0)
(3 1.0844e-15 0)
(3 1.29399e-15 0)
(3 1.14749e-15 0)
(3 1.15868e-15 0)
(3 1.01295e-15 0)
(3 9.72027e-16 0)
(2.0874 0.653097 0)
(2.99289 6.38631e-05 0)
(3 2.1271e-15 0)
(3 1.7081e-15 0)
(3 1.6704e-15 0)
(3 1.58061e-15 0)
(3 1.16343e-15 0)
(3 3.25065e-16 0)
(3 1.37878e-16 0)
(3 -3.56003e-16 0)
(3 -8.14706e-16 0)
(3 -9.18412e-16 0)
(3 -1.12214e-15 0)
(3 -9.2417e-16 0)
(3 -4.60378e-16 0)
(3 -8.17313e-17 0)
(3 -1.01183e-16 0)
(3 -7.81895e-17 0)
(3 2.29632e-16 0)
(3 2.38571e-16 0)
(1.99102 0.377194 0)
(2.9998 -3.22898e-05 0)
(3 2.65475e-15 0)
(3 1.33871e-15 0)
(3 9.14919e-16 0)
(3 1.29027e-15 0)
(3 1.14763e-15 0)
(3 7.8598e-16 0)
(3 4.66937e-17 0)
(3 -1.18448e-15 0)
(3 -1.41158e-15 0)
(3 -1.73064e-15 0)
(3 -2.21212e-15 0)
(3 -3.16852e-15 0)
(3 -3.79239e-15 0)
(3 -3.7746e-15 0)
(3 -3.74939e-15 0)
(3 -3.66608e-15 0)
(3 -3.37955e-15 0)
(3 -3.18292e-15 0)
(1.99139 -0.376054 0)
(2.99981 2.83255e-05 0)
(3 1.72503e-15 0)
(3 2.04647e-15 0)
(3 1.02531e-15 0)
(3 3.86625e-16 0)
(3 2.09423e-16 0)
(3 -3.97408e-17 0)
(3 -8.19329e-17 0)
(3 1.83194e-16 0)
(3 3.13438e-16 0)
(3 -4.37877e-16 0)
(3 -1.18712e-15 0)
(3 -1.79211e-15 0)
(3 -1.87007e-15 0)
(3 -1.87926e-15 0)
(3 -1.74764e-15 0)
(3 -1.47433e-15 0)
(3 -1.51815e-15 0)
(3 -1.6126e-15 0)
(2.08735 -0.656413 0)
(2.99258 -3.61847e-05 0)
(3 5.95117e-16 0)
(3 1.04673e-15 0)
(3 9.85578e-16 0)
(3 4.5862e-16 0)
(3 1.14408e-16 0)
(3 -2.52184e-18 0)
(3 2.30291e-17 0)
(3 1.48649e-16 0)
(3 -2.15869e-16 0)
(3 -6.17196e-16 0)
(3 -9.63769e-16 0)
(3 -1.30692e-15 0)
(3 -1.454e-15 0)
(3 -1.39523e-15 0)
(3 -9.65967e-16 0)
(3 -9.99009e-16 0)
(3 -1.30447e-15 0)
(3 -1.67218e-15 0)
(1.94134 -0.860628 0)
(2.73251 -0.191852 0)
(3 4.22527e-16 0)
(3 1.46606e-16 0)
(3 -5.11462e-16 0)
(3 -1.29299e-15 0)
(3 -1.65465e-15 0)
(3 -1.82808e-15 0)
(3 -1.66783e-15 0)
(3 -1.46672e-15 0)
(3 -1.57908e-15 0)
(3 -1.66722e-15 0)
(3 -1.90803e-15 0)
(3 -2.00893e-15 0)
(3 -1.6365e-15 0)
(3 -1.68262e-15 0)
(3 -2.26972e-15 0)
(3 -2.6255e-15 0)
(3 -2.81398e-15 0)
(3 -2.88897e-15 0)
(1.85494 -1.01437 0)
(2.46516 -0.437705 0)
(3 1.89503e-15 0)
(3 2.54848e-16 0)
(3 -3.33021e-16 0)
(3 -8.65011e-16 0)
(3 -1.73798e-15 0)
(3 -1.9581e-15 0)
(3 -2.31944e-15 0)
(3 -2.69239e-15 0)
(3 -2.80343e-15 0)
(3 -2.67621e-15 0)
(3 -2.86514e-15 0)
(3 -3.10782e-15 0)
(3 -2.95325e-15 0)
(3 -2.73789e-15 0)
(3 -2.97125e-15 0)
(3 -3.37153e-15 0)
(3 -4.43319e-15 0)
(3 -4.67815e-15 0)
(1.75473 -1.10354 0)
(2.21834 -0.651707 0)
(3 -2.38485e-15 0)
(3 -2.30066e-15 0)
(3 -3.44822e-15 0)
(3 -3.75754e-15 0)
(3 -4.18262e-15 0)
(3 -4.18737e-15 0)
(3 -4.22145e-15 0)
(3 -4.12552e-15 0)
(3 -4.09559e-15 0)
(3 -4.61311e-15 0)
(3 -4.8256e-15 0)
(3 -4.68085e-15 0)
(3 -4.49288e-15 0)
(3 -4.38717e-15 0)
(3 -5.00552e-15 0)
(3 -5.89071e-15 0)
(3 -6.26863e-15 0)
(3 -6.02874e-15 0)
(1.68451 -1.17391 0)
(2.02907 -0.837671 0)
(3 -2.10407e-15 0)
(3 -3.47585e-15 0)
(3 -3.83161e-15 0)
(3 -4.09451e-15 0)
(3 -4.23384e-15 0)
(3 -4.49358e-15 0)
(3 -4.31561e-15 0)
(3 -4.059e-15 0)
(3 -3.96146e-15 0)
(3 -4.40603e-15 0)
(3 -5.21058e-15 0)
(3 -5.58512e-15 0)
(3 -5.53662e-15 0)
(3 -5.28586e-15 0)
(3 -5.35261e-15 0)
(3 -4.46828e-15 0)
(3 -3.81595e-15 0)
(3 -3.35176e-15 0)
(1.68258 -1.1925 0)
(1.91211 -0.974195 0)
(2.99997 -7.5723e-06 0)
(3 -3.32527e-15 0)
(3 -3.01943e-15 0)
(3 -3.07925e-15 0)
(3 -3.23437e-15 0)
(3 -3.48428e-15 0)
(3 -3.34513e-15 0)
(3 -3.237e-15 0)
(3 -3.13497e-15 0)
(3 -3.77066e-15 0)
(3 -3.68576e-15 0)
(3 -2.47596e-15 0)
(3 -1.76229e-15 0)
(3 -1.72205e-15 0)
(3 -2.30363e-15 0)
(3 -2.86946e-15 0)
(3 -2.49101e-15 0)
(3 -1.60798e-15 0)
(1.65897 -1.23957 0)
(1.8206 -1.09818 0)
(2.87918 -0.0858328 0)
(3 6.40372e-13 0)
(3 -2.29708e-15 0)
(3 -2.15953e-15 0)
(3 -1.96634e-15 0)
(3 -2.36273e-15 0)
(3 -2.11623e-15 0)
(3 -2.15327e-15 0)
(3 -1.81269e-15 0)
(3 -1.74129e-15 0)
(3 -1.85642e-15 0)
(3 -1.37946e-15 0)
(3 -6.63779e-16 0)
(3 -8.56093e-16 0)
(3 -2.22187e-15 0)
(3 -2.32523e-15 0)
(3 -2.44982e-15 0)
(3 -1.98932e-15 0)
(1.63899 -1.26186 0)
(1.62545 -1.24795 0)
(2.64824 -0.291276 0)
(3 -1.96354e-13 0)
(3 -7.10163e-15 0)
(3 -1.65908e-15 0)
(3 -1.99562e-15 0)
(3 -6.35933e-16 0)
(3 -6.25871e-16 0)
(3 -2.32625e-16 0)
(3 -2.06439e-17 0)
(3 -8.82646e-16 0)
(3 -8.6254e-16 0)
(3 -7.70538e-16 0)
(3 -5.18927e-16 0)
(3 -1.22523e-15 0)
(3 -2.02895e-15 0)
(3 -2.23634e-15 0)
(3 -2.30992e-15 0)
(3 -2.36432e-15 0)
(1.62109 -1.28211 0)
(1.58314 -1.3067 0)
(2.43076 -0.524803 0)
(3 3.14021e-13 0)
(3 5.16547e-12 0)
(3 -7.731e-14 0)
(3 -4.23378e-16 0)
(3 -9.70635e-16 0)
(3 -1.55423e-16 0)
(3 4.62731e-16 0)
(3 4.40604e-16 0)
(3 -4.24915e-16 0)
(3 -5.64108e-16 0)
(3 -5.06035e-16 0)
(3 -5.55836e-16 0)
(3 -1.54815e-15 0)
(3 -2.47629e-15 0)
(3 -3.07396e-15 0)
(3 -2.89652e-15 0)
(3 -1.86278e-15 0)
(1.60507 -1.29642 0)
(1.48276 -1.38844 0)
(2.14492 -0.833496 0)
(3.01123 0.00948538 0)
(3 -5.41407e-09 0)
(3 1.06922e-12 0)
(3 -1.1573e-14 0)
(3 -4.06469e-16 0)
(3 -4.49714e-17 0)
(3 5.54708e-16 0)
(3 3.35972e-16 0)
(3 -7.62169e-16 0)
(3 -7.45758e-16 0)
(3 -6.652e-16 0)
(3 -8.88955e-16 0)
(3 -1.44433e-15 0)
(3 -2.10379e-15 0)
(3 -2.79701e-15 0)
(3 -2.17482e-15 0)
(3 1.78712e-15 0)
(1.59076 -1.30821 0)
(1.46541 -1.35357 0)
(1.92611 -1.04789 0)
(2.85355 -0.134653 0)
(3 1.82116e-08 0)
(3 1.99693e-11 0)
(3 -9.97352e-14 0)
(3 -1.8506e-15 0)
(3 8.59361e-17 0)
(3 2.34706e-16 0)
(3 -6.91668e-17 0)
(3 -6.34569e-16 0)
(3 -9.24497e-16 0)
(3 -1.64913e-15 0)
(3 -1.5005e-15 0)
(3 -2.37326e-15 0)
(3 -2.58928e-15 0)
(3 -2.72124e-15 0)
(3 8.98993e-16 0)
(3 2.93787e-15 0)
(1.58299 -1.32108 0)
(1.51201 -1.324 0)
(1.79682 -1.18195 0)
(2.45324 -0.532195 0)
(2.99999 0.000202173 0)
(3 -2.33572e-11 0)
(3 -1.63868e-14 0)
(3 3.04593e-14 0)
(3 -1.05554e-14 0)
(3 6.18368e-16 0)
(3 -7.67691e-17 0)
(3 -1.15547e-15 0)
(3 -1.07701e-15 0)
(3 -1.52442e-15 0)
(3 -1.20364e-15 0)
(3 -1.72291e-15 0)
(3 -2.15073e-15 0)
(3 5.50748e-16 0)
(3 1.63005e-15 0)
(3 3.00868e-15 0)
(1.58137 -1.29203 0)
(1.55044 -1.28406 0)
(1.65091 -1.24996 0)
(2.09378 -0.874087 0)
(3.00122 -0.000945225 0)
(3 -2.82176e-12 0)
(3 1.06426e-11 0)
(3 -1.06422e-11 0)
(3 2.4852e-12 0)
(3 -3.7857e-14 0)
(3 2.24321e-16 0)
(3 -1.76915e-16 0)
(3 -4.82146e-16 0)
(3 -1.77226e-15 0)
(3 -1.16533e-15 0)
(3 -1.06681e-15 0)
(3 -1.12832e-15 0)
(3 1.25462e-15 0)
(3 1.43938e-15 0)
(3 2.45987e-15 0)
(1.58464 -1.2782 0)
(1.58006 -1.27046 0)
(1.63263 -1.24782 0)
(1.80812 -1.12704 0)
(2.73059 -0.234295 0)
(3 5.87354e-10 0)
(3 -1.42985e-08 0)
(3 1.29322e-08 0)
(3 -5.65336e-10 0)
(3 -3.01567e-12 0)
(3 9.2855e-14 0)
(3 -4.23299e-16 0)
(3 -1.08821e-15 0)
(3 -1.61234e-15 0)
(3 -1.60634e-15 0)
(3 -1.89472e-15 0)
(3 -1.03565e-16 0)
(3 9.00159e-16 0)
(3 5.29186e-16 0)
(3 9.78164e-16 0)
(1.5879 -1.2673 0)
(1.60471 -1.26192 0)
(1.63345 -1.24493 0)
(1.75041 -1.19498 0)
(2.3733 -0.628868 0)
(3.02008 0.0187691 0)
(2.99974 -0.000187857 0)
(3 4.33375e-06 0)
(3 -8.56852e-08 0)
(3 8.99714e-10 0)
(3 -1.56973e-13 0)
(3 -3.19384e-16 0)
(3 -1.55186e-15 0)
(3 -1.24657e-15 0)
(3 -1.95625e-15 0)
(3 -3.34445e-15 0)
(3 -1.33902e-15 0)
(3 -6.93026e-16 0)
(3 -2.95222e-16 0)
(3 7.67151e-17 0)
(1.58764 -1.25581 0)
(1.61114 -1.25706 0)
(1.62914 -1.26117 0)
(1.62353 -1.28781 0)
(1.82737 -1.10289 0)
(2.71826 -0.239427 0)
(3.00577 0.00290486 0)
(2.99991 -8.68448e-05 0)
(3 7.97328e-07 0)
(3 -8.71407e-10 0)
(3 9.18019e-15 0)
(3 -2.04861e-15 0)
(3 -2.16033e-15 0)
(3 -1.80162e-15 0)
(3 -2.24618e-15 0)
(3 -3.98535e-15 0)
(3 -3.23287e-15 0)
(3 -1.42845e-15 0)
(3 -5.86449e-16 0)
(3 1.06687e-15 0)
(1.58571 -1.25415 0)
(1.60355 -1.25703 0)
(1.60614 -1.27028 0)
(1.5784 -1.30372 0)
(1.69706 -1.22992 0)
(2.17711 -0.831464 0)
(2.98196 -0.012963 0)
(3.0004 0.000813085 0)
(3 -5.95922e-07 0)
(3 -6.08291e-11 0)
(3 1.08411e-14 0)
(3 -3.51489e-15 0)
(3 -3.03887e-15 0)
(3 -2.56254e-15 0)
(3 -2.2168e-15 0)
(3 -2.92763e-15 0)
(3 -2.20808e-15 0)
(3 -8.25536e-16 0)
(3 -8.73227e-16 0)
(3 1.2329e-15 0)
(1.57786 -1.25164 0)
(1.58965 -1.26216 0)
(1.59189 -1.27796 0)
(1.58772 -1.28126 0)
(1.66487 -1.25327 0)
(1.74581 -1.23175 0)
(2.30732 -0.72713 0)
(3.00177 -0.00979544 0)
(3 -6.07048e-08 0)
(3 3.05804e-11 0)
(3 7.54698e-15 0)
(3 -2.90709e-15 0)
(3 -5.10669e-15 0)
(3 -4.54596e-15 0)
(3 -2.77087e-15 0)
(3 -1.82649e-15 0)
(3 -2.25821e-15 0)
(3 1.08614e-16 0)
(3 -1.53986e-16 0)
(3 1.42262e-15 0)
(1.57416 -1.25488 0)
(1.58031 -1.26172 0)
(1.58453 -1.26834 0)
(1.59402 -1.25963 0)
(1.6177 -1.24079 0)
(1.61078 -1.26362 0)
(1.91763 -1.15787 0)
(2.98775 -0.352324 0)
(3.32623 0.569308 0)
(3 -6.30282e-11 0)
(3 7.34911e-11 0)
(3 -7.8038e-11 0)
(3 -7.68012e-15 0)
(3 4.28144e-13 0)
(3 1.01668e-14 0)
(3 -1.79344e-14 0)
(3 7.73752e-15 0)
(3 -7.40905e-16 0)
(3 -2.22435e-15 0)
(3 1.65827e-15 0)
(1.16951 -0.744161 0)
(1.81415 -1.16446 0)
(1.84002 -1.14033 0)
(1.73598 -1.18675 0)
(1.71622 -1.19028 0)
(1.67214 -1.24044 0)
(1.66499 -1.21334 0)
(1.72979 -1.1649 0)
(1.7579 -1.22669 0)
(1.78224 -1.13916 0)
(2.25675 -0.747378 0)
(2.84681 -0.218588 0)
(3.09524 0.0246174 0)
(3.02087 0.0123542 0)
(3.00432 0.00522248 0)
(3.00183 0.00295287 0)
(3.00006 0.00059267 0)
(2.99998 2.50606e-05 0)
(2.99999 -1.43489e-05 0)
(3 -5.90776e-06 0)
(1.02697 -0.0184171 0)
(1.93524 -0.762137 0)
(2.08156 -0.898765 0)
(1.9921 -0.968779 0)
(1.97377 -0.971333 0)
(1.87913 -1.08059 0)
(1.79364 -1.1439 0)
(1.75998 -1.1477 0)
(1.75583 -1.16294 0)
(1.73092 -1.20321 0)
(1.70822 -1.19778 0)
(1.85826 -1.07417 0)
(2.10086 -0.888504 0)
(2.50966 -0.576696 0)
(2.99068 -0.133782 0)
(3.07398 0.0300113 0)
(3.00815 0.00773454 0)
(3.00293 0.00385535 0)
(3.00123 0.00220035 0)
(3.00008 0.000484895 0)
(1.08084 0.0726351 0)
(1.83183 0.124193 0)
(2.24002 -0.0627062 0)
(2.22685 -0.497135 0)
(2.19911 -0.683491 0)
(2.14111 -0.791585 0)
(2.05505 -0.898286 0)
(1.96805 -0.970981 0)
(1.90918 -1.03635 0)
(1.84348 -1.1266 0)
(1.78392 -1.15861 0)
(1.78837 -1.15282 0)
(1.81245 -1.13101 0)
(1.85503 -1.08634 0)
(2.04148 -0.950304 0)
(2.25683 -0.829842 0)
(2.66335 -0.505617 0)
(3.03695 -0.0920638 0)
(3.05533 0.0239007 0)
(3.00401 0.00465659 0)
(1.39471 0.494878 0)
(1.88425 0.737427 0)
(2.33068 0.287555 0)
(2.31004 0.0736819 0)
(2.34262 0.0571984 0)
(2.35357 -0.29388 0)
(2.28031 -0.568646 0)
(2.19029 -0.722781 0)
(2.13239 -0.792441 0)
(2.06874 -0.919277 0)
(1.96261 -1.02209 0)
(1.91125 -1.06855 0)
(1.88717 -1.07865 0)
(1.87274 -1.08585 0)
(1.87307 -1.05535 0)
(1.89566 -1.04884 0)
(1.96025 -1.02237 0)
(2.16314 -0.904586 0)
(2.38163 -0.793246 0)
(2.77959 -0.44114 0)
(1.52476 1.34248 0)
(1.53138 1.57143 0)
(2.36772 0.125383 0)
(2.3596 0.827871 0)
(2.45679 0.309339 0)
(2.45121 0.256611 0)
(2.42494 -0.0302241 0)
(2.38728 -0.213551 0)
(2.32583 -0.3895 0)
(2.30424 -0.536743 0)
(2.21398 -0.700719 0)
(2.14667 -0.811147 0)
(2.094 -0.877594 0)
(2.03314 -0.945388 0)
(1.98723 -0.969491 0)
(1.94837 -0.997272 0)
(1.95303 -1.02078 0)
(1.96865 -0.997828 0)
(1.99518 -0.995628 0)
(2.07231 -0.976549 0)
(1.14358 1.44967 0)
(1.6487 1.73042 0)
(2.01603 1.01244 0)
(2.32862 1.17407 0)
(2.56968 0.3366 0)
(2.48 0.669164 0)
(2.52278 0.434057 0)
(2.50394 0.103569 0)
(2.47472 -0.0233194 0)
(2.46093 -0.202509 0)
(2.41858 -0.390367 0)
(2.3464 -0.567796 0)
(2.29482 -0.679238 0)
(2.21232 -0.79476 0)
(2.15389 -0.844264 0)
(2.10789 -0.862689 0)
(2.06819 -0.899371 0)
(2.06858 -0.890477 0)
(2.04356 -0.91913 0)
(2.06057 -0.948559 0)
(1.13704 1.56868 0)
(1.71498 1.78511 0)
(2.02679 1.52189 0)
(2.11211 1.23633 0)
(2.22402 1.18468 0)
(2.46719 0.717927 0)
(2.60682 0.457059 0)
(2.61588 0.150203 0)
(2.60808 0.0753192 0)
(2.57309 -0.105795 0)
(2.54336 -0.248054 0)
(2.49219 -0.387362 0)
(2.45226 -0.474371 0)
(2.39593 -0.558723 0)
(2.34618 -0.59614 0)
(2.3131 -0.597274 0)
(2.27247 -0.622229 0)
(2.23729 -0.664161 0)
(2.16788 -0.756726 0)
(2.12984 -0.794853 0)
(1.31471 1.72746 0)
(1.62656 2.01439 0)
(1.84814 1.94574 0)
(2.096 1.40136 0)
(2.20837 1.48974 0)
(2.2901 1.00586 0)
(2.38488 1.06295 0)
(2.54506 0.791269 0)
(2.57413 0.448197 0)
(2.58887 0.403204 0)
(2.5928 0.210896 0)
(2.58789 0.083056 0)
(2.56653 -0.0353094 0)
(2.54575 -0.128245 0)
(2.48911 -0.256263 0)
(2.4804 -0.303166 0)
(2.41819 -0.427146 0)
(2.3573 -0.537417 0)
(2.29585 -0.606154 0)
(2.30098 -0.564188 0)
(1.53525 1.86075 0)
(1.64225 2.1929 0)
(1.68871 2.09585 0)
(1.84577 1.87922 0)
(2.02184 1.81713 0)
(2.23132 1.35545 0)
(2.21306 1.41706 0)
(2.34516 1.23601 0)
(2.43119 1.00523 0)
(2.46224 0.886536 0)
(2.53598 0.695027 0)
(2.57789 0.490711 0)
(2.60921 0.30057 0)
(2.63439 0.131156 0)
(2.58666 -0.0993835 0)
(2.57844 -0.20882 0)
(2.52121 -0.369112 0)
(2.48865 -0.343342 0)
(2.44059 -0.365349 0)
(2.4759 -0.278352 0)
(1.6005 1.86905 0)
(1.73542 2.23098 0)
(1.77117 2.14616 0)
(1.80017 2.0576 0)
(1.97386 1.89979 0)
(2.10779 1.59408 0)
(2.21825 1.50381 0)
(2.32029 1.35606 0)
(2.39869 1.24925 0)
(2.49387 1.01896 0)
(2.61981 0.82758 0)
(2.66943 0.552794 0)
(2.705 0.346 0)
(2.70637 0.155228 0)
(2.67551 -0.00705576 0)
(2.65358 -0.0524504 0)
(2.63063 -0.0931216 0)
(2.62181 0.00336844 0)
(2.55706 -0.0926973 0)
(2.58061 -0.0644111 0)
(1.54052 1.80312 0)
(1.81539 2.24444 0)
(2.05772 2.29019 0)
(1.99568 2.27704 0)
(2.11791 2.01654 0)
(2.19594 1.81588 0)
(2.39567 1.53878 0)
(2.48317 1.46542 0)
(2.65043 1.35989 0)
(2.71431 0.941564 0)
(2.76904 0.831338 0)
(2.77602 0.601689 0)
(2.76857 0.556233 0)
(2.7568 0.444366 0)
(2.73992 0.387457 0)
(2.70875 0.347603 0)
(2.68947 0.327445 0)
(2.69135 0.299052 0)
(2.64732 0.130128 0)
(2.61414 -0.0243899 0)
(1.40598 1.67534 0)
(1.79046 2.22143 0)
(2.12277 2.31762 0)
(2.17275 2.4331 0)
(2.35617 2.18658 0)
(2.45835 2.0082 0)
(2.58516 1.6023 0)
(2.65498 1.49002 0)
(2.69775 1.43 0)
(2.72946 1.2493 0)
(2.70785 1.27342 0)
(2.72169 1.07999 0)
(2.67979 1.00073 0)
(2.68908 0.903093 0)
(2.68822 0.776021 0)
(2.6981 0.669621 0)
(2.73291 0.572491 0)
(2.74375 0.391245 0)
(2.72888 0.207176 0)
(2.68126 0.10758 0)
(1.23307 1.47122 0)
(1.63049 2.09344 0)
(2.03413 2.32182 0)
(2.15374 2.42092 0)
(2.32598 2.26023 0)
(2.43944 2.09525 0)
(2.4375 1.79742 0)
(2.3797 1.71984 0)
(2.40018 1.7091 0)
(2.42219 1.65357 0)
(2.46932 1.50861 0)
(2.53679 1.38816 0)
(2.56464 1.20557 0)
(2.64862 1.12595 0)
(2.68407 0.93066 0)
(2.75083 0.788462 0)
(2.79039 0.624785 0)
(2.8086 0.404011 0)
(2.76052 0.389034 0)
(2.71471 0.377605 0)
(1.22446 1.34583 0)
(1.48521 1.88672 0)
(1.75347 2.22385 0)
(1.95787 2.38715 0)
(2.06231 2.36797 0)
(2.15547 2.23341 0)
(2.15318 2.00007 0)
(2.10223 1.89461 0)
(2.12384 1.83247 0)
(2.22631 1.75707 0)
(2.3534 1.55483 0)
(2.51172 1.47357 0)
(2.57409 1.2629 0)
(2.72046 1.17856 0)
(2.74633 0.947033 0)
(2.79138 0.802154 0)
(2.77564 0.729811 0)
(2.77536 0.632558 0)
(2.72464 0.773108 0)
(2.70842 0.714428 0)
(1.27517 1.29229 0)
(1.46288 1.72349 0)
(1.60536 2.12553 0)
(1.67108 2.33755 0)
(1.73414 2.38345 0)
(1.89696 2.20043 0)
(1.92649 2.0952 0)
(2.00196 1.90103 0)
(2.04428 1.84958 0)
(2.25095 1.75164 0)
(2.39524 1.57901 0)
(2.57582 1.52192 0)
(2.66439 1.33123 0)
(2.71496 1.26239 0)
(2.72793 1.16778 0)
(2.71261 1.18495 0)
(2.69802 1.15618 0)
(2.68409 1.07941 0)
(2.67199 1.15002 0)
(2.70939 0.969772 0)
(1.36177 1.31273 0)
(1.53184 1.55619 0)
(1.60425 1.987 0)
(1.62377 2.25507 0)
(1.53724 2.30129 0)
(1.68046 2.24131 0)
(1.85351 2.17088 0)
(2.02986 1.87932 0)
(2.11171 1.87722 0)
(2.32482 1.85135 0)
(2.46883 1.66345 0)
(2.53657 1.61959 0)
(2.57656 1.55261 0)
(2.54982 1.58633 0)
(2.57143 1.53767 0)
(2.57152 1.53859 0)
(2.57907 1.40192 0)
(2.61902 1.32735 0)
(2.69139 1.26137 0)
(2.795 1.0135 0)
(1.64523 1.39542 0)
(1.65728 1.5106 0)
(1.69249 1.80424 0)
(1.70918 2.10685 0)
(1.73398 2.20833 0)
(1.8473 2.2613 0)
(1.9042 2.26721 0)
(2.02475 2.07735 0)
(2.10113 2.075 0)
(2.33247 1.9295 0)
(2.33217 1.96649 0)
(2.37903 1.8837 0)
(2.39258 1.83905 0)
(2.38603 1.81468 0)
(2.43261 1.7119 0)
(2.52226 1.64151 0)
(2.57353 1.50509 0)
(2.67791 1.40676 0)
(2.76395 1.24445 0)
(2.84594 1.16975 0)
(1.76529 1.39001 0)
(1.81358 1.36938 0)
(1.85328 1.43772 0)
(1.89303 1.61728 0)
(1.93712 1.94694 0)
(1.94267 2.18267 0)
(1.95114 2.25485 0)
(1.99368 2.20322 0)
(1.9948 2.20776 0)
(2.08563 2.08934 0)
(2.08933 2.13495 0)
(2.18346 1.9995 0)
(2.24342 1.92336 0)
(2.3158 1.87724 0)
(2.4 1.80512 0)
(2.51797 1.76304 0)
(2.59905 1.6822 0)
(2.67442 1.61433 0)
(2.71379 1.56454 0)
(2.69727 1.56786 0)
(1.87122 1.35931 0)
(1.79451 1.28294 0)
(1.79627 1.1883 0)
(1.83337 1.05393 0)
(1.95273 1.15247 0)
(2.0618 1.41999 0)
(1.92518 1.63104 0)
(1.77763 1.59026 0)
(1.66408 1.37607 0)
(1.7581 1.25763 0)
(1.86097 1.4861 0)
(1.9404 1.52713 0)
(1.93571 1.37588 0)
(1.94595 1.16617 0)
(2.03964 0.97293 0)
(2.11669 0.922128 0)
(2.27995 1.02863 0)
(2.32355 1.13437 0)
(2.2911 1.12036 0)
(2.2876 1.14186 0)
(1.48342 0.332047 0)
(1.40307 0.485422 0)
(1.41334 0.267226 0)
(1.41562 0.23342 0)
(1.52554 0.138175 0)
(1.68683 0.226819 0)
(1.67021 0.276696 0)
(1.583 0.289274 0)
(1.47831 0.210355 0)
(1.49886 0.158275 0)
(1.55823 0.253792 0)
(1.59024 0.330322 0)
(1.5674 0.301536 0)
(1.5575 0.181077 0)
(1.62117 0.0740193 0)
(1.69086 0.0788865 0)
(1.73726 0.16103 0)
(1.79436 0.244772 0)
(1.78567 0.223079 0)
(1.83447 0.164116 0)
(1.93626 -0.198063 0)
(2.02523 -0.151794 0)
(2.06055 -0.0673586 0)
(2.11716 -0.0617383 0)
(2.13778 -0.0201631 0)
(2.15674 -0.0321799 0)
(2.16697 -0.0181519 0)
(2.1648 -0.00522782 0)
(2.18392 -0.000321606 0)
(2.20962 -0.00293786 0)
(2.22049 -0.00964188 0)
(2.21001 -0.0126567 0)
(2.20916 -0.010618 0)
(2.22383 -0.00251394 0)
(2.2396 0.00395485 0)
(2.25477 0.00561924 0)
(2.25882 -0.00115294 0)
(2.26013 -0.00526668 0)
(2.26837 -0.0063357 0)
(2.28417 -0.00284393 0)
(2.263 -0.852307 0)
(2.30045 -0.512822 0)
(2.26278 -0.237815 0)
(2.32486 -0.208249 0)
(2.3091 -0.085179 0)
(2.28489 -0.0637013 0)
(2.25601 -0.0259828 0)
(2.25547 -0.000866585 0)
(2.25962 -0.00112074 0)
(2.26981 -0.0184197 0)
(2.28971 -0.0386411 0)
(2.28332 -0.0409422 0)
(2.27644 -0.0323338 0)
(2.27555 -0.00068951 0)
(2.28319 0.0133234 0)
(2.28968 0.00646242 0)
(2.294 -0.0157821 0)
(2.29912 -0.0232622 0)
(2.303 -0.0185398 0)
(2.31174 -0.00592154 0)
(2.63421 -1.49645 0)
(2.6516 -1.3763 0)
(2.62114 -1.0166 0)
(2.61132 -0.829069 0)
(2.58104 -0.545185 0)
(2.66173 -0.333976 0)
(2.48966 -0.0581842 0)
(2.41592 -0.0336009 0)
(2.39062 -0.00607674 0)
(2.3941 -0.0135824 0)
(2.41454 -0.0369495 0)
(2.41902 -0.0390078 0)
(2.4078 -0.0313077 0)
(2.38848 -0.00188154 0)
(2.38053 0.0197563 0)
(2.37692 0.0144607 0)
(2.38026 -0.00643516 0)
(2.38913 -0.0165516 0)
(2.39022 -0.0113526 0)
(2.38579 -0.00244908 0)
(2.71691 -1.25187 0)
(2.71006 -1.21822 0)
(2.7214 -1.17781 0)
(2.69449 -1.17554 0)
(2.68526 -1.13789 0)
(2.75461 -0.889993 0)
(2.73138 -0.460529 0)
(2.73264 -0.25218 0)
(2.60299 -0.0400649 0)
(2.54817 -0.0210569 0)
(2.51896 -0.0431348 0)
(2.52144 -0.0454789 0)
(2.52597 -0.0359082 0)
(2.50359 -0.00624723 0)
(2.48764 0.0120334 0)
(2.47687 0.00932856 0)
(2.47725 -0.0069875 0)
(2.48154 -0.0134659 0)
(2.48217 -0.00625299 0)
(2.47255 -0.00261138 0)
(2.76424 -1.00422 0)
(2.71947 -1.07179 0)
(2.72724 -1.03371 0)
(2.72833 -0.994381 0)
(2.72568 -0.987658 0)
(2.75394 -0.997564 0)
(2.78406 -0.938246 0)
(2.8175 -0.700162 0)
(2.78431 -0.373189 0)
(2.73741 -0.197327 0)
(2.63541 -0.0452749 0)
(2.59876 -0.0345077 0)
(2.58318 -0.0340437 0)
(2.57578 -0.0157285 0)
(2.56565 -0.00268851 0)
(2.54828 0.00171809 0)
(2.54182 -0.00636899 0)
(2.543 -0.00371342 0)
(2.54398 0.00261963 0)
(2.53521 -0.0018198 0)
(2.76104 -0.876466 0)
(2.72978 -0.906162 0)
(2.73744 -0.904581 0)
(2.764 -0.870378 0)
(2.76404 -0.849939 0)
(2.7663 -0.885138 0)
(2.7895 -0.936502 0)
(2.79157 -0.93645 0)
(2.78199 -0.830367 0)
(2.74822 -0.550354 0)
(2.677 -0.207674 0)
(2.6336 -0.0353084 0)
(2.61189 -0.0450523 0)
(2.60691 -0.0329695 0)
(2.60104 -0.0197392 0)
(2.58332 -0.00995918 0)
(2.56842 -0.00268797 0)
(2.57332 0.00925704 0)
(2.57449 0.0101767 0)
(2.56739 -0.00136041 0)
(2.73906 -0.70691 0)
(2.72741 -0.749897 0)
(2.74895 -0.744812 0)
(2.78939 -0.708356 0)
(2.79283 -0.71969 0)
(2.79253 -0.765298 0)
(2.77655 -0.80192 0)
(2.75516 -0.84693 0)
(2.7231 -0.861545 0)
(2.71849 -0.802362 0)
(2.68963 -0.644043 0)
(2.62521 -0.266039 0)
(2.60968 -0.0703288 0)
(2.61028 -0.0732307 0)
(2.60701 -0.0492729 0)
(2.58899 -0.0321695 0)
(2.57927 -0.00496498 0)
(2.58524 0.012548 0)
(2.58462 0.0083126 0)
(2.57587 -0.00761001 0)
(2.70971 -0.512274 0)
(2.71326 -0.619949 0)
(2.74405 -0.625963 0)
(2.8075 -0.62124 0)
(2.82615 -0.651627 0)
(2.81633 -0.670134 0)
(2.77097 -0.7325 0)
(2.72418 -0.775514 0)
(2.71087 -0.779106 0)
(2.70495 -0.777165 0)
(2.70066 -0.736024 0)
(2.68726 -0.644544 0)
(2.63036 -0.314027 0)
(2.60961 -0.109115 0)
(2.59751 -0.0871635 0)
(2.59035 -0.0381278 0)
(2.58642 -0.0105634 0)
(2.59212 0.0100378 0)
(2.58409 -0.00170811 0)
(2.57367 -0.0124606 0)
(2.68445 -0.268987 0)
(2.69723 -0.441458 0)
(2.72204 -0.493895 0)
(2.79698 -0.476472 0)
(2.8228 -0.53042 0)
(2.81146 -0.563301 0)
(2.76151 -0.603402 0)
(2.70678 -0.65836 0)
(2.68823 -0.699203 0)
(2.70695 -0.694805 0)
(2.72518 -0.715126 0)
(2.71853 -0.703446 0)
(2.70395 -0.647832 0)
(2.65056 -0.373225 0)
(2.60188 -0.132478 0)
(2.60569 -0.0595544 0)
(2.60398 -0.0127974 0)
(2.59617 -0.000439398 0)
(2.56706 -0.02296 0)
(2.56929 -0.0150929 0)
(2.65408 -0.101734 0)
(2.67508 -0.277742 0)
(2.68106 -0.347806 0)
(2.75234 -0.381387 0)
(2.78823 -0.462388 0)
(2.76703 -0.506612 0)
(2.73652 -0.534781 0)
(2.68931 -0.560771 0)
(2.68137 -0.630066 0)
(2.70854 -0.642135 0)
(2.73571 -0.652506 0)
(2.73688 -0.677407 0)
(2.72117 -0.67694 0)
(2.69737 -0.651088 0)
(2.66148 -0.391458 0)
(2.65115 -0.148122 0)
(2.62904 0.0253682 0)
(2.58883 -0.00683126 0)
(2.56634 -0.0266659 0)
(2.57735 -0.0124878 0)
(2.48032 0.272827 0)
(2.57396 0.00497648 0)
(2.60602 -0.244257 0)
(2.66745 -0.224784 0)
(2.65963 -0.206811 0)
(2.59139 -0.285172 0)
(2.60406 -0.353271 0)
(2.65544 -0.416222 0)
(2.68817 -0.507255 0)
(2.7144 -0.535604 0)
(2.73914 -0.566029 0)
(2.73473 -0.590206 0)
(2.72461 -0.621388 0)
(2.73867 -0.622603 0)
(2.73194 -0.608333 0)
(2.71981 -0.426959 0)
(2.69674 -0.203081 0)
(2.67968 -0.141037 0)
(2.66548 -0.045506 0)
(2.62603 -0.00580479 0)
(2.35185 0.546923 0)
(2.40041 0.438299 0)
(2.5368 0.0771706 0)
(2.58404 -0.0433159 0)
(2.61867 -0.184647 0)
(2.62125 -0.305786 0)
(2.63293 -0.312472 0)
(2.67732 -0.371353 0)
(2.70569 -0.401717 0)
(2.72904 -0.426221 0)
(2.72412 -0.432075 0)
(2.72491 -0.519649 0)
(2.73109 -0.537933 0)
(2.75067 -0.571418 0)
(2.79073 -0.557207 0)
(2.79074 -0.559474 0)
(2.77449 -0.500155 0)
(2.7596 -0.338723 0)
(2.76068 -0.192374 0)
(2.7229 -0.0469783 0)
(2.347 0.707873 0)
(2.38297 0.607326 0)
(2.45116 0.438619 0)
(2.51235 0.265182 0)
(2.58 0.100944 0)
(2.62776 -0.0893936 0)
(2.64473 -0.0813399 0)
(2.62847 -0.0921211 0)
(2.66855 -0.198538 0)
(2.66662 -0.234987 0)
(2.71181 -0.321517 0)
(2.72631 -0.405109 0)
(2.7538 -0.417311 0)
(2.78845 -0.441144 0)
(2.81279 -0.470596 0)
(2.82363 -0.511456 0)
(2.82501 -0.51921 0)
(2.82438 -0.521004 0)
(2.8329 -0.45855 0)
(2.80865 -0.214965 0)
(2.43326 0.686565 0)
(2.43211 0.679827 0)
(2.43377 0.641931 0)
(2.47848 0.52095 0)
(2.51708 0.412682 0)
(2.60729 0.167231 0)
(2.63324 0.0616559 0)
(2.64839 -0.0158289 0)
(2.69881 -0.201351 0)
(2.70781 -0.250989 0)
(2.7336 -0.289887 0)
(2.75873 -0.357365 0)
(2.79086 -0.355519 0)
(2.80581 -0.326319 0)
(2.82561 -0.379032 0)
(2.82948 -0.429118 0)
(2.83444 -0.45757 0)
(2.84042 -0.49704 0)
(2.87734 -0.493215 0)
(2.88181 -0.421984 0)
(2.71869 0.445665 0)
(2.60163 0.602135 0)
(2.52815 0.624222 0)
(2.52376 0.612641 0)
(2.52484 0.569408 0)
(2.55548 0.477691 0)
(2.61945 0.292794 0)
(2.65531 0.195331 0)
(2.69555 0.0630999 0)
(2.71658 -0.0083627 0)
(2.73074 -0.0366612 0)
(2.75648 -0.121912 0)
(2.77647 -0.16537 0)
(2.78329 -0.204995 0)
(2.82473 -0.284921 0)
(2.84754 -0.337362 0)
(2.86723 -0.361517 0)
(2.88924 -0.399814 0)
(2.91653 -0.430287 0)
(2.9228 -0.433522 0)
(2.96773 0.0712688 0)
(2.85438 0.3086 0)
(2.73943 0.473977 0)
(2.60985 0.581044 0)
(2.6058 0.582359 0)
(2.60542 0.565996 0)
(2.62049 0.509647 0)
(2.65113 0.420258 0)
(2.70382 0.272259 0)
(2.74531 0.127604 0)
(2.75269 0.0990431 0)
(2.80375 -0.04811 0)
(2.81894 -0.164277 0)
(2.82503 -0.20812 0)
(2.85008 -0.274991 0)
(2.87947 -0.307795 0)
(2.90978 -0.29543 0)
(2.92814 -0.314026 0)
(2.91906 -0.314937 0)
(2.92733 -0.368776 0)
(2.99892 0.0035258 0)
(2.98637 0.0350944 0)
(2.94785 0.137985 0)
(2.82147 0.369538 0)
(2.74681 0.485268 0)
(2.66567 0.55326 0)
(2.66614 0.550585 0)
(2.67065 0.532305 0)
(2.68518 0.486506 0)
(2.7239 0.381453 0)
(2.76349 0.259741 0)
(2.79279 0.175144 0)
(2.81426 0.080498 0)
(2.82649 0.0326094 0)
(2.84135 -0.0181325 0)
(2.8655 -0.0880965 0)
(2.87798 -0.0943263 0)
(2.89296 -0.160455 0)
(2.92029 -0.241261 0)
(2.9312 -0.301093 0)
(2.99998 7.34107e-05 0)
(2.99965 0.000879417 0)
(2.99729 0.0077774 0)
(2.97474 0.0645227 0)
(2.93248 0.176371 0)
(2.82421 0.388046 0)
(2.77497 0.466097 0)
(2.71476 0.519222 0)
(2.7141 0.518842 0)
(2.71985 0.502517 0)
(2.73554 0.458965 0)
(2.76948 0.372592 0)
(2.81161 0.25052 0)
(2.83469 0.172481 0)
(2.86449 0.0728799 0)
(2.89703 -0.0537275 0)
(2.90181 -0.110931 0)
(2.91371 -0.171749 0)
(2.93616 -0.232886 0)
(2.96545 -0.265041 0)
(3 1.10637e-06 0)
(3 9.50514e-06 0)
(2.99995 0.00011499 0)
(2.99918 0.00205209 0)
(2.99508 0.0136551 0)
(2.96755 0.0819699 0)
(2.92557 0.192729 0)
(2.84091 0.366345 0)
(2.79231 0.453744 0)
(2.75288 0.491679 0)
(2.75324 0.489735 0)
(2.75881 0.475696 0)
(2.77483 0.436799 0)
(2.80784 0.351976 0)
(2.8382 0.264956 0)
(2.86207 0.186186 0)
(2.88625 0.100236 0)
(2.91004 0.0203071 0)
(2.92038 -0.0037018 0)
(2.93403 -0.0603693 0)
(3 1.27029e-08 0)
(3 8.08929e-08 0)
(3 9.56481e-07 0)
(2.99999 2.0883e-05 0)
(2.9999 0.00024957 0)
(2.99869 0.00313208 0)
(2.99296 0.0183167 0)
(2.96718 0.0819741 0)
(2.92058 0.198413 0)
(2.85635 0.339876 0)
(2.813 0.426554 0)
(2.78361 0.464952 0)
(2.78443 0.462759 0)
(2.78899 0.451484 0)
(2.8039 0.416548 0)
(2.82968 0.354118 0)
(2.86328 0.262719 0)
(2.893 0.176674 0)
(2.91819 0.0906297 0)
(2.94402 -0.0299371 0)
(3 1.09091e-10 0)
(3 6.36331e-10 0)
(3 6.56378e-09 0)
(3 1.43336e-07 0)
(3 2.08766e-06 0)
(2.99998 3.63211e-05 0)
(2.99984 0.000379754 0)
(2.9985 0.00350474 0)
(2.99149 0.0207004 0)
(2.96883 0.0765805 0)
(2.92337 0.18917 0)
(2.86973 0.313915 0)
(2.83424 0.389582 0)
(2.80724 0.438503 0)
(2.80794 0.437346 0)
(2.81184 0.429392 0)
(2.82547 0.401063 0)
(2.84701 0.350732 0)
(2.87721 0.268564 0)
(2.91139 0.161599 0)
(3 7.14734e-13 0)
(3 4.46957e-12 0)
(3 4.12707e-11 0)
(3 8.41067e-10 0)
(3 1.37225e-08 0)
(3 2.5584e-07 0)
(3 3.39662e-06 0)
(2.99998 4.38394e-05 0)
(2.99979 0.000470279 0)
(2.99849 0.00350702 0)
(2.99172 0.0194191 0)
(2.96997 0.0727026 0)
(2.9374 0.154488 0)
(2.8744 0.306496 0)
(2.85478 0.348868 0)
(2.8277 0.40706 0)
(2.82734 0.410955 0)
(2.83003 0.406492 0)
(2.83871 0.388809 0)
(2.86978 0.314722 0)
(3 3.49237e-15 0)
(3 2.74358e-14 0)
(3 2.43597e-13 0)
(3 4.46296e-12 0)
(3 7.95046e-11 0)
(3 1.51168e-09 0)
(3 2.26931e-08 0)
(3 3.27018e-07 0)
(3 4.37354e-06 0)
(2.99998 4.63285e-05 0)
(2.99979 0.000449055 0)
(2.99855 0.00337895 0)
(2.99346 0.0152151 0)
(2.97187 0.0666466 0)
(2.94614 0.132873 0)
(2.89617 0.25384 0)
(2.85836 0.348284 0)
(2.84795 0.367947 0)
(2.84461 0.380683 0)
(2.84971 0.373537 0)
(3 -7.18422e-15 0)
(3 -7.29944e-15 0)
(3 -4.38581e-15 0)
(3 1.63793e-14 0)
(3 3.95017e-13 0)
(3 8.31119e-12 0)
(3 1.27184e-10 0)
(3 2.082e-09 0)
(3 2.9112e-08 0)
(3 3.52507e-07 0)
(3 4.45571e-06 0)
(2.99998 4.16923e-05 0)
(2.99983 0.000393139 0)
(2.99881 0.00260331 0)
(2.9943 0.0140053 0)
(2.98049 0.045421 0)
(2.94806 0.125462 0)
(2.91636 0.21017 0)
(2.88374 0.306848 0)
(2.87351 0.344865 0)
(3 -4.00926e-15 0)
(3 -4.44038e-15 0)
(3 -3.56486e-15 0)
(3 -3.34686e-15 0)
(3 -5.02065e-17 0)
(3 3.29387e-14 0)
(3 6.01846e-13 0)
(3 9.69349e-12 0)
(3 1.5373e-10 0)
(3 1.87863e-09 0)
(3 2.6688e-08 0)
(3 2.78079e-07 0)
(3 3.16422e-06 0)
(2.99998 3.01052e-05 0)
(2.99984 0.000252072 0)
(2.99901 0.00151548 0)
(2.99423 0.00925136 0)
(2.98117 0.0274363 0)
(2.94874 0.0798822 0)
(2.87987 0.154268 0)
(2.42419 0.37688 0)
(2.26796 0.707715 0)
(2.34105 0.735818 0)
(2.54774 0.602732 0)
(2.85896 0.240469 0)
(2.98704 0.0322954 0)
(2.99955 0.00158612 0)
(2.99999 3.90873e-05 0)
(3 5.92292e-07 0)
(3 6.03477e-09 0)
(3 4.36901e-11 0)
(3 2.33884e-13 0)
(3 -2.63102e-15 0)
(3 -6.07532e-15 0)
(3 -2.83046e-15 0)
(2.28402 0.649958 0)
(2.25749 0.7877 0)
(2.39378 0.746795 0)
(2.77753 0.376208 0)
(2.98975 0.0358553 0)
(3.00004 0.000472918 0)
(3 -1.14037e-06 0)
(3 -8.37685e-08 0)
(3 -1.52699e-08 0)
(3 -6.31075e-10 0)
(3 -8.28069e-12 0)
(3 -6.05834e-14 0)
(3 -4.17806e-15 0)
(3 -5.71206e-15 0)
(3 -2.78065e-15 0)
(2.20699 0.80786 0)
(2.25314 0.802553 0)
(2.59222 0.54896 0)
(2.94533 0.117234 0)
(2.99897 0.00490577 0)
(2.99999 6.97119e-05 0)
(3 8.75437e-07 0)
(3 1.16918e-08 0)
(3 6.34459e-11 0)
(3 4.60441e-13 0)
(3 1.58709e-14 0)
(3 1.20313e-15 0)
(3 -3.69125e-15 0)
(3 -5.6269e-15 0)
(3 -2.8474e-15 0)
(2.17299 0.884221 0)
(2.41367 0.744976 0)
(2.84311 0.277794 0)
(2.99525 0.0159988 0)
(3 9.51675e-05 0)
(3 -9.77796e-07 0)
(3 -9.43389e-09 0)
(3 -1.56432e-09 0)
(3 -7.11563e-11 0)
(3 -1.11262e-12 0)
(3 -3.61625e-15 0)
(3 4.72985e-16 0)
(3 -3.69171e-15 0)
(3 -5.7044e-15 0)
(3 -2.839e-15 0)
(2.17586 0.898692 0)
(2.66339 0.458253 0)
(2.9851 0.0339834 0)
(3 0.000380656 0)
(3 2.76124e-06 0)
(3 -3.5532e-09 0)
(3 -2.50755e-09 0)
(3 -3.05107e-11 0)
(3 1.70626e-14 0)
(3 2.12305e-15 0)
(3 5.67388e-15 0)
(3 6.40311e-16 0)
(3 -3.75291e-15 0)
(3 -6.13285e-15 0)
(3 -2.8493e-15 0)
(2.57153 0.573126 0)
(2.99134 0.0372866 0)
(3.00024 0.000352219 0)
(3 -1.28143e-06 0)
(3 -2.91283e-07 0)
(3 -2.80878e-08 0)
(3 -1.50683e-10 0)
(3 -1.70379e-12 0)
(3 -2.0974e-14 0)
(3 1.46432e-16 0)
(3 5.26717e-15 0)
(3 3.33294e-16 0)
(3 -3.92629e-15 0)
(3 -6.68024e-15 0)
(3 -2.96571e-15 0)
(2.99374 0.0494686 0)
(2.99998 0.0011017 0)
(3 -1.94179e-07 0)
(3 -1.49114e-07 0)
(3 -9.32777e-10 0)
(3 1.97803e-11 0)
(3 6.35305e-12 0)
(3 2.77327e-13 0)
(3 1.79509e-15 0)
(3 2.59608e-16 0)
(3 5.20581e-15 0)
(3 5.04965e-16 0)
(3 -3.92515e-15 0)
(3 -7.21318e-15 0)
(3 -2.98464e-15 0)
(3.00075 -0.00154016 0)
(3.00004 -0.000107923 0)
(3 -3.49894e-06 0)
(3 -6.90597e-08 0)
(3 -6.65216e-10 0)
(3 -8.83227e-12 0)
(3 -5.9765e-14 0)
(3 3.86239e-15 0)
(3 -2.15092e-15 0)
(3 -5.16434e-17 0)
(3 5.08102e-15 0)
(3 5.0476e-16 0)
(3 -3.76856e-15 0)
(3 -7.13999e-15 0)
(3 -2.95393e-15 0)
(3.00001 -2.16816e-05 0)
(3 1.20477e-07 0)
(3 2.38556e-08 0)
(3 1.16333e-09 0)
(3 1.9705e-11 0)
(3 1.89186e-13 0)
(3 3.61125e-15 0)
(3 3.60666e-15 0)
(3 -1.88569e-15 0)
(3 -7.88731e-16 0)
(3 5.15251e-15 0)
(3 5.72568e-16 0)
(3 -3.74386e-15 0)
(3 -6.93053e-15 0)
(3 -2.69282e-15 0)
(3 1.23614e-06 0)
(3 1.42813e-08 0)
(3 -7.64891e-11 0)
(3 -1.26464e-11 0)
(3 -4.0286e-13 0)
(3 -6.12993e-15 0)
(3 1.09313e-15 0)
(3 3.40775e-15 0)
(3 -2.5892e-15 0)
(3 -8.92342e-16 0)
(3 4.84128e-15 0)
(3 5.90618e-16 0)
(3 -3.53792e-15 0)
(3 -6.34872e-15 0)
(3 -2.44574e-15 0)
(3 3.45314e-15 0)
(3 1.42388e-16 0)
(3 -2.88829e-15 0)
(3 -5.22504e-15 0)
(3 -4.20543e-15 0)
(3 -1.29489e-15 0)
(3 2.08004e-15 0)
(3 3.1678e-15 0)
(3 -2.82414e-15 0)
(3 -9.54969e-16 0)
(3 4.63231e-15 0)
(3 5.74767e-16 0)
(3 -3.52238e-15 0)
(3 -6.2365e-15 0)
(3 -2.37531e-15 0)
(3 1.72882e-15 0)
(3 -1.26477e-15 0)
(3 -3.65816e-15 0)
(3 -4.17111e-15 0)
(3 -4.20632e-15 0)
(3 -1.36527e-15 0)
(3 2.74935e-15 0)
(3 3.42682e-15 0)
(3 -3.26837e-15 0)
(3 -1.19172e-15 0)
(3 4.79412e-15 0)
(3 4.85444e-16 0)
(3 -3.5291e-15 0)
(3 -6.08264e-15 0)
(3 -2.56496e-15 0)
(3 1.4707e-15 0)
(3 -1.45316e-15 0)
(3 -3.73067e-15 0)
(3 -3.90712e-15 0)
(3 -4.33666e-15 0)
(3 -1.5363e-15 0)
(3 3.48894e-15 0)
(3 3.43012e-15 0)
(3 -3.56798e-15 0)
(3 -1.36535e-15 0)
(3 4.70923e-15 0)
(3 3.55037e-16 0)
(3 -3.46245e-15 0)
(3 -6.09909e-15 0)
(3 -2.63157e-15 0)
(3 5.46478e-16 0)
(3 -1.0677e-15 0)
(3 -3.90892e-15 0)
(3 -3.6479e-15 0)
(3 -4.3905e-15 0)
(3 -1.58263e-15 0)
(3 3.73726e-15 0)
(3 3.4411e-15 0)
(3 -3.33277e-15 0)
(3 -2.52872e-15 0)
(3 4.40866e-15 0)
(3 4.64717e-16 0)
(3 -3.33753e-15 0)
(3 -6.55069e-15 0)
(3 -2.57541e-15 0)
(3 -4.3762e-16 0)
(3 -1.06852e-15 0)
(3 -3.5683e-15 0)
(3 -3.54823e-15 0)
(3 -4.55422e-15 0)
(3 -1.25693e-15 0)
(3 3.776e-15 0)
(3 3.32508e-15 0)
(3 -3.2226e-15 0)
(3 -2.71026e-15 0)
(3 4.12588e-15 0)
(3 6.58107e-16 0)
(3 -3.19497e-15 0)
(3 -6.84146e-15 0)
(3 -2.48213e-15 0)
(3 -8.82717e-16 0)
(3 -1.36505e-15 0)
(3 -3.09689e-15 0)
(3 -3.31696e-15 0)
(3 -4.0087e-15 0)
(3 -1.40736e-15 0)
(3 3.35468e-15 0)
(3 3.60173e-15 0)
(3 -2.98212e-15 0)
(3 -3.0796e-15 0)
(3 4.0007e-15 0)
(3 5.41278e-16 0)
(3 -3.03173e-15 0)
(3 -7.38426e-15 0)
(3 -2.3478e-15 0)
(3 -1.32337e-15 0)
(3 -1.5347e-15 0)
(3 -2.683e-15 0)
(3 -3.28135e-15 0)
(3 -3.33976e-15 0)
(3 -2.11994e-15 0)
(3 2.50979e-15 0)
(3 3.59028e-15 0)
(3 -2.48096e-15 0)
(3 -3.22533e-15 0)
(3 3.24175e-15 0)
(3 6.17442e-16 0)
(3 -2.82596e-15 0)
(3 -7.73789e-15 0)
(3 -2.15351e-15 0)
(3 -1.78701e-15 0)
(3 -1.64408e-15 0)
(3 -2.82546e-15 0)
(3 -2.9916e-15 0)
(3 -2.5038e-15 0)
(3 -2.55022e-15 0)
(3 2.00119e-15 0)
(3 3.58336e-15 0)
(3 -1.91873e-15 0)
(3 -3.13676e-15 0)
(3 2.99021e-15 0)
(3 8.53263e-16 0)
(3 -2.78593e-15 0)
(3 -7.97947e-15 0)
(3 -2.0739e-15 0)
(3 -1.68249e-15 0)
(3 -2.01963e-15 0)
(3 -3.16208e-15 0)
(3 -2.77831e-15 0)
(3 -2.08512e-15 0)
(3 -2.33809e-15 0)
(3 1.47839e-15 0)
(3 3.40861e-15 0)
(3 -1.35278e-15 0)
(3 -3.16501e-15 0)
(3 2.40305e-15 0)
(3 1.1844e-15 0)
(3 -2.71667e-15 0)
(3 -8.0741e-15 0)
(3 -1.93059e-15 0)
(3 -1.15199e-15 0)
(3 -2.50928e-15 0)
(3 -3.43846e-15 0)
(3 -2.7412e-15 0)
(3 -8.29514e-16 0)
(3 -1.88557e-15 0)
(3 1.2654e-15 0)
(3 3.12875e-15 0)
(3 -9.08254e-16 0)
(3 -3.01361e-15 0)
(3 1.90405e-15 0)
(3 1.0266e-15 0)
(3 -2.62193e-15 0)
(3 -7.88638e-15 0)
(3 -1.87778e-15 0)
(3 4.44998e-17 0)
(3 -3.00147e-15 0)
(3 -4.02006e-15 0)
(3 -3.51971e-15 0)
(3 6.87921e-16 0)
(3 -1.64647e-15 0)
(3 6.44372e-16 0)
(3 2.8011e-15 0)
(3 -3.32762e-16 0)
(3 -2.0684e-15 0)
(3 5.9654e-16 0)
(3 8.6509e-16 0)
(3 -2.56049e-15 0)
(3 -7.75002e-15 0)
(3 -1.37108e-15 0)
(3 3.36108e-16 0)
(3 -4.24685e-15 0)
(3 -5.16773e-15 0)
(3 -3.53477e-15 0)
(3 2.1823e-15 0)
(3 -6.79269e-16 0)
(3 1.57255e-15 0)
(3 2.26243e-15 0)
(3 -6.46844e-16 0)
(3 -1.36745e-15 0)
(3 5.06216e-16 0)
(3 5.02063e-17 0)
(3 -3.11882e-15 0)
(3 -7.14852e-15 0)
(3 -8.61894e-16 0)
(3 3.77379e-16 0)
(3 -5.03685e-15 0)
(3 -6.85964e-15 0)
(3 -3.15282e-15 0)
(3 3.96362e-15 0)
(3 3.82786e-16 0)
(3 1.86946e-15 0)
(3 2.43016e-15 0)
(3 -6.41036e-16 0)
(3 -5.96308e-18 0)
(3 -1.10861e-15 0)
(3 -1.4196e-15 0)
(3 -4.13476e-15 0)
(3 -6.56404e-15 0)
(3 -2.43806e-16 0)
(3 -4.58774e-16 0)
(3 -5.26465e-15 0)
(3 -4.75666e-15 0)
(3 -3.23569e-15 0)
(3 3.30714e-15 0)
(3 2.00835e-15 0)
(3 2.37396e-15 0)
(3 3.47197e-15 0)
(3 -1.54287e-16 0)
(3 3.80831e-16 0)
(3 -2.62452e-15 0)
(3 -4.17907e-15 0)
(3 -3.98936e-15 0)
(3 -5.36794e-15 0)
(3 -1.75725e-16 0)
(3 -1.28435e-15 0)
(3 -5.06634e-15 0)
(3 -3.50615e-15 0)
(3 -2.89581e-15 0)
(3 1.51393e-15 0)
(3 1.68748e-15 0)
(3 3.54274e-15 0)
(3 4.00415e-15 0)
(3 8.18395e-16 0)
(3 1.2843e-15 0)
(3 -2.93703e-15 0)
(3 -4.37399e-15 0)
(3 -3.95748e-15 0)
(3 -4.65632e-15 0)
(3 -3.05702e-16 0)
(3 7.1608e-16 0)
(3 -2.07643e-15 0)
(3 -1.7375e-15 0)
(3 -4.75786e-15 0)
(3 -3.11718e-15 0)
(3 2.13104e-15 0)
(3 5.60315e-15 0)
(3 4.2047e-15 0)
(3 1.09407e-15 0)
(3 1.9944e-15 0)
(3 -4.20098e-15 0)
(3 -5.1499e-15 0)
(3 -3.49335e-15 0)
(3 -3.5876e-15 0)
(3 -2.30549e-15 0)
(3 4.1991e-16 0)
(3 -1.60359e-15 0)
(3 -8.2371e-16 0)
(3 -4.62452e-16 0)
(3 -5.2579e-15 0)
(3 1.09627e-15 0)
(3 9.49933e-15 0)
(3 4.35623e-15 0)
(3 1.52963e-15 0)
(3 2.57707e-15 0)
(3 -4.84166e-15 0)
(3 -6.73689e-15 0)
(3 -3.47662e-15 0)
(3 -3.04735e-15 0)
(3 -2.63721e-15 0)
(3 -3.81028e-15 0)
(3 -1.06291e-15 0)
(3 3.30118e-15 0)
(3 1.74826e-15 0)
(3 -3.6639e-15 0)
(3 1.05176e-15 0)
(3 5.18275e-15 0)
(3 2.0529e-15 0)
(3 3.59135e-15 0)
(3 2.45827e-15 0)
(3 -5.32569e-15 0)
(3 -6.95693e-15 0)
(3 -1.9636e-15 0)
(3 -2.52256e-15 0)
(3 -2.96828e-15 0)
(3 -6.63452e-16 0)
(3 1.05771e-16 0)
(3 1.45595e-15 0)
(3 2.02791e-15 0)
(3 -1.26739e-15 0)
(3 5.13636e-15 0)
(3 3.93167e-15 0)
(3 -9.22355e-16 0)
(3 1.40307e-15 0)
(3 2.3523e-15 0)
(3 -3.60847e-15 0)
(3 -3.22522e-15 0)
(3 2.82951e-16 0)
(3 -2.47643e-15 0)
(3 -2.73427e-15 0)
(3 -1.24033e-15 0)
(3 -3.14907e-15 0)
(3 -1.30591e-15 0)
(3 4.46536e-15 0)
(3 1.94554e-15 0)
(3 6.58914e-15 0)
(3 1.40136e-15 0)
(3 -1.59702e-15 0)
(3 -1.81117e-15 0)
(3 9.97698e-16 0)
(3 7.42779e-16 0)
(3 -1.94441e-15 0)
(3 1.33443e-15 0)
(3 -2.06504e-15 0)
(3 -2.07163e-15 0)
(3 3.62327e-15 0)
(3 2.81986e-15 0)
(3 2.4861e-15 0)
(3 2.7909e-15 0)
(3 4.17332e-15 0)
(3 1.55749e-15 0)
(3 -1.05395e-15 0)
(3 -3.39635e-15 0)
(3 -6.77475e-15 0)
(3 -5.61478e-15 0)
(3 4.4172e-15 0)
(3 3.85893e-15 0)
(3 4.09443e-15 0)
(3 1.80791e-15 0)
(3 -3.73921e-16 0)
(3 -1.96414e-15 0)
(3 -2.32359e-15 0)
(3 -3.28411e-15 0)
(3 -7.48958e-15 0)
(3 -5.30133e-15 0)
(3 6.24962e-15 0)
(3 6.45074e-15 0)
(3 6.06795e-15 0)
(3 5.51066e-15 0)
(3 5.20648e-16 0)
(3 -2.36183e-16 0)
(3 1.62282e-15 0)
(3 -4.55538e-15 0)
(3 -7.15541e-15 0)
(3 -2.2869e-15 0)
(3 4.88481e-15 0)
(3 3.54993e-15 0)
(3 4.36501e-15 0)
(3 3.13756e-15 0)
(3 6.30188e-16 0)
(3 -5.25289e-16 0)
(3 1.55956e-15 0)
(3 -2.69882e-15 0)
(3 -3.76708e-15 0)
(3 -5.18107e-15 0)
(3 2.4482e-15 0)
(3 2.00506e-15 0)
(3 2.64633e-15 0)
(3 4.84686e-15 0)
(3 4.64042e-15 0)
(3 4.90603e-16 0)
(3 4.40024e-17 0)
(3 -1.17173e-15 0)
(3 -1.39614e-15 0)
(3 -5.22571e-15 0)
(3 3.87423e-17 0)
(3 9.88166e-16 0)
(3 1.54205e-15 0)
(3 3.94644e-15 0)
(3 6.12239e-15 0)
(3 5.3874e-15 0)
(3 -4.24831e-16 0)
(3 -2.60942e-15 0)
(3 -1.92107e-15 0)
(3 -8.02982e-16 0)
(3 1.62441e-16 0)
(3 1.78365e-16 0)
(3 1.48859e-15 0)
(3 1.34967e-15 0)
(3 3.30928e-15 0)
(3 3.11025e-15 0)
(3 5.67486e-16 0)
(3 -3.39281e-15 0)
(3 -2.31683e-15 0)
(3 1.13697e-15 0)
(3 2.6506e-15 0)
(3 2.71325e-15 0)
(3 2.56623e-15 0)
(3 1.68395e-15 0)
(3 -4.75141e-16 0)
(3 -9.7898e-16 0)
(3 -1.34191e-15 0)
(3 -2.09606e-15 0)
(3 -2.60567e-16 0)
(3 -6.84493e-16 0)
(3 4.58189e-16 0)
(3 1.17914e-15 0)
(3 1.95095e-17 0)
(3 -2.44826e-16 0)
(3 -1.39734e-15 0)
(3 -3.47291e-15 0)
(3 -3.35801e-15 0)
(3 6.89713e-16 0)
(3 9.51764e-16 0)
(3 -1.99006e-15 0)
(3 -2.75977e-15 0)
(3 -2.4167e-15 0)
(3 -1.47648e-15 0)
(3 -8.24958e-16 0)
(3 -1.49148e-15 0)
(3 -2.12132e-15 0)
(3 -5.7074e-15 0)
(3 -1.02268e-16 0)
(3 -1.47411e-15 0)
(3 4.39252e-16 0)
(3 -1.49246e-15 0)
(3 -1.41902e-15 0)
(3 -1.93069e-15 0)
(3 -4.07562e-15 0)
(3 -4.61397e-15 0)
(3 -5.21473e-15 0)
(3 -2.63235e-15 0)
(3 5.17413e-16 0)
(3 -1.9213e-15 0)
(3 2.56421e-15 0)
(3 -2.08127e-15 0)
(3 -3.55648e-15 0)
(3 -4.62112e-15 0)
(3 -4.16901e-15 0)
(3 -3.50442e-15 0)
(3 -2.67422e-15 0)
(3 -2.0848e-15 0)
(3 1.7532e-15 0)
(3 4.87181e-16 0)
(3 1.30653e-15 0)
(3 -4.32744e-15 0)
(3 -5.92745e-15 0)
(3 -6.8582e-15 0)
(3 -5.57939e-15 0)
(3 -3.22846e-15 0)
(3 6.72664e-16 0)
(3 1.90086e-15 0)
(3 7.77467e-16 0)
(3 4.98892e-15 0)
(3 3.4233e-15 0)
(3 -4.87809e-15 0)
(3 -4.08162e-15 0)
(3 -3.26992e-15 0)
(3 -4.35416e-15 0)
(3 -3.53312e-15 0)
(3 1.18588e-15 0)
(3 5.53319e-15 0)
(3 2.60942e-15 0)
(3 3.67557e-15 0)
(3 1.83086e-15 0)
(3 -5.25122e-15 0)
(3 -4.65984e-15 0)
(3 -8.4824e-16 0)
(3 -1.85478e-15 0)
(3 -1.72327e-15 0)
(3 -1.83076e-15 0)
(3 4.73564e-15 0)
(3 2.36955e-15 0)
(3 1.03217e-15 0)
(3 -1.06201e-15 0)
(3 -2.88339e-15 0)
(3 -2.69968e-15 0)
(3 -1.53098e-15 0)
(3 -1.18237e-15 0)
(3 2.54999e-16 0)
(3 2.05721e-15 0)
(3 3.34755e-15 0)
(3 3.30803e-15 0)
(3 4.99281e-15 0)
(3 3.58352e-16 0)
(3 -1.99388e-15 0)
(3 -1.85468e-15 0)
(3 -1.80214e-15 0)
(3 3.52524e-18 0)
(3 2.1072e-15 0)
(3 4.14262e-15 0)
(3 3.55248e-16 0)
(3 3.01632e-15 0)
(3 3.76107e-15 0)
(3 2.07243e-15 0)
(3 -2.66323e-15 0)
(3 -1.67843e-15 0)
(3 -1.29986e-15 0)
(3 1.00935e-16 0)
(3 2.4043e-15 0)
(3 4.74679e-15 0)
(3 2.47615e-15 0)
(3 4.57277e-15 0)
(3 3.68133e-15 0)
(3 1.74772e-15 0)
(3 -1.22807e-15 0)
(3 5.16973e-16 0)
(3 1.331e-15 0)
(3 2.95257e-15 0)
(3 5.16221e-15 0)
(3 3.85885e-15 0)
(3 3.86129e-15 0)
(3 5.7219e-15 0)
(3 6.26996e-15 0)
(3 4.70717e-15 0)
(3 1.34035e-15 0)
(3 8.7648e-16 0)
(3 1.02104e-15 0)
(3 2.61782e-15 0)
(3 5.26427e-15 0)
(3 3.49064e-15 0)
(3 6.59409e-15 0)
(3 6.71491e-15 0)
(3 3.11672e-15 0)
(3 5.82542e-15 0)
(3 5.19149e-15 0)
(3 4.66743e-15 0)
(3 3.34772e-15 0)
(3 3.44319e-15 0)
(3 1.55509e-15 0)
(3 1.57973e-15 0)
(3 4.16891e-15 0)
(3 3.52838e-15 0)
(3 2.62267e-16 0)
(3 8.50061e-16 0)
(3 4.6797e-15 0)
(3 4.74612e-15 0)
(3 5.12191e-15 0)
(3 4.20251e-15 0)
(3 2.69351e-15 0)
(3 -4.01473e-16 0)
(3 -3.0531e-15 0)
(3 -3.91744e-15 0)
(3 -3.20207e-15 0)
(3 1.89151e-15 0)
(3 2.62014e-15 0)
(3 2.52697e-15 0)
(3 4.27423e-15 0)
(3 4.05032e-15 0)
(3 1.94279e-15 0)
(3 -2.03032e-15 0)
(3 -4.93101e-15 0)
(3 -4.16199e-15 0)
(3 5.51985e-17 0)
(3 3.02138e-16 0)
(3 -1.74126e-15 0)
(3 -8.59983e-16 0)
(3 -8.69318e-16 0)
(3 5.05101e-16 0)
(3 -3.7909e-16 0)
(3 4.98431e-16 0)
(3 2.28214e-17 0)
(3 -1.60883e-15 0)
(3 1.56781e-15 0)
(3 -1.69749e-15 0)
(3 3.0354e-15 0)
(3 2.19546e-15 0)
(3 1.34481e-15 0)
(3 9.39967e-16 0)
(3 1.66335e-15 0)
(3 3.28122e-15 0)
(3 3.9225e-15 0)
(3 3.59916e-15 0)
(3 -1.69695e-16 0)
(3 -1.23899e-17 0)
(3 1.86019e-15 0)
(3 6.50392e-16 0)
(3 2.87112e-16 0)
(3 -3.33582e-16 0)
(3 -5.78571e-16 0)
(3 -3.80296e-16 0)
(3 1.1934e-15 0)
(3 2.67316e-15 0)
(3 2.38536e-15 0)
(3 1.54423e-15 0)
(3 1.41117e-15 0)
(3 8.19989e-16 0)
(3 1.98438e-16 0)
(3 -1.00076e-15 0)
(3 -1.93541e-15 0)
(3 -2.18083e-15 0)
(3 -9.66025e-16 0)
(3 1.66911e-15 0)
(3 1.02642e-15 0)
(3 -1.51073e-16 0)
(3 1.98145e-15 0)
(3 1.90117e-15 0)
(3 1.71131e-15 0)
(3 2.51544e-15 0)
(3 3.94842e-15 0)
(3 4.12242e-15 0)
(3 3.06987e-15 0)
(3 4.92558e-16 0)
(3 -2.71215e-15 0)
(3 -4.18722e-15 0)
(3 5.77705e-16 0)
(3 8.97984e-16 0)
(3 1.49054e-15 0)
(3 2.88267e-15 0)
(3 4.21159e-15 0)
(3 3.03993e-15 0)
(3 3.76999e-15 0)
(3 1.43217e-15 0)
(3 1.75259e-15 0)
(3 1.04637e-15 0)
(3 3.55765e-16 0)
(3 6.79677e-16 0)
(3 1.72533e-15 0)
(3 1.96659e-15 0)
(3 1.95107e-15 0)
(3 1.02218e-15 0)
(3 2.48187e-15 0)
(3 2.80185e-15 0)
(3 4.55449e-15 0)
(3 1.87102e-15 0)
(3 -4.77715e-16 0)
(3 -6.08303e-16 0)
(3 -7.23122e-16 0)
(3 -2.31934e-16 0)
(3 4.85988e-16 0)
(3 -1.40808e-16 0)
(3 -3.6099e-15 0)
(3 -2.61657e-15 0)
(3 -2.64768e-17 0)
(3 -2.57707e-16 0)
(3 7.66179e-16 0)
(3 5.95926e-16 0)
(3 -7.26973e-16 0)
(3 -1.29332e-15 0)
(3 -2.89611e-15 0)
(3 -2.30828e-15 0)
(3 -1.65662e-15 0)
(3 -2.99963e-15 0)
(3 -2.16651e-15 0)
(3 -1.58437e-15 0)
(3 1.14863e-15 0)
(3 1.49921e-15 0)
(3 1.99346e-15 0)
(3 1.35727e-15 0)
(3 3.5861e-16 0)
(3 -6.62388e-16 0)
(3 3.16415e-16 0)
(3 -1.24698e-15 0)
(3 -2.72235e-15 0)
(3 -2.26447e-15 0)
(3 3.03713e-15 0)
(3 3.04726e-15 0)
(3 3.18558e-15 0)
(3 3.41653e-15 0)
(3 3.25718e-15 0)
(3 3.0306e-15 0)
(3 6.73683e-16 0)
(3 1.37832e-17 0)
(3 3.04114e-18 0)
(3 1.56035e-15 0)
(3 8.64895e-17 0)
(3 -1.69839e-16 0)
(3 -5.18785e-16 0)
(3 -9.50746e-16 0)
(3 -1.63243e-16 0)
(3 3.63301e-15 0)
(3 1.67446e-15 0)
(3 8.57624e-16 0)
(3 3.31242e-16 0)
(3 3.63736e-15 0)
(3 4.94318e-15 0)
(3 3.47213e-15 0)
(3 6.14033e-16 0)
(3 -1.24637e-15 0)
(3 3.39637e-15 0)
(3 1.97827e-15 0)
(3 1.97292e-15 0)
(3 1.91482e-15 0)
(3 2.43598e-16 0)
(3 1.30761e-16 0)
(3 -4.38404e-16 0)
(3 1.1087e-15 0)
(3 6.55599e-16 0)
(3 3.58704e-15 0)
(3 2.39227e-16 0)
(3 4.66483e-15 0)
(3 3.07835e-15 0)
(3 4.46128e-17 0)
(3 -1.54229e-17 0)
(3 3.39905e-15 0)
(3 2.05117e-15 0)
(3 2.19938e-15 0)
(3 1.83474e-15 0)
(3 1.12476e-16 0)
(3 -5.35994e-17 0)
(3 -5.31988e-16 0)
(3 1.39173e-15 0)
(3 2.12866e-16 0)
(3 4.07924e-15 0)
(3 5.88793e-16 0)
(3 3.46914e-15 0)
(3 2.15103e-15 0)
(3 -4.37331e-16 0)
(3 6.76231e-16 0)
(3 3.63476e-15 0)
(3 2.29448e-15 0)
(3 2.25754e-15 0)
(3 1.78997e-15 0)
(3 -1.26272e-16 0)
(3 -3.28593e-16 0)
(3 -5.66258e-16 0)
(3 1.58557e-15 0)
(3 -8.43668e-17 0)
(3 4.44847e-15 0)
(3 6.14452e-16 0)
(3 2.9994e-15 0)
(3 1.40453e-15 0)
(3 -3.1411e-16 0)
(3 1.69962e-15 0)
(3 4.11305e-15 0)
(3 2.34131e-15 0)
(3 1.66886e-15 0)
(3 1.81732e-15 0)
(3 -7.90846e-17 0)
(3 -3.95656e-16 0)
(3 -6.05198e-16 0)
(3 1.28177e-15 0)
(3 -3.05595e-16 0)
(3 4.97017e-15 0)
(3 9.00798e-16 0)
(3 1.50716e-15 0)
(3 -3.6576e-16 0)
(3 5.34661e-16 0)
(3 2.47233e-15 0)
(3 4.42476e-15 0)
(3 2.28756e-15 0)
(3 1.671e-15 0)
(3 1.84741e-15 0)
(3 -2.29987e-16 0)
(3 -3.45758e-16 0)
(3 -5.91416e-16 0)
(3 6.97252e-16 0)
(3 -3.38046e-16 0)
(3 5.58402e-15 0)
(3 1.07027e-15 0)
(3 7.61599e-16 0)
(3 -1.42157e-15 0)
(3 9.27453e-16 0)
(3 2.78831e-15 0)
(3 4.55342e-15 0)
(3 2.75656e-15 0)
(3 1.16516e-15 0)
(3 1.29546e-15 0)
(3 1.72238e-16 0)
(3 -4.30764e-16 0)
(3 -5.53913e-16 0)
(3 -2.89164e-16 0)
(3 -4.27628e-16 0)
(3 6.26124e-15 0)
(3 1.16624e-15 0)
(3 4.77093e-16 0)
(3 -1.83307e-15 0)
(3 2.07624e-15 0)
(3 2.72499e-15 0)
(3 4.47874e-15 0)
(3 3.24268e-15 0)
(3 1.25426e-15 0)
(3 1.60003e-15 0)
(3 -1.15908e-15 0)
(3 -6.06808e-16 0)
(3 -3.05378e-16 0)
(3 -7.11979e-16 0)
(3 -3.85393e-16 0)
(3 6.51325e-15 0)
(3 1.25024e-15 0)
(3 3.02567e-16 0)
(3 -1.60459e-15 0)
(3 2.17495e-15 0)
(3 2.12629e-15 0)
(3 4.07125e-15 0)
(3 3.19351e-15 0)
(3 1.31662e-15 0)
(3 2.10673e-15 0)
(3 -1.85361e-15 0)
(3 -7.05886e-16 0)
(3 -6.49462e-16 0)
(3 -9.95999e-16 0)
(3 -2.70356e-16 0)
(3 6.61704e-15 0)
(3 1.27075e-15 0)
(3 -8.01172e-17 0)
(3 -1.44827e-15 0)
(3 2.87833e-15 0)
(3 2.31475e-15 0)
(3 3.94289e-15 0)
(3 3.10673e-15 0)
(3 1.23162e-15 0)
(3 2.24521e-15 0)
(3 -1.9549e-15 0)
(3 -8.13576e-16 0)
(3 -1.19852e-15 0)
(3 -1.18923e-15 0)
(3 3.13464e-17 0)
(3 6.7843e-15 0)
(3 1.41707e-15 0)
(3 4.91408e-16 0)
(3 1.44006e-15 0)
(3 1.10079e-15 0)
(3 1.791e-15 0)
(3 5.22342e-15 0)
(3 3.519e-15 0)
(3 1.2554e-15 0)
(3 2.19051e-15 0)
(3 -2.01316e-15 0)
(3 -1.08592e-15 0)
(3 -3.08383e-15 0)
(3 -1.30201e-15 0)
(3 6.59961e-16 0)
(3 7.065e-15 0)
(3 1.50878e-15 0)
(3 -1.23602e-06 0)
(3 -1.42591e-08 0)
(3 7.6442e-11 0)
(3 1.26391e-11 0)
(3 4.04296e-13 0)
(3 8.51216e-15 0)
(3 1.71663e-15 0)
(3 1.82818e-15 0)
(3 -1.94836e-15 0)
(3 -1.36509e-15 0)
(3 -3.59366e-15 0)
(3 -1.26119e-15 0)
(3 1.14815e-15 0)
(3 6.72651e-15 0)
(3 1.49998e-15 0)
(3.00001 2.17221e-05 0)
(3 -1.20567e-07 0)
(3 -2.38598e-08 0)
(3 -1.16272e-09 0)
(3 -1.96909e-11 0)
(3 -1.85923e-13 0)
(3 7.15231e-17 0)
(3 1.10642e-15 0)
(3 -2.08129e-15 0)
(3 -1.69189e-15 0)
(3 -3.75643e-15 0)
(3 -1.26327e-15 0)
(3 1.41314e-15 0)
(3 6.46383e-15 0)
(3 1.4703e-15 0)
(3.00075 0.00153857 0)
(3.00004 0.000107896 0)
(3 3.49968e-06 0)
(3 7.74294e-08 0)
(3 7.16657e-10 0)
(3 8.7733e-12 0)
(3 6.11371e-14 0)
(3 9.88356e-16 0)
(3 -1.64365e-15 0)
(3 -1.83208e-15 0)
(3 -3.84932e-15 0)
(3 -1.28854e-15 0)
(3 1.44036e-15 0)
(3 5.90369e-15 0)
(3 1.39329e-15 0)
(2.99379 -0.0493979 0)
(2.99998 -0.00110019 0)
(3 -8.83753e-08 0)
(3 1.13606e-07 0)
(3 6.40699e-10 0)
(3 -2.23515e-11 0)
(3 -7.02968e-12 0)
(3 -2.63207e-13 0)
(3 -4.55858e-15 0)
(3 -1.85852e-15 0)
(3 -3.84373e-15 0)
(3 -1.54255e-15 0)
(3 1.3599e-15 0)
(3 5.86838e-15 0)
(3 1.39107e-15 0)
(2.57184 -0.572632 0)
(2.99142 -0.0371157 0)
(3.00025 -0.000333627 0)
(3 1.51087e-06 0)
(3 3.14833e-07 0)
(3 2.99445e-08 0)
(3 3.82213e-10 0)
(3 3.67045e-12 0)
(3 1.97707e-14 0)
(3 -1.53732e-15 0)
(3 -3.71283e-15 0)
(3 -1.37178e-15 0)
(3 1.04732e-15 0)
(3 4.74839e-15 0)
(3 1.30038e-15 0)
(2.17589 -0.898408 0)
(2.66304 -0.458491 0)
(2.98485 -0.0344075 0)
(2.99999 -0.000398683 0)
(3 -3.08738e-06 0)
(3 6.58919e-10 0)
(3 2.82198e-09 0)
(3 3.39852e-11 0)
(3 -2.44552e-14 0)
(3 -3.17059e-15 0)
(3 -3.52236e-15 0)
(3 -1.65986e-15 0)
(3 2.90514e-16 0)
(3 2.88711e-15 0)
(3 1.0008e-15 0)
(2.17294 -0.884013 0)
(2.41385 -0.7448 0)
(2.84403 -0.27664 0)
(2.99538 -0.0158085 0)
(3 -8.89538e-05 0)
(3 1.00619e-06 0)
(3 8.79752e-09 0)
(3 1.48399e-09 0)
(3 7.31736e-11 0)
(3 1.12917e-12 0)
(3 5.18561e-15 0)
(3 -1.6686e-15 0)
(3 3.17016e-16 0)
(3 1.29787e-15 0)
(3 -1.88722e-16 0)
(2.20634 -0.808695 0)
(2.25287 -0.802813 0)
(2.59135 -0.549972 0)
(2.94494 -0.117799 0)
(2.99895 -0.00496253 0)
(2.99999 -7.10233e-05 0)
(3 -8.92076e-07 0)
(3 -1.19924e-08 0)
(3 -6.69736e-11 0)
(3 -5.29155e-13 0)
(3 -1.5609e-14 0)
(3 -2.54913e-15 0)
(3 -3.25281e-16 0)
(3 6.30105e-16 0)
(3 -8.56326e-16 0)
(2.28536 -0.647226 0)
(2.25741 -0.787709 0)
(2.39397 -0.746934 0)
(2.77757 -0.37627 0)
(2.98982 -0.0357245 0)
(3.00004 -0.000468679 0)
(3 1.16858e-06 0)
(3 8.38233e-08 0)
(3 1.52694e-08 0)
(3 6.30329e-10 0)
(3 8.2751e-12 0)
(3 5.90481e-14 0)
(3 1.61288e-18 0)
(3 -5.13462e-16 0)
(3 -9.57031e-16 0)
(2.42285 -0.379721 0)
(2.26882 -0.706785 0)
(2.34117 -0.735547 0)
(2.54785 -0.602428 0)
(2.8588 -0.240663 0)
(2.98701 -0.0323145 0)
(2.99955 -0.0015882 0)
(2.99999 -3.91698e-05 0)
(3 -5.93808e-07 0)
(3 -6.05401e-09 0)
(3 -4.38563e-11 0)
(3 -2.36265e-13 0)
(3 -1.87581e-15 0)
(3 -6.42478e-16 0)
(3 -7.59023e-16 0)
(2.48574 -0.263203 0)
(2.34875 -0.556183 0)
(2.34697 -0.707927 0)
(2.43334 -0.686665 0)
(2.71928 -0.444418 0)
(2.96787 -0.0710328 0)
(2.99892 -0.00352129 0)
(2.99998 -7.33227e-05 0)
(3 -1.11032e-06 0)
(3 -1.27239e-08 0)
(3 -1.09522e-10 0)
(3 -7.19773e-13 0)
(3 -5.97112e-15 0)
(3 -2.11165e-15 0)
(3 -1.02361e-15 0)
(2.57495 0.0152907 0)
(2.40502 -0.428945 0)
(2.38422 -0.607161 0)
(2.4322 -0.67985 0)
(2.60371 -0.601964 0)
(2.85498 -0.308968 0)
(2.98638 -0.0350351 0)
(2.99965 -0.000881237 0)
(3 -9.49861e-06 0)
(3 -8.11865e-08 0)
(3 -6.37385e-10 0)
(3 -4.48507e-12 0)
(3 -2.78713e-14 0)
(3 1.17197e-15 0)
(3 -4.49512e-16 0)
(2.60801 0.225934 0)
(2.54286 -0.062739 0)
(2.44823 -0.444585 0)
(2.43445 -0.640925 0)
(2.52631 -0.623687 0)
(2.73915 -0.474325 0)
(2.94769 -0.138587 0)
(2.99728 -0.00779317 0)
(2.99995 -0.000115495 0)
(3 -9.55936e-07 0)
(3 -6.56789e-09 0)
(3 -4.12192e-11 0)
(3 -2.40995e-13 0)
(3 2.26041e-15 0)
(3 3.49776e-16 0)
(2.66595 0.201427 0)
(2.58341 0.0398106 0)
(2.51663 -0.258034 0)
(2.47925 -0.520274 0)
(2.52199 -0.612672 0)
(2.60925 -0.581066 0)
(2.82182 -0.369413 0)
(2.97481 -0.0645655 0)
(2.99918 -0.00205053 0)
(2.99999 -2.09185e-05 0)
(3 -1.43283e-07 0)
(3 -8.42146e-10 0)
(3 -4.46444e-12 0)
(3 -1.61101e-14 0)
(3 2.17431e-15 0)
(2.64507 0.19991 0)
(2.61204 0.175461 0)
(2.58476 -0.0956113 0)
(2.51168 -0.423801 0)
(2.52364 -0.569602 0)
(2.60561 -0.582213 0)
(2.74721 -0.484914 0)
(2.9324 -0.176686 0)
(2.99507 -0.0136683 0)
(2.9999 -0.000249349 0)
(3 -2.08996e-06 0)
(3 -1.37245e-08 0)
(3 -7.95347e-11 0)
(3 -3.91612e-13 0)
(3 -1.68733e-16 0)
(2.58818 0.288351 0)
(2.61752 0.318116 0)
(2.62606 0.0919126 0)
(2.60905 -0.162781 0)
(2.55612 -0.476764 0)
(2.60556 -0.565853 0)
(2.66573 -0.552976 0)
(2.82442 -0.387127 0)
(2.96754 -0.0819112 0)
(2.99868 -0.00313383 0)
(2.99998 -3.6292e-05 0)
(3 -2.55759e-07 0)
(3 -1.5108e-09 0)
(3 -8.29851e-12 0)
(3 -3.2188e-14 0)
(2.62051 0.358158 0)
(2.64305 0.317604 0)
(2.64284 0.0749609 0)
(2.63693 -0.0434725 0)
(2.6135 -0.308943 0)
(2.62112 -0.508399 0)
(2.66609 -0.550486 0)
(2.77428 -0.466524 0)
(2.92525 -0.192909 0)
(2.99294 -0.0183345 0)
(2.99984 -0.000380339 0)
(3 -3.40009e-06 0)
(3 -2.26943e-08 0)
(3 -1.27157e-10 0)
(3 -6.01294e-13 0)
(2.67031 0.434683 0)
(2.68227 0.342287 0)
(2.61386 0.0646313 0)
(2.64685 0.0220128 0)
(2.66074 -0.175535 0)
(2.65003 -0.42298 0)
(2.67043 -0.5325 0)
(2.71456 -0.519541 0)
(2.84071 -0.3666 0)
(2.96717 -0.0820075 0)
(2.9985 -0.00350443 0)
(2.99998 -4.37576e-05 0)
(3 -3.27074e-07 0)
(3 -2.08391e-09 0)
(3 -9.70854e-12 0)
(2.69261 0.519297 0)
(2.71166 0.403561 0)
(2.66486 0.175879 0)
(2.69418 0.184659 0)
(2.69976 -0.0553488 0)
(2.70553 -0.266845 0)
(2.68485 -0.486649 0)
(2.71404 -0.519122 0)
(2.79243 -0.453836 0)
(2.92052 -0.198731 0)
(2.99149 -0.0207206 0)
(2.99979 -0.000471976 0)
(3 -4.37247e-06 0)
(3 -2.91376e-08 0)
(3 -1.53959e-10 0)
(2.71258 0.55002 0)
(2.72468 0.422826 0)
(2.65903 0.233182 0)
(2.70476 0.2506 0)
(2.71615 0.0036248 0)
(2.74166 -0.143174 0)
(2.72493 -0.3789 0)
(2.71997 -0.502692 0)
(2.75303 -0.491845 0)
(2.85658 -0.339514 0)
(2.96892 -0.0763685 0)
(2.9985 -0.00347131 0)
(2.99998 -4.6284e-05 0)
(3 -3.52168e-07 0)
(3 -1.87952e-09 0)
(2.74154 0.567623 0)
(2.72848 0.446228 0)
(2.70711 0.325826 0)
(2.72975 0.294547 0)
(2.72642 0.0435221 0)
(2.75503 -0.0879909 0)
(2.76248 -0.265865 0)
(2.73573 -0.459488 0)
(2.75337 -0.489856 0)
(2.81305 -0.426566 0)
(2.92317 -0.189517 0)
(2.9916 -0.0197207 0)
(2.99979 -0.000449965 0)
(3 -4.48545e-06 0)
(3 -2.68317e-08 0)
(2.73942 0.589125 0)
(2.73173 0.519511 0)
(2.73159 0.406742 0)
(2.76002 0.346305 0)
(2.75814 0.131473 0)
(2.80497 0.0631235 0)
(2.79044 -0.178386 0)
(2.77105 -0.369186 0)
(2.75902 -0.475457 0)
(2.78365 -0.464825 0)
(2.87005 -0.31303 0)
(2.97059 -0.0710303 0)
(2.99855 -0.00338392 0)
(2.99998 -4.15324e-05 0)
(3 -2.77781e-07 0)
(2.72165 0.632324 0)
(2.73474 0.531985 0)
(2.76164 0.426504 0)
(2.79564 0.339075 0)
(2.77791 0.150926 0)
(2.81645 0.157778 0)
(2.81532 -0.0767085 0)
(2.80977 -0.25608 0)
(2.77523 -0.435655 0)
(2.78443 -0.462658 0)
(2.83382 -0.390452 0)
(2.93475 -0.159727 0)
(2.99338 -0.0152313 0)
(2.99982 -0.000397866 0)
(3 -3.18743e-06 0)
(2.74223 0.620955 0)
(2.7493 0.573015 0)
(2.79042 0.447829 0)
(2.81769 0.342459 0)
(2.78676 0.203044 0)
(2.82559 0.205533 0)
(2.83149 -0.0230898 0)
(2.83671 -0.167618 0)
(2.80742 -0.352756 0)
(2.78898 -0.451329 0)
(2.80738 -0.438081 0)
(2.87738 -0.298003 0)
(2.97201 -0.0667089 0)
(2.99882 -0.00257627 0)
(2.99998 -2.98954e-05 0)
(2.73269 0.601132 0)
(2.78578 0.573461 0)
(2.81112 0.471208 0)
(2.82152 0.374309 0)
(2.82676 0.279611 0)
(2.85034 0.273479 0)
(2.8499 0.0365103 0)
(2.86662 -0.0713868 0)
(2.83716 -0.26773 0)
(2.80406 -0.416058 0)
(2.808 -0.437271 0)
(2.85201 -0.354426 0)
(2.94603 -0.132215 0)
(2.99429 -0.0140472 0)
(2.99984 -0.000252542 0)
(2.71862 0.429754 0)
(2.78929 0.561331 0)
(2.82242 0.507276 0)
(2.82404 0.427796 0)
(2.84324 0.334702 0)
(2.88 0.302136 0)
(2.86462 0.0741503 0)
(2.89311 0.0425294 0)
(2.86571 -0.177055 0)
(2.82918 -0.355774 0)
(2.81193 -0.429291 0)
(2.82783 -0.407836 0)
(2.89567 -0.254565 0)
(2.98044 -0.0455379 0)
(2.99901 -0.0015194 0)
(2.69698 0.209113 0)
(2.77441 0.498653 0)
(2.82404 0.515848 0)
(2.83302 0.471044 0)
(2.86285 0.362147 0)
(2.90938 0.297503 0)
(2.87986 0.0971854 0)
(2.9021 0.106338 0)
(2.88861 -0.0961614 0)
(2.86369 -0.261292 0)
(2.82527 -0.401138 0)
(2.82797 -0.409958 0)
(2.85862 -0.347804 0)
(2.94824 -0.125183 0)
(2.99426 -0.00921827 0)
(2.67505 0.133001 0)
(2.76096 0.331521 0)
(2.82283 0.517082 0)
(2.84098 0.511296 0)
(2.88802 0.394688 0)
(2.9254 0.313911 0)
(2.88525 0.158712 0)
(2.91512 0.173358 0)
(2.90875 -0.0273156 0)
(2.89309 -0.175324 0)
(2.84666 -0.351165 0)
(2.83063 -0.405346 0)
(2.84826 -0.367836 0)
(2.91657 -0.209643 0)
(2.98121 -0.0273499 0)
(2.6642 0.0383473 0)
(2.75798 0.181848 0)
(2.83185 0.453291 0)
(2.88225 0.49692 0)
(2.91652 0.416043 0)
(2.92022 0.328136 0)
(2.9175 0.242948 0)
(2.93631 0.232671 0)
(2.91649 -0.0045362 0)
(2.91765 -0.0912506 0)
(2.87744 -0.268886 0)
(2.83919 -0.388605 0)
(2.84445 -0.381435 0)
(2.88357 -0.307018 0)
(2.94871 -0.0798429 0)
(2.62108 0.00773158 0)
(2.7192 0.0496067 0)
(2.80805 0.208004 0)
(2.88802 0.420096 0)
(2.92052 0.419614 0)
(2.93265 0.391626 0)
(2.93844 0.296898 0)
(2.96587 0.266806 0)
(2.93134 0.056962 0)
(2.94418 0.0304048 0)
(2.91187 -0.161825 0)
(2.87026 -0.314731 0)
(2.84975 -0.373777 0)
(2.87346 -0.34497 0)
(2.87986 -0.154233 0)
(2.64643 0.0856399 0)
(2.66955 0.290826 0)
(2.68389 0.352097 0)
(2.75628 0.360739 0)
(2.79852 0.443566 0)
(2.77658 0.513078 0)
(2.70543 0.511756 0)
(2.67308 0.558055 0)
(2.67744 0.640772 0)
(2.70713 0.650903 0)
(2.74006 0.655508 0)
(2.73739 0.679639 0)
(2.71854 0.675921 0)
(2.6972 0.648949 0)
(2.66338 0.386249 0)
(2.65457 0.143705 0)
(2.6258 -0.0301194 0)
(2.5733 0.00222769 0)
(2.5637 0.0247872 0)
(2.57686 0.0134484 0)
(2.6813 0.264453 0)
(2.69238 0.448745 0)
(2.72402 0.480948 0)
(2.79837 0.481652 0)
(2.83485 0.534351 0)
(2.80494 0.58503 0)
(2.74542 0.598345 0)
(2.69724 0.662928 0)
(2.68534 0.708509 0)
(2.70829 0.706692 0)
(2.73169 0.70924 0)
(2.71784 0.697946 0)
(2.70086 0.643494 0)
(2.64824 0.380702 0)
(2.60957 0.143847 0)
(2.60599 0.0555106 0)
(2.60025 0.00713727 0)
(2.59204 -0.00193263 0)
(2.56701 0.0238785 0)
(2.57164 0.0142095 0)
(2.70889 0.511302 0)
(2.71149 0.620796 0)
(2.74627 0.627723 0)
(2.80775 0.61998 0)
(2.82664 0.640714 0)
(2.80662 0.677459 0)
(2.76094 0.718393 0)
(2.72123 0.768719 0)
(2.711 0.77806 0)
(2.71041 0.771929 0)
(2.70564 0.729177 0)
(2.68743 0.637308 0)
(2.63091 0.335514 0)
(2.6036 0.117451 0)
(2.59207 0.0369228 0)
(2.58288 0.0312007 0)
(2.58478 0.0136489 0)
(2.58902 -0.00632824 0)
(2.58224 0.00549016 0)
(2.57622 0.0125733 0)
(2.73894 0.706436 0)
(2.72678 0.75367 0)
(2.75108 0.736104 0)
(2.78617 0.699403 0)
(2.78814 0.717199 0)
(2.78883 0.773863 0)
(2.77109 0.802061 0)
(2.75561 0.844896 0)
(2.7237 0.855621 0)
(2.7261 0.796164 0)
(2.6978 0.634919 0)
(2.62811 0.274169 0)
(2.59933 0.0273772 0)
(2.60255 0.069016 0)
(2.59965 0.0517333 0)
(2.58491 0.0328791 0)
(2.57719 0.00972192 0)
(2.57912 -0.00696237 0)
(2.57977 -0.00257545 0)
(2.5767 0.00860331 0)
(2.7608 0.878805 0)
(2.72763 0.896142 0)
(2.73715 0.919284 0)
(2.75846 0.887568 0)
(2.76012 0.865492 0)
(2.76797 0.892484 0)
(2.78569 0.935111 0)
(2.79168 0.932645 0)
(2.78448 0.824386 0)
(2.75149 0.534147 0)
(2.68671 0.18981 0)
(2.63425 0.0431379 0)
(2.61167 0.0412035 0)
(2.60639 0.039642 0)
(2.59894 0.0313031 0)
(2.58367 0.0200075 0)
(2.56985 0.00942495 0)
(2.56823 -0.00407212 0)
(2.5693 -0.00572203 0)
(2.56594 0.00146045 0)
(2.76815 0.99799 0)
(2.72928 1.08363 0)
(2.72389 0.999221 0)
(2.71664 0.982971 0)
(2.72202 0.995013 0)
(2.75859 1.00655 0)
(2.7877 0.93817 0)
(2.81849 0.698836 0)
(2.78058 0.366204 0)
(2.72475 0.182472 0)
(2.63779 0.0540206 0)
(2.60367 0.0409291 0)
(2.58946 0.0368893 0)
(2.58145 0.0222706 0)
(2.57235 0.0128079 0)
(2.55741 0.0101512 0)
(2.54628 0.0101254 0)
(2.54257 0.00429073 0)
(2.54024 -0.00143161 0)
(2.53168 2.84466e-05 0)
(2.72389 1.25094 0)
(2.7107 1.21152 0)
(2.74178 1.22781 0)
(2.70118 1.17051 0)
(2.68669 1.13657 0)
(2.74882 0.868692 0)
(2.73012 0.445381 0)
(2.73513 0.252914 0)
(2.60294 0.043418 0)
(2.54535 0.0175901 0)
(2.51669 0.0430927 0)
(2.52506 0.0475209 0)
(2.53437 0.034769 0)
(2.51432 0.0112936 0)
(2.49927 -0.00200156 0)
(2.49047 -0.000949057 0)
(2.48668 0.00757812 0)
(2.48488 0.00987207 0)
(2.47956 0.00379341 0)
(2.46592 -0.0011622 0)
(2.64043 1.49588 0)
(2.66181 1.37918 0)
(2.62391 1.11286 0)
(2.62024 0.924263 0)
(2.56568 0.577953 0)
(2.60561 0.311102 0)
(2.47984 0.0403688 0)
(2.42246 0.036683 0)
(2.40195 0.00841075 0)
(2.40464 0.0177765 0)
(2.42539 0.0407539 0)
(2.43137 0.0420722 0)
(2.4225 0.0338602 0)
(2.4041 0.00789723 0)
(2.39029 -0.00982265 0)
(2.39074 -0.0056765 0)
(2.39779 0.00974352 0)
(2.39643 0.0131439 0)
(2.39122 0.00786109 0)
(2.38146 0.0016809 0)
(2.30947 0.837066 0)
(2.33836 0.509103 0)
(2.33504 0.317502 0)
(2.36721 0.263718 0)
(2.29313 0.0919103 0)
(2.24372 0.0569816 0)
(2.23849 0.0152733 0)
(2.25211 -0.00222883 0)
(2.27138 -0.00391677 0)
(2.29017 0.0129372 0)
(2.3146 0.0315666 0)
(2.30932 0.0331207 0)
(2.30237 0.0250978 0)
(2.29475 -0.00493379 0)
(2.30074 -0.0187171 0)
(2.3061 -0.0101804 0)
(2.31404 0.0123542 0)
(2.31289 0.019523 0)
(2.31136 0.0132992 0)
(2.31495 -0.000913136 0)
(1.96847 0.151485 0)
(2.05215 0.0996625 0)
(2.0846 0.0918833 0)
(2.13415 0.088064 0)
(2.12931 0.029622 0)
(2.14936 0.0154561 0)
(2.15354 0.00254327 0)
(2.15841 -0.00259031 0)
(2.1861 -0.000167063 0)
(2.21956 0.00686906 0)
(2.23367 0.0173698 0)
(2.22392 0.0183565 0)
(2.22385 0.0135612 0)
(2.23641 -0.00529358 0)
(2.24996 -0.0112206 0)
(2.26435 0.00128827 0)
(2.26687 0.0131594 0)
(2.268 0.0129553 0)
(2.27321 0.0061807 0)
(2.28861 -0.00190141 0)
)
;

boundaryField
{
    inlet
    {
        type            fixedValue;
        value           uniform (3 0 0);
    }
    outlet
    {
        type            inletOutlet;
        inletValue      uniform (3 0 0);
        value           nonuniform List<vector> 
50
(
(2.62603 -0.00580479 0)
(2.7229 -0.0469783 0)
(2.80865 -0.214965 0)
(2.88181 -0.421984 0)
(2.9228 -0.433522 0)
(2.92733 -0.368776 0)
(2.9312 -0.301093 0)
(2.96545 -0.265041 0)
(2.93403 -0.0603693 0)
(2.94402 -0.0299371 0)
(2.91139 0.161599 0)
(2.86978 0.314722 0)
(2.84971 0.373537 0)
(2.87351 0.344865 0)
(2.87987 0.154268 0)
(2.28417 -0.00284393 0)
(2.31174 -0.00592154 0)
(2.38579 -0.00244908 0)
(2.47255 -0.00261138 0)
(2.53521 -0.0018198 0)
(2.56739 -0.00136041 0)
(2.57587 -0.00761001 0)
(2.57367 -0.0124606 0)
(2.56929 -0.0150929 0)
(2.57735 -0.0124878 0)
(2.57686 0.0134484 0)
(2.57164 0.0142095 0)
(2.57622 0.0125733 0)
(2.5767 0.00860331 0)
(2.56594 0.00146045 0)
(2.53168 2.84466e-05 0)
(2.46592 -0.0011622 0)
(2.38146 0.0016809 0)
(2.31495 -0.000913136 0)
(2.28861 -0.00190141 0)
(2.62108 0.00773158 0)
(2.7192 0.0496067 0)
(2.80805 0.208004 0)
(2.88802 0.420096 0)
(2.92052 0.419614 0)
(2.93265 0.391626 0)
(2.93844 0.296898 0)
(2.96587 0.266806 0)
(2.93134 0.056962 0)
(2.94418 0.0304048 0)
(2.91187 -0.161825 0)
(2.87026 -0.314731 0)
(2.84975 -0.373777 0)
(2.87346 -0.34497 0)
(2.87986 -0.154233 0)
)
;
    }
    airfoil
    {
        type            slip;
    }
    top
    {
        type            symmetryPlane;
    }
    bottom
    {
        type            symmetryPlane;
    }
    defaultFaces
    {
        type            empty;
    }
}


// ************************************************************************* //
