/*--------------------------------*- C++ -*----------------------------------*\
  =========                 |
  \\      /  F ield         | OpenFOAM: The Open Source CFD Toolbox
   \\    /   O peration     | Website:  https://openfoam.org
    \\  /    A nd           | Version:  7
     \\/     M anipulation  |
\*---------------------------------------------------------------------------*/
FoamFile
{
    version     2.0;
    format      ascii;
    class       volVectorField;
    location    "9.1";
    object      U;
}
// * * * * * * * * * * * * * * * * * * * * * * * * * * * * * * * * * * * * * //

dimensions      [0 1 -1 0 0 0 0];

internalField   nonuniform List<vector> 
3700
(
(1.55322 -0.477775 0)
(1.3826 -0.639887 0)
(1.36037 -0.350261 0)
(1.43556 -0.322785 0)
(1.58686 -0.438672 0)
(1.60376 -0.368147 0)
(1.54265 -0.166413 0)
(1.54068 -0.079222 0)
(1.58091 -0.135879 0)
(1.59532 -0.267915 0)
(1.55663 -0.343103 0)
(1.51225 -0.277831 0)
(1.53298 -0.143461 0)
(1.6079 -0.136595 0)
(1.68098 -0.208274 0)
(1.72867 -0.215471 0)
(1.72503 -0.181405 0)
(1.73717 -0.0994724 0)
(1.81015 -0.067414 0)
(1.85879 -0.129172 0)
(1.76384 -1.41924 0)
(1.64554 -1.48343 0)
(1.65037 -1.29979 0)
(1.79427 -1.26613 0)
(1.87038 -1.536 0)
(1.7908 -1.48295 0)
(1.68866 -1.20529 0)
(1.72415 -1.0573 0)
(1.82937 -1.19596 0)
(1.91896 -1.50861 0)
(1.86712 -1.63397 0)
(1.7871 -1.41412 0)
(1.8124 -1.16932 0)
(1.94454 -1.16948 0)
(2.07967 -1.20439 0)
(2.1583 -1.16254 0)
(2.19494 -1.07732 0)
(2.23794 -0.961996 0)
(2.25776 -0.869773 0)
(2.38676 -0.987788 0)
(1.53231 -1.38463 0)
(1.62454 -1.56486 0)
(1.67967 -1.743 0)
(1.73102 -1.92842 0)
(1.80504 -2.10082 0)
(1.8598 -2.19927 0)
(1.93159 -2.25874 0)
(1.9802 -2.20003 0)
(1.97701 -2.20567 0)
(2.0908 -2.10841 0)
(2.13245 -2.11893 0)
(2.19499 -2.0248 0)
(2.25027 -1.94195 0)
(2.27806 -1.9098 0)
(2.33699 -1.82531 0)
(2.43209 -1.78067 0)
(2.5178 -1.69899 0)
(2.61614 -1.63694 0)
(2.69639 -1.55409 0)
(2.75284 -1.51623 0)
(1.38488 -1.43145 0)
(1.50346 -1.73609 0)
(1.63016 -2.0131 0)
(1.69396 -2.21563 0)
(1.76621 -2.28696 0)
(1.80925 -2.28994 0)
(1.86798 -2.1701 0)
(1.97782 -1.98319 0)
(2.02322 -1.96694 0)
(2.25386 -1.89692 0)
(2.40678 -1.78675 0)
(2.46566 -1.79735 0)
(2.50963 -1.75032 0)
(2.45875 -1.78452 0)
(2.45545 -1.72785 0)
(2.48227 -1.69138 0)
(2.52363 -1.56974 0)
(2.59039 -1.46333 0)
(2.67372 -1.37448 0)
(2.79401 -1.19897 0)
(1.28973 -1.42214 0)
(1.4597 -1.87564 0)
(1.67235 -2.15062 0)
(1.7434 -2.31934 0)
(1.89239 -2.34406 0)
(1.98743 -2.33658 0)
(1.97289 -2.10655 0)
(1.96066 -1.97723 0)
(1.96538 -1.95832 0)
(2.16261 -1.85785 0)
(2.33669 -1.66917 0)
(2.50438 -1.60532 0)
(2.61883 -1.43703 0)
(2.6528 -1.42273 0)
(2.6658 -1.38582 0)
(2.63785 -1.44503 0)
(2.61787 -1.41869 0)
(2.62054 -1.30153 0)
(2.64068 -1.33107 0)
(2.70742 -1.13882 0)
(1.22775 -1.51651 0)
(1.53108 -2.0519 0)
(1.82186 -2.31688 0)
(2.00418 -2.40904 0)
(2.24611 -2.34263 0)
(2.18637 -2.332 0)
(2.17302 -2.04582 0)
(2.03141 -1.96758 0)
(2.02157 -1.92859 0)
(2.14141 -1.84189 0)
(2.27214 -1.67116 0)
(2.46003 -1.5674 0)
(2.54433 -1.42335 0)
(2.70274 -1.3296 0)
(2.75625 -1.12709 0)
(2.78743 -1.01737 0)
(2.75286 -1.01487 0)
(2.75707 -0.93687 0)
(2.69543 -1.06349 0)
(2.6868 -0.977515 0)
(1.31221 -1.64939 0)
(1.68678 -2.16793 0)
(2.0552 -2.37234 0)
(2.17518 -2.40221 0)
(2.31455 -2.30114 0)
(2.33902 -2.2307 0)
(2.41113 -1.87764 0)
(2.30003 -1.87989 0)
(2.27647 -1.86029 0)
(2.31875 -1.77514 0)
(2.37329 -1.64129 0)
(2.46401 -1.52739 0)
(2.52153 -1.3519 0)
(2.63296 -1.26633 0)
(2.6848 -1.10522 0)
(2.75934 -0.931081 0)
(2.81232 -0.772657 0)
(2.83021 -0.576001 0)
(2.76719 -0.58121 0)
(2.7216 -0.611104 0)
(1.46868 -1.77209 0)
(1.82342 -2.19241 0)
(2.01349 -2.31524 0)
(2.14261 -2.39401 0)
(2.27003 -2.2399 0)
(2.34095 -2.14441 0)
(2.46231 -1.78549 0)
(2.54211 -1.65554 0)
(2.60398 -1.61911 0)
(2.64214 -1.47902 0)
(2.5976 -1.51086 0)
(2.63721 -1.33537 0)
(2.61252 -1.22984 0)
(2.63623 -1.14299 0)
(2.66309 -1.00203 0)
(2.69403 -0.874145 0)
(2.75218 -0.766377 0)
(2.78661 -0.564893 0)
(2.78862 -0.390297 0)
(2.74415 -0.305332 0)
(1.57845 -1.83429 0)
(1.82697 -2.18527 0)
(1.92421 -2.27343 0)
(1.92436 -2.27833 0)
(2.05328 -2.10074 0)
(2.19359 -1.77886 0)
(2.33865 -1.67586 0)
(2.46558 -1.56495 0)
(2.6561 -1.43358 0)
(2.73707 -1.1286 0)
(2.77713 -1.12101 0)
(2.79918 -0.898796 0)
(2.76284 -0.881733 0)
(2.74991 -0.787941 0)
(2.73492 -0.714704 0)
(2.7122 -0.634274 0)
(2.70784 -0.576667 0)
(2.73801 -0.512372 0)
(2.71129 -0.311882 0)
(2.68198 -0.134776 0)
(1.63978 -1.88025 0)
(1.71096 -2.1739 0)
(1.82368 -2.18792 0)
(1.82498 -2.15688 0)
(1.95648 -2.01183 0)
(2.08633 -1.66874 0)
(2.13603 -1.65529 0)
(2.26027 -1.50796 0)
(2.38495 -1.40447 0)
(2.51663 -1.166 0)
(2.65198 -0.929847 0)
(2.72068 -0.678065 0)
(2.74043 -0.498614 0)
(2.74885 -0.359095 0)
(2.73937 -0.253748 0)
(2.7225 -0.237576 0)
(2.70015 -0.198484 0)
(2.68849 -0.271639 0)
(2.64896 -0.186486 0)
(2.61659 -0.0221541 0)
(1.57332 -1.80202 0)
(1.62725 -2.0747 0)
(1.74358 -2.07799 0)
(1.85104 -1.89676 0)
(1.99496 -1.88239 0)
(2.15284 -1.51835 0)
(2.12189 -1.58365 0)
(2.27609 -1.38727 0)
(2.36153 -1.2364 0)
(2.41926 -1.12203 0)
(2.522 -0.930329 0)
(2.59938 -0.723572 0)
(2.64439 -0.490255 0)
(2.70333 -0.317924 0)
(2.66419 -0.0632765 0)
(2.65686 0.0432447 0)
(2.62473 0.177613 0)
(2.59927 0.105771 0)
(2.55111 0.127657 0)
(2.5864 0.0454242 0)
(1.41745 -1.6407 0)
(1.64159 -1.89466 0)
(1.8201 -1.86914 0)
(1.9584 -1.43046 0)
(1.96595 -1.58668 0)
(2.18525 -1.34387 0)
(2.31125 -1.39378 0)
(2.44557 -1.12874 0)
(2.53012 -0.880763 0)
(2.5428 -0.829584 0)
(2.58126 -0.62689 0)
(2.60364 -0.465608 0)
(2.60208 -0.301332 0)
(2.62298 -0.18904 0)
(2.5812 0.0020738 0)
(2.59117 0.0930249 0)
(2.53672 0.277306 0)
(2.48776 0.363786 0)
(2.42785 0.405087 0)
(2.45853 0.320972 0)
(1.31628 -1.53018 0)
(1.75186 -1.77805 0)
(1.9303 -1.70215 0)
(1.97111 -1.2487 0)
(1.97635 -1.33445 0)
(2.3181 -1.24331 0)
(2.54328 -0.934968 0)
(2.67481 -0.486974 0)
(2.67184 -0.300168 0)
(2.64048 -0.184908 0)
(2.63115 -0.0556918 0)
(2.60927 0.0633045 0)
(2.58229 0.150719 0)
(2.54648 0.232012 0)
(2.49568 0.301063 0)
(2.47345 0.308501 0)
(2.43476 0.363838 0)
(2.37842 0.470393 0)
(2.30188 0.591034 0)
(2.29468 0.57178 0)
(1.25283 -1.56264 0)
(1.71001 -1.78681 0)
(1.96409 -1.41569 0)
(1.99693 -1.25635 0)
(2.42214 -0.794891 0)
(2.48347 -1.09201 0)
(2.61243 -0.685606 0)
(2.60981 -0.332847 0)
(2.59152 -0.253835 0)
(2.57085 -0.0219077 0)
(2.56289 0.153193 0)
(2.4988 0.353411 0)
(2.46125 0.470772 0)
(2.38569 0.599053 0)
(2.33286 0.651736 0)
(2.29373 0.655334 0)
(2.25599 0.666276 0)
(2.24735 0.661056 0)
(2.1809 0.73587 0)
(2.13491 0.781487 0)
(1.32971 -1.57568 0)
(1.61305 -1.76925 0)
(2.0253 -1.07037 0)
(2.39743 -1.04945 0)
(2.54708 -0.636011 0)
(2.4174 -0.811525 0)
(2.4605 -0.505556 0)
(2.46525 -0.217958 0)
(2.44621 -0.0265853 0)
(2.4482 0.13738 0)
(2.41146 0.329061 0)
(2.35068 0.5019 0)
(2.30672 0.620342 0)
(2.22743 0.746131 0)
(2.1638 0.820584 0)
(2.11243 0.854787 0)
(2.06146 0.908638 0)
(2.05598 0.906989 0)
(2.04186 0.925633 0)
(2.06212 0.94905 0)
(1.46496 -1.35567 0)
(1.49346 -1.54819 0)
(2.37518 -0.172749 0)
(2.24881 -0.780026 0)
(2.34037 -0.659968 0)
(2.4427 -0.211661 0)
(2.43158 0.106725 0)
(2.38757 0.287712 0)
(2.3205 0.447234 0)
(2.29858 0.583433 0)
(2.20303 0.738743 0)
(2.13672 0.836402 0)
(2.08678 0.890867 0)
(2.03222 0.948073 0)
(1.99172 0.96211 0)
(1.9545 0.987958 0)
(1.9547 1.01655 0)
(1.969 0.997098 0)
(1.9939 0.99631 0)
(2.07046 0.97857 0)
(1.3941 -0.377469 0)
(1.88149 -0.693542 0)
(2.27184 -0.464091 0)
(2.32325 -0.0697704 0)
(2.36834 0.0575095 0)
(2.3475 0.345185 0)
(2.29207 0.562233 0)
(2.1846 0.738973 0)
(2.13025 0.80201 0)
(2.0706 0.922122 0)
(1.96506 1.02181 0)
(1.911 1.07056 0)
(1.88323 1.08431 0)
(1.86982 1.09094 0)
(1.87128 1.05713 0)
(1.89594 1.04914 0)
(1.96199 1.02116 0)
(2.16562 0.9012 0)
(2.38211 0.790283 0)
(2.77779 0.441176 0)
(1.11762 -0.105738 0)
(1.82513 -0.223554 0)
(2.22768 0.110026 0)
(2.24265 0.468952 0)
(2.19778 0.691501 0)
(2.14013 0.799033 0)
(2.05107 0.900612 0)
(1.97163 0.957831 0)
(1.91058 1.02961 0)
(1.84674 1.1228 0)
(1.78519 1.15696 0)
(1.79008 1.15114 0)
(1.8135 1.12993 0)
(1.85394 1.08666 0)
(2.03824 0.952613 0)
(2.2541 0.831953 0)
(2.66341 0.505728 0)
(3.03751 0.09119 0)
(3.05541 -0.0242691 0)
(3.00403 -0.00468689 0)
(1.03028 0.0127854 0)
(1.92838 0.788143 0)
(2.09496 0.879225 0)
(1.98797 0.987757 0)
(1.97228 0.976679 0)
(1.88691 1.07591 0)
(1.79173 1.14326 0)
(1.75562 1.14765 0)
(1.75186 1.16313 0)
(1.72764 1.20445 0)
(1.70819 1.19857 0)
(1.86487 1.07336 0)
(2.1071 0.885838 0)
(2.51076 0.574485 0)
(2.9898 0.132964 0)
(3.07375 -0.0301166 0)
(3.00813 -0.00772151 0)
(3.00292 -0.00384199 0)
(3.00122 -0.00219365 0)
(3.00008 -0.000480888 0)
(1.17324 0.744825 0)
(1.81942 1.15513 0)
(1.83375 1.14521 0)
(1.74625 1.18039 0)
(1.72082 1.19342 0)
(1.67359 1.24281 0)
(1.65942 1.21584 0)
(1.72464 1.16463 0)
(1.75255 1.22825 0)
(1.77756 1.14337 0)
(2.25644 0.752041 0)
(2.84618 0.220533 0)
(3.09392 -0.023899 0)
(3.02061 -0.0121577 0)
(3.00451 -0.00534392 0)
(3.00188 -0.00301136 0)
(3.00006 -0.000599159 0)
(2.99998 -2.50378e-05 0)
(2.99999 1.43234e-05 0)
(3 5.90469e-06 0)
(1.57442 1.25352 0)
(1.58051 1.25974 0)
(1.58738 1.2649 0)
(1.59933 1.25957 0)
(1.62261 1.24267 0)
(1.61181 1.26278 0)
(1.9064 1.15593 0)
(2.97992 0.35348 0)
(3.34124 -0.585968 0)
(3 6.45917e-11 0)
(3 -7.742e-11 0)
(3 7.99874e-11 0)
(3 6.37889e-15 0)
(3 -4.31864e-13 0)
(3 -1.82018e-14 0)
(3 1.27138e-14 0)
(3 -1.30951e-14 0)
(3 -4.91061e-15 0)
(3 -3.01285e-15 0)
(3 -6.34111e-15 0)
(1.5757 1.24929 0)
(1.58868 1.26044 0)
(1.59325 1.27319 0)
(1.5877 1.27278 0)
(1.66887 1.24657 0)
(1.76012 1.22228 0)
(2.31827 0.715817 0)
(3.00345 0.00706577 0)
(3 6.45643e-08 0)
(3 -3.37136e-11 0)
(3 -7.58401e-15 0)
(3 -8.92131e-16 0)
(3 -1.15984e-15 0)
(3 -1.23546e-15 0)
(3 -4.13021e-15 0)
(3 -3.55876e-15 0)
(3 -2.85514e-15 0)
(3 -3.72828e-15 0)
(3 -2.10668e-15 0)
(3 -4.16486e-15 0)
(1.58354 1.25518 0)
(1.59989 1.25953 0)
(1.59947 1.2732 0)
(1.57305 1.30666 0)
(1.71468 1.22063 0)
(2.18586 0.835357 0)
(2.98491 0.0108231 0)
(3.00028 -0.00061078 0)
(3 5.46866e-07 0)
(3 6.06424e-11 0)
(3 -5.45315e-15 0)
(3 -1.58102e-15 0)
(3 -1.65919e-15 0)
(3 -2.10795e-15 0)
(3 -4.60472e-15 0)
(3 -3.36901e-15 0)
(3 -3.74467e-15 0)
(3 -3.79963e-15 0)
(3 -3.17718e-15 0)
(3 -5.42121e-15 0)
(1.58682 1.25745 0)
(1.60863 1.26013 0)
(1.62821 1.26524 0)
(1.60361 1.30888 0)
(1.82073 1.11402 0)
(2.70103 0.259875 0)
(3.00565 -0.00253361 0)
(2.99992 7.55337e-05 0)
(3 -7.51138e-07 0)
(3 8.5554e-10 0)
(3 -5.92102e-15 0)
(3 -1.61935e-15 0)
(3 -1.04204e-15 0)
(3 -1.36857e-15 0)
(3 -4.70503e-15 0)
(3 -3.66237e-15 0)
(3 -4.35374e-15 0)
(3 -4.00694e-15 0)
(3 -4.34689e-15 0)
(3 -5.60026e-15 0)
(1.58844 1.26976 0)
(1.60806 1.26355 0)
(1.63628 1.25186 0)
(1.73742 1.20066 0)
(2.35787 0.63209 0)
(3.02102 -0.0197349 0)
(2.99973 0.000170644 0)
(3 -4.23976e-06 0)
(3 8.38838e-08 0)
(3 -8.8328e-10 0)
(3 1.36663e-13 0)
(3 -1.59832e-15 0)
(3 -8.92234e-16 0)
(3 -1.5331e-15 0)
(3 -4.15108e-15 0)
(3 -3.60207e-15 0)
(3 -4.84635e-15 0)
(3 -3.95747e-15 0)
(3 -5.11315e-15 0)
(3 -4.97141e-15 0)
(1.58546 1.28212 0)
(1.58294 1.27227 0)
(1.63817 1.23938 0)
(1.84331 1.09783 0)
(2.75202 0.214193 0)
(3 -5.83199e-10 0)
(3 1.40587e-08 0)
(3 -1.26974e-08 0)
(3 5.51557e-10 0)
(3 2.55175e-12 0)
(3 -8.8015e-14 0)
(3 -6.42211e-16 0)
(3 -1.50029e-15 0)
(3 -1.45258e-15 0)
(3 -3.23433e-15 0)
(3 -5.1368e-15 0)
(3 -5.50542e-15 0)
(3 -4.06975e-15 0)
(3 -5.17133e-15 0)
(3 -6.07799e-15 0)
(1.58324 1.29225 0)
(1.54975 1.28245 0)
(1.64828 1.24873 0)
(2.0754 0.878331 0)
(3.00458 -0.000964069 0)
(3 3.05585e-13 0)
(3 -1.30061e-11 0)
(3 1.67273e-11 0)
(3 -3.88009e-12 0)
(3 1.48611e-14 0)
(3 2.40112e-16 0)
(3 -1.15507e-15 0)
(3 -1.63417e-15 0)
(3 -1.94327e-15 0)
(3 -3.03438e-15 0)
(3 -3.77732e-15 0)
(3 -5.66939e-15 0)
(3 -5.15098e-15 0)
(3 -4.24065e-15 0)
(3 -5.446e-15 0)
(1.58065 1.32046 0)
(1.5097 1.32233 0)
(1.78559 1.1845 0)
(2.4431 0.538631 0)
(3 -3.61179e-06 0)
(3 2.13582e-11 0)
(3 2.61378e-13 0)
(3 -7.4158e-14 0)
(3 2.25233e-14 0)
(3 7.13314e-16 0)
(3 -1.52468e-16 0)
(3 -4.20248e-16 0)
(3 -1.13723e-15 0)
(3 -1.79938e-15 0)
(3 -2.43816e-15 0)
(3 -3.39647e-15 0)
(3 -4.47346e-15 0)
(3 -3.81854e-15 0)
(3 -4.64475e-15 0)
(3 -5.21522e-15 0)
(1.589 1.30762 0)
(1.46675 1.34552 0)
(1.94803 1.04592 0)
(2.86373 0.133223 0)
(3 -9.18108e-09 0)
(3 -7.6304e-12 0)
(3 -2.8464e-14 0)
(3 1.1238e-15 0)
(3 1.69701e-15 0)
(3 2.30745e-15 0)
(3 3.92192e-16 0)
(3 -1.10293e-16 0)
(3 -6.98271e-16 0)
(3 -1.31759e-15 0)
(3 -2.16173e-15 0)
(3 -3.36084e-15 0)
(3 -3.45133e-15 0)
(3 -4.48981e-15 0)
(3 -5.72725e-15 0)
(3 -5.63728e-15 0)
(1.60514 1.29667 0)
(1.48478 1.3939 0)
(2.12475 0.847785 0)
(3.01139 -0.00959256 0)
(3 4.49802e-09 0)
(3 -8.61523e-12 0)
(3 3.04849e-14 0)
(3 2.18001e-15 0)
(3 2.3454e-15 0)
(3 2.7514e-15 0)
(3 1.3966e-15 0)
(3 5.20733e-16 0)
(3 -4.40644e-16 0)
(3 -1.71887e-15 0)
(3 -1.93369e-15 0)
(3 -2.40862e-15 0)
(3 -2.61839e-15 0)
(3 -3.66117e-15 0)
(3 -4.75886e-15 0)
(3 -5.73191e-15 0)
(1.62009 1.28185 0)
(1.5846 1.30543 0)
(2.43542 0.520677 0)
(3 4.6959e-13 0)
(3 -4.06981e-12 0)
(3 7.52068e-14 0)
(3 -8.44658e-18 0)
(3 1.55803e-15 0)
(3 1.87414e-15 0)
(3 2.30685e-15 0)
(3 1.67976e-15 0)
(3 3.15405e-16 0)
(3 -6.30036e-16 0)
(3 -1.1128e-15 0)
(3 -9.86863e-16 0)
(3 -1.00848e-15 0)
(3 -9.79738e-16 0)
(3 -2.06733e-15 0)
(3 -3.27977e-15 0)
(3 -4.25604e-15 0)
(1.6364 1.2649 0)
(1.63112 1.24375 0)
(2.64809 0.29108 0)
(3 2.91813e-13 0)
(3 9.76891e-15 0)
(3 -1.21257e-15 0)
(3 5.8399e-16 0)
(3 1.22839e-15 0)
(3 2.0213e-15 0)
(3 3.18526e-15 0)
(3 2.36801e-15 0)
(3 1.1184e-15 0)
(3 -8.85135e-17 0)
(3 -2.93309e-16 0)
(3 9.46124e-18 0)
(3 8.46788e-16 0)
(3 4.48904e-16 0)
(3 1.77853e-17 0)
(3 -1.06269e-15 0)
(3 -2.10994e-15 0)
(1.65962 1.23977 0)
(1.80971 1.09867 0)
(2.87563 0.0869865 0)
(3 -8.32933e-13 0)
(3 -1.69294e-15 0)
(3 -1.37201e-15 0)
(3 -2.28856e-16 0)
(3 1.67371e-16 0)
(3 1.31016e-15 0)
(3 2.91103e-15 0)
(3 3.23056e-15 0)
(3 2.75876e-15 0)
(3 1.97995e-15 0)
(3 1.11145e-15 0)
(3 4.87375e-16 0)
(3 9.60372e-16 0)
(3 1.14054e-15 0)
(3 5.84209e-16 0)
(3 4.35707e-16 0)
(3 -3.43509e-16 0)
(1.68878 1.19259 0)
(1.92209 0.968413 0)
(2.9999 2.45979e-05 0)
(3 -4.62028e-16 0)
(3 -1.57246e-15 0)
(3 -1.62089e-15 0)
(3 -1.90079e-16 0)
(3 1.59823e-15 0)
(3 2.40972e-15 0)
(3 2.49746e-15 0)
(3 3.17871e-15 0)
(3 3.03463e-15 0)
(3 2.67681e-15 0)
(3 1.96805e-15 0)
(3 9.41114e-16 0)
(3 1.13512e-15 0)
(3 8.92479e-16 0)
(3 8.76716e-16 0)
(3 1.05368e-15 0)
(3 4.54077e-16 0)
(1.69089 1.1683 0)
(2.03375 0.838042 0)
(3 -1.52581e-15 0)
(3 7.6936e-16 0)
(3 1.53091e-15 0)
(3 2.24916e-15 0)
(3 1.78332e-15 0)
(3 3.13966e-15 0)
(3 3.98288e-15 0)
(3 3.99415e-15 0)
(3 3.48612e-15 0)
(3 3.39123e-15 0)
(3 3.43096e-15 0)
(3 3.08675e-15 0)
(3 2.43973e-15 0)
(3 1.37093e-15 0)
(3 2.397e-16 0)
(3 -3.71646e-17 0)
(3 1.91195e-17 0)
(3 2.99138e-18 0)
(1.74152 1.10437 0)
(2.20754 0.657019 0)
(3 9.53944e-16 0)
(3 -1.51901e-16 0)
(3 2.83818e-16 0)
(3 1.12943e-15 0)
(3 1.64311e-15 0)
(3 2.34025e-15 0)
(3 2.259e-15 0)
(3 3.25509e-15 0)
(3 4.23102e-15 0)
(3 4.1818e-15 0)
(3 4.09484e-15 0)
(3 4.13358e-15 0)
(3 3.99571e-15 0)
(3 3.26567e-15 0)
(3 2.90545e-15 0)
(3 2.18987e-15 0)
(3 1.42576e-15 0)
(3 4.00942e-16 0)
(1.85141 1.0192 0)
(2.45657 0.442713 0)
(3 6.66457e-17 0)
(3 5.55208e-16 0)
(3 7.81836e-17 0)
(3 -2.28338e-16 0)
(3 -5.65214e-16 0)
(3 -7.96592e-16 0)
(3 -1.03771e-15 0)
(3 -6.34736e-17 0)
(3 1.55614e-15 0)
(3 2.85838e-15 0)
(3 3.08116e-15 0)
(3 2.83011e-15 0)
(3 2.70343e-15 0)
(3 2.45589e-15 0)
(3 2.47567e-15 0)
(3 2.36601e-15 0)
(3 1.90233e-15 0)
(3 1.99731e-15 0)
(1.9512 0.860603 0)
(2.73909 0.187956 0)
(3 -1.0562e-15 0)
(3 -1.19691e-15 0)
(3 -1.25285e-15 0)
(3 -1.22597e-15 0)
(3 -1.20897e-15 0)
(3 -1.30899e-15 0)
(3 -1.30684e-15 0)
(3 -1.6654e-15 0)
(3 -4.18691e-16 0)
(3 6.72507e-16 0)
(3 1.88484e-15 0)
(3 2.47295e-15 0)
(3 2.45875e-15 0)
(3 2.56338e-15 0)
(3 2.77931e-15 0)
(3 2.9482e-15 0)
(3 3.45668e-15 0)
(3 3.75256e-15 0)
(2.08789 0.650583 0)
(2.993 8.03187e-05 0)
(3 -1.03888e-15 0)
(3 -1.03551e-15 0)
(3 -7.19028e-16 0)
(3 -6.48218e-16 0)
(3 -7.68765e-16 0)
(3 -1.01879e-15 0)
(3 -1.2006e-15 0)
(3 -2.53405e-15 0)
(3 -2.93995e-15 0)
(3 -2.81832e-15 0)
(3 -1.98032e-15 0)
(3 -8.17619e-16 0)
(3 -1.98016e-16 0)
(3 -6.71205e-17 0)
(3 -4.61335e-17 0)
(3 4.52596e-16 0)
(3 1.11745e-15 0)
(3 2.3302e-15 0)
(1.99118 0.377907 0)
(2.99981 -3.09329e-05 0)
(3 -1.50247e-15 0)
(3 -1.39653e-15 0)
(3 -6.60865e-16 0)
(3 -3.48085e-16 0)
(3 -4.5519e-16 0)
(3 -5.10939e-16 0)
(3 -5.41669e-16 0)
(3 -7.08505e-16 0)
(3 -1.09441e-15 0)
(3 -1.7207e-15 0)
(3 -1.44771e-15 0)
(3 -1.16976e-15 0)
(3 -8.71626e-16 0)
(3 -1.82795e-16 0)
(3 2.24893e-16 0)
(3 3.8679e-16 0)
(3 4.17453e-16 0)
(3 6.75331e-16 0)
(1.99143 -0.376661 0)
(2.99981 3.1365e-05 0)
(3 -9.74687e-18 0)
(3 -3.25192e-16 0)
(3 -1.238e-15 0)
(3 -1.41422e-15 0)
(3 -1.14931e-15 0)
(3 -7.48821e-16 0)
(3 -4.70851e-16 0)
(3 -5.57874e-16 0)
(3 -2.79884e-16 0)
(3 1.28722e-16 0)
(3 2.94204e-16 0)
(3 5.69306e-16 0)
(3 9.17249e-16 0)
(3 1.35903e-15 0)
(3 1.82827e-15 0)
(3 2.15819e-15 0)
(3 1.87696e-15 0)
(3 1.4408e-15 0)
(2.087 -0.654314 0)
(2.99277 -5.10269e-05 0)
(3 1.11032e-15 0)
(3 1.54648e-15 0)
(3 1.40565e-15 0)
(3 1.24382e-15 0)
(3 2.06144e-15 0)
(3 3.02537e-15 0)
(3 3.06141e-15 0)
(3 2.8984e-15 0)
(3 2.84743e-15 0)
(3 2.75809e-15 0)
(3 2.72109e-15 0)
(3 3.00549e-15 0)
(3 3.32348e-15 0)
(3 3.60166e-15 0)
(3 3.37101e-15 0)
(3 3.22545e-15 0)
(3 3.18095e-15 0)
(3 1.64235e-15 0)
(1.94477 -0.860221 0)
(2.73535 -0.190042 0)
(3 6.28264e-16 0)
(3 9.34425e-16 0)
(3 1.91368e-15 0)
(3 2.24311e-15 0)
(3 3.05926e-15 0)
(3 3.57889e-15 0)
(3 3.59142e-15 0)
(3 3.47258e-15 0)
(3 3.67414e-15 0)
(3 4.29579e-15 0)
(3 4.36385e-15 0)
(3 4.18166e-15 0)
(3 3.35396e-15 0)
(3 2.48424e-15 0)
(3 1.96249e-15 0)
(3 1.28899e-15 0)
(3 -2.10606e-16 0)
(3 -9.95711e-16 0)
(1.85444 -1.01665 0)
(2.46217 -0.43966 0)
(3 5.43955e-15 0)
(3 4.46875e-15 0)
(3 3.81257e-15 0)
(3 3.57922e-15 0)
(3 3.78792e-15 0)
(3 4.38683e-15 0)
(3 4.56333e-15 0)
(3 4.64995e-15 0)
(3 4.65718e-15 0)
(3 4.71704e-15 0)
(3 4.36286e-15 0)
(3 3.85251e-15 0)
(3 3.32145e-15 0)
(3 2.86159e-15 0)
(3 2.26352e-15 0)
(3 1.16662e-15 0)
(3 7.54444e-16 0)
(3 4.33715e-17 0)
(1.74962 -1.10349 0)
(2.21405 -0.653602 0)
(3 3.08218e-15 0)
(3 3.16351e-15 0)
(3 3.57427e-15 0)
(3 3.38719e-15 0)
(3 3.03795e-15 0)
(3 3.07145e-15 0)
(3 3.16324e-15 0)
(3 2.8251e-15 0)
(3 2.98576e-15 0)
(3 3.34085e-15 0)
(3 3.46725e-15 0)
(3 3.08567e-15 0)
(3 2.74921e-15 0)
(3 2.39205e-15 0)
(3 2.16967e-15 0)
(3 1.69878e-15 0)
(3 5.08079e-16 0)
(3 -1.0437e-16 0)
(1.6862 -1.17206 0)
(2.03028 -0.83814 0)
(3 3.43134e-15 0)
(3 2.94592e-15 0)
(3 3.00564e-15 0)
(3 3.37783e-15 0)
(3 3.11597e-15 0)
(3 3.33324e-15 0)
(3 3.01891e-15 0)
(3 2.3657e-15 0)
(3 1.60225e-15 0)
(3 6.22133e-16 0)
(3 7.12022e-16 0)
(3 5.05361e-16 0)
(3 4.29368e-16 0)
(3 -3.62479e-16 0)
(3 -6.87588e-16 0)
(3 -1.63113e-15 0)
(3 -2.04838e-15 0)
(3 -2.09706e-15 0)
(1.68518 -1.19243 0)
(1.91591 -0.97223 0)
(2.99995 -1.15423e-05 0)
(3 2.09381e-15 0)
(3 2.72952e-15 0)
(3 2.99092e-15 0)
(3 2.87419e-15 0)
(3 2.67018e-15 0)
(3 2.66625e-15 0)
(3 2.19017e-15 0)
(3 1.63851e-15 0)
(3 2.97802e-16 0)
(3 3.68513e-16 0)
(3 3.41306e-16 0)
(3 -4.71511e-16 0)
(3 -1.84042e-15 0)
(3 -2.03343e-15 0)
(3 -2.04156e-15 0)
(3 -1.20116e-15 0)
(3 5.12784e-16 0)
(1.65953 -1.23969 0)
(1.81694 -1.09819 0)
(2.87817 -0.0859498 0)
(3 7.12703e-13 0)
(3 2.21817e-15 0)
(3 2.29258e-15 0)
(3 2.88266e-15 0)
(3 2.46545e-15 0)
(3 2.26857e-15 0)
(3 1.63492e-15 0)
(3 9.79673e-16 0)
(3 7.35263e-16 0)
(3 1.48047e-15 0)
(3 1.30413e-15 0)
(3 6.36839e-16 0)
(3 1.10701e-15 0)
(3 1.52639e-15 0)
(3 2.36131e-15 0)
(3 3.42014e-15 0)
(3 3.4032e-15 0)
(1.63809 -1.26306 0)
(1.62711 -1.24663 0)
(2.64772 -0.291595 0)
(3 -2.34073e-13 0)
(3 -5.11449e-15 0)
(3 3.2033e-15 0)
(3 1.58286e-15 0)
(3 1.95319e-15 0)
(3 1.28373e-15 0)
(3 1.41757e-15 0)
(3 1.99772e-15 0)
(3 2.23907e-15 0)
(3 1.99699e-15 0)
(3 1.79178e-15 0)
(3 1.82417e-15 0)
(3 2.23017e-15 0)
(3 2.18575e-15 0)
(3 2.41878e-15 0)
(3 2.74122e-15 0)
(3 2.7349e-15 0)
(1.62059 -1.28216 0)
(1.58392 -1.30609 0)
(2.43293 -0.522963 0)
(3 6.56302e-13 0)
(3 4.24371e-12 0)
(3 -4.75917e-14 0)
(3 3.72639e-15 0)
(3 2.04461e-15 0)
(3 1.95916e-15 0)
(3 2.2276e-15 0)
(3 2.52441e-15 0)
(3 3.3296e-15 0)
(3 2.77488e-15 0)
(3 2.64843e-15 0)
(3 2.34049e-15 0)
(3 2.07812e-15 0)
(3 6.62105e-16 0)
(3 7.70905e-16 0)
(3 3.52695e-15 0)
(3 4.67896e-15 0)
(1.60509 -1.29644 0)
(1.48367 -1.39062 0)
(2.13744 -0.838565 0)
(3.01129 0.00952418 0)
(3 -4.56094e-09 0)
(3 4.0713e-12 0)
(3 -3.61001e-15 0)
(3 1.79253e-15 0)
(3 2.77295e-15 0)
(3 2.20209e-15 0)
(3 2.10141e-15 0)
(3 2.69153e-15 0)
(3 2.49545e-15 0)
(3 2.36105e-15 0)
(3 2.0591e-15 0)
(3 1.27985e-15 0)
(3 8.85521e-16 0)
(3 4.36866e-15 0)
(3 3.81191e-15 0)
(3 5.35999e-15 0)
(1.5903 -1.30801 0)
(1.46557 -1.35046 0)
(1.93354 -1.04683 0)
(2.85721 -0.134115 0)
(3 1.92252e-08 0)
(3 1.53688e-11 0)
(3 -1.34311e-14 0)
(3 9.49545e-16 0)
(3 2.71053e-15 0)
(3 2.51197e-15 0)
(3 1.59914e-15 0)
(3 2.57621e-15 0)
(3 2.57055e-15 0)
(3 2.52796e-15 0)
(3 2.19952e-15 0)
(3 2.1581e-15 0)
(3 4.78605e-15 0)
(3 5.94115e-15 0)
(3 5.64653e-15 0)
(3 5.26821e-15 0)
(1.58204 -1.32083 0)
(1.51182 -1.32331 0)
(1.79382 -1.18273 0)
(2.45013 -0.534269 0)
(3 5.12718e-06 0)
(3 -2.04898e-11 0)
(3 -1.45365e-13 0)
(3 3.10125e-14 0)
(3 -8.07969e-15 0)
(3 2.78726e-15 0)
(3 1.53861e-15 0)
(3 1.7614e-15 0)
(3 2.49755e-15 0)
(3 2.83019e-15 0)
(3 3.03125e-15 0)
(3 4.35964e-15 0)
(3 4.4257e-15 0)
(3 4.86392e-15 0)
(3 4.28484e-15 0)
(3 4.64097e-15 0)
(1.58207 -1.29179 0)
(1.5503 -1.28315 0)
(1.64933 -1.25029 0)
(2.08617 -0.876571 0)
(3.00172 -0.000842409 0)
(3 -3.66076e-12 0)
(3 9.85059e-12 0)
(3 -9.3358e-12 0)
(3 2.42846e-12 0)
(3 -3.73769e-14 0)
(3 2.14068e-15 0)
(3 2.18262e-15 0)
(3 3.04757e-15 0)
(3 3.76291e-15 0)
(3 5.56299e-15 0)
(3 4.82325e-15 0)
(3 3.29379e-15 0)
(3 4.02728e-15 0)
(3 4.27265e-15 0)
(3 4.16842e-15 0)
(1.58493 -1.27958 0)
(1.58086 -1.27096 0)
(1.63425 -1.24432 0)
(1.81924 -1.11684 0)
(2.73864 -0.226639 0)
(3 5.83753e-10 0)
(3 -1.42072e-08 0)
(3 1.28476e-08 0)
(3 -5.60926e-10 0)
(3 -2.87542e-12 0)
(3 9.11262e-14 0)
(3 1.7421e-15 0)
(3 2.79485e-15 0)
(3 3.3074e-15 0)
(3 5.71859e-15 0)
(3 4.52831e-15 0)
(3 3.46606e-15 0)
(3 3.77438e-15 0)
(3 4.46945e-15 0)
(3 3.8763e-15 0)
(1.58809 -1.26819 0)
(1.60629 -1.26237 0)
(1.63459 -1.24694 0)
(1.7469 -1.19687 0)
(2.36833 -0.629794 0)
(3.02039 0.0191152 0)
(2.99974 -0.000183236 0)
(3 4.2888e-06 0)
(3 -8.50699e-08 0)
(3 8.92644e-10 0)
(3 -1.39132e-13 0)
(3 3.79529e-15 0)
(3 2.14422e-15 0)
(3 5.36921e-15 0)
(3 6.23713e-15 0)
(3 5.19936e-15 0)
(3 4.29772e-15 0)
(3 4.03487e-15 0)
(3 4.07196e-15 0)
(3 3.65622e-15 0)
(1.58742 -1.25648 0)
(1.61043 -1.25793 0)
(1.62917 -1.26272 0)
(1.61771 -1.29444 0)
(1.824 -1.10694 0)
(2.71147 -0.246944 0)
(3.00577 0.00282686 0)
(2.99991 -8.26447e-05 0)
(3 7.74083e-07 0)
(3 -8.64071e-10 0)
(3 7.27811e-15 0)
(3 5.94136e-16 0)
(3 2.20351e-15 0)
(3 5.47304e-15 0)
(3 5.69694e-15 0)
(3 4.78317e-15 0)
(3 3.71869e-15 0)
(3 3.61038e-15 0)
(3 3.82805e-15 0)
(3 2.92778e-15 0)
(1.58498 -1.25471 0)
(1.60224 -1.25799 0)
(1.60344 -1.27169 0)
(1.57637 -1.30564 0)
(1.70241 -1.22741 0)
(2.17787 -0.833783 0)
(2.98257 -0.0125823 0)
(3.00036 0.000735492 0)
(3 -5.68772e-07 0)
(3 -6.09273e-11 0)
(3 1.11334e-14 0)
(3 -1.21258e-15 0)
(3 3.15283e-15 0)
(3 4.75465e-15 0)
(3 5.05526e-15 0)
(3 4.01733e-15 0)
(3 3.89744e-15 0)
(3 2.74314e-15 0)
(3 2.67835e-15 0)
(3 1.62937e-15 0)
(1.57707 -1.251 0)
(1.5893 -1.26191 0)
(1.5925 -1.27706 0)
(1.58699 -1.27881 0)
(1.66643 -1.25116 0)
(1.75288 -1.2279 0)
(2.31239 -0.72299 0)
(3.00257 -0.00854884 0)
(3 -6.23361e-08 0)
(3 3.25493e-11 0)
(3 7.55524e-15 0)
(3 1.07647e-15 0)
(3 1.64729e-15 0)
(3 3.24926e-15 0)
(3 3.2572e-15 0)
(3 2.2618e-15 0)
(3 2.69052e-15 0)
(3 1.54417e-15 0)
(3 1.1824e-15 0)
(3 5.32032e-16 0)
(1.57418 -1.25435 0)
(1.5803 -1.2609 0)
(1.58504 -1.26685 0)
(1.59543 -1.25923 0)
(1.61944 -1.24091 0)
(1.61135 -1.26308 0)
(1.91491 -1.15712 0)
(2.98658 -0.35293 0)
(3.33162 0.57626 0)
(3 -5.98149e-11 0)
(3 7.29328e-11 0)
(3 -8.00713e-11 0)
(3 -4.7185e-15 0)
(3 4.32482e-13 0)
(3 1.7401e-14 0)
(3 -1.45283e-14 0)
(3 1.27959e-14 0)
(3 1.76162e-15 0)
(3 6.43873e-16 0)
(3 1.22206e-15 0)
(1.17382 -0.744636 0)
(1.82108 -1.15387 0)
(1.83116 -1.14756 0)
(1.7424 -1.18054 0)
(1.71924 -1.19011 0)
(1.67331 -1.24131 0)
(1.66256 -1.2142 0)
(1.72726 -1.16487 0)
(1.75554 -1.22721 0)
(1.78016 -1.14101 0)
(2.25631 -0.749751 0)
(2.84597 -0.219898 0)
(3.09435 0.0240739 0)
(3.02073 0.0122196 0)
(3.00441 0.00528965 0)
(3.00186 0.00298013 0)
(3.00006 0.000596918 0)
(2.99998 2.51176e-05 0)
(2.99999 -1.43327e-05 0)
(3 -5.90504e-06 0)
(1.0267 -0.0175716 0)
(1.93155 -0.776917 0)
(2.09775 -0.871071 0)
(1.98199 -0.994433 0)
(1.97196 -0.972922 0)
(1.88751 -1.07292 0)
(1.79339 -1.14208 0)
(1.7575 -1.1477 0)
(1.75348 -1.16288 0)
(1.72891 -1.20347 0)
(1.70755 -1.19795 0)
(1.86108 -1.074 0)
(2.10423 -0.887296 0)
(2.51063 -0.575557 0)
(2.99063 -0.13309 0)
(3.07391 0.0301411 0)
(3.00813 0.00772467 0)
(3.00292 0.00384712 0)
(3.00122 0.00219646 0)
(3.00008 0.000482121 0)
(1.10612 0.104605 0)
(1.82885 0.197778 0)
(2.22474 -0.141227 0)
(2.24314 -0.464057 0)
(2.19426 -0.698527 0)
(2.1398 -0.801896 0)
(2.0534 -0.900481 0)
(1.97229 -0.960066 0)
(1.91054 -1.03084 0)
(1.8465 -1.12304 0)
(1.78421 -1.15698 0)
(1.78878 -1.15154 0)
(1.81269 -1.13038 0)
(1.85472 -1.08656 0)
(2.03977 -0.951728 0)
(2.25481 -0.831414 0)
(2.66304 -0.505912 0)
(3.03726 -0.0915582 0)
(3.05539 0.0241583 0)
(3.00402 0.00467646 0)
(1.36989 0.418101 0)
(1.82915 0.753461 0)
(2.23557 0.621789 0)
(2.32391 0.045914 0)
(2.36805 -0.0416055 0)
(2.34991 -0.33746 0)
(2.28872 -0.57119 0)
(2.18695 -0.739174 0)
(2.13123 -0.801812 0)
(2.07034 -0.922788 0)
(1.9635 -1.02274 0)
(1.90975 -1.07116 0)
(1.88333 -1.08372 0)
(1.87046 -1.08993 0)
(1.87203 -1.05649 0)
(1.89595 -1.04897 0)
(1.96141 -1.02154 0)
(2.16503 -0.902035 0)
(2.38223 -0.790943 0)
(2.77836 -0.44108 0)
(1.46037 1.21624 0)
(1.50078 1.53295 0)
(2.43762 0.243875 0)
(2.24593 0.816446 0)
(2.35336 0.637388 0)
(2.44307 0.207516 0)
(2.43343 -0.0913311 0)
(2.38887 -0.277945 0)
(2.32174 -0.439452 0)
(2.29969 -0.577388 0)
(2.20264 -0.735173 0)
(2.13648 -0.834291 0)
(2.08746 -0.88877 0)
(2.03311 -0.945963 0)
(1.99238 -0.96135 0)
(1.9536 -0.988782 0)
(1.95432 -1.01742 0)
(1.96876 -0.997616 0)
(1.99395 -0.996565 0)
(2.07091 -0.978245 0)
(1.31855 1.50876 0)
(1.63971 1.67725 0)
(2.06621 0.97855 0)
(2.35927 1.28315 0)
(2.56924 0.588218 0)
(2.42089 0.802897 0)
(2.46569 0.506585 0)
(2.46866 0.21091 0)
(2.44862 0.0264514 0)
(2.44903 -0.141347 0)
(2.41073 -0.333511 0)
(2.34945 -0.506762 0)
(2.30653 -0.623831 0)
(2.22748 -0.748567 0)
(2.16379 -0.822331 0)
(2.11144 -0.856779 0)
(2.0614 -0.909592 0)
(2.05628 -0.907194 0)
(2.04232 -0.92528 0)
(2.06231 -0.948593 0)
(1.2685 1.53293 0)
(1.6642 1.68356 0)
(1.96036 1.26292 0)
(2.00782 1.42586 0)
(2.4312 0.86306 0)
(2.50012 1.08876 0)
(2.61904 0.645808 0)
(2.61266 0.317482 0)
(2.59631 0.23215 0)
(2.5741 0.00555073 0)
(2.5614 -0.166605 0)
(2.49744 -0.361037 0)
(2.46087 -0.473686 0)
(2.3868 -0.598201 0)
(2.33412 -0.649109 0)
(2.2948 -0.652828 0)
(2.25639 -0.665244 0)
(2.24739 -0.660876 0)
(2.18069 -0.735861 0)
(2.13471 -0.781191 0)
(1.30234 1.54099 0)
(1.67522 1.73467 0)
(1.92758 1.57971 0)
(2.00201 1.38651 0)
(2.02601 1.38834 0)
(2.30915 1.2245 0)
(2.52572 0.919784 0)
(2.65459 0.498516 0)
(2.65908 0.297791 0)
(2.63741 0.198844 0)
(2.62717 0.0628671 0)
(2.6071 -0.0537747 0)
(2.5815 -0.140703 0)
(2.54722 -0.221234 0)
(2.49529 -0.294679 0)
(2.47276 -0.306366 0)
(2.43388 -0.36459 0)
(2.37786 -0.472089 0)
(2.30191 -0.591517 0)
(2.29501 -0.571583 0)
(1.42202 1.65213 0)
(1.60607 1.899 0)
(1.76573 1.90398 0)
(1.97441 1.50819 0)
(2.02195 1.63661 0)
(2.21546 1.30445 0)
(2.28963 1.40983 0)
(2.42571 1.13113 0)
(2.51235 0.904608 0)
(2.52995 0.839412 0)
(2.57255 0.636758 0)
(2.59778 0.473796 0)
(2.59994 0.309112 0)
(2.62272 0.19267 0)
(2.58033 -0.00485021 0)
(2.59006 -0.0991022 0)
(2.5362 -0.283391 0)
(2.48782 -0.366686 0)
(2.42836 -0.405941 0)
(2.45874 -0.321672 0)
(1.60725 1.7941 0)
(1.63208 2.04894 0)
(1.7186 2.12644 0)
(1.82276 1.94154 0)
(1.97467 1.91443 0)
(2.14971 1.50795 0)
(2.115 1.57357 0)
(2.26967 1.3757 0)
(2.35219 1.2397 0)
(2.41677 1.11684 0)
(2.52343 0.927243 0)
(2.60226 0.718589 0)
(2.64912 0.485378 0)
(2.70594 0.308202 0)
(2.66525 0.0524239 0)
(2.65662 -0.0506163 0)
(2.6253 -0.180615 0)
(2.60092 -0.103985 0)
(2.55219 -0.126231 0)
(2.58705 -0.0452054 0)
(1.68194 1.82786 0)
(1.74957 2.09834 0)
(1.79834 2.20184 0)
(1.79583 2.16396 0)
(1.94656 1.99953 0)
(2.09243 1.66257 0)
(2.14848 1.65399 0)
(2.27032 1.50645 0)
(2.39783 1.40275 0)
(2.53005 1.15104 0)
(2.66363 0.919502 0)
(2.72912 0.669074 0)
(2.74775 0.496077 0)
(2.75351 0.35631 0)
(2.74285 0.25434 0)
(2.72408 0.241186 0)
(2.70093 0.203921 0)
(2.68931 0.275532 0)
(2.64796 0.187157 0)
(2.61858 0.0264145 0)
(1.61309 1.76179 0)
(1.8807 2.10331 0)
(1.95783 2.28761 0)
(1.913 2.30121 0)
(2.07804 2.10464 0)
(2.20486 1.80418 0)
(2.36395 1.67516 0)
(2.49251 1.55366 0)
(2.67167 1.42375 0)
(2.74469 1.13149 0)
(2.78166 1.1347 0)
(2.80171 0.911071 0)
(2.76414 0.890979 0)
(2.75002 0.794775 0)
(2.73367 0.719801 0)
(2.71065 0.638738 0)
(2.70766 0.580704 0)
(2.73867 0.51307 0)
(2.71091 0.308166 0)
(2.68375 0.137173 0)
(1.49685 1.69109 0)
(1.87433 2.10409 0)
(2.06355 2.30882 0)
(2.15159 2.43282 0)
(2.29266 2.24485 0)
(2.35188 2.16497 0)
(2.46914 1.78116 0)
(2.53799 1.6606 0)
(2.58809 1.62047 0)
(2.62044 1.49173 0)
(2.58319 1.51679 0)
(2.62741 1.34125 0)
(2.60848 1.23007 0)
(2.63485 1.14165 0)
(2.66295 0.999888 0)
(2.6951 0.872019 0)
(2.7551 0.76349 0)
(2.78851 0.562112 0)
(2.78961 0.38414 0)
(2.7445 0.308159 0)
(1.33519 1.58993 0)
(1.72303 2.0863 0)
(2.07484 2.34676 0)
(2.19529 2.43521 0)
(2.33013 2.3085 0)
(2.34666 2.23492 0)
(2.40328 1.8818 0)
(2.27431 1.88969 0)
(2.2569 1.8574 0)
(2.29948 1.77186 0)
(2.36336 1.63457 0)
(2.46143 1.52123 0)
(2.52217 1.3452 0)
(2.6356 1.25959 0)
(2.68858 1.10161 0)
(2.76328 0.926869 0)
(2.81602 0.768635 0)
(2.8313 0.576165 0)
(2.76591 0.584075 0)
(2.72007 0.616708 0)
(1.2498 1.46495 0)
(1.5625 1.99344 0)
(1.85152 2.31961 0)
(2.01663 2.43129 0)
(2.22295 2.36202 0)
(2.16946 2.31271 0)
(2.15541 2.04919 0)
(2.02061 1.96319 0)
(2.0145 1.92147 0)
(2.14026 1.83094 0)
(2.27495 1.65908 0)
(2.46485 1.55976 0)
(2.54991 1.4198 0)
(2.70639 1.32817 0)
(2.76079 1.12931 0)
(2.78861 1.02586 0)
(2.75368 1.02474 0)
(2.75697 0.944689 0)
(2.69511 1.07036 0)
(2.68703 0.977482 0)
(1.30357 1.3968 0)
(1.48318 1.83266 0)
(1.70232 2.16033 0)
(1.75978 2.3371 0)
(1.86337 2.35602 0)
(1.96575 2.32446 0)
(1.95721 2.10774 0)
(1.96606 1.96906 0)
(1.96935 1.94924 0)
(2.16778 1.85335 0)
(2.34927 1.6636 0)
(2.50926 1.60771 0)
(2.62111 1.44519 0)
(2.64914 1.43325 0)
(2.65924 1.39481 0)
(2.63213 1.45185 0)
(2.61591 1.42206 0)
(2.62082 1.30357 0)
(2.64306 1.32919 0)
(2.71182 1.13378 0)
(1.3952 1.42021 0)
(1.51169 1.70935 0)
(1.64368 2.00188 0)
(1.70864 2.21835 0)
(1.76948 2.28666 0)
(1.80505 2.27746 0)
(1.87211 2.18126 0)
(1.98865 1.98624 0)
(2.03217 1.97159 0)
(2.2628 1.90297 0)
(2.40475 1.80433 0)
(2.4569 1.80618 0)
(2.49805 1.75509 0)
(2.44875 1.78642 0)
(2.44799 1.7278 0)
(2.47868 1.68871 0)
(2.52419 1.56754 0)
(2.5941 1.46047 0)
(2.67797 1.36876 0)
(2.79885 1.19585 0)
(1.53606 1.3889 0)
(1.60482 1.56024 0)
(1.6764 1.70304 0)
(1.73979 1.9268 0)
(1.81138 2.1244 0)
(1.88501 2.21335 0)
(1.93723 2.26288 0)
(1.98932 2.20189 0)
(1.97643 2.21232 0)
(2.0894 2.10247 0)
(2.12851 2.12883 0)
(2.1935 2.03108 0)
(2.24605 1.94409 0)
(2.27123 1.9055 0)
(2.33203 1.81915 0)
(2.43085 1.77511 0)
(2.51938 1.69671 0)
(2.6178 1.63479 0)
(2.6972 1.55086 0)
(2.75157 1.51675 0)
(1.75815 1.37053 0)
(1.61924 1.40371 0)
(1.63719 1.27962 0)
(1.70867 1.25026 0)
(1.80933 1.20148 0)
(1.892 1.18672 0)
(2.0153 1.52252 0)
(1.89258 1.65149 0)
(1.71702 1.49012 0)
(1.6672 1.1212 0)
(1.78242 1.1766 0)
(1.95043 1.36286 0)
(2.02949 1.46691 0)
(2.05976 1.48145 0)
(2.07207 1.30604 0)
(2.15757 1.11853 0)
(2.24263 1.08788 0)
(2.37753 1.18667 0)
(2.37381 1.17297 0)
(2.35295 1.20668 0)
(1.4936 0.375145 0)
(1.34748 0.560973 0)
(1.37154 0.303025 0)
(1.40253 0.314895 0)
(1.43799 0.157268 0)
(1.59445 0.10865 0)
(1.73122 0.227127 0)
(1.67452 0.297456 0)
(1.55147 0.259583 0)
(1.50129 0.12401 0)
(1.53787 0.109268 0)
(1.58971 0.182219 0)
(1.66526 0.289449 0)
(1.67811 0.300945 0)
(1.66405 0.229635 0)
(1.72162 0.147998 0)
(1.76193 0.152508 0)
(1.7888 0.230058 0)
(1.81968 0.288252 0)
(1.79786 0.254414 0)
(1.95296 -0.226213 0)
(2.01648 -0.118408 0)
(2.06658 -0.0562601 0)
(2.11737 -0.0570048 0)
(2.14078 -0.0269755 0)
(2.17125 -0.0217084 0)
(2.18245 -0.0159197 0)
(2.18147 -0.0147025 0)
(2.18112 -0.00531403 0)
(2.18008 -0.000410342 0)
(2.20066 0.0034378 0)
(2.23061 -0.0106401 0)
(2.2366 -0.0163278 0)
(2.24037 -0.0141382 0)
(2.24677 0.00402761 0)
(2.25162 0.0104998 0)
(2.26483 0.00947707 0)
(2.27309 -0.0028111 0)
(2.27653 -0.00701838 0)
(2.28847 -0.00352758 0)
(2.3169 -0.899783 0)
(2.268 -0.493827 0)
(2.28522 -0.259771 0)
(2.33025 -0.178449 0)
(2.32137 -0.0779391 0)
(2.29599 -0.0508379 0)
(2.25635 -0.0358974 0)
(2.27527 -0.0374394 0)
(2.26605 -0.0293332 0)
(2.25314 -0.0217645 0)
(2.26807 -0.0171097 0)
(2.30208 -0.0161231 0)
(2.31135 -0.019129 0)
(2.30443 -0.0186828 0)
(2.29455 0.00143675 0)
(2.29532 0.0138339 0)
(2.30413 0.0127068 0)
(2.31357 0.00118451 0)
(2.31505 -0.0061618 0)
(2.31649 -0.00761619 0)
(2.6627 -1.50175 0)
(2.63461 -1.35987 0)
(2.63516 -1.03627 0)
(2.64103 -0.82123 0)
(2.58902 -0.496667 0)
(2.6104 -0.317598 0)
(2.49557 -0.0818062 0)
(2.44483 -0.085595 0)
(2.39866 -0.0364912 0)
(2.39978 -0.0219955 0)
(2.4044 -0.031406 0)
(2.41588 -0.0276849 0)
(2.42623 -0.0218779 0)
(2.41152 -0.0213375 0)
(2.39219 -0.00930512 0)
(2.38156 0.00291173 0)
(2.38098 0.0035722 0)
(2.39204 -0.00149485 0)
(2.39292 -0.00452173 0)
(2.38365 -0.00663035 0)
(2.75249 -1.22018 0)
(2.70313 -1.22774 0)
(2.72776 -1.20418 0)
(2.72397 -1.16301 0)
(2.7124 -1.09428 0)
(2.72946 -0.856451 0)
(2.70565 -0.515663 0)
(2.73646 -0.331702 0)
(2.58748 -0.07822 0)
(2.54309 -0.051131 0)
(2.51488 -0.0424675 0)
(2.51373 -0.03118 0)
(2.51938 -0.0315782 0)
(2.52044 -0.0257941 0)
(2.49538 -0.00975761 0)
(2.48721 -0.00487488 0)
(2.48055 -0.00497257 0)
(2.48223 -0.00531649 0)
(2.48015 -0.00427174 0)
(2.46699 -0.00321714 0)
(2.76957 -1.01724 0)
(2.71873 -1.06039 0)
(2.72691 -1.03965 0)
(2.74499 -1.00413 0)
(2.76575 -0.941044 0)
(2.75672 -0.95125 0)
(2.74866 -0.963495 0)
(2.76759 -0.761997 0)
(2.74563 -0.430576 0)
(2.74212 -0.191507 0)
(2.63371 -0.0768889 0)
(2.60203 -0.0197604 0)
(2.57941 -0.0230416 0)
(2.57036 -0.027366 0)
(2.56786 -0.0150214 0)
(2.56407 -0.0129078 0)
(2.5535 -0.0134449 0)
(2.5443 -0.00386631 0)
(2.54089 0.00133441 0)
(2.53174 -0.00146426 0)
(2.74624 -0.90731 0)
(2.72487 -0.906803 0)
(2.7279 -0.930821 0)
(2.76194 -0.912743 0)
(2.79784 -0.863585 0)
(2.80169 -0.832551 0)
(2.78879 -0.845151 0)
(2.75371 -0.933288 0)
(2.73502 -0.83693 0)
(2.75311 -0.52301 0)
(2.72509 -0.244834 0)
(2.63659 -0.0199363 0)
(2.6051 -0.000458136 0)
(2.5897 -0.0289587 0)
(2.5979 -0.0272365 0)
(2.59317 -0.0243917 0)
(2.5797 -0.0174648 0)
(2.57012 0.00056634 0)
(2.56796 0.00559654 0)
(2.5641 0.000457936 0)
(2.72778 -0.706976 0)
(2.73047 -0.756139 0)
(2.73215 -0.769385 0)
(2.77174 -0.739318 0)
(2.81177 -0.756557 0)
(2.81427 -0.762379 0)
(2.80653 -0.769484 0)
(2.75939 -0.803372 0)
(2.73136 -0.843315 0)
(2.71796 -0.817835 0)
(2.70699 -0.631567 0)
(2.66516 -0.335737 0)
(2.59269 -0.0500966 0)
(2.59199 -0.0470114 0)
(2.60624 -0.0421891 0)
(2.59529 -0.0338347 0)
(2.58284 -0.0213613 0)
(2.578 0.00534228 0)
(2.5786 0.00656164 0)
(2.57392 -0.00289996 0)
(2.70324 -0.479438 0)
(2.72784 -0.609728 0)
(2.73248 -0.659956 0)
(2.76007 -0.685092 0)
(2.81064 -0.695593 0)
(2.81972 -0.68889 0)
(2.80131 -0.689346 0)
(2.76242 -0.702707 0)
(2.7178 -0.745177 0)
(2.69752 -0.762295 0)
(2.71306 -0.7551 0)
(2.70233 -0.639932 0)
(2.64859 -0.382908 0)
(2.59121 -0.0908046 0)
(2.60398 -0.033466 0)
(2.59206 -0.0290473 0)
(2.58729 -0.0163935 0)
(2.58624 0.00592107 0)
(2.58118 2.51933e-05 0)
(2.57338 -0.00775345 0)
(2.67819 -0.247014 0)
(2.71929 -0.417423 0)
(2.74256 -0.5035 0)
(2.74576 -0.535844 0)
(2.77503 -0.587813 0)
(2.79531 -0.606957 0)
(2.76335 -0.599453 0)
(2.74808 -0.617763 0)
(2.71537 -0.654728 0)
(2.68649 -0.657153 0)
(2.71373 -0.709485 0)
(2.73249 -0.711381 0)
(2.712 -0.653494 0)
(2.65926 -0.41135 0)
(2.60821 -0.135935 0)
(2.60874 -0.0603815 0)
(2.60057 -0.0112743 0)
(2.58942 0.00141826 0)
(2.56432 -0.0166205 0)
(2.57085 -0.00934047 0)
(2.63418 -0.0914598 0)
(2.70756 -0.266933 0)
(2.73086 -0.362664 0)
(2.71203 -0.425798 0)
(2.72239 -0.506534 0)
(2.74567 -0.527425 0)
(2.72471 -0.544318 0)
(2.71242 -0.57046 0)
(2.70187 -0.594943 0)
(2.6953 -0.621689 0)
(2.71525 -0.636479 0)
(2.74149 -0.667996 0)
(2.72855 -0.687034 0)
(2.70594 -0.649904 0)
(2.66431 -0.417333 0)
(2.6485 -0.159182 0)
(2.6216 0.0235569 0)
(2.57878 -0.00346427 0)
(2.56098 -0.0194884 0)
(2.5782 -0.0090918 0)
(2.50828 0.161735 0)
(2.55379 0.108739 0)
(2.56259 -0.028463 0)
(2.64065 -0.24092 0)
(2.65809 -0.350864 0)
(2.6793 -0.375397 0)
(2.66926 -0.376559 0)
(2.61406 -0.404028 0)
(2.64289 -0.443249 0)
(2.68673 -0.495994 0)
(2.71474 -0.554781 0)
(2.73227 -0.570223 0)
(2.73121 -0.613779 0)
(2.73665 -0.648396 0)
(2.72857 -0.617459 0)
(2.71302 -0.435815 0)
(2.69469 -0.215519 0)
(2.67902 -0.126746 0)
(2.65918 -0.0334766 0)
(2.62334 -0.00377356 0)
(2.34702 0.563115 0)
(2.46461 0.292833 0)
(2.48692 0.226364 0)
(2.56874 0.0251238 0)
(2.63662 -0.225355 0)
(2.64328 -0.296425 0)
(2.66868 -0.327003 0)
(2.67266 -0.411212 0)
(2.67562 -0.430871 0)
(2.69289 -0.398915 0)
(2.7091 -0.424211 0)
(2.72971 -0.47546 0)
(2.73411 -0.535755 0)
(2.74568 -0.562932 0)
(2.78202 -0.549057 0)
(2.78427 -0.554175 0)
(2.77663 -0.496299 0)
(2.76405 -0.327183 0)
(2.75801 -0.18047 0)
(2.71594 -0.0463985 0)
(2.346 0.71014 0)
(2.37893 0.617825 0)
(2.47416 0.371376 0)
(2.50827 0.294153 0)
(2.53776 0.165242 0)
(2.60047 -0.0106118 0)
(2.64711 -0.0960661 0)
(2.68423 -0.195132 0)
(2.6611 -0.205284 0)
(2.68095 -0.27748 0)
(2.71396 -0.35618 0)
(2.73969 -0.387865 0)
(2.76951 -0.427222 0)
(2.78859 -0.461564 0)
(2.80014 -0.472775 0)
(2.81926 -0.504793 0)
(2.82477 -0.514749 0)
(2.82299 -0.518969 0)
(2.82882 -0.451012 0)
(2.80219 -0.207207 0)
(2.43354 0.685674 0)
(2.4319 0.679419 0)
(2.43533 0.639063 0)
(2.46413 0.545232 0)
(2.53977 0.345249 0)
(2.58261 0.220999 0)
(2.62478 0.091759 0)
(2.68131 -0.068668 0)
(2.67904 -0.119262 0)
(2.71234 -0.237008 0)
(2.73457 -0.316229 0)
(2.76751 -0.333832 0)
(2.80597 -0.373793 0)
(2.81407 -0.336678 0)
(2.79425 -0.353796 0)
(2.81615 -0.41639 0)
(2.84277 -0.47405 0)
(2.84324 -0.510177 0)
(2.87761 -0.49745 0)
(2.88647 -0.420509 0)
(2.72235 0.441416 0)
(2.60015 0.600301 0)
(2.51857 0.630874 0)
(2.51748 0.621013 0)
(2.527 0.573852 0)
(2.56865 0.455263 0)
(2.61293 0.315972 0)
(2.66744 0.155417 0)
(2.69636 0.0683702 0)
(2.71665 0.00713664 0)
(2.73123 -0.0616965 0)
(2.75172 -0.106754 0)
(2.76232 -0.148906 0)
(2.8043 -0.218315 0)
(2.81862 -0.287206 0)
(2.84238 -0.336184 0)
(2.86578 -0.376918 0)
(2.88573 -0.394158 0)
(2.91864 -0.41008 0)
(2.92382 -0.417787 0)
(2.96822 0.0714735 0)
(2.85138 0.307978 0)
(2.73315 0.477782 0)
(2.61101 0.582046 0)
(2.60949 0.581312 0)
(2.61073 0.563202 0)
(2.61934 0.515852 0)
(2.65468 0.414391 0)
(2.70655 0.257585 0)
(2.72975 0.18368 0)
(2.77661 0.0359363 0)
(2.7921 -0.0534144 0)
(2.80569 -0.132143 0)
(2.83402 -0.22395 0)
(2.85665 -0.274995 0)
(2.88931 -0.283033 0)
(2.90704 -0.296818 0)
(2.91552 -0.323878 0)
(2.91878 -0.323365 0)
(2.94005 -0.383172 0)
(2.99894 0.00348951 0)
(2.98581 0.0358892 0)
(2.94815 0.136505 0)
(2.82129 0.373246 0)
(2.75057 0.481571 0)
(2.66804 0.551512 0)
(2.66649 0.551343 0)
(2.67034 0.534004 0)
(2.68544 0.484098 0)
(2.7228 0.382132 0)
(2.75948 0.277255 0)
(2.79573 0.146674 0)
(2.81104 0.0970066 0)
(2.82926 0.0282099 0)
(2.84925 -0.0477596 0)
(2.85878 -0.0457118 0)
(2.87966 -0.0927721 0)
(2.88499 -0.168282 0)
(2.91418 -0.250077 0)
(2.94343 -0.300536 0)
(2.99998 7.17444e-05 0)
(2.99964 0.000916147 0)
(2.99743 0.00757814 0)
(2.97493 0.0640132 0)
(2.93039 0.179103 0)
(2.83145 0.370088 0)
(2.76736 0.478152 0)
(2.71415 0.522182 0)
(2.71436 0.519357 0)
(2.71995 0.502064 0)
(2.73617 0.458576 0)
(2.77269 0.362401 0)
(2.80636 0.261027 0)
(2.83206 0.183705 0)
(2.87494 0.0431694 0)
(2.88593 -0.0390109 0)
(2.89971 -0.0920902 0)
(2.91996 -0.181044 0)
(2.93597 -0.235904 0)
(2.96432 -0.267123 0)
(3 1.09598e-06 0)
(3 9.70852e-06 0)
(2.99995 0.000113704 0)
(2.99919 0.0019657 0)
(2.99474 0.0142917 0)
(2.9709 0.0734392 0)
(2.91605 0.207819 0)
(2.84433 0.356667 0)
(2.79482 0.449636 0)
(2.75202 0.495174 0)
(2.75252 0.492948 0)
(2.75835 0.477427 0)
(2.7749 0.435149 0)
(2.80603 0.358638 0)
(2.83614 0.272044 0)
(2.86833 0.162393 0)
(2.88997 0.0971822 0)
(2.90704 0.0417946 0)
(2.91168 0.00767404 0)
(2.9289 -0.0599034 0)
(3 1.25717e-08 0)
(3 8.21311e-08 0)
(3 9.34091e-07 0)
(2.99999 2.04145e-05 0)
(2.99989 0.000254883 0)
(2.99882 0.00281039 0)
(2.99187 0.0200656 0)
(2.96957 0.0771273 0)
(2.91839 0.205178 0)
(2.85506 0.343255 0)
(2.81913 0.414303 0)
(2.7827 0.465932 0)
(2.78331 0.465114 0)
(2.78831 0.454189 0)
(2.80444 0.417142 0)
(2.82834 0.357777 0)
(2.86376 0.260081 0)
(2.89457 0.170814 0)
(2.91704 0.0912558 0)
(2.94396 -0.0295245 0)
(3 1.06973e-10 0)
(3 6.42238e-10 0)
(3 6.39905e-09 0)
(3 1.42264e-07 0)
(3 2.12501e-06 0)
(2.99998 3.31241e-05 0)
(2.99982 0.000421892 0)
(2.99862 0.00334184 0)
(2.99129 0.0208485 0)
(2.96763 0.0796206 0)
(2.93061 0.17545 0)
(2.86053 0.339379 0)
(2.83949 0.379685 0)
(2.80876 0.433309 0)
(2.80869 0.43558 0)
(2.81195 0.429657 0)
(2.82436 0.402302 0)
(2.84527 0.353225 0)
(2.87718 0.269397 0)
(2.91194 0.16022 0)
(3 7.07128e-13 0)
(3 4.47556e-12 0)
(3 4.02223e-11 0)
(3 8.54237e-10 0)
(3 1.36671e-08 0)
(3 2.4797e-07 0)
(3 3.66279e-06 0)
(2.99998 4.31607e-05 0)
(2.99979 0.000451811 0)
(2.99839 0.0038817 0)
(2.99289 0.0168621 0)
(2.96637 0.082267 0)
(2.94377 0.145787 0)
(2.87785 0.301856 0)
(2.84692 0.368246 0)
(2.82854 0.404106 0)
(2.82904 0.405017 0)
(2.83132 0.402102 0)
(2.83938 0.387684 0)
(2.86965 0.314673 0)
(3 3.09715e-15 0)
(3 2.92928e-14 0)
(3 2.35401e-13 0)
(3 4.625e-12 0)
(3 7.81418e-11 0)
(3 1.52196e-09 0)
(3 2.42429e-08 0)
(3 3.17185e-07 0)
(3 4.37589e-06 0)
(2.99998 4.9073e-05 0)
(2.99981 0.000410069 0)
(2.99835 0.00375619 0)
(2.99409 0.0148008 0)
(2.97279 0.0651724 0)
(2.94172 0.141345 0)
(2.90338 0.238293 0)
(2.85789 0.353487 0)
(2.8429 0.376929 0)
(2.84456 0.382535 0)
(2.85062 0.372262 0)
(3 -3.05028e-15 0)
(3 -5.24395e-15 0)
(3 -4.71271e-15 0)
(3 1.85366e-14 0)
(3 3.96352e-13 0)
(3 8.34296e-12 0)
(3 1.38154e-10 0)
(3 1.95236e-09 0)
(3 3.06672e-08 0)
(3 3.52874e-07 0)
(3 4.29141e-06 0)
(2.99998 4.55562e-05 0)
(2.99984 0.000373963 0)
(2.99879 0.00260372 0)
(2.99411 0.0141979 0)
(2.98084 0.045973 0)
(2.94868 0.125425 0)
(2.91776 0.204327 0)
(2.88272 0.30943 0)
(2.87328 0.34726 0)
(3 -7.37871e-16 0)
(3 -1.64666e-15 0)
(3 -2.0252e-15 0)
(3 -2.12065e-15 0)
(3 -7.75287e-16 0)
(3 3.43299e-14 0)
(3 6.37469e-13 0)
(3 9.35394e-12 0)
(3 1.57598e-10 0)
(3 1.94006e-09 0)
(3 2.5124e-08 0)
(3 3.09196e-07 0)
(3 2.92677e-06 0)
(2.99998 3.04126e-05 0)
(2.99984 0.00026312 0)
(2.99903 0.00148464 0)
(2.99427 0.0091573 0)
(2.98106 0.0275422 0)
(2.94828 0.0807027 0)
(2.88058 0.153788 0)
(2.41485 0.399882 0)
(2.26927 0.709635 0)
(2.34111 0.735934 0)
(2.54845 0.602191 0)
(2.85813 0.241595 0)
(2.98692 0.0323127 0)
(2.99955 0.00158781 0)
(2.99999 3.91324e-05 0)
(3 5.91388e-07 0)
(3 5.9904e-09 0)
(3 4.30942e-11 0)
(3 2.3299e-13 0)
(3 -4.45424e-16 0)
(3 -4.74455e-15 0)
(3 -4.52206e-16 0)
(2.28932 0.639487 0)
(2.25898 0.786194 0)
(2.40128 0.739145 0)
(2.78068 0.372375 0)
(2.99027 0.0348316 0)
(3.00005 0.000450586 0)
(3 -1.2934e-06 0)
(3 -8.50459e-08 0)
(3 -1.55554e-08 0)
(3 -6.43689e-10 0)
(3 -8.39724e-12 0)
(3 -5.83454e-14 0)
(3 -1.93103e-15 0)
(3 -5.13295e-15 0)
(3 -9.39606e-16 0)
(2.20023 0.815667 0)
(2.25179 0.804983 0)
(2.58495 0.558001 0)
(2.94316 0.119671 0)
(2.99889 0.00508365 0)
(2.99999 7.27155e-05 0)
(3 8.86501e-07 0)
(3 1.13261e-08 0)
(3 4.98383e-11 0)
(3 4.25893e-13 0)
(3 1.0779e-14 0)
(3 2.93331e-15 0)
(3 -1.74214e-15 0)
(3 -5.39289e-15 0)
(3 -1.38928e-15 0)
(2.17367 0.88208 0)
(2.41076 0.74627 0)
(2.84466 0.274409 0)
(2.99545 0.0157162 0)
(3 8.68472e-05 0)
(3 -1.03449e-06 0)
(3 -7.33497e-09 0)
(3 -1.40416e-09 0)
(3 -7.15464e-11 0)
(3 -1.10468e-12 0)
(3 -8.36273e-15 0)
(3 2.2796e-15 0)
(3 -2.12349e-15 0)
(3 -5.51292e-15 0)
(3 -1.4679e-15 0)
(2.17748 0.897459 0)
(2.66556 0.454866 0)
(2.98513 0.0340009 0)
(3 0.000372528 0)
(3 2.55961e-06 0)
(3 2.69232e-09 0)
(3 -6.48417e-10 0)
(3 -8.31244e-12 0)
(3 7.66504e-14 0)
(3 6.70534e-15 0)
(3 1.34694e-15 0)
(3 2.16805e-15 0)
(3 -2.50243e-15 0)
(3 -5.77936e-15 0)
(3 -1.52365e-15 0)
(2.57161 0.574331 0)
(2.99119 0.0376917 0)
(3.00022 0.000378963 0)
(3 -8.5189e-07 0)
(3 -2.05249e-07 0)
(3 -1.38143e-08 0)
(3 -1.87116e-10 0)
(3 -6.4917e-13 0)
(3 -2.07917e-15 0)
(3 -3.60979e-15 0)
(3 8.35275e-16 0)
(3 2.14567e-15 0)
(3 -2.74832e-15 0)
(3 -6.65067e-15 0)
(3 -1.60706e-15 0)
(2.99318 0.0502207 0)
(2.99998 0.00110561 0)
(3 -1.39832e-06 0)
(3 -4.5198e-07 0)
(3 -5.41898e-09 0)
(3 9.78639e-12 0)
(3 2.36486e-12 0)
(3 1.27357e-13 0)
(3 9.76242e-16 0)
(3 -3.28442e-15 0)
(3 1.41996e-15 0)
(3 2.26805e-15 0)
(3 -3.11628e-15 0)
(3 -6.79033e-15 0)
(3 -1.65402e-15 0)
(3.00075 -0.00154544 0)
(3.00004 -0.000107767 0)
(3 -3.49703e-06 0)
(3 4.25412e-09 0)
(3 7.57192e-11 0)
(3 3.29158e-12 0)
(3 -2.06957e-14 0)
(3 7.66162e-16 0)
(3 -1.00064e-15 0)
(3 -3.55811e-15 0)
(3 1.56937e-15 0)
(3 2.1168e-15 0)
(3 -3.44067e-15 0)
(3 -6.61355e-15 0)
(3 -1.45577e-15 0)
(3.00001 -2.16194e-05 0)
(3 1.20289e-07 0)
(3 2.38277e-08 0)
(3 1.16158e-09 0)
(3 1.25252e-11 0)
(3 6.04375e-14 0)
(3 -2.01607e-15 0)
(3 2.58807e-15 0)
(3 -1.06354e-15 0)
(3 -3.62702e-15 0)
(3 2.08966e-15 0)
(3 1.82259e-15 0)
(3 -4.11575e-15 0)
(3 -6.12096e-15 0)
(3 -1.35737e-15 0)
(3 1.23672e-06 0)
(3 1.4299e-08 0)
(3 -7.63405e-11 0)
(3 -1.26213e-11 0)
(3 -3.99116e-13 0)
(3 -8.21963e-15 0)
(3 -3.62407e-15 0)
(3 2.30443e-15 0)
(3 -1.26647e-15 0)
(3 -3.63518e-15 0)
(3 2.28696e-15 0)
(3 1.3644e-15 0)
(3 -3.89431e-15 0)
(3 -5.84519e-15 0)
(3 -1.26566e-15 0)
(3 -1.64497e-16 0)
(3 -1.0157e-15 0)
(3 1.07896e-15 0)
(3 1.94319e-15 0)
(3 -7.18276e-16 0)
(3 -4.22497e-15 0)
(3 -2.96262e-15 0)
(3 1.86558e-15 0)
(3 -1.62037e-15 0)
(3 -3.49037e-15 0)
(3 2.4617e-15 0)
(3 1.09104e-15 0)
(3 -3.78504e-15 0)
(3 -5.33719e-15 0)
(3 -1.25068e-15 0)
(3 -2.27112e-15 0)
(3 -1.19267e-16 0)
(3 1.1658e-15 0)
(3 3.36639e-15 0)
(3 1.3832e-16 0)
(3 -4.9983e-15 0)
(3 -3.253e-15 0)
(3 1.26081e-15 0)
(3 -1.75233e-15 0)
(3 -3.55687e-15 0)
(3 2.6924e-15 0)
(3 8.67436e-16 0)
(3 -3.37165e-15 0)
(3 -5.16654e-15 0)
(3 -1.38989e-15 0)
(3 -2.41961e-15 0)
(3 3.76906e-16 0)
(3 1.52187e-15 0)
(3 3.96068e-15 0)
(3 6.28441e-16 0)
(3 -4.10325e-15 0)
(3 -3.53188e-15 0)
(3 1.18507e-15 0)
(3 -1.88177e-15 0)
(3 -3.2756e-15 0)
(3 2.79536e-15 0)
(3 7.10727e-16 0)
(3 -3.09992e-15 0)
(3 -4.8864e-15 0)
(3 -1.57909e-15 0)
(3 -3.16941e-15 0)
(3 8.03108e-16 0)
(3 2.00475e-15 0)
(3 3.85629e-15 0)
(3 1.24064e-15 0)
(3 -2.38023e-15 0)
(3 -3.25962e-15 0)
(3 8.90529e-16 0)
(3 -2.25926e-15 0)
(3 -3.26746e-15 0)
(3 2.86166e-15 0)
(3 7.16218e-16 0)
(3 -2.87137e-15 0)
(3 -4.77043e-15 0)
(3 -1.65008e-15 0)
(3 -3.37644e-15 0)
(3 4.61797e-16 0)
(3 2.34144e-15 0)
(3 3.10395e-15 0)
(3 1.33257e-15 0)
(3 -1.29721e-15 0)
(3 -2.94578e-15 0)
(3 6.5247e-16 0)
(3 -2.91571e-15 0)
(3 -3.27415e-15 0)
(3 2.93636e-15 0)
(3 8.54116e-16 0)
(3 -2.83119e-15 0)
(3 -4.62249e-15 0)
(3 -1.70154e-15 0)
(3 -3.71546e-15 0)
(3 1.14099e-16 0)
(3 2.37615e-15 0)
(3 2.41057e-15 0)
(3 1.08861e-15 0)
(3 -9.36228e-16 0)
(3 -2.74639e-15 0)
(3 3.48012e-17 0)
(3 -2.77589e-15 0)
(3 -3.18889e-15 0)
(3 2.60967e-15 0)
(3 1.02167e-15 0)
(3 -2.89621e-15 0)
(3 -4.57344e-15 0)
(3 -1.70188e-15 0)
(3 -4.62639e-15 0)
(3 -7.54668e-16 0)
(3 1.86946e-15 0)
(3 2.27473e-15 0)
(3 1.2307e-15 0)
(3 -3.06088e-16 0)
(3 -1.39578e-15 0)
(3 4.12431e-16 0)
(3 -2.89955e-15 0)
(3 -2.80717e-15 0)
(3 2.00642e-15 0)
(3 1.25479e-15 0)
(3 -2.62712e-15 0)
(3 -4.68144e-15 0)
(3 -1.72132e-15 0)
(3 -5.35847e-15 0)
(3 -1.14855e-15 0)
(3 1.14065e-15 0)
(3 2.15248e-15 0)
(3 1.56489e-15 0)
(3 1.66396e-16 0)
(3 -5.73886e-17 0)
(3 5.43904e-16 0)
(3 -3.02376e-15 0)
(3 -3.01398e-15 0)
(3 1.55179e-15 0)
(3 1.4998e-15 0)
(3 -2.37949e-15 0)
(3 -4.58709e-15 0)
(3 -1.62814e-15 0)
(3 -6.19427e-15 0)
(3 -1.94776e-15 0)
(3 3.54984e-16 0)
(3 1.36675e-15 0)
(3 1.65241e-15 0)
(3 2.01006e-15 0)
(3 -3.41627e-16 0)
(3 5.0562e-16 0)
(3 -2.71814e-15 0)
(3 -2.78248e-15 0)
(3 9.79042e-16 0)
(3 9.7335e-16 0)
(3 -2.12486e-15 0)
(3 -4.36277e-15 0)
(3 -1.48189e-15 0)
(3 -6.82592e-15 0)
(3 -2.80797e-15 0)
(3 1.27722e-16 0)
(3 6.6724e-16 0)
(3 1.63801e-15 0)
(3 2.28202e-15 0)
(3 1.19565e-15 0)
(3 6.52121e-16 0)
(3 -2.64793e-15 0)
(3 -2.48986e-15 0)
(3 1.11036e-16 0)
(3 9.60935e-16 0)
(3 -1.81142e-15 0)
(3 -4.0627e-15 0)
(3 -1.35311e-15 0)
(3 -8.33325e-15 0)
(3 -3.47236e-15 0)
(3 -1.06845e-16 0)
(3 1.82878e-16 0)
(3 1.01595e-15 0)
(3 2.68562e-15 0)
(3 1.75081e-15 0)
(3 2.79734e-16 0)
(3 -1.24573e-15 0)
(3 -2.42297e-15 0)
(3 -7.97864e-16 0)
(3 1.11135e-15 0)
(3 -1.60017e-15 0)
(3 -3.88964e-15 0)
(3 -1.26269e-15 0)
(3 -6.64038e-15 0)
(3 -2.95502e-15 0)
(3 -1.80206e-16 0)
(3 -1.75004e-16 0)
(3 6.01198e-16 0)
(3 3.29476e-15 0)
(3 2.55387e-15 0)
(3 -5.23967e-17 0)
(3 -6.77354e-16 0)
(3 7.95381e-16 0)
(3 -1.6e-15 0)
(3 2.35024e-16 0)
(3 -1.66731e-15 0)
(3 -3.42002e-15 0)
(3 -1.07542e-15 0)
(3 -5.65514e-15 0)
(3 -3.55643e-15 0)
(3 -1.63501e-15 0)
(3 -2.75826e-16 0)
(3 1.36674e-15 0)
(3 3.89081e-15 0)
(3 2.87278e-15 0)
(3 3.53114e-16 0)
(3 5.30407e-16 0)
(3 7.8127e-16 0)
(3 -3.12367e-15 0)
(3 -8.7692e-16 0)
(3 -1.83137e-15 0)
(3 -3.03901e-15 0)
(3 -1.1563e-15 0)
(3 -5.66529e-15 0)
(3 -4.59884e-15 0)
(3 -2.25164e-15 0)
(3 -1.36192e-16 0)
(3 3.30427e-15 0)
(3 4.79413e-15 0)
(3 1.98301e-15 0)
(3 2.17682e-16 0)
(3 1.59485e-15 0)
(3 1.70055e-15 0)
(3 -3.39203e-15 0)
(3 -2.3221e-15 0)
(3 -1.89372e-15 0)
(3 -3.22638e-15 0)
(3 -1.19752e-15 0)
(3 -4.28816e-15 0)
(3 -5.07416e-15 0)
(3 -2.0818e-15 0)
(3 -4.0736e-16 0)
(3 8.98358e-16 0)
(3 6.32548e-15 0)
(3 3.69726e-15 0)
(3 6.46994e-16 0)
(3 1.5641e-15 0)
(3 3.3018e-15 0)
(3 -3.83288e-15 0)
(3 -2.37174e-15 0)
(3 -1.59241e-15 0)
(3 -3.56325e-15 0)
(3 -1.79346e-15 0)
(3 -3.68892e-15 0)
(3 -1.25753e-15 0)
(3 -2.52782e-15 0)
(3 -1.066e-15 0)
(3 9.77696e-16 0)
(3 4.5753e-15 0)
(3 4.26614e-15 0)
(3 2.31805e-16 0)
(3 2.71921e-15 0)
(3 3.22639e-15 0)
(3 -4.96552e-15 0)
(3 -2.17128e-15 0)
(3 -6.42601e-16 0)
(3 -3.80081e-15 0)
(3 -2.56165e-15 0)
(3 -5.45902e-15 0)
(3 -1.31213e-15 0)
(3 2.82938e-15 0)
(3 8.30477e-16 0)
(3 4.49963e-16 0)
(3 3.66192e-15 0)
(3 2.90543e-15 0)
(3 1.52664e-16 0)
(3 2.96371e-15 0)
(3 3.42046e-15 0)
(3 -3.99833e-15 0)
(3 -3.42079e-15 0)
(3 -8.80751e-16 0)
(3 -2.14061e-15 0)
(3 -3.39319e-15 0)
(3 -8.81775e-15 0)
(3 -2.32373e-15 0)
(3 4.22334e-15 0)
(3 4.10634e-15 0)
(3 2.69124e-15 0)
(3 2.89297e-15 0)
(3 1.44026e-15 0)
(3 6.42183e-16 0)
(3 4.75511e-15 0)
(3 2.06799e-15 0)
(3 -4.39545e-15 0)
(3 -4.55832e-15 0)
(3 1.20215e-15 0)
(3 -7.85311e-16 0)
(3 -5.03297e-15 0)
(3 -6.63288e-15 0)
(3 -3.22918e-15 0)
(3 -4.37789e-16 0)
(3 3.96849e-15 0)
(3 3.66768e-15 0)
(3 5.48439e-15 0)
(3 1.13815e-15 0)
(3 -2.10403e-15 0)
(3 1.99987e-15 0)
(3 2.74517e-15 0)
(3 -4.38218e-15 0)
(3 -4.61335e-15 0)
(3 4.08757e-15 0)
(3 -1.64474e-15 0)
(3 -6.36269e-15 0)
(3 -3.58528e-15 0)
(3 -1.50141e-15 0)
(3 -2.74477e-15 0)
(3 1.33538e-15 0)
(3 3.89907e-15 0)
(3 5.90236e-15 0)
(3 1.72235e-15 0)
(3 -2.09813e-15 0)
(3 -6.54279e-16 0)
(3 1.07176e-15 0)
(3 1.43078e-16 0)
(3 -2.39704e-15 0)
(3 1.72997e-15 0)
(3 -5.08937e-16 0)
(3 -2.1054e-15 0)
(3 -5.96333e-15 0)
(3 -5.60006e-15 0)
(3 -3.34333e-15 0)
(3 -1.68472e-15 0)
(3 4.99145e-16 0)
(3 -3.8155e-15 0)
(3 -4.43786e-15 0)
(3 -3.98361e-15 0)
(3 -6.7251e-15 0)
(3 -7.36689e-15 0)
(3 -2.72622e-15 0)
(3 -1.39943e-15 0)
(3 -1.02363e-15 0)
(3 -1.58545e-15 0)
(3 -2.67006e-15 0)
(3 -3.85229e-15 0)
(3 -3.98437e-15 0)
(3 -4.83457e-15 0)
(3 -3.42892e-15 0)
(3 -5.21386e-15 0)
(3 -1.15808e-15 0)
(3 -2.24714e-16 0)
(3 -2.77116e-16 0)
(3 -1.48158e-15 0)
(3 -3.35226e-15 0)
(3 -3.83049e-15 0)
(3 -3.05798e-15 0)
(3 -5.23111e-15 0)
(3 -3.6021e-15 0)
(3 -4.05796e-15 0)
(3 -4.05424e-16 0)
(3 -1.05557e-15 0)
(3 -1.69292e-15 0)
(3 -2.45929e-15 0)
(3 -3.31126e-15 0)
(3 -2.17784e-15 0)
(3 -1.77327e-15 0)
(3 -4.20319e-15 0)
(3 -5.34233e-15 0)
(3 -6.32886e-15 0)
(3 4.50894e-16 0)
(3 5.12964e-18 0)
(3 -1.59301e-15 0)
(3 -2.39556e-15 0)
(3 -3.39088e-15 0)
(3 -2.33458e-15 0)
(3 -1.64703e-15 0)
(3 -3.60665e-15 0)
(3 -5.55988e-15 0)
(3 -4.78896e-15 0)
(3 3.25694e-16 0)
(3 8.59766e-16 0)
(3 6.24059e-16 0)
(3 6.88359e-16 0)
(3 8.5529e-16 0)
(3 -2.52621e-15 0)
(3 -3.18879e-15 0)
(3 -4.64174e-15 0)
(3 -5.26993e-15 0)
(3 -5.46336e-16 0)
(3 1.33919e-15 0)
(3 6.46837e-16 0)
(3 1.05706e-15 0)
(3 1.55787e-15 0)
(3 2.47892e-15 0)
(3 -2.08073e-15 0)
(3 -5.27764e-15 0)
(3 -5.81797e-15 0)
(3 -3.12028e-15 0)
(3 3.31209e-18 0)
(3 3.54539e-15 0)
(3 3.99521e-15 0)
(3 4.13856e-15 0)
(3 3.96788e-15 0)
(3 5.28245e-15 0)
(3 2.71302e-15 0)
(3 -5.0177e-15 0)
(3 -2.394e-15 0)
(3 -1.8451e-15 0)
(3 -1.14805e-15 0)
(3 3.24723e-15 0)
(3 5.49358e-15 0)
(3 5.74609e-15 0)
(3 5.6809e-15 0)
(3 5.03251e-15 0)
(3 2.82302e-15 0)
(3 -1.39125e-15 0)
(3 2.15009e-15 0)
(3 8.61491e-16 0)
(3 -2.80314e-15 0)
(3 1.08533e-15 0)
(3 2.27824e-15 0)
(3 3.55398e-15 0)
(3 4.46029e-15 0)
(3 2.71707e-15 0)
(3 2.0526e-15 0)
(3 1.79738e-16 0)
(3 -1.55139e-15 0)
(3 7.03321e-17 0)
(3 1.71388e-15 0)
(3 6.23478e-16 0)
(3 -7.57973e-16 0)
(3 1.31044e-16 0)
(3 1.73327e-15 0)
(3 -5.48971e-16 0)
(3 -1.16331e-16 0)
(3 8.84035e-16 0)
(3 -3.79528e-15 0)
(3 -1.51743e-15 0)
(3 6.7001e-15 0)
(3 -1.73743e-15 0)
(3 -2.0447e-15 0)
(3 -1.41022e-15 0)
(3 -1.18837e-15 0)
(3 -1.49108e-15 0)
(3 -1.53982e-15 0)
(3 2.37693e-16 0)
(3 1.5153e-15 0)
(3 2.93785e-15 0)
(3 2.63507e-15 0)
(3 -2.33791e-15 0)
(3 -1.68888e-15 0)
(3 -1.8812e-15 0)
(3 -3.1399e-15 0)
(3 -2.09336e-15 0)
(3 1.37768e-16 0)
(3 3.09323e-15 0)
(3 6.53934e-15 0)
(3 2.27004e-15 0)
(3 -1.99288e-16 0)
(3 -2.30822e-17 0)
(3 -1.22652e-15 0)
(3 -1.59333e-15 0)
(3 -2.48556e-15 0)
(3 -2.46488e-15 0)
(3 4.65733e-16 0)
(3 4.61497e-15 0)
(3 5.11337e-15 0)
(3 3.21751e-15 0)
(3 -1.7224e-16 0)
(3 -5.15763e-16 0)
(3 3.88017e-16 0)
(3 -4.43058e-16 0)
(3 -1.05486e-15 0)
(3 -1.37283e-15 0)
(3 8.77343e-16 0)
(3 1.78309e-15 0)
(3 3.77966e-15 0)
(3 5.25239e-15 0)
(3 -4.1332e-18 0)
(3 -1.54358e-15 0)
(3 -1.62838e-15 0)
(3 -1.97792e-15 0)
(3 -4.47422e-16 0)
(3 8.33325e-16 0)
(3 2.45464e-15 0)
(3 3.04801e-15 0)
(3 4.10426e-15 0)
(3 5.18761e-15 0)
(3 9.53134e-16 0)
(3 1.35505e-15 0)
(3 -6.38712e-17 0)
(3 2.54772e-15 0)
(3 2.45297e-15 0)
(3 3.06762e-15 0)
(3 3.9466e-15 0)
(3 4.02503e-15 0)
(3 4.22449e-15 0)
(3 2.03679e-15 0)
(3 8.76457e-16 0)
(3 3.98562e-15 0)
(3 4.00562e-15 0)
(3 4.98443e-15 0)
(3 3.70964e-15 0)
(3 4.5307e-15 0)
(3 4.88406e-15 0)
(3 1.84176e-15 0)
(3 2.42932e-15 0)
(3 -4.62215e-16 0)
(3 1.07803e-16 0)
(3 2.86563e-15 0)
(3 4.66972e-15 0)
(3 5.00639e-15 0)
(3 6.5304e-15 0)
(3 8.44599e-15 0)
(3 5.92014e-15 0)
(3 6.4789e-16 0)
(3 1.85126e-15 0)
(3 1.61735e-16 0)
(3 1.64566e-15 0)
(3 6.53102e-15 0)
(3 6.35731e-15 0)
(3 6.31037e-15 0)
(3 8.27897e-15 0)
(3 8.38689e-15 0)
(3 5.68311e-15 0)
(3 4.99349e-15 0)
(3 6.50918e-15 0)
(3 2.58865e-15 0)
(3 4.87957e-15 0)
(3 5.85491e-15 0)
(3 5.56359e-15 0)
(3 6.01524e-15 0)
(3 5.10525e-15 0)
(3 2.61701e-15 0)
(3 1.94032e-15 0)
(3 3.92298e-15 0)
(3 3.77786e-15 0)
(3 7.20649e-16 0)
(3 4.46317e-15 0)
(3 3.82647e-15 0)
(3 2.42068e-15 0)
(3 1.92395e-15 0)
(3 1.97196e-15 0)
(3 1.2205e-15 0)
(3 -1.33065e-15 0)
(3 -8.12968e-16 0)
(3 -4.27292e-15 0)
(3 -4.2764e-15 0)
(3 6.47721e-15 0)
(3 2.99574e-15 0)
(3 1.69895e-15 0)
(3 1.86895e-15 0)
(3 2.01624e-15 0)
(3 1.96632e-15 0)
(3 -1.05432e-15 0)
(3 -2.67533e-15 0)
(3 6.56228e-16 0)
(3 9.16141e-16 0)
(3 -3.2322e-16 0)
(3 -9.95076e-16 0)
(3 1.83959e-16 0)
(3 1.02441e-15 0)
(3 1.4089e-15 0)
(3 3.04467e-15 0)
(3 1.8585e-15 0)
(3 9.74284e-16 0)
(3 -1.88724e-15 0)
(3 -1.41123e-16 0)
(3 -3.63359e-15 0)
(3 -4.02748e-16 0)
(3 1.23795e-16 0)
(3 4.14293e-16 0)
(3 6.80809e-16 0)
(3 4.72496e-16 0)
(3 3.0458e-15 0)
(3 3.69204e-15 0)
(3 6.43652e-16 0)
(3 7.69974e-16 0)
(3 -8.36565e-16 0)
(3 1.29093e-15 0)
(3 -7.90727e-16 0)
(3 -1.45044e-15 0)
(3 -2.33003e-15 0)
(3 -2.52128e-15 0)
(3 -1.57823e-15 0)
(3 1.50397e-15 0)
(3 3.61055e-15 0)
(3 4.69411e-15 0)
(3 2.02753e-16 0)
(3 8.7389e-16 0)
(3 -8.28718e-16 0)
(3 -3.88963e-15 0)
(3 -2.66384e-15 0)
(3 -2.31401e-15 0)
(3 -1.7712e-15 0)
(3 1.03989e-15 0)
(3 3.38286e-15 0)
(3 1.62321e-15 0)
(3 5.00284e-16 0)
(3 1.6931e-15 0)
(3 1.20904e-15 0)
(3 1.11736e-15 0)
(3 2.69068e-15 0)
(3 3.42139e-15 0)
(3 3.38123e-15 0)
(3 1.35178e-15 0)
(3 -1.53015e-15 0)
(3 -2.76784e-15 0)
(3 -2.82325e-15 0)
(3 -1.73511e-15 0)
(3 -7.52345e-16 0)
(3 -6.01479e-16 0)
(3 -4.32746e-16 0)
(3 1.15545e-15 0)
(3 5.57597e-16 0)
(3 2.00121e-15 0)
(3 4.13258e-17 0)
(3 1.25207e-15 0)
(3 9.48236e-16 0)
(3 -3.48847e-15 0)
(3 -2.90767e-15 0)
(3 -2.08035e-15 0)
(3 -1.45818e-15 0)
(3 4.9437e-16 0)
(3 -9.53332e-17 0)
(3 1.17533e-15 0)
(3 4.10494e-15 0)
(3 4.0327e-15 0)
(3 2.54004e-16 0)
(3 -1.45714e-16 0)
(3 -9.26663e-17 0)
(3 1.00377e-16 0)
(3 -9.19651e-18 0)
(3 -1.29434e-15 0)
(3 -2.77713e-15 0)
(3 -4.74759e-15 0)
(3 -2.51009e-15 0)
(3 -4.40652e-16 0)
(3 -1.70076e-15 0)
(3 6.17188e-15 0)
(3 5.77175e-15 0)
(3 3.9089e-15 0)
(3 3.15494e-15 0)
(3 2.07629e-15 0)
(3 -8.9085e-16 0)
(3 -3.25059e-15 0)
(3 -5.27026e-15 0)
(3 -1.36598e-15 0)
(3 -4.69154e-16 0)
(3 6.17772e-15 0)
(3 5.79472e-15 0)
(3 4.47519e-15 0)
(3 4.23694e-15 0)
(3 3.60661e-15 0)
(3 3.48339e-15 0)
(3 3.55815e-15 0)
(3 1.55598e-15 0)
(3 -8.12585e-16 0)
(3 -2.37762e-15 0)
(3 -2.09523e-15 0)
(3 -2.86317e-15 0)
(3 -1.40089e-15 0)
(3 -1.51919e-15 0)
(3 -1.18152e-15 0)
(3 -1.22135e-15 0)
(3 -8.94246e-16 0)
(3 6.40769e-17 0)
(3 1.16827e-15 0)
(3 2.63758e-15 0)
(3 -2.14044e-15 0)
(3 -1.67478e-15 0)
(3 -1.26984e-15 0)
(3 -1.10952e-15 0)
(3 -2.3256e-16 0)
(3 -4.74484e-16 0)
(3 -4.82288e-16 0)
(3 -4.1004e-16 0)
(3 2.79638e-15 0)
(3 2.87364e-15 0)
(3 5.53607e-15 0)
(3 3.14073e-15 0)
(3 1.31995e-15 0)
(3 -1.64241e-15 0)
(3 -2.74844e-16 0)
(3 1.95106e-15 0)
(3 1.16557e-15 0)
(3 1.14927e-15 0)
(3 -3.52672e-15 0)
(3 -3.39637e-15 0)
(3 4.06987e-17 0)
(3 6.61435e-15 0)
(3 6.09376e-15 0)
(3 -1.68211e-15 0)
(3 -2.18146e-15 0)
(3 5.10423e-15 0)
(3 2.05271e-15 0)
(3 5.17656e-16 0)
(3 -1.75875e-15 0)
(3 -2.68972e-16 0)
(3 3.68536e-15 0)
(3 1.39323e-15 0)
(3 4.62587e-16 0)
(3 -3.81508e-15 0)
(3 -3.64532e-15 0)
(3 2.30533e-16 0)
(3 7.01003e-15 0)
(3 5.85659e-15 0)
(3 -1.58609e-15 0)
(3 -2.10114e-15 0)
(3 4.27358e-15 0)
(3 1.65736e-15 0)
(3 3.53387e-16 0)
(3 -9.72139e-16 0)
(3 2.47745e-16 0)
(3 3.85039e-15 0)
(3 1.59911e-15 0)
(3 -9.88188e-16 0)
(3 -4.2782e-15 0)
(3 -3.50114e-15 0)
(3 4.9278e-16 0)
(3 7.51994e-15 0)
(3 5.72771e-15 0)
(3 -1.39128e-15 0)
(3 -2.0445e-15 0)
(3 3.65467e-15 0)
(3 8.09243e-16 0)
(3 -2.14231e-16 0)
(3 -3.66982e-17 0)
(3 5.75742e-16 0)
(3 3.71514e-15 0)
(3 1.89399e-15 0)
(3 -2.72892e-15 0)
(3 -4.23315e-15 0)
(3 -3.5294e-15 0)
(3 8.42846e-16 0)
(3 7.7016e-15 0)
(3 5.64329e-15 0)
(3 -1.15227e-15 0)
(3 -2.02921e-15 0)
(3 3.189e-15 0)
(3 4.6651e-16 0)
(3 -2.00097e-16 0)
(3 4.61937e-16 0)
(3 2.45097e-15 0)
(3 4.97167e-15 0)
(3 1.48619e-15 0)
(3 -2.94363e-15 0)
(3 -3.99845e-15 0)
(3 -3.4176e-15 0)
(3 1.13888e-15 0)
(3 7.54354e-15 0)
(3 5.68182e-15 0)
(3 -9.39072e-16 0)
(3 -2.07855e-15 0)
(3 2.85649e-15 0)
(3 -1.12931e-15 0)
(3 -2.75864e-16 0)
(3 7.38365e-16 0)
(3 3.30883e-15 0)
(3 5.38081e-15 0)
(3 1.65568e-15 0)
(3 -3.34853e-15 0)
(3 -3.64556e-15 0)
(3 -3.45425e-15 0)
(3 1.28294e-15 0)
(3 7.48162e-15 0)
(3 5.7539e-15 0)
(3 -9.45297e-16 0)
(3 -2.14855e-15 0)
(3 2.547e-15 0)
(3 -2.09994e-15 0)
(3 -5.96974e-17 0)
(3 8.82913e-16 0)
(3 3.96265e-15 0)
(3 5.59735e-15 0)
(3 1.24803e-15 0)
(3 -3.56006e-15 0)
(3 -3.56563e-15 0)
(3 -3.37633e-15 0)
(3 1.32815e-15 0)
(3 7.52606e-15 0)
(3 5.73047e-15 0)
(3 -4.53018e-16 0)
(3 -2.08182e-15 0)
(3 2.53721e-15 0)
(3 -1.44655e-15 0)
(3 -4.99869e-16 0)
(3 1.09014e-15 0)
(3 4.02197e-15 0)
(3 5.92886e-15 0)
(3 1.17344e-15 0)
(3 -2.54917e-15 0)
(3 -3.71971e-15 0)
(3 -3.07396e-15 0)
(3 1.4172e-15 0)
(3 7.39752e-15 0)
(3 5.50866e-15 0)
(3 -3.01879e-16 0)
(3 -2.05212e-15 0)
(3 3.22782e-15 0)
(3 -7.94567e-16 0)
(3 -1.19579e-15 0)
(3 8.131e-16 0)
(3 4.1082e-15 0)
(3 6.14749e-15 0)
(3 4.96529e-16 0)
(3 -1.38651e-15 0)
(3 -3.62472e-15 0)
(3 -3.0269e-15 0)
(3 1.31402e-15 0)
(3 6.86512e-15 0)
(3 5.49073e-15 0)
(3 9.92109e-16 0)
(3 -2.10896e-15 0)
(3 2.49611e-15 0)
(3 -3.63582e-16 0)
(3 -2.82513e-15 0)
(3 1.05524e-15 0)
(3 4.80257e-15 0)
(3 6.05127e-15 0)
(3 3.28582e-16 0)
(3 7.29236e-16 0)
(3 -3.38256e-15 0)
(3 -2.99232e-15 0)
(3 1.1895e-15 0)
(3 6.45895e-15 0)
(3 5.49783e-15 0)
(3 1.29711e-15 0)
(3 -2.18508e-15 0)
(3 -1.23621e-06 0)
(3 -1.42831e-08 0)
(3 7.6357e-11 0)
(3 1.26262e-11 0)
(3 4.03491e-13 0)
(3 1.07594e-14 0)
(3 -9.52957e-17 0)
(3 1.13635e-15 0)
(3 -2.81908e-15 0)
(3 -2.78068e-15 0)
(3 1.13895e-15 0)
(3 5.7387e-15 0)
(3 5.70278e-15 0)
(3 2.094e-15 0)
(3 -1.97591e-15 0)
(3.00001 2.16391e-05 0)
(3 -1.20336e-07 0)
(3 -2.38289e-08 0)
(3 -1.16156e-09 0)
(3 -1.00799e-11 0)
(3 -4.89622e-14 0)
(3 -2.15896e-15 0)
(3 1.17123e-15 0)
(3 -2.19128e-15 0)
(3 -2.85878e-15 0)
(3 1.07111e-15 0)
(3 5.72197e-15 0)
(3 5.90852e-15 0)
(3 2.12367e-15 0)
(3 -1.50293e-15 0)
(3.00075 0.00154352 0)
(3.00004 0.00010779 0)
(3 3.50041e-06 0)
(3 -6.96731e-09 0)
(3 -8.1616e-11 0)
(3 -3.69666e-12 0)
(3 2.74794e-14 0)
(3 4.9824e-15 0)
(3 -1.42958e-15 0)
(3 -2.24387e-15 0)
(3 1.10091e-15 0)
(3 5.68146e-15 0)
(3 6.11403e-15 0)
(3 2.23988e-15 0)
(3 -9.90719e-16 0)
(2.99328 -0.050053 0)
(2.99998 -0.00110128 0)
(3 1.47479e-06 0)
(3 4.8566e-07 0)
(3 6.05556e-09 0)
(3 -8.32277e-12 0)
(3 -2.19036e-12 0)
(3 -1.18186e-13 0)
(3 -3.56475e-15 0)
(3 -2.04073e-15 0)
(3 8.20905e-16 0)
(3 5.62952e-15 0)
(3 5.57897e-15 0)
(3 2.33115e-15 0)
(3 -4.72175e-16 0)
(2.57195 -0.57371 0)
(2.99126 -0.0375303 0)
(3.00022 -0.000379427 0)
(3 8.24266e-07 0)
(3 1.99262e-07 0)
(3 1.33604e-08 0)
(3 2.11915e-10 0)
(3 8.10477e-13 0)
(3 4.95568e-16 0)
(3 -1.46784e-15 0)
(3 7.36403e-16 0)
(3 5.75997e-15 0)
(3 5.26379e-15 0)
(3 2.38857e-15 0)
(3 5.43168e-16 0)
(2.17737 -0.897188 0)
(2.6651 -0.455287 0)
(2.98507 -0.0340991 0)
(3 -0.000374054 0)
(3 -2.50622e-06 0)
(3 -2.01028e-09 0)
(3 6.64887e-10 0)
(3 9.49781e-12 0)
(3 -7.89093e-14 0)
(3 -1.17303e-14 0)
(3 3.69221e-16 0)
(3 5.9827e-15 0)
(3 5.12766e-15 0)
(3 2.37812e-15 0)
(3 5.86354e-16 0)
(2.17353 -0.881885 0)
(2.41093 -0.746042 0)
(2.84489 -0.27429 0)
(2.99548 -0.0156871 0)
(3 -8.74612e-05 0)
(3 1.02717e-06 0)
(3 7.39489e-09 0)
(3 1.44216e-09 0)
(3 7.43869e-11 0)
(3 1.1605e-12 0)
(3 9.67428e-15 0)
(3 6.30103e-15 0)
(3 5.22774e-15 0)
(3 2.50486e-15 0)
(3 1.63564e-15 0)
(2.19971 -0.816276 0)
(2.25165 -0.805178 0)
(2.58468 -0.558577 0)
(2.94302 -0.120011 0)
(2.99889 -0.00508444 0)
(2.99999 -7.24385e-05 0)
(3 -8.8132e-07 0)
(3 -1.11733e-08 0)
(3 -4.35326e-11 0)
(3 -3.30626e-13 0)
(3 -9.14705e-15 0)
(3 5.90815e-15 0)
(3 4.97764e-15 0)
(3 2.61426e-15 0)
(3 2.00295e-15 0)
(2.29064 -0.637071 0)
(2.25904 -0.786121 0)
(2.40132 -0.739228 0)
(2.78069 -0.372462 0)
(2.99023 -0.0348976 0)
(3.00005 -0.000451468 0)
(3 1.29077e-06 0)
(3 8.51515e-08 0)
(3 1.5577e-08 0)
(3 6.44514e-10 0)
(3 8.41439e-12 0)
(3 6.85845e-14 0)
(3 5.95999e-15 0)
(3 3.12158e-15 0)
(3 2.38997e-15 0)
(2.41278 -0.404354 0)
(2.26913 -0.710191 0)
(2.34127 -0.735766 0)
(2.54859 -0.601932 0)
(2.85833 -0.241193 0)
(2.98694 -0.0322813 0)
(2.99955 -0.00158692 0)
(2.99999 -3.91209e-05 0)
(3 -5.91123e-07 0)
(3 -5.98522e-09 0)
(3 -4.30277e-11 0)
(3 -2.21821e-13 0)
(3 3.29331e-15 0)
(3 3.93742e-15 0)
(3 3.01736e-15 0)
(2.50938 -0.147625 0)
(2.34602 -0.564142 0)
(2.3454 -0.711207 0)
(2.43347 -0.685866 0)
(2.72177 -0.442593 0)
(2.9683 -0.0713131 0)
(2.99894 -0.00348002 0)
(2.99998 -7.19e-05 0)
(3 -1.0976e-06 0)
(3 -1.25572e-08 0)
(3 -1.0677e-10 0)
(3 -6.9512e-13 0)
(3 -1.77569e-15 0)
(3 3.55694e-15 0)
(3 2.84184e-15 0)
(2.55423 -0.116419 0)
(2.46254 -0.294629 0)
(2.38232 -0.612241 0)
(2.43223 -0.67936 0)
(2.60079 -0.599984 0)
(2.85104 -0.308572 0)
(2.98578 -0.0359082 0)
(2.99964 -0.000911402 0)
(3 -9.66592e-06 0)
(3 -8.21554e-08 0)
(3 -6.42753e-10 0)
(3 -4.45935e-12 0)
(3 -2.58222e-14 0)
(3 5.08365e-15 0)
(3 2.7257e-15 0)
(2.55628 0.0205124 0)
(2.4844 -0.228206 0)
(2.47321 -0.378384 0)
(2.43588 -0.639881 0)
(2.51739 -0.630623 0)
(2.73459 -0.476764 0)
(2.94852 -0.13629 0)
(2.99743 -0.00758403 0)
(2.99995 -0.000113521 0)
(3 -9.29565e-07 0)
(3 -6.38201e-09 0)
(3 -4.0253e-11 0)
(3 -2.31816e-13 0)
(3 6.40271e-15 0)
(3 3.37999e-15 0)
(2.63594 0.228968 0)
(2.58097 -0.00794888 0)
(2.49798 -0.315393 0)
(2.46506 -0.544885 0)
(2.51757 -0.620458 0)
(2.61183 -0.581288 0)
(2.82248 -0.371207 0)
(2.97512 -0.0634633 0)
(2.99919 -0.00195577 0)
(2.99999 -2.0459e-05 0)
(3 -1.42671e-07 0)
(3 -8.54343e-10 0)
(3 -4.6218e-12 0)
(3 -1.60283e-14 0)
(3 4.26447e-15 0)
(2.65024 0.35651 0)
(2.62251 0.235025 0)
(2.55043 -0.129914 0)
(2.53998 -0.351051 0)
(2.52849 -0.572379 0)
(2.60997 -0.580828 0)
(2.7496 -0.482444 0)
(2.92962 -0.17966 0)
(2.99469 -0.0143066 0)
(2.99989 -0.000255207 0)
(3 -2.13515e-06 0)
(3 -1.37777e-08 0)
(3 -7.85403e-11 0)
(3 -3.90303e-13 0)
(3 2.20318e-15 0)
(2.67878 0.367566 0)
(2.64001 0.275288 0)
(2.60913 0.0346405 0)
(2.58198 -0.220398 0)
(2.56646 -0.459281 0)
(2.61065 -0.562857 0)
(2.66772 -0.551842 0)
(2.83096 -0.370418 0)
(2.97057 -0.0741887 0)
(2.9988 -0.00285014 0)
(2.99998 -3.33623e-05 0)
(3 -2.47573e-07 0)
(3 -1.51954e-09 0)
(3 -8.3183e-12 0)
(3 -3.10573e-14 0)
(2.66577 0.387662 0)
(2.67672 0.330154 0)
(2.65173 0.0749152 0)
(2.62628 -0.0905669 0)
(2.61727 -0.303845 0)
(2.61833 -0.517111 0)
(2.6663 -0.551428 0)
(2.76795 -0.477249 0)
(2.91731 -0.205577 0)
(2.99203 -0.0197475 0)
(2.99982 -0.000416473 0)
(3 -3.63151e-06 0)
(3 -2.3988e-08 0)
(3 -1.37157e-10 0)
(3 -6.3017e-13 0)
(2.64945 0.430701 0)
(2.68084 0.427496 0)
(2.67826 0.167794 0)
(2.68284 0.0730619 0)
(2.66409 -0.167898 0)
(2.65371 -0.416063 0)
(2.67025 -0.534172 0)
(2.71421 -0.522522 0)
(2.84312 -0.359489 0)
(2.96905 -0.0779766 0)
(2.9986 -0.00335816 0)
(2.99998 -4.33853e-05 0)
(3 -3.20742e-07 0)
(3 -1.96764e-09 0)
(3 -9.41715e-12 0)
(2.66496 0.470112 0)
(2.69118 0.420954 0)
(2.64737 0.179564 0)
(2.6829 0.155737 0)
(2.68681 -0.0939229 0)
(2.70766 -0.25269 0)
(2.68596 -0.483482 0)
(2.71448 -0.51955 0)
(2.79549 -0.448336 0)
(2.91876 -0.204064 0)
(2.99129 -0.0208867 0)
(2.99979 -0.000451654 0)
(3 -4.34095e-06 0)
(3 -3.05082e-08 0)
(3 -1.56624e-10 0)
(2.69622 0.510469 0)
(2.70794 0.39655 0)
(2.67581 0.255138 0)
(2.70418 0.260125 0)
(2.70698 -0.0166229 0)
(2.73186 -0.178172 0)
(2.72163 -0.385789 0)
(2.71976 -0.502443 0)
(2.75192 -0.494686 0)
(2.85542 -0.342103 0)
(2.96793 -0.0787643 0)
(2.9984 -0.00385557 0)
(2.99998 -4.90206e-05 0)
(3 -3.51911e-07 0)
(3 -1.94011e-09 0)
(2.72842 0.55731 0)
(2.71511 0.42884 0)
(2.71278 0.354243 0)
(2.72988 0.319798 0)
(2.73057 0.0696169 0)
(2.77438 -0.0431106 0)
(2.76209 -0.268662 0)
(2.73629 -0.457719 0)
(2.75231 -0.492816 0)
(2.81751 -0.416797 0)
(2.92925 -0.177522 0)
(2.9928 -0.0169618 0)
(2.99981 -0.000412718 0)
(3 -4.33288e-06 0)
(3 -2.52943e-08 0)
(2.74102 0.576222 0)
(2.7341 0.478403 0)
(2.74037 0.394907 0)
(2.76961 0.339105 0)
(2.74979 0.0969791 0)
(2.78998 0.049197 0)
(2.7958 -0.147619 0)
(2.77212 -0.363468 0)
(2.758 -0.477848 0)
(2.78274 -0.466026 0)
(2.86103 -0.33743 0)
(2.96636 -0.0824335 0)
(2.99836 -0.00375729 0)
(2.99998 -4.53787e-05 0)
(3 -3.08346e-07 0)
(2.73517 0.617473 0)
(2.73465 0.543904 0)
(2.76653 0.427386 0)
(2.80227 0.380935 0)
(2.7661 0.152217 0)
(2.8081 0.137298 0)
(2.81028 -0.0996968 0)
(2.80494 -0.265607 0)
(2.77502 -0.435252 0)
(2.7835 -0.464877 0)
(2.8396 -0.379731 0)
(2.94426 -0.144922 0)
(2.99412 -0.0147534 0)
(2.99984 -0.000373536 0)
(3 -2.92355e-06 0)
(2.74049 0.638898 0)
(2.74838 0.570753 0)
(2.78688 0.456741 0)
(2.81102 0.341242 0)
(2.80271 0.22613 0)
(2.83355 0.223756 0)
(2.829 -0.0221781 0)
(2.83534 -0.173572 0)
(2.80583 -0.360088 0)
(2.78861 -0.453836 0)
(2.80864 -0.43421 0)
(2.87721 -0.303488 0)
(2.97267 -0.0653425 0)
(2.99878 -0.00261406 0)
(2.99998 -3.05767e-05 0)
(2.73134 0.61542 0)
(2.78595 0.549355 0)
(2.80078 0.461591 0)
(2.79117 0.352265 0)
(2.81495 0.28817 0)
(2.85722 0.26405 0)
(2.84725 0.0347267 0)
(2.87435 -0.0389897 0)
(2.8358 -0.27243 0)
(2.80491 -0.41661 0)
(2.80867 -0.43613 0)
(2.84719 -0.367338 0)
(2.9417 -0.141488 0)
(2.99411 -0.0142316 0)
(2.99984 -0.000263754 0)
(2.71286 0.442463 0)
(2.78621 0.555296 0)
(2.82153 0.504053 0)
(2.81882 0.412768 0)
(2.84155 0.339003 0)
(2.88867 0.28306 0)
(2.85453 0.0353675 0)
(2.88529 0.0328999 0)
(2.87015 -0.160442 0)
(2.82866 -0.357667 0)
(2.81201 -0.429729 0)
(2.82868 -0.403656 0)
(2.90343 -0.238437 0)
(2.98088 -0.0459728 0)
(2.99904 -0.00148296 0)
(2.6906 0.215433 0)
(2.78206 0.498022 0)
(2.82215 0.513289 0)
(2.83701 0.468511 0)
(2.86511 0.379602 0)
(2.90621 0.300901 0)
(2.87815 0.0944702 0)
(2.90146 0.0929094 0)
(2.89231 -0.0941353 0)
(2.86408 -0.259654 0)
(2.82445 -0.402012 0)
(2.8291 -0.404916 0)
(2.85799 -0.353327 0)
(2.94879 -0.125085 0)
(2.99428 -0.00913654 0)
(2.67838 0.131223 0)
(2.76377 0.321633 0)
(2.82023 0.513951 0)
(2.84446 0.497046 0)
(2.88664 0.406411 0)
(2.91536 0.320655 0)
(2.88302 0.171062 0)
(2.9203 0.184553 0)
(2.90766 -0.0381473 0)
(2.8942 -0.171291 0)
(2.84533 -0.352992 0)
(2.83123 -0.402367 0)
(2.84279 -0.376824 0)
(2.91745 -0.204712 0)
(2.981 -0.027586 0)
(2.66173 0.0323799 0)
(2.7578 0.17973 0)
(2.82815 0.447476 0)
(2.877 0.484883 0)
(2.91869 0.421741 0)
(2.91801 0.325054 0)
(2.91405 0.251834 0)
(2.93518 0.237126 0)
(2.911 -0.00786619 0)
(2.91661 -0.0918589 0)
(2.87714 -0.269454 0)
(2.8392 -0.388005 0)
(2.8445 -0.382584 0)
(2.88261 -0.309715 0)
(2.94823 -0.0808068 0)
(2.62368 0.00769838 0)
(2.71824 0.0522232 0)
(2.80378 0.206902 0)
(2.88419 0.416601 0)
(2.9253 0.421271 0)
(2.94 0.390306 0)
(2.94381 0.299825 0)
(2.96453 0.266113 0)
(2.92912 0.0586376 0)
(2.94391 0.029595 0)
(2.91167 -0.160654 0)
(2.86934 -0.315004 0)
(2.85053 -0.372348 0)
(2.87331 -0.347291 0)
(2.88062 -0.153904 0)
(2.62596 0.0804615 0)
(2.71437 0.269098 0)
(2.73672 0.359193 0)
(2.71397 0.428767 0)
(2.72328 0.484273 0)
(2.75428 0.501918 0)
(2.70737 0.527642 0)
(2.68794 0.560722 0)
(2.6759 0.592292 0)
(2.69017 0.61706 0)
(2.72675 0.641184 0)
(2.75239 0.667436 0)
(2.7299 0.682793 0)
(2.70383 0.645922 0)
(2.66678 0.419757 0)
(2.64852 0.166063 0)
(2.61905 -0.0267853 0)
(2.58304 0.00545782 0)
(2.56556 0.0216744 0)
(2.57799 0.0110291 0)
(2.66775 0.23682 0)
(2.7261 0.425004 0)
(2.74993 0.509807 0)
(2.74973 0.534623 0)
(2.78023 0.567484 0)
(2.80792 0.598045 0)
(2.75435 0.602673 0)
(2.7242 0.625316 0)
(2.69331 0.672339 0)
(2.68831 0.67188 0)
(2.72376 0.713602 0)
(2.73332 0.705399 0)
(2.71304 0.646886 0)
(2.66477 0.417032 0)
(2.60558 0.115558 0)
(2.6099 0.0648032 0)
(2.60222 0.0162303 0)
(2.59366 0.00261759 0)
(2.56923 0.0211833 0)
(2.5698 0.0136128 0)
(2.6969 0.480473 0)
(2.7308 0.608756 0)
(2.73381 0.657715 0)
(2.76111 0.679157 0)
(2.81582 0.681519 0)
(2.82499 0.682411 0)
(2.80131 0.691634 0)
(2.74613 0.717428 0)
(2.70929 0.754441 0)
(2.69373 0.76499 0)
(2.71085 0.74737 0)
(2.69815 0.639273 0)
(2.65203 0.385152 0)
(2.59324 0.0736201 0)
(2.60657 0.0548949 0)
(2.59726 0.0339685 0)
(2.59324 0.0228005 0)
(2.59311 -0.00083009 0)
(2.58571 0.00537213 0)
(2.5731 0.010588 0)
(2.7269 0.705338 0)
(2.73086 0.746659 0)
(2.72546 0.784518 0)
(2.77053 0.767449 0)
(2.81863 0.753073 0)
(2.82026 0.754085 0)
(2.80719 0.761422 0)
(2.7579 0.80329 0)
(2.72327 0.835951 0)
(2.71118 0.80998 0)
(2.69789 0.63845 0)
(2.65 0.332406 0)
(2.59245 0.0458871 0)
(2.59775 0.0384006 0)
(2.61036 0.0481007 0)
(2.60277 0.0377744 0)
(2.58992 0.0229622 0)
(2.58733 -0.000720241 0)
(2.58602 -0.000846714 0)
(2.5754 0.00594361 0)
(2.74729 0.904442 0)
(2.72251 0.913015 0)
(2.72869 0.918962 0)
(2.76593 0.898989 0)
(2.79994 0.839878 0)
(2.80128 0.823809 0)
(2.78224 0.847493 0)
(2.7625 0.922773 0)
(2.73785 0.82668 0)
(2.75737 0.531724 0)
(2.71046 0.235008 0)
(2.62838 0.0138888 0)
(2.60347 0.00668572 0)
(2.59356 0.0321299 0)
(2.60367 0.0289459 0)
(2.59855 0.0240119 0)
(2.58442 0.0151566 0)
(2.57293 -0.00247559 0)
(2.5711 -0.00775826 0)
(2.56581 -0.000154797 0)
(2.77196 1.01327 0)
(2.71449 1.05701 0)
(2.72202 1.05413 0)
(2.74105 1.02265 0)
(2.76959 0.953433 0)
(2.76181 0.954828 0)
(2.74558 0.949428 0)
(2.76978 0.727513 0)
(2.76231 0.392112 0)
(2.76461 0.208074 0)
(2.63495 0.0600322 0)
(2.59981 0.00898608 0)
(2.57591 0.0199162 0)
(2.56881 0.0287497 0)
(2.57075 0.0142519 0)
(2.56558 0.00966535 0)
(2.55035 0.00805707 0)
(2.54189 0.000604738 0)
(2.54177 -0.00212016 0)
(2.53624 0.000638941 0)
(2.75502 1.22087 0)
(2.69248 1.21867 0)
(2.73535 1.23295 0)
(2.7203 1.16929 0)
(2.71347 1.088 0)
(2.73533 0.837253 0)
(2.70176 0.487856 0)
(2.72236 0.304767 0)
(2.60479 0.0645122 0)
(2.5599 0.0532283 0)
(2.51886 0.0385441 0)
(2.51511 0.024966 0)
(2.51335 0.0276376 0)
(2.51442 0.0265102 0)
(2.49344 0.0100257 0)
(2.48346 0.00246472 0)
(2.46964 -0.00216317 0)
(2.47525 -0.00401434 0)
(2.48163 -0.00399217 0)
(2.47692 0.000977697 0)
(2.66514 1.48002 0)
(2.65552 1.45905 0)
(2.6043 1.0663 0)
(2.60993 0.838749 0)
(2.55953 0.486906 0)
(2.60682 0.304497 0)
(2.49869 0.0721771 0)
(2.44517 0.0750468 0)
(2.41474 0.0316752 0)
(2.41801 0.0323995 0)
(2.42045 0.038489 0)
(2.4089 0.0218955 0)
(2.40715 0.0142776 0)
(2.39798 0.0163013 0)
(2.3828 0.00719705 0)
(2.37261 -0.00739267 0)
(2.37204 -0.0116758 0)
(2.37928 -0.00948438 0)
(2.38982 -0.0033877 0)
(2.39214 0.00531893 0)
(2.25435 0.757601 0)
(2.3751 0.605258 0)
(2.32114 0.314887 0)
(2.28656 0.155026 0)
(2.26933 0.0619495 0)
(2.26851 0.0434972 0)
(2.25819 0.0234247 0)
(2.28948 0.0243413 0)
(2.28622 0.0257127 0)
(2.27669 0.0319267 0)
(2.28893 0.0368769 0)
(2.28985 0.0298749 0)
(2.28661 0.0264709 0)
(2.28228 0.0184726 0)
(2.28065 -0.00501398 0)
(2.28259 -0.0131877 0)
(2.29094 -0.011191 0)
(2.30396 0.00446298 0)
(2.30913 0.0127002 0)
(2.31838 0.0124759 0)
(1.92852 0.121 0)
(2.06618 0.147844 0)
(2.08319 0.0888912 0)
(2.10417 0.0850386 0)
(2.11902 0.0201475 0)
(2.1532 0.0239324 0)
(2.1722 0.0177661 0)
(2.18822 0.0162153 0)
(2.18986 0.0142664 0)
(2.1902 0.0219353 0)
(2.21059 0.0226776 0)
(2.22812 0.00908143 0)
(2.2271 0.00524331 0)
(2.22838 0.00198674 0)
(2.23986 -0.00266462 0)
(2.24551 -0.00313381 0)
(2.25544 -0.000957141 0)
(2.26825 0.00201592 0)
(2.27392 0.00300744 0)
(2.28695 0.00643798 0)
)
;

boundaryField
{
    inlet
    {
        type            fixedValue;
        value           uniform (3 0 0);
    }
    outlet
    {
        type            inletOutlet;
        inletValue      uniform (3 0 0);
        value           nonuniform List<vector> 
50
(
(2.62334 -0.00377356 0)
(2.71594 -0.0463985 0)
(2.80219 -0.207207 0)
(2.88647 -0.420509 0)
(2.92382 -0.417787 0)
(2.94005 -0.383172 0)
(2.94343 -0.300536 0)
(2.96432 -0.267123 0)
(2.9289 -0.0599034 0)
(2.94396 -0.0295245 0)
(2.91194 0.16022 0)
(2.86965 0.314673 0)
(2.85062 0.372262 0)
(2.87328 0.34726 0)
(2.88058 0.153788 0)
(2.28847 -0.00352758 0)
(2.31649 -0.00761619 0)
(2.38365 -0.00663035 0)
(2.46699 -0.00321714 0)
(2.53174 -0.00146426 0)
(2.5641 0.000457936 0)
(2.57392 -0.00289996 0)
(2.57338 -0.00775345 0)
(2.57085 -0.00934047 0)
(2.5782 -0.0090918 0)
(2.57799 0.0110291 0)
(2.5698 0.0136128 0)
(2.5731 0.010588 0)
(2.5754 0.00594361 0)
(2.56581 -0.000154797 0)
(2.53624 0.000638941 0)
(2.47692 0.000977697 0)
(2.39214 0.00531893 0)
(2.31838 0.0124759 0)
(2.28695 0.00643798 0)
(2.62368 0.00769838 0)
(2.71824 0.0522232 0)
(2.80378 0.206902 0)
(2.88419 0.416601 0)
(2.9253 0.421271 0)
(2.94 0.390306 0)
(2.94381 0.299825 0)
(2.96453 0.266113 0)
(2.92912 0.0586376 0)
(2.94391 0.029595 0)
(2.91167 -0.160654 0)
(2.86934 -0.315004 0)
(2.85053 -0.372348 0)
(2.87331 -0.347291 0)
(2.88062 -0.153904 0)
)
;
    }
    airfoil
    {
        type            slip;
    }
    top
    {
        type            symmetryPlane;
    }
    bottom
    {
        type            symmetryPlane;
    }
    defaultFaces
    {
        type            empty;
    }
}


// ************************************************************************* //
