/*--------------------------------*- C++ -*----------------------------------*\
  =========                 |
  \\      /  F ield         | OpenFOAM: The Open Source CFD Toolbox
   \\    /   O peration     | Website:  https://openfoam.org
    \\  /    A nd           | Version:  7
     \\/     M anipulation  |
\*---------------------------------------------------------------------------*/
FoamFile
{
    version     2.0;
    format      ascii;
    class       volVectorField;
    location    "9.8";
    object      U;
}
// * * * * * * * * * * * * * * * * * * * * * * * * * * * * * * * * * * * * * //

dimensions      [0 1 -1 0 0 0 0];

internalField   nonuniform List<vector> 
3700
(
(1.46287 -0.467311 0)
(1.23609 -0.612637 0)
(1.21754 -0.340263 0)
(1.29397 -0.276515 0)
(1.44297 -0.337045 0)
(1.53626 -0.271658 0)
(1.56526 -0.120525 0)
(1.58956 -0.0869054 0)
(1.5847 -0.132113 0)
(1.59024 -0.237256 0)
(1.5696 -0.292819 0)
(1.53697 -0.220227 0)
(1.59641 -0.156234 0)
(1.65356 -0.201521 0)
(1.73313 -0.26429 0)
(1.74826 -0.248416 0)
(1.74125 -0.175354 0)
(1.78693 -0.128394 0)
(1.81784 -0.143185 0)
(1.87377 -0.249197 0)
(1.58039 -1.35773 0)
(1.46012 -1.45134 0)
(1.48654 -1.2785 0)
(1.65469 -1.13935 0)
(1.78144 -1.29759 0)
(1.82629 -1.30006 0)
(1.79608 -1.08453 0)
(1.79616 -1.06203 0)
(1.87317 -1.20527 0)
(1.94644 -1.51591 0)
(1.89622 -1.62575 0)
(1.84355 -1.42915 0)
(1.90711 -1.30671 0)
(2.01579 -1.34102 0)
(2.11472 -1.34868 0)
(2.16886 -1.27841 0)
(2.20389 -1.1223 0)
(2.25612 -0.985202 0)
(2.32518 -0.977157 0)
(2.44137 -1.17699 0)
(1.38619 -1.38175 0)
(1.50765 -1.62468 0)
(1.62077 -1.74554 0)
(1.68624 -1.90711 0)
(1.78486 -2.08992 0)
(1.8787 -2.20565 0)
(1.94602 -2.16347 0)
(1.98675 -2.19181 0)
(2.07978 -2.18699 0)
(2.15273 -2.16115 0)
(2.18026 -2.18657 0)
(2.21658 -2.08601 0)
(2.24957 -1.98508 0)
(2.26473 -1.93679 0)
(2.31791 -1.84373 0)
(2.40777 -1.79143 0)
(2.50188 -1.71304 0)
(2.61492 -1.64816 0)
(2.69857 -1.5534 0)
(2.75253 -1.51683 0)
(1.28243 -1.39028 0)
(1.45861 -1.67914 0)
(1.62953 -1.98545 0)
(1.68954 -2.1957 0)
(1.76096 -2.28644 0)
(1.77337 -2.36554 0)
(1.92595 -2.19662 0)
(2.04455 -2.13418 0)
(2.2087 -1.94168 0)
(2.33659 -1.92805 0)
(2.4846 -1.79228 0)
(2.52776 -1.81977 0)
(2.5486 -1.78861 0)
(2.46822 -1.82174 0)
(2.4536 -1.7477 0)
(2.4743 -1.70427 0)
(2.51188 -1.58605 0)
(2.58298 -1.47661 0)
(2.66864 -1.37176 0)
(2.79199 -1.18453 0)
(1.19064 -1.41655 0)
(1.44063 -1.86483 0)
(1.70125 -2.11932 0)
(1.77134 -2.24124 0)
(1.92226 -2.28314 0)
(1.95157 -2.40887 0)
(2.10155 -2.2154 0)
(2.10473 -2.14452 0)
(2.16629 -1.96141 0)
(2.25048 -1.88261 0)
(2.3961 -1.71839 0)
(2.57197 -1.6218 0)
(2.68258 -1.43423 0)
(2.70216 -1.42259 0)
(2.69695 -1.39511 0)
(2.64967 -1.46043 0)
(2.61372 -1.42851 0)
(2.60692 -1.3233 0)
(2.63284 -1.34447 0)
(2.69828 -1.14175 0)
(1.20109 -1.46762 0)
(1.52222 -1.9886 0)
(1.85419 -2.2022 0)
(2.01903 -2.2201 0)
(2.17983 -2.17149 0)
(2.22479 -2.26317 0)
(2.29339 -2.15686 0)
(2.31224 -2.04403 0)
(2.2438 -1.94862 0)
(2.2589 -1.83613 0)
(2.3399 -1.68923 0)
(2.50486 -1.58839 0)
(2.57926 -1.45318 0)
(2.73548 -1.33899 0)
(2.785 -1.10403 0)
(2.80586 -1.00541 0)
(2.76825 -1.00833 0)
(2.7648 -0.943216 0)
(2.69466 -1.07404 0)
(2.68129 -0.98826 0)
(1.28827 -1.63512 0)
(1.63637 -2.07688 0)
(1.96537 -2.24865 0)
(2.09179 -2.2128 0)
(2.22516 -2.13275 0)
(2.33404 -2.09405 0)
(2.41745 -2.06121 0)
(2.50294 -1.8316 0)
(2.43369 -1.81701 0)
(2.41539 -1.74998 0)
(2.42064 -1.6341 0)
(2.49751 -1.52947 0)
(2.54307 -1.36594 0)
(2.64817 -1.28838 0)
(2.69006 -1.11117 0)
(2.76825 -0.924323 0)
(2.82216 -0.766142 0)
(2.84187 -0.572092 0)
(2.77903 -0.588779 0)
(2.72981 -0.618828 0)
(1.41578 -1.7611 0)
(1.71985 -2.13124 0)
(1.90668 -2.23641 0)
(2.04076 -2.21189 0)
(2.22626 -2.07273 0)
(2.37956 -1.91001 0)
(2.50204 -1.88319 0)
(2.59089 -1.70232 0)
(2.53813 -1.68871 0)
(2.63256 -1.44384 0)
(2.59378 -1.49544 0)
(2.63514 -1.33203 0)
(2.61228 -1.23116 0)
(2.63819 -1.14315 0)
(2.66279 -0.995108 0)
(2.69325 -0.869091 0)
(2.75479 -0.763131 0)
(2.79366 -0.558365 0)
(2.79696 -0.390291 0)
(2.75044 -0.309011 0)
(1.50599 -1.81896 0)
(1.71372 -2.14262 0)
(1.78987 -2.21857 0)
(1.84749 -2.12392 0)
(1.94248 -1.9569 0)
(2.1293 -1.81968 0)
(2.29833 -1.68292 0)
(2.46963 -1.51663 0)
(2.61141 -1.45941 0)
(2.68126 -1.16545 0)
(2.72436 -1.13437 0)
(2.75188 -0.908508 0)
(2.72824 -0.898762 0)
(2.73118 -0.802511 0)
(2.72479 -0.716566 0)
(2.70579 -0.622846 0)
(2.70534 -0.567604 0)
(2.74003 -0.504473 0)
(2.71703 -0.307658 0)
(2.68559 -0.135643 0)
(1.57165 -1.80428 0)
(1.59372 -2.04316 0)
(1.61311 -2.07444 0)
(1.71132 -2.02655 0)
(1.86938 -1.85596 0)
(1.98485 -1.74494 0)
(2.12219 -1.63844 0)
(2.25766 -1.52885 0)
(2.41319 -1.3643 0)
(2.53466 -1.14327 0)
(2.63999 -0.904931 0)
(2.69163 -0.658566 0)
(2.71319 -0.50947 0)
(2.73632 -0.382171 0)
(2.73258 -0.273302 0)
(2.71395 -0.243695 0)
(2.69025 -0.199947 0)
(2.68501 -0.270368 0)
(2.65014 -0.180924 0)
(2.61674 -0.0172077 0)
(1.4866 -1.58602 0)
(1.50591 -1.77544 0)
(1.56268 -1.79766 0)
(1.60947 -1.76801 0)
(1.82453 -1.68751 0)
(2.02275 -1.60812 0)
(2.18122 -1.55851 0)
(2.25912 -1.48061 0)
(2.36645 -1.24465 0)
(2.43777 -1.11715 0)
(2.53413 -0.913958 0)
(2.6018 -0.701681 0)
(2.6445 -0.477837 0)
(2.71069 -0.32157 0)
(2.66717 -0.068525 0)
(2.65354 0.0406592 0)
(2.61723 0.173422 0)
(2.59359 0.0990442 0)
(2.5505 0.124767 0)
(2.58322 0.0512119 0)
(1.30833 -1.32564 0)
(1.45872 -1.476 0)
(1.64317 -1.58128 0)
(1.67569 -1.56349 0)
(1.81962 -1.64622 0)
(2.07009 -1.44613 0)
(2.35405 -1.29158 0)
(2.4945 -1.21664 0)
(2.56023 -0.883058 0)
(2.56245 -0.822318 0)
(2.59227 -0.613067 0)
(2.60602 -0.448982 0)
(2.6022 -0.289728 0)
(2.63182 -0.194256 0)
(2.58888 -0.00288914 0)
(2.59286 0.0960957 0)
(2.53152 0.28709 0)
(2.48261 0.365383 0)
(2.42769 0.403332 0)
(2.4639 0.312836 0)
(1.13252 -1.10022 0)
(1.34433 -1.20644 0)
(1.64484 -1.46004 0)
(1.7988 -1.43412 0)
(1.89798 -1.60818 0)
(2.48231 -1.12288 0)
(2.75207 -1.01611 0)
(2.77193 -0.49748 0)
(2.70442 -0.303512 0)
(2.6587 -0.204222 0)
(2.64421 -0.0630609 0)
(2.60905 0.0709685 0)
(2.57492 0.160428 0)
(2.54585 0.227075 0)
(2.50015 0.288342 0)
(2.47783 0.301734 0)
(2.43221 0.368739 0)
(2.37435 0.478805 0)
(2.30161 0.595343 0)
(2.29536 0.575763 0)
(0.963094 -0.915783 0)
(1.25389 -1.03041 0)
(1.627 -1.4006 0)
(1.96831 -1.35881 0)
(2.50407 -1.15769 0)
(2.63061 -0.906796 0)
(2.64281 -0.869759 0)
(2.60915 -0.381738 0)
(2.58733 -0.275532 0)
(2.574 -0.0354496 0)
(2.57043 0.146956 0)
(2.49232 0.360201 0)
(2.44759 0.479785 0)
(2.38049 0.595696 0)
(2.33557 0.636218 0)
(2.29784 0.643842 0)
(2.25736 0.662098 0)
(2.24431 0.664151 0)
(2.17985 0.741376 0)
(2.13696 0.784026 0)
(0.778083 -0.76133 0)
(1.23829 -0.940597 0)
(1.87436 -1.14206 0)
(2.56246 -0.969939 0)
(2.43601 -0.884346 0)
(2.45185 -0.825399 0)
(2.46739 -0.479665 0)
(2.45952 -0.231565 0)
(2.44361 -0.0462224 0)
(2.45498 0.128353 0)
(2.42257 0.327186 0)
(2.34628 0.512638 0)
(2.29551 0.632798 0)
(2.21962 0.751616 0)
(2.16469 0.812112 0)
(2.11564 0.845694 0)
(2.06146 0.905263 0)
(2.05467 0.908168 0)
(2.04029 0.929013 0)
(2.06288 0.950571 0)
(0.626462 -0.562604 0)
(1.29089 -0.954404 0)
(2.47621 -0.594484 0)
(2.28009 -0.88341 0)
(2.33412 -0.613236 0)
(2.44582 -0.344208 0)
(2.3977 0.140462 0)
(2.37527 0.321553 0)
(2.31738 0.467385 0)
(2.30617 0.58861 0)
(2.21458 0.739192 0)
(2.1359 0.842994 0)
(2.07985 0.900816 0)
(2.02685 0.952079 0)
(1.99301 0.957506 0)
(1.95945 0.9807 0)
(1.95453 1.01382 0)
(1.96819 0.998409 0)
(1.99237 0.998556 0)
(2.06958 0.981089 0)
(1.05277 -0.499304 0)
(1.83659 -0.434838 0)
(2.18601 -0.784893 0)
(2.29194 -0.20473 0)
(2.37454 0.049923 0)
(2.30932 0.42611 0)
(2.28534 0.542821 0)
(2.19131 0.710519 0)
(2.13207 0.801914 0)
(2.07935 0.921293 0)
(1.97397 1.02289 0)
(1.90896 1.07529 0)
(1.87573 1.09152 0)
(1.86463 1.09318 0)
(1.87194 1.05568 0)
(1.90013 1.04511 0)
(1.96435 1.01776 0)
(2.16381 0.900774 0)
(2.37787 0.79366 0)
(2.77422 0.447367 0)
(1.10678 -0.0810103 0)
(1.85587 -0.0554907 0)
(2.26485 0.145015 0)
(2.22972 0.551805 0)
(2.1957 0.665389 0)
(2.14057 0.767957 0)
(2.03115 0.90698 0)
(1.96366 0.964432 0)
(1.91487 1.02926 0)
(1.85967 1.11687 0)
(1.79475 1.15651 0)
(1.79008 1.15071 0)
(1.80672 1.13154 0)
(1.8457 1.08969 0)
(2.03683 0.95418 0)
(2.25824 0.82955 0)
(2.66503 0.503382 0)
(3.0373 0.0908262 0)
(3.05619 -0.0245669 0)
(3.00416 -0.00478157 0)
(1.00738 0.0382665 0)
(1.93314 0.753825 0)
(2.09767 0.867306 0)
(2.01152 0.961816 0)
(1.95478 0.99592 0)
(1.86982 1.08559 0)
(1.78872 1.13452 0)
(1.75768 1.14629 0)
(1.75717 1.16257 0)
(1.73886 1.20387 0)
(1.72445 1.19398 0)
(1.87373 1.06279 0)
(2.09861 0.880606 0)
(2.49436 0.579915 0)
(2.9812 0.140312 0)
(3.07332 -0.028601 0)
(3.00819 -0.00767342 0)
(3.00295 -0.00382474 0)
(3.00124 -0.00219352 0)
(3.00008 -0.00048274 0)
(1.16991 0.758116 0)
(1.82478 1.16019 0)
(1.84534 1.14864 0)
(1.74372 1.19457 0)
(1.71487 1.20128 0)
(1.66092 1.24489 0)
(1.65031 1.21723 0)
(1.72008 1.16737 0)
(1.75034 1.24123 0)
(1.79282 1.15117 0)
(2.2802 0.740399 0)
(2.86285 0.205044 0)
(3.09793 -0.0302659 0)
(3.02104 -0.0127885 0)
(3.00475 -0.00561429 0)
(3.00188 -0.0030729 0)
(3.00005 -0.000589737 0)
(2.99998 -2.17168e-05 0)
(2.99999 1.44787e-05 0)
(3 5.95485e-06 0)
(1.58061 1.25688 0)
(1.58594 1.26132 0)
(1.5957 1.26599 0)
(1.6021 1.2682 0)
(1.60665 1.26213 0)
(1.59357 1.26752 0)
(1.87379 1.17659 0)
(2.95004 0.412977 0)
(3.37493 -0.657873 0)
(3 6.38992e-11 0)
(3 -7.61347e-11 0)
(3 7.91577e-11 0)
(3 5.28831e-15 0)
(3 -4.22583e-13 0)
(3 -1.42526e-14 0)
(3 1.10513e-14 0)
(3 -1.15185e-14 0)
(3 -2.67949e-15 0)
(3 -2.74317e-15 0)
(3 -3.58649e-15 0)
(1.57788 1.24114 0)
(1.59329 1.25268 0)
(1.60627 1.26252 0)
(1.60868 1.27427 0)
(1.63833 1.26622 0)
(1.74382 1.19924 0)
(2.24617 0.742539 0)
(2.99443 0.0156919 0)
(3 5.91031e-08 0)
(3 -3.16403e-11 0)
(3 -7.68497e-15 0)
(3 2.9987e-15 0)
(3 -2.99141e-15 0)
(3 -2.85969e-17 0)
(3 -2.45753e-15 0)
(3 -2.36505e-15 0)
(3 -1.60333e-15 0)
(3 -1.67977e-15 0)
(3 -1.81928e-15 0)
(3 -1.9523e-15 0)
(1.57928 1.24722 0)
(1.60354 1.25325 0)
(1.61698 1.2581 0)
(1.61049 1.26988 0)
(1.7401 1.19774 0)
(2.25334 0.776112 0)
(3.00675 -0.0117829 0)
(2.99996 -0.000267115 0)
(3 7.12216e-07 0)
(3 5.88445e-11 0)
(3 -5.17652e-14 0)
(3 -1.2884e-15 0)
(3 -1.45735e-15 0)
(3 -1.86202e-15 0)
(3 -3.35416e-15 0)
(3 -2.83639e-15 0)
(3 -1.534e-15 0)
(3 -2.01973e-15 0)
(3 -1.68983e-15 0)
(3 -1.21683e-15 0)
(1.58117 1.25217 0)
(1.60208 1.2568 0)
(1.62485 1.26387 0)
(1.62564 1.28045 0)
(1.89915 1.06477 0)
(2.76636 0.211014 0)
(3.00414 0.000112738 0)
(2.99993 5.79024e-05 0)
(3 -8.66213e-07 0)
(3 8.75906e-10 0)
(3 -1.66975e-14 0)
(3 -1.39406e-15 0)
(3 -2.27909e-15 0)
(3 -2.0293e-15 0)
(3 -3.31516e-15 0)
(3 -2.04689e-15 0)
(3 -1.51694e-15 0)
(3 -1.42617e-15 0)
(3 -1.55075e-15 0)
(3 -7.94879e-16 0)
(1.58203 1.26674 0)
(1.59476 1.27168 0)
(1.62538 1.26808 0)
(1.62835 1.28025 0)
(2.31111 0.67021 0)
(3.02176 -0.0194005 0)
(2.99972 0.000100398 0)
(3 -4.03527e-06 0)
(3 8.0415e-08 0)
(3 -8.98009e-10 0)
(3 1.88463e-13 0)
(3 -1.06785e-15 0)
(3 -2.24869e-15 0)
(3 -3.32362e-15 0)
(3 -2.20288e-15 0)
(3 -3.16975e-15 0)
(3 -2.53846e-15 0)
(3 -1.45825e-15 0)
(3 -1.51819e-15 0)
(3 -8.38278e-16 0)
(1.58249 1.28411 0)
(1.58791 1.28777 0)
(1.64478 1.26139 0)
(1.81468 1.1272 0)
(2.69423 0.253712 0)
(3 -5.95447e-10 0)
(3 1.3802e-08 0)
(3 -1.24055e-08 0)
(3 5.25865e-10 0)
(3 2.10161e-12 0)
(3 -9.9603e-14 0)
(3 4.37592e-16 0)
(3 -2.23678e-15 0)
(3 -3.11969e-15 0)
(3 -1.89428e-15 0)
(3 -2.86782e-15 0)
(3 -2.21138e-15 0)
(3 -2.85835e-15 0)
(3 -2.51977e-15 0)
(3 -1.82161e-15 0)
(1.58427 1.29848 0)
(1.55263 1.30306 0)
(1.68092 1.22472 0)
(2.18204 0.816996 0)
(3.02306 -0.0215747 0)
(3 -6.59723e-12 0)
(3 3.2526e-12 0)
(3 4.56629e-12 0)
(3 -2.75437e-12 0)
(3 1.56823e-14 0)
(3 1.46907e-15 0)
(3 -1.08694e-16 0)
(3 -1.37184e-15 0)
(3 -2.02467e-15 0)
(3 -2.0504e-15 0)
(3 -2.58565e-15 0)
(3 -2.84001e-15 0)
(3 -3.47734e-15 0)
(3 -2.61055e-15 0)
(3 -2.79815e-15 0)
(1.5952 1.33116 0)
(1.50145 1.33524 0)
(1.72233 1.19086 0)
(2.38091 0.55558 0)
(3 -4.94419e-08 0)
(3 1.86885e-11 0)
(3 -5.00753e-14 0)
(3 -1.80825e-15 0)
(3 6.61024e-15 0)
(3 1.53884e-15 0)
(3 1.46892e-15 0)
(3 9.81702e-16 0)
(3 -7.77545e-16 0)
(3 -1.9895e-15 0)
(3 -2.63605e-15 0)
(3 -2.68024e-15 0)
(3 -2.79106e-15 0)
(3 -3.04447e-15 0)
(3 -2.93695e-15 0)
(3 -3.25408e-15 0)
(1.5863 1.30081 0)
(1.47593 1.3402 0)
(1.99845 1.02044 0)
(2.89332 0.100875 0)
(3 -7.75877e-09 0)
(3 4.74478e-11 0)
(3 -1.12136e-13 0)
(3 3.41675e-15 0)
(3 2.21314e-15 0)
(3 2.27215e-15 0)
(3 1.60065e-15 0)
(3 1.22303e-15 0)
(3 7.46439e-16 0)
(3 -4.05168e-16 0)
(3 -1.95609e-15 0)
(3 -2.47628e-15 0)
(3 -2.40179e-15 0)
(3 -2.80603e-15 0)
(3 -4.18728e-15 0)
(3 -3.70682e-15 0)
(1.59927 1.2912 0)
(1.46901 1.38839 0)
(2.15767 0.835309 0)
(3.01046 -0.00832522 0)
(3 3.04436e-08 0)
(3 -5.29071e-11 0)
(3 1.12998e-13 0)
(3 9.81005e-16 0)
(3 2.69477e-15 0)
(3 2.74078e-15 0)
(3 2.25281e-15 0)
(3 2.07508e-15 0)
(3 1.5511e-15 0)
(3 4.45177e-16 0)
(3 -1.48235e-15 0)
(3 -1.67703e-15 0)
(3 -1.9277e-15 0)
(3 -1.90594e-15 0)
(3 -3.12842e-15 0)
(3 -3.21839e-15 0)
(1.6179 1.28066 0)
(1.55312 1.32776 0)
(2.40237 0.558507 0)
(3 -4.29981e-12 0)
(3 -2.24847e-11 0)
(3 4.02433e-13 0)
(3 -4.30223e-15 0)
(3 5.0158e-16 0)
(3 1.4425e-15 0)
(3 2.15412e-15 0)
(3 2.38939e-15 0)
(3 2.36118e-15 0)
(3 1.96677e-15 0)
(3 1.12136e-15 0)
(3 -3.49127e-16 0)
(3 -1.49641e-15 0)
(3 -1.6214e-15 0)
(3 -1.66308e-15 0)
(3 -1.46026e-15 0)
(3 -1.42408e-15 0)
(1.63651 1.267 0)
(1.65639 1.23494 0)
(2.65307 0.289532 0)
(3 1.93278e-12 0)
(3 -2.22528e-13 0)
(3 -6.35268e-15 0)
(3 -1.91552e-15 0)
(3 -2.05616e-15 0)
(3 -9.96656e-16 0)
(3 3.30462e-16 0)
(3 8.53745e-16 0)
(3 1.96068e-15 0)
(3 2.24988e-15 0)
(3 1.52471e-15 0)
(3 9.89222e-16 0)
(3 1.21434e-16 0)
(3 -1.14605e-15 0)
(3 -1.52483e-15 0)
(3 -1.51079e-15 0)
(3 -1.83931e-15 0)
(1.65285 1.2372 0)
(1.80292 1.103 0)
(2.86447 0.0991445 0)
(3 -5.5261e-15 0)
(3 -3.70729e-15 0)
(3 -3.46958e-15 0)
(3 -2.91081e-15 0)
(3 -2.15534e-15 0)
(3 -1.75897e-15 0)
(3 -4.9704e-16 0)
(3 6.11596e-16 0)
(3 1.75416e-15 0)
(3 2.37242e-15 0)
(3 2.3528e-15 0)
(3 2.17803e-15 0)
(3 1.42669e-15 0)
(3 5.17481e-16 0)
(3 6.3101e-17 0)
(3 -5.94874e-16 0)
(3 -1.83664e-15 0)
(1.66861 1.20457 0)
(1.89405 0.973276 0)
(2.98479 0.00910171 0)
(3 -4.5218e-15 0)
(3 -3.95869e-15 0)
(3 -3.93246e-15 0)
(3 -3.24013e-15 0)
(3 -2.96111e-15 0)
(3 -2.11078e-15 0)
(3 -1.55803e-15 0)
(3 -8.91354e-16 0)
(3 2.12959e-16 0)
(3 3.86772e-16 0)
(3 1.10771e-15 0)
(3 1.41263e-15 0)
(3 1.50249e-15 0)
(3 1.43415e-15 0)
(3 1.34582e-15 0)
(3 1.17386e-15 0)
(3 1.04329e-15 0)
(1.73372 1.16915 0)
(2.07591 0.816395 0)
(3 -5.57771e-15 0)
(3 -3.94521e-15 0)
(3 -3.36272e-15 0)
(3 -3.25427e-15 0)
(3 -3.85377e-15 0)
(3 -4.1373e-15 0)
(3 -4.53336e-15 0)
(3 -4.7734e-15 0)
(3 -4.01089e-15 0)
(3 -2.94788e-15 0)
(3 -2.27702e-15 0)
(3 -1.73822e-15 0)
(3 -1.19234e-15 0)
(3 -9.62804e-16 0)
(3 -3.95565e-16 0)
(3 4.22045e-17 0)
(3 7.76024e-16 0)
(3 1.4264e-15 0)
(1.75253 1.09518 0)
(2.2267 0.65473 0)
(3 -5.21921e-15 0)
(3 -4.24111e-15 0)
(3 -3.56114e-15 0)
(3 -2.77857e-15 0)
(3 -2.78673e-15 0)
(3 -3.48189e-15 0)
(3 -4.40467e-15 0)
(3 -4.6006e-15 0)
(3 -3.94427e-15 0)
(3 -2.82598e-15 0)
(3 -2.90963e-15 0)
(3 -2.75575e-15 0)
(3 -2.55044e-15 0)
(3 -2.12536e-15 0)
(3 -1.7149e-15 0)
(3 -1.5763e-15 0)
(3 -1.30309e-15 0)
(3 -4.06221e-16 0)
(1.80259 1.01308 0)
(2.41954 0.459489 0)
(3 -6.10156e-15 0)
(3 -4.34203e-15 0)
(3 -3.90959e-15 0)
(3 -3.2943e-15 0)
(3 -2.94724e-15 0)
(3 -2.89686e-15 0)
(3 -3.02846e-15 0)
(3 -2.95202e-15 0)
(3 -3.13759e-15 0)
(3 -3.16967e-15 0)
(3 -3.10882e-15 0)
(3 -3.3886e-15 0)
(3 -3.86945e-15 0)
(3 -3.57353e-15 0)
(3 -3.34029e-15 0)
(3 -2.67582e-15 0)
(3 -2.08558e-15 0)
(3 -9.96146e-16 0)
(1.94588 0.887086 0)
(2.70234 0.217716 0)
(3 -2.0046e-15 0)
(3 -1.81395e-16 0)
(3 1.83191e-16 0)
(3 2.42693e-16 0)
(3 3.28024e-16 0)
(3 6.77872e-17 0)
(3 -5.898e-16 0)
(3 -9.70978e-16 0)
(3 -8.86705e-16 0)
(3 -6.8928e-16 0)
(3 -3.94024e-16 0)
(3 -3.39623e-16 0)
(3 -5.45964e-16 0)
(3 -8.75247e-16 0)
(3 -9.97021e-16 0)
(3 -1.07202e-15 0)
(3 -1.30956e-15 0)
(3 -1.06589e-15 0)
(2.10431 0.645061 0)
(2.99095 0.000261107 0)
(3 5.95355e-16 0)
(3 -6.15724e-16 0)
(3 -3.80262e-16 0)
(3 -4.192e-16 0)
(3 -3.12603e-16 0)
(3 -9.07646e-16 0)
(3 -1.04133e-15 0)
(3 -1.12292e-15 0)
(3 -9.41813e-16 0)
(3 -3.66303e-16 0)
(3 -2.25825e-16 0)
(3 1.82023e-16 0)
(3 4.95116e-16 0)
(3 7.08875e-16 0)
(3 7.61749e-16 0)
(3 7.95083e-16 0)
(3 6.49122e-16 0)
(3 6.43903e-16 0)
(1.99537 0.375145 0)
(2.99994 -7.79647e-06 0)
(3 -5.8976e-16 0)
(3 -5.46314e-16 0)
(3 -2.69428e-16 0)
(3 -2.26223e-16 0)
(3 -1.90765e-16 0)
(3 -7.00597e-17 0)
(3 -1.12862e-16 0)
(3 -8.19107e-17 0)
(3 -9.36976e-17 0)
(3 1.4063e-16 0)
(3 7.07557e-16 0)
(3 1.08863e-15 0)
(3 1.60557e-15 0)
(3 1.84049e-15 0)
(3 2.07559e-15 0)
(3 2.30347e-15 0)
(3 2.53201e-15 0)
(3 2.24339e-15 0)
(1.99485 -0.376294 0)
(2.99994 7.0764e-06 0)
(3 -1.28817e-15 0)
(3 -1.10829e-15 0)
(3 -1.01217e-15 0)
(3 -5.29592e-16 0)
(3 7.92441e-17 0)
(3 1.35638e-15 0)
(3 1.40393e-15 0)
(3 1.2948e-15 0)
(3 1.47e-15 0)
(3 1.63965e-15 0)
(3 1.75291e-15 0)
(3 1.8242e-15 0)
(3 1.92091e-15 0)
(3 2.10725e-15 0)
(3 2.49797e-15 0)
(3 2.91138e-15 0)
(3 3.18903e-15 0)
(3 3.0782e-15 0)
(2.10295 -0.641596 0)
(2.99134 -0.000275191 0)
(3 -5.30368e-17 0)
(3 3.57077e-16 0)
(3 7.14565e-16 0)
(3 8.43043e-16 0)
(3 1.43839e-15 0)
(3 2.34839e-15 0)
(3 2.61423e-15 0)
(3 2.53307e-15 0)
(3 2.05173e-15 0)
(3 2.14799e-15 0)
(3 2.33121e-15 0)
(3 2.54442e-15 0)
(3 2.85902e-15 0)
(3 2.83379e-15 0)
(3 2.70447e-15 0)
(3 2.52819e-15 0)
(3 2.51728e-15 0)
(3 2.46279e-15 0)
(1.95199 -0.886811 0)
(2.70743 -0.214755 0)
(3 2.48492e-15 0)
(3 3.36619e-15 0)
(3 3.53182e-15 0)
(3 3.467e-15 0)
(3 4.03018e-15 0)
(3 4.07641e-15 0)
(3 3.76854e-15 0)
(3 3.30289e-15 0)
(3 2.59484e-15 0)
(3 2.45968e-15 0)
(3 2.59362e-15 0)
(3 3.14806e-15 0)
(3 3.42807e-15 0)
(3 3.38255e-15 0)
(3 2.95238e-15 0)
(3 2.62558e-15 0)
(3 2.00508e-15 0)
(3 1.27244e-15 0)
(1.80629 -1.01395 0)
(2.41821 -0.460681 0)
(3 5.21281e-15 0)
(3 5.06773e-15 0)
(3 5.07126e-15 0)
(3 4.60238e-15 0)
(3 4.78445e-15 0)
(3 5.05162e-15 0)
(3 5.48194e-15 0)
(3 5.24494e-15 0)
(3 5.28436e-15 0)
(3 5.63964e-15 0)
(3 5.70619e-15 0)
(3 5.60925e-15 0)
(3 4.52707e-15 0)
(3 4.17214e-15 0)
(3 2.8297e-15 0)
(3 2.09861e-15 0)
(3 1.25886e-15 0)
(3 5.5081e-16 0)
(1.74332 -1.09799 0)
(2.21954 -0.65769 0)
(3 4.60272e-15 0)
(3 5.19622e-15 0)
(3 4.2816e-15 0)
(3 4.06511e-15 0)
(3 4.20787e-15 0)
(3 4.72613e-15 0)
(3 4.80286e-15 0)
(3 4.71065e-15 0)
(3 4.75122e-15 0)
(3 4.66751e-15 0)
(3 4.18016e-15 0)
(3 3.96286e-15 0)
(3 3.29291e-15 0)
(3 2.4865e-15 0)
(3 1.53789e-15 0)
(3 4.75411e-16 0)
(3 4.14933e-17 0)
(3 -2.92708e-16 0)
(1.73495 -1.1673 0)
(2.07393 -0.819154 0)
(3 3.95734e-15 0)
(3 2.39569e-15 0)
(3 2.79122e-15 0)
(3 3.05391e-15 0)
(3 3.647e-15 0)
(3 3.74363e-15 0)
(3 3.24835e-15 0)
(3 2.29306e-15 0)
(3 2.36721e-15 0)
(3 2.166e-15 0)
(3 1.56875e-15 0)
(3 1.58612e-15 0)
(3 5.71092e-16 0)
(3 3.67683e-16 0)
(3 -7.01705e-16 0)
(3 -7.0121e-16 0)
(3 -3.5847e-16 0)
(3 -1.99856e-16 0)
(1.67157 -1.20351 0)
(1.90168 -0.970287 0)
(2.99048 -0.00542857 0)
(3 1.26373e-15 0)
(3 2.54622e-15 0)
(3 2.78858e-15 0)
(3 2.54972e-15 0)
(3 2.17657e-15 0)
(3 1.6133e-15 0)
(3 1.27499e-15 0)
(3 9.83885e-16 0)
(3 5.34035e-16 0)
(3 3.68513e-16 0)
(3 3.34921e-16 0)
(3 1.75351e-16 0)
(3 -7.75051e-16 0)
(3 -8.15615e-16 0)
(3 -3.32341e-16 0)
(3 5.40459e-16 0)
(3 1.32419e-15 0)
(1.65308 -1.23786 0)
(1.79825 -1.10212 0)
(2.86586 -0.0961829 0)
(3 3.01979e-14 0)
(3 1.82568e-15 0)
(3 2.75871e-15 0)
(3 2.66789e-15 0)
(3 2.47307e-15 0)
(3 1.80036e-15 0)
(3 6.22002e-16 0)
(3 6.48814e-16 0)
(3 7.15024e-16 0)
(3 7.36295e-16 0)
(3 9.80847e-16 0)
(3 5.9624e-16 0)
(3 8.29632e-16 0)
(3 1.14735e-15 0)
(3 1.73827e-15 0)
(3 2.00614e-15 0)
(3 1.77487e-15 0)
(1.63665 -1.26588 0)
(1.66034 -1.23164 0)
(2.65409 -0.287078 0)
(3 -2.39881e-12 0)
(3 2.27993e-13 0)
(3 5.90119e-15 0)
(3 2.85701e-15 0)
(3 2.58108e-15 0)
(3 1.65318e-15 0)
(3 9.44258e-16 0)
(3 9.16666e-16 0)
(3 1.18577e-15 0)
(3 1.47922e-15 0)
(3 1.63328e-15 0)
(3 1.37882e-15 0)
(3 1.31883e-15 0)
(3 1.71759e-15 0)
(3 1.57984e-15 0)
(3 1.14551e-15 0)
(3 8.73561e-16 0)
(1.61812 -1.28143 0)
(1.55605 -1.32476 0)
(2.40408 -0.554947 0)
(3 4.06653e-12 0)
(3 1.6414e-11 0)
(3 -3.27655e-13 0)
(3 6.1869e-15 0)
(3 2.2907e-15 0)
(3 1.9936e-15 0)
(3 1.44062e-15 0)
(3 1.40115e-15 0)
(3 2.19528e-15 0)
(3 2.32086e-15 0)
(3 2.27659e-15 0)
(3 2.01374e-15 0)
(3 2.14043e-15 0)
(3 2.14051e-15 0)
(3 2.347e-15 0)
(3 2.53784e-15 0)
(3 2.73065e-15 0)
(1.59863 -1.29248 0)
(1.46828 -1.39358 0)
(2.14269 -0.848303 0)
(3.01057 0.0084248 0)
(3 -2.44075e-08 0)
(3 4.82449e-11 0)
(3 -1.22753e-13 0)
(3 3.52013e-15 0)
(3 2.71434e-15 0)
(3 2.99233e-15 0)
(3 2.71215e-15 0)
(3 3.2617e-15 0)
(3 3.37209e-15 0)
(3 2.98867e-15 0)
(3 2.84678e-15 0)
(3 2.97714e-15 0)
(3 2.7643e-15 0)
(3 3.29386e-15 0)
(3 3.46788e-15 0)
(3 4.78145e-15 0)
(1.58458 -1.30019 0)
(1.47432 -1.33693 0)
(2.00999 -1.02206 0)
(2.89872 -0.100837 0)
(3 5.57378e-09 0)
(3 -2.83705e-11 0)
(3 1.20363e-13 0)
(3 2.421e-15 0)
(3 3.17226e-15 0)
(3 3.7089e-15 0)
(3 3.36831e-15 0)
(3 3.64982e-15 0)
(3 3.0899e-15 0)
(3 3.35587e-15 0)
(3 2.9989e-15 0)
(3 2.35243e-15 0)
(3 2.60632e-15 0)
(3 3.67046e-15 0)
(3 4.21929e-15 0)
(3 4.96485e-15 0)
(1.59391 -1.32939 0)
(1.5022 -1.33308 0)
(1.72328 -1.19169 0)
(2.38221 -0.554527 0)
(3 3.23331e-08 0)
(3 -3.64561e-11 0)
(3 -1.0805e-13 0)
(3 7.59884e-14 0)
(3 -1.27393e-14 0)
(3 3.96054e-15 0)
(3 3.57962e-15 0)
(3 3.30225e-15 0)
(3 3.51065e-15 0)
(3 3.69683e-15 0)
(3 3.28778e-15 0)
(3 2.52972e-15 0)
(3 2.57506e-15 0)
(3 3.17398e-15 0)
(3 3.96092e-15 0)
(3 4.90205e-15 0)
(1.58579 -1.29934 0)
(1.55354 -1.29996 0)
(1.67811 -1.22041 0)
(2.1631 -0.817253 0)
(3.02328 0.0209577 0)
(3 8.39801e-12 0)
(3 9.9454e-12 0)
(3 -1.80672e-11 0)
(3 3.57425e-12 0)
(3 -3.28754e-15 0)
(3 3.29927e-15 0)
(3 3.23466e-15 0)
(3 3.47898e-15 0)
(3 3.66458e-15 0)
(3 3.61441e-15 0)
(3 3.37366e-15 0)
(3 2.75905e-15 0)
(3 3.06704e-15 0)
(3 2.94867e-15 0)
(3 3.93157e-15 0)
(1.5837 -1.28546 0)
(1.58854 -1.2897 0)
(1.64605 -1.2599 0)
(1.83864 -1.11055 0)
(2.70473 -0.244438 0)
(3 5.92182e-10 0)
(3 -1.36797e-08 0)
(3 1.22927e-08 0)
(3 -5.20101e-10 0)
(3 -1.95955e-12 0)
(3 9.7164e-14 0)
(3 2.90875e-15 0)
(3 3.05254e-15 0)
(3 2.77504e-15 0)
(3 3.58701e-15 0)
(3 2.42839e-15 0)
(3 2.26467e-15 0)
(3 1.9639e-15 0)
(3 2.67832e-15 0)
(3 2.87517e-15 0)
(1.58236 -1.26852 0)
(1.59531 -1.27265 0)
(1.62535 -1.2683 0)
(1.62128 -1.28446 0)
(2.30745 -0.676093 0)
(3.02217 0.01984 0)
(2.99972 -8.34729e-05 0)
(3 3.96305e-06 0)
(3 -7.93513e-08 0)
(3 8.90285e-10 0)
(3 -1.53252e-13 0)
(3 3.14163e-15 0)
(3 2.21392e-15 0)
(3 2.66734e-15 0)
(3 3.61137e-15 0)
(3 2.46373e-15 0)
(3 1.77335e-15 0)
(3 1.44793e-15 0)
(3 2.66574e-15 0)
(3 2.69056e-15 0)
(1.58105 -1.25306 0)
(1.60094 -1.25823 0)
(1.62348 -1.26582 0)
(1.60984 -1.29303 0)
(1.88661 -1.07424 0)
(2.75997 -0.217134 0)
(3.00407 -0.000314067 0)
(2.99993 -5.37973e-05 0)
(3 8.29458e-07 0)
(3 -8.68609e-10 0)
(3 8.44536e-15 0)
(3 1.21187e-15 0)
(3 1.61202e-15 0)
(3 1.38873e-15 0)
(3 3.27294e-15 0)
(3 2.39236e-15 0)
(3 8.06517e-16 0)
(3 1.47436e-15 0)
(3 2.30603e-15 0)
(3 2.22641e-15 0)
(1.57921 -1.24807 0)
(1.60256 -1.2546 0)
(1.6157 -1.25939 0)
(1.61137 -1.26874 0)
(1.75533 -1.19257 0)
(2.24836 -0.785238 0)
(3.0057 0.0109334 0)
(2.99995 0.000231744 0)
(3 -6.69787e-07 0)
(3 -5.87209e-11 0)
(3 3.22937e-14 0)
(3 1.06851e-16 0)
(3 1.00767e-15 0)
(3 1.64294e-15 0)
(3 2.69994e-15 0)
(3 1.48128e-15 0)
(3 1.33626e-15 0)
(3 1.62281e-15 0)
(3 2.28316e-15 0)
(3 2.49399e-15 0)
(1.57674 -1.2403 0)
(1.59271 -1.25262 0)
(1.60595 -1.26315 0)
(1.60982 -1.2725 0)
(1.64187 -1.25868 0)
(1.75296 -1.19431 0)
(2.25639 -0.736254 0)
(2.99633 -0.0133991 0)
(3 -6.37265e-08 0)
(3 3.22407e-11 0)
(3 7.56136e-15 0)
(3 2.93582e-16 0)
(3 1.14291e-15 0)
(3 4.94038e-16 0)
(3 1.46086e-15 0)
(3 1.17367e-15 0)
(3 1.41482e-15 0)
(3 1.63578e-15 0)
(3 2.40496e-15 0)
(3 2.71908e-15 0)
(1.58015 -1.25554 0)
(1.58616 -1.25986 0)
(1.59632 -1.26527 0)
(1.60145 -1.2687 0)
(1.60794 -1.26292 0)
(1.59604 -1.26632 0)
(1.86974 -1.17338 0)
(2.9487 -0.408477 0)
(3.38272 0.664152 0)
(3 -6.3673e-11 0)
(3 7.68391e-11 0)
(3 -7.97402e-11 0)
(3 -7.5528e-15 0)
(3 4.29908e-13 0)
(3 1.58331e-14 0)
(3 -1.8038e-14 0)
(3 1.31028e-14 0)
(3 2.35583e-15 0)
(3 2.13362e-15 0)
(3 3.20066e-15 0)
(1.16759 -0.763351 0)
(1.82883 -1.15016 0)
(1.83961 -1.14951 0)
(1.7481 -1.18673 0)
(1.71752 -1.20072 0)
(1.66094 -1.24562 0)
(1.65016 -1.21756 0)
(1.71901 -1.16661 0)
(1.74699 -1.24177 0)
(1.78812 -1.15383 0)
(2.2789 -0.743839 0)
(2.86285 -0.206274 0)
(3.0974 0.029808 0)
(3.02082 0.0126836 0)
(3.00478 0.00561078 0)
(3.0019 0.00308512 0)
(3.00005 0.00059562 0)
(2.99998 2.22654e-05 0)
(2.99999 -1.44252e-05 0)
(3 -5.93767e-06 0)
(1.02215 -0.0297769 0)
(1.9363 -0.786614 0)
(2.10824 -0.871758 0)
(1.99883 -0.990397 0)
(1.95686 -0.995787 0)
(1.87818 -1.0779 0)
(1.78659 -1.13612 0)
(1.75465 -1.14689 0)
(1.75399 -1.16316 0)
(1.73592 -1.20494 0)
(1.72462 -1.19459 0)
(1.87735 -1.06213 0)
(2.10189 -0.878921 0)
(2.49638 -0.577214 0)
(2.98154 -0.138981 0)
(3.07317 0.0286591 0)
(3.00816 0.00765877 0)
(3.00294 0.00381878 0)
(3.00123 0.00218921 0)
(3.00008 0.000481706 0)
(1.07771 0.151133 0)
(1.8117 0.102612 0)
(2.25466 -0.11599 0)
(2.23291 -0.526586 0)
(2.20015 -0.670122 0)
(2.13503 -0.789088 0)
(2.03735 -0.902751 0)
(1.96359 -0.962479 0)
(1.91311 -1.0298 0)
(1.85753 -1.11787 0)
(1.79367 -1.15657 0)
(1.79212 -1.14996 0)
(1.80839 -1.13099 0)
(1.84567 -1.08977 0)
(2.03578 -0.955133 0)
(2.25845 -0.829808 0)
(2.66643 -0.502017 0)
(3.03778 -0.0898207 0)
(3.05606 0.0246081 0)
(3.00414 0.00476773 0)
(1.41069 0.471428 0)
(1.76624 0.937787 0)
(2.21801 0.709004 0)
(2.31884 0.132105 0)
(2.36811 -0.105502 0)
(2.33461 -0.382355 0)
(2.2848 -0.554482 0)
(2.18618 -0.723573 0)
(2.13077 -0.804716 0)
(2.07831 -0.920925 0)
(1.97262 -1.02174 0)
(1.91048 -1.07355 0)
(1.87727 -1.09053 0)
(1.86518 -1.09353 0)
(1.87138 -1.05642 0)
(1.89966 -1.04573 0)
(1.96463 -1.01778 0)
(2.16435 -0.900396 0)
(2.37823 -0.793196 0)
(2.77455 -0.446616 0)
(1.47518 1.0644 0)
(1.52534 1.53091 0)
(2.4713 0.364359 0)
(2.22457 0.867374 0)
(2.30734 0.661122 0)
(2.42588 0.298739 0)
(2.40763 -0.124326 0)
(2.38049 -0.302054 0)
(2.32156 -0.453086 0)
(2.30756 -0.578957 0)
(2.21514 -0.731969 0)
(2.13921 -0.836463 0)
(2.08239 -0.897714 0)
(2.02744 -0.952701 0)
(1.99159 -0.95996 0)
(1.9586 -0.982486 0)
(1.95485 -1.01419 0)
(1.96848 -0.998086 0)
(1.99264 -0.998155 0)
(2.06962 -0.98082 0)
(1.28492 1.40448 0)
(1.67734 1.59132 0)
(2.15986 0.936899 0)
(2.47799 1.07418 0)
(2.41334 0.925196 0)
(2.42423 0.77269 0)
(2.4623 0.512443 0)
(2.46408 0.226726 0)
(2.45044 0.0482387 0)
(2.45706 -0.130317 0)
(2.42461 -0.328715 0)
(2.34895 -0.515875 0)
(2.29648 -0.639014 0)
(2.21822 -0.759729 0)
(2.16196 -0.81899 0)
(2.1145 -0.848499 0)
(2.06222 -0.904808 0)
(2.05651 -0.905851 0)
(2.04069 -0.927649 0)
(2.06245 -0.950515 0)
(1.23503 1.41311 0)
(1.63438 1.55107 0)
(1.95035 1.13852 0)
(1.93629 1.30471 0)
(2.48781 0.931675 0)
(2.56293 0.964098 0)
(2.65697 0.79142 0)
(2.63001 0.353169 0)
(2.60168 0.251396 0)
(2.5798 0.0149358 0)
(2.57305 -0.162428 0)
(2.4954 -0.369651 0)
(2.44881 -0.48518 0)
(2.38101 -0.597276 0)
(2.33575 -0.633776 0)
(2.29992 -0.637263 0)
(2.2603 -0.655043 0)
(2.24478 -0.661776 0)
(2.17805 -0.742541 0)
(2.13573 -0.785442 0)
(1.253 1.41027 0)
(1.60186 1.55156 0)
(1.81055 1.39048 0)
(1.81288 1.29263 0)
(1.93442 1.37246 0)
(2.3963 1.22829 0)
(2.65647 0.94483 0)
(2.73961 0.527911 0)
(2.69154 0.303574 0)
(2.65686 0.220153 0)
(2.6462 0.080251 0)
(2.61204 -0.0539086 0)
(2.57581 -0.145738 0)
(2.54602 -0.213947 0)
(2.49906 -0.279931 0)
(2.47904 -0.296559 0)
(2.43181 -0.371368 0)
(2.37223 -0.485458 0)
(2.30001 -0.598196 0)
(2.29467 -0.576591 0)
(1.35353 1.48146 0)
(1.57253 1.66521 0)
(1.68673 1.66879 0)
(1.75471 1.4088 0)
(1.77601 1.59106 0)
(2.06313 1.43144 0)
(2.32446 1.32255 0)
(2.45868 1.20877 0)
(2.53898 0.917289 0)
(2.55096 0.842299 0)
(2.58602 0.633376 0)
(2.60214 0.461962 0)
(2.60001 0.295296 0)
(2.63148 0.192929 0)
(2.58896 -0.00505427 0)
(2.59343 -0.107893 0)
(2.53077 -0.300806 0)
(2.48164 -0.367779 0)
(2.42766 -0.4006 0)
(2.46525 -0.307978 0)
(1.48984 1.64595 0)
(1.53967 1.87998 0)
(1.59273 1.93406 0)
(1.73527 1.6974 0)
(1.82574 1.75815 0)
(2.02001 1.5641 0)
(2.12543 1.59068 0)
(2.25546 1.42932 0)
(2.35982 1.25285 0)
(2.4403 1.11713 0)
(2.54157 0.907992 0)
(2.61031 0.689412 0)
(2.65124 0.460944 0)
(2.71165 0.2998 0)
(2.66932 0.0528064 0)
(2.65386 -0.0481121 0)
(2.61874 -0.169406 0)
(2.59634 -0.0872182 0)
(2.55136 -0.11838 0)
(2.58399 -0.0498232 0)
(1.63447 1.78834 0)
(1.60016 2.04597 0)
(1.66852 2.20435 0)
(1.74654 2.08234 0)
(1.87211 1.90524 0)
(2.01396 1.65352 0)
(2.08428 1.67445 0)
(2.27166 1.48795 0)
(2.42719 1.37623 0)
(2.55288 1.12789 0)
(2.65547 0.883547 0)
(2.70389 0.63935 0)
(2.72077 0.50328 0)
(2.73992 0.382544 0)
(2.73774 0.285761 0)
(2.7169 0.257682 0)
(2.69045 0.217872 0)
(2.68652 0.280114 0)
(2.64893 0.177091 0)
(2.6192 0.0147942 0)
(1.58891 1.75915 0)
(1.76924 2.0725 0)
(1.80775 2.28476 0)
(1.79705 2.19404 0)
(1.97291 1.97921 0)
(2.17805 1.70183 0)
(2.28335 1.75654 0)
(2.49833 1.47668 0)
(2.63053 1.44353 0)
(2.70309 1.15994 0)
(2.74407 1.15198 0)
(2.76563 0.932554 0)
(2.7329 0.917575 0)
(2.732 0.820226 0)
(2.72358 0.730444 0)
(2.70471 0.633663 0)
(2.70678 0.574002 0)
(2.74215 0.49702 0)
(2.71988 0.292218 0)
(2.68915 0.12977 0)
(1.46558 1.6679 0)
(1.8492 2.03224 0)
(1.92142 2.27195 0)
(2.01239 2.30958 0)
(2.1788 2.17007 0)
(2.33275 1.9641 0)
(2.44666 1.88875 0)
(2.52094 1.69019 0)
(2.53014 1.64541 0)
(2.62897 1.46829 0)
(2.58862 1.52069 0)
(2.63075 1.34677 0)
(2.61109 1.23465 0)
(2.64091 1.14618 0)
(2.66702 0.994783 0)
(2.70058 0.863822 0)
(2.7623 0.747627 0)
(2.79908 0.534743 0)
(2.79895 0.379158 0)
(2.74931 0.312719 0)
(1.34743 1.59981 0)
(1.72702 1.9637 0)
(1.97629 2.26437 0)
(2.12105 2.28892 0)
(2.23406 2.23989 0)
(2.33649 2.11242 0)
(2.39562 1.94754 0)
(2.4182 1.81988 0)
(2.39101 1.8319 0)
(2.37787 1.77278 0)
(2.40698 1.64479 0)
(2.49497 1.53593 0)
(2.54557 1.36326 0)
(2.65994 1.2806 0)
(2.70152 1.09793 0)
(2.77959 0.902534 0)
(2.82412 0.748428 0)
(2.83806 0.57088 0)
(2.7705 0.608918 0)
(2.7257 0.637109 0)
(1.22312 1.4735 0)
(1.52385 1.88257 0)
(1.86662 2.21423 0)
(2.0616 2.28373 0)
(2.20558 2.31313 0)
(2.23066 2.27964 0)
(2.26147 2.05778 0)
(2.18023 2.04821 0)
(2.18082 1.9487 0)
(2.22905 1.84806 0)
(2.32857 1.69053 0)
(2.51022 1.58447 0)
(2.59033 1.44027 0)
(2.74291 1.31632 0)
(2.79312 1.09374 0)
(2.79722 1.01956 0)
(2.76137 1.031 0)
(2.75558 0.963498 0)
(2.68831 1.08929 0)
(2.68209 0.990395 0)
(1.20539 1.38163 0)
(1.43231 1.80345 0)
(1.68594 2.1095 0)
(1.77784 2.27858 0)
(1.88833 2.31853 0)
(1.97213 2.37508 0)
(2.06312 2.14228 0)
(2.02035 2.10738 0)
(2.10256 1.96337 0)
(2.23932 1.8808 0)
(2.39322 1.70637 0)
(2.57229 1.60476 0)
(2.67929 1.43023 0)
(2.68731 1.43943 0)
(2.68244 1.41883 0)
(2.63624 1.47793 0)
(2.60586 1.4301 0)
(2.60386 1.32526 0)
(2.63846 1.33795 0)
(2.71167 1.1308 0)
(1.32097 1.40492 0)
(1.45831 1.68622 0)
(1.61668 1.95855 0)
(1.69152 2.17375 0)
(1.79924 2.27871 0)
(1.83343 2.3336 0)
(1.9224 2.1539 0)
(1.99399 2.13662 0)
(2.15764 1.95872 0)
(2.33367 1.94049 0)
(2.47132 1.79294 0)
(2.5043 1.81531 0)
(2.52275 1.79645 0)
(2.44741 1.83172 0)
(2.44229 1.75078 0)
(2.4714 1.69639 0)
(2.51419 1.57702 0)
(2.59388 1.47046 0)
(2.6813 1.36103 0)
(2.80347 1.17915 0)
(1.43769 1.41061 0)
(1.5126 1.60456 0)
(1.61091 1.71985 0)
(1.68464 1.89667 0)
(1.80477 2.1021 0)
(1.90042 2.1594 0)
(1.95307 2.18276 0)
(1.98744 2.20073 0)
(2.0161 2.21306 0)
(2.11677 2.15584 0)
(2.15744 2.1763 0)
(2.20116 2.08165 0)
(2.23417 1.98393 0)
(2.257 1.93311 0)
(2.3173 1.83921 0)
(2.41069 1.78127 0)
(2.5092 1.70924 0)
(2.62403 1.6443 0)
(2.70812 1.55067 0)
(2.75771 1.52142 0)
(1.56648 1.34646 0)
(1.50828 1.42612 0)
(1.57108 1.33689 0)
(1.65437 1.37357 0)
(1.76472 1.39031 0)
(1.79773 1.27329 0)
(1.84055 1.25182 0)
(1.79055 1.257 0)
(1.70701 1.25218 0)
(1.73302 1.1572 0)
(1.81789 1.32459 0)
(1.93958 1.50748 0)
(1.95552 1.51126 0)
(1.95035 1.39106 0)
(1.99303 1.15822 0)
(2.12421 1.04227 0)
(2.24928 1.08529 0)
(2.32211 1.11044 0)
(2.31443 1.05076 0)
(2.33637 1.09703 0)
(1.40413 0.512464 0)
(1.24287 0.611683 0)
(1.29212 0.367148 0)
(1.33351 0.386554 0)
(1.39344 0.292395 0)
(1.48755 0.229448 0)
(1.58998 0.230324 0)
(1.58616 0.233467 0)
(1.51196 0.22036 0)
(1.48769 0.151195 0)
(1.5183 0.174007 0)
(1.58303 0.283191 0)
(1.61931 0.320538 0)
(1.603 0.273292 0)
(1.64015 0.151493 0)
(1.71953 0.112401 0)
(1.7597 0.164594 0)
(1.81344 0.223175 0)
(1.79393 0.204281 0)
(1.82889 0.172294 0)
(1.94606 -0.183158 0)
(2.03807 -0.147874 0)
(2.06816 -0.0767989 0)
(2.11077 -0.0631089 0)
(2.13051 -0.0151451 0)
(2.16021 -0.0278121 0)
(2.17775 -0.0249118 0)
(2.17745 -0.00658546 0)
(2.18048 0.00291578 0)
(2.19801 0.00448067 0)
(2.22603 -0.0044311 0)
(2.22546 -0.0168897 0)
(2.22522 -0.01868 0)
(2.23401 -0.00809791 0)
(2.24722 0.0023743 0)
(2.25796 0.00780109 0)
(2.26554 -0.00131706 0)
(2.26919 -0.00774472 0)
(2.27331 -0.00403571 0)
(2.2861 0.000996318 0)
(2.28883 -0.849006 0)
(2.31776 -0.539959 0)
(2.28668 -0.270219 0)
(2.30597 -0.176222 0)
(2.30423 -0.0777206 0)
(2.28364 -0.0516692 0)
(2.26067 -0.0333794 0)
(2.26378 -0.00996851 0)
(2.26115 0.000568807 0)
(2.26486 -0.00190549 0)
(2.29444 -0.0135713 0)
(2.30695 -0.0250753 0)
(2.30119 -0.0253797 0)
(2.28885 -0.00923031 0)
(2.28707 0.0124055 0)
(2.29153 0.00962323 0)
(2.30036 -0.00302254 0)
(2.3096 -0.01038 0)
(2.31093 -0.00562486 0)
(2.31744 0.00221558 0)
(2.67016 -1.49195 0)
(2.65947 -1.40928 0)
(2.63509 -1.05033 0)
(2.61913 -0.825872 0)
(2.57701 -0.520038 0)
(2.65833 -0.330966 0)
(2.49795 -0.0727218 0)
(2.42302 -0.0563719 0)
(2.39128 -0.00759106 0)
(2.39608 -0.00700391 0)
(2.41049 -0.0250764 0)
(2.42558 -0.03526 0)
(2.41839 -0.0298064 0)
(2.39876 -0.0144738 0)
(2.37814 0.00669964 0)
(2.37528 0.00800633 0)
(2.38168 -0.00291143 0)
(2.39046 -0.00953674 0)
(2.39098 -0.000532989 0)
(2.38682 0.00237735 0)
(2.7501 -1.21613 0)
(2.70641 -1.22885 0)
(2.72441 -1.19352 0)
(2.71376 -1.16568 0)
(2.70014 -1.11962 0)
(2.74713 -0.881584 0)
(2.72009 -0.497981 0)
(2.73176 -0.280424 0)
(2.59344 -0.0441483 0)
(2.54413 -0.0213883 0)
(2.51291 -0.0294771 0)
(2.514 -0.0364061 0)
(2.52664 -0.0375323 0)
(2.51396 -0.0178205 0)
(2.49262 -0.00471981 0)
(2.48355 -0.00493175 0)
(2.48122 -0.0117912 0)
(2.47948 -0.0079758 0)
(2.47758 0.00278761 0)
(2.46845 0.00810269 0)
(2.77046 -1.00769 0)
(2.71957 -1.06571 0)
(2.72738 -1.06185 0)
(2.73949 -1.00048 0)
(2.7547 -0.962404 0)
(2.75288 -0.974019 0)
(2.75972 -0.959386 0)
(2.79628 -0.728226 0)
(2.78275 -0.392609 0)
(2.74427 -0.179197 0)
(2.63891 -0.0331287 0)
(2.59607 -0.0244463 0)
(2.58333 -0.034804 0)
(2.58062 -0.0228408 0)
(2.57299 -0.0163538 0)
(2.56145 -0.0162184 0)
(2.55024 -0.0187341 0)
(2.54253 -0.00923687 0)
(2.53537 0.0079224 0)
(2.53005 0.00599615 0)
(2.74644 -0.90536 0)
(2.72765 -0.907217 0)
(2.73662 -0.914457 0)
(2.76906 -0.887889 0)
(2.79007 -0.836888 0)
(2.78909 -0.843267 0)
(2.77158 -0.911241 0)
(2.76598 -0.949959 0)
(2.75368 -0.833177 0)
(2.76173 -0.516692 0)
(2.71032 -0.198557 0)
(2.6464 -0.0189365 0)
(2.60909 -0.0260115 0)
(2.60422 -0.0343323 0)
(2.60773 -0.0268518 0)
(2.58929 -0.0251267 0)
(2.5768 -0.0180827 0)
(2.56666 -0.00252753 0)
(2.56336 0.00742762 0)
(2.56323 0.00227159 0)
(2.72869 -0.709086 0)
(2.72782 -0.756267 0)
(2.73557 -0.769833 0)
(2.78333 -0.72752 0)
(2.81469 -0.73667 0)
(2.81562 -0.746606 0)
(2.78845 -0.774949 0)
(2.72874 -0.848774 0)
(2.73098 -0.85974 0)
(2.72997 -0.813619 0)
(2.71135 -0.635853 0)
(2.65448 -0.296604 0)
(2.60059 -0.0311461 0)
(2.59822 -0.0472492 0)
(2.61084 -0.0491429 0)
(2.5909 -0.0379975 0)
(2.5808 -0.021151 0)
(2.57435 0.0045889 0)
(2.57681 0.00229443 0)
(2.57643 -0.00688319 0)
(2.70505 -0.480216 0)
(2.72027 -0.617876 0)
(2.73003 -0.650535 0)
(2.77861 -0.6488 0)
(2.83333 -0.673428 0)
(2.83054 -0.680232 0)
(2.79188 -0.701491 0)
(2.72109 -0.755347 0)
(2.69883 -0.787898 0)
(2.70333 -0.793371 0)
(2.71846 -0.764422 0)
(2.70304 -0.654275 0)
(2.65201 -0.374937 0)
(2.58417 -0.0447774 0)
(2.58903 -0.059805 0)
(2.58119 -0.0375065 0)
(2.58317 -0.0119949 0)
(2.58473 0.0113342 0)
(2.58367 -0.00341143 0)
(2.57608 -0.0122851 0)
(2.68202 -0.242019 0)
(2.71176 -0.43493 0)
(2.71526 -0.509824 0)
(2.7558 -0.510696 0)
(2.81705 -0.556033 0)
(2.81477 -0.582464 0)
(2.7635 -0.588673 0)
(2.7196 -0.643532 0)
(2.68824 -0.688249 0)
(2.69823 -0.691075 0)
(2.72405 -0.74169 0)
(2.73618 -0.729687 0)
(2.7131 -0.651066 0)
(2.67388 -0.437563 0)
(2.59082 -0.0940119 0)
(2.58765 -0.00760084 0)
(2.59058 0.0123977 0)
(2.58637 0.00770186 0)
(2.57002 -0.0224285 0)
(2.57237 -0.0158719 0)
(2.64042 -0.0795732 0)
(2.6986 -0.285836 0)
(2.68744 -0.363382 0)
(2.71361 -0.41028 0)
(2.76791 -0.478482 0)
(2.76736 -0.515176 0)
(2.72627 -0.520266 0)
(2.69578 -0.553032 0)
(2.6849 -0.607514 0)
(2.70028 -0.627701 0)
(2.73329 -0.660557 0)
(2.74219 -0.705594 0)
(2.72956 -0.688852 0)
(2.70815 -0.646615 0)
(2.67012 -0.40444 0)
(2.64227 -0.137101 0)
(2.61613 0.050312 0)
(2.57901 0.000115786 0)
(2.56969 -0.0278813 0)
(2.5805 -0.0148412 0)
(2.49257 0.230728 0)
(2.5405 0.0990477 0)
(2.61974 -0.212954 0)
(2.64922 -0.281428 0)
(2.67329 -0.286417 0)
(2.64176 -0.298951 0)
(2.60852 -0.351271 0)
(2.63633 -0.394155 0)
(2.68163 -0.478346 0)
(2.7077 -0.530523 0)
(2.73872 -0.567721 0)
(2.74321 -0.597396 0)
(2.72381 -0.649608 0)
(2.7458 -0.617507 0)
(2.7372 -0.590212 0)
(2.71515 -0.425016 0)
(2.69654 -0.204637 0)
(2.68059 -0.137482 0)
(2.67222 -0.0420085 0)
(2.62426 -0.00871851 0)
(2.3507 0.549475 0)
(2.4446 0.355764 0)
(2.47826 0.226353 0)
(2.59334 -0.0525915 0)
(2.62184 -0.21893 0)
(2.62836 -0.286352 0)
(2.64994 -0.322352 0)
(2.67162 -0.397995 0)
(2.69601 -0.405491 0)
(2.71852 -0.399237 0)
(2.73744 -0.436175 0)
(2.73369 -0.505282 0)
(2.7257 -0.532813 0)
(2.73911 -0.5883 0)
(2.78074 -0.576319 0)
(2.78619 -0.552249 0)
(2.76678 -0.497488 0)
(2.75523 -0.336497 0)
(2.75773 -0.184695 0)
(2.71967 -0.0500329 0)
(2.34634 0.709252 0)
(2.38595 0.606808 0)
(2.46414 0.411441 0)
(2.49709 0.306251 0)
(2.56924 0.105875 0)
(2.62023 -0.0891673 0)
(2.65611 -0.0705843 0)
(2.64586 -0.100573 0)
(2.65601 -0.189237 0)
(2.66556 -0.243551 0)
(2.71956 -0.313237 0)
(2.73985 -0.396364 0)
(2.7561 -0.424042 0)
(2.77913 -0.456437 0)
(2.80115 -0.477651 0)
(2.8187 -0.526549 0)
(2.82567 -0.541515 0)
(2.82072 -0.527348 0)
(2.82617 -0.455687 0)
(2.80309 -0.203596 0)
(2.43325 0.686871 0)
(2.43207 0.680344 0)
(2.43478 0.642245 0)
(2.47667 0.524007 0)
(2.50914 0.421002 0)
(2.60386 0.159912 0)
(2.63554 0.0650724 0)
(2.65661 -0.0279797 0)
(2.69212 -0.196526 0)
(2.70961 -0.250027 0)
(2.73869 -0.301211 0)
(2.77181 -0.328154 0)
(2.79325 -0.321219 0)
(2.80935 -0.355471 0)
(2.8216 -0.412339 0)
(2.82787 -0.44171 0)
(2.84048 -0.463987 0)
(2.84132 -0.495842 0)
(2.87475 -0.487976 0)
(2.88034 -0.413501 0)
(2.7184 0.448716 0)
(2.59838 0.600922 0)
(2.52351 0.627749 0)
(2.52293 0.615947 0)
(2.52754 0.569497 0)
(2.56613 0.457629 0)
(2.60348 0.328583 0)
(2.66059 0.17402 0)
(2.70403 0.0232015 0)
(2.71079 0.0228387 0)
(2.72809 -0.0386938 0)
(2.75681 -0.102878 0)
(2.75576 -0.11096 0)
(2.78757 -0.199601 0)
(2.8186 -0.260682 0)
(2.83942 -0.331955 0)
(2.86739 -0.367614 0)
(2.89466 -0.405778 0)
(2.91383 -0.427114 0)
(2.9179 -0.428071 0)
(2.96776 0.0716229 0)
(2.85056 0.309447 0)
(2.741 0.470943 0)
(2.61235 0.580756 0)
(2.60892 0.581886 0)
(2.60752 0.565905 0)
(2.62009 0.50871 0)
(2.64838 0.426277 0)
(2.70475 0.269608 0)
(2.73341 0.158841 0)
(2.76598 0.0495301 0)
(2.80324 -0.102129 0)
(2.80715 -0.139548 0)
(2.82333 -0.185744 0)
(2.8555 -0.277007 0)
(2.88036 -0.299321 0)
(2.91399 -0.310419 0)
(2.93168 -0.302917 0)
(2.90834 -0.308057 0)
(2.92986 -0.384069 0)
(2.99894 0.00345693 0)
(2.98572 0.0366185 0)
(2.9523 0.130744 0)
(2.81919 0.376757 0)
(2.74856 0.483737 0)
(2.66717 0.550371 0)
(2.6665 0.549263 0)
(2.66999 0.533223 0)
(2.68672 0.482949 0)
(2.72409 0.374912 0)
(2.75049 0.292495 0)
(2.78723 0.176476 0)
(2.82327 0.0482171 0)
(2.84132 0.0159416 0)
(2.85306 -0.0332587 0)
(2.86588 -0.0902516 0)
(2.86901 -0.087336 0)
(2.89572 -0.158725 0)
(2.92151 -0.253621 0)
(2.9375 -0.303842 0)
(2.99998 7.15699e-05 0)
(2.99964 0.000921878 0)
(2.99763 0.00722894 0)
(2.97388 0.0659174 0)
(2.93263 0.175352 0)
(2.82839 0.379239 0)
(2.77085 0.474236 0)
(2.71431 0.521067 0)
(2.71411 0.518723 0)
(2.71943 0.500897 0)
(2.73492 0.457648 0)
(2.77141 0.368367 0)
(2.80781 0.260096 0)
(2.8404 0.156007 0)
(2.86495 0.0800737 0)
(2.89407 -0.0371337 0)
(2.89832 -0.107623 0)
(2.91379 -0.170681 0)
(2.93924 -0.225823 0)
(2.96874 -0.261064 0)
(3 1.09006e-06 0)
(3 9.78708e-06 0)
(2.99996 0.000106482 0)
(2.99912 0.00213823 0)
(2.99527 0.0133183 0)
(2.96841 0.0805733 0)
(2.92279 0.196739 0)
(2.84467 0.357523 0)
(2.78957 0.458962 0)
(2.75203 0.493707 0)
(2.75281 0.491035 0)
(2.75907 0.47559 0)
(2.77569 0.434126 0)
(2.80632 0.353872 0)
(2.83695 0.269211 0)
(2.86814 0.173358 0)
(2.89003 0.0882598 0)
(2.90856 0.0263266 0)
(2.91772 0.00580003 0)
(2.93227 -0.0566833 0)
(3 1.23903e-08 0)
(3 8.30684e-08 0)
(3 8.79533e-07 0)
(2.99999 2.26061e-05 0)
(2.9999 0.000236235 0)
(2.99868 0.00314243 0)
(2.9928 0.0185314 0)
(2.96861 0.0790398 0)
(2.91465 0.211854 0)
(2.86451 0.324569 0)
(2.81269 0.428389 0)
(2.78255 0.468292 0)
(2.78354 0.465254 0)
(2.78831 0.452654 0)
(2.80395 0.416228 0)
(2.82953 0.355233 0)
(2.86312 0.261898 0)
(2.89264 0.174356 0)
(2.91737 0.0906234 0)
(2.94374 -0.0309743 0)
(3 1.05697e-10 0)
(3 6.45015e-10 0)
(3 6.15575e-09 0)
(3 1.55088e-07 0)
(3 1.97877e-06 0)
(2.99998 3.68916e-05 0)
(2.99984 0.000388452 0)
(2.99852 0.0034213 0)
(2.99084 0.0221869 0)
(2.97176 0.0721362 0)
(2.92057 0.197573 0)
(2.86989 0.314066 0)
(2.83874 0.381453 0)
(2.80697 0.439424 0)
(2.80735 0.439559 0)
(2.81125 0.43152 0)
(2.82465 0.402273 0)
(2.84577 0.352024 0)
(2.87663 0.269081 0)
(2.91142 0.161558 0)
(3 6.9194e-13 0)
(3 4.47931e-12 0)
(3 3.92752e-11 0)
(3 9.10023e-10 0)
(3 1.28435e-08 0)
(3 2.70221e-07 0)
(3 3.42629e-06 0)
(2.99998 4.44288e-05 0)
(2.99978 0.000497445 0)
(2.99859 0.00337459 0)
(2.99131 0.0201599 0)
(2.9704 0.0722586 0)
(2.9383 0.155193 0)
(2.87373 0.311859 0)
(2.85751 0.344162 0)
(2.8282 0.405307 0)
(2.82776 0.409954 0)
(2.82955 0.407838 0)
(2.83793 0.391177 0)
(2.8692 0.316243 0)
(3 9.92095e-16 0)
(3 3.08393e-14 0)
(3 2.38045e-13 0)
(3 4.77655e-12 0)
(3 7.41544e-11 0)
(3 1.63355e-09 0)
(3 2.27393e-08 0)
(3 3.38982e-07 0)
(3 4.59286e-06 0)
(2.99998 4.41188e-05 0)
(2.99978 0.000481308 0)
(2.99859 0.00330256 0)
(2.99333 0.0156091 0)
(2.97189 0.067004 0)
(2.94995 0.126688 0)
(2.89 0.272797 0)
(2.86375 0.333754 0)
(2.848 0.36962 0)
(2.84572 0.380169 0)
(2.8495 0.374342 0)
(3 -3.50039e-15 0)
(3 -2.50613e-15 0)
(3 -3.58526e-15 0)
(3 1.5999e-14 0)
(3 3.72778e-13 0)
(3 8.86829e-12 0)
(3 1.29318e-10 0)
(3 2.15818e-09 0)
(3 3.01797e-08 0)
(3 3.43263e-07 0)
(3 4.71342e-06 0)
(2.99998 4.1516e-05 0)
(2.99982 0.00039693 0)
(2.99882 0.00260321 0)
(2.99436 0.0140486 0)
(2.98042 0.0456642 0)
(2.94934 0.124162 0)
(2.91578 0.213676 0)
(2.88422 0.307312 0)
(2.87426 0.343352 0)
(3 -2.68704e-15 0)
(3 -1.99325e-15 0)
(3 -1.57082e-15 0)
(3 -1.94514e-15 0)
(3 -2.0457e-15 0)
(3 3.33706e-14 0)
(3 5.95026e-13 0)
(3 1.02047e-11 0)
(3 1.57166e-10 0)
(3 1.83788e-09 0)
(3 2.85073e-08 0)
(3 2.71527e-07 0)
(3 3.26097e-06 0)
(2.99998 2.99237e-05 0)
(2.99984 0.00024996 0)
(2.999 0.00156338 0)
(2.99437 0.00909357 0)
(2.98115 0.0274839 0)
(2.94869 0.080194 0)
(2.88004 0.154802 0)
(2.42314 0.376826 0)
(2.26843 0.706646 0)
(2.34063 0.735622 0)
(2.54753 0.603148 0)
(2.8592 0.240302 0)
(2.9871 0.032238 0)
(2.99956 0.00157834 0)
(2.99999 3.88536e-05 0)
(3 5.88235e-07 0)
(3 5.97018e-09 0)
(3 4.3025e-11 0)
(3 2.29624e-13 0)
(3 -8.69293e-16 0)
(3 -4.12152e-15 0)
(3 -3.28475e-15 0)
(2.28276 0.65173 0)
(2.25821 0.786499 0)
(2.39633 0.744047 0)
(2.77878 0.375142 0)
(2.98973 0.0360629 0)
(3.00004 0.000480074 0)
(3 -1.10532e-06 0)
(3 -8.45285e-08 0)
(3 -1.5498e-08 0)
(3 -6.39892e-10 0)
(3 -8.31707e-12 0)
(3 -6.00667e-14 0)
(3 -2.26157e-15 0)
(3 -3.46793e-15 0)
(3 -3.00875e-15 0)
(2.20325 0.811476 0)
(2.25235 0.803468 0)
(2.59152 0.549784 0)
(2.94548 0.117172 0)
(2.999 0.00483715 0)
(2.99999 6.72914e-05 0)
(3 8.32868e-07 0)
(3 1.04489e-08 0)
(3 3.38153e-11 0)
(3 2.7318e-13 0)
(3 1.3071e-14 0)
(3 1.57687e-15 0)
(3 -1.87995e-15 0)
(3 -3.21084e-15 0)
(3 -2.71127e-15 0)
(2.17448 0.882021 0)
(2.4097 0.746675 0)
(2.83999 0.280263 0)
(2.99496 0.01644 0)
(2.99999 0.000110414 0)
(3 -9.11215e-07 0)
(3 -8.18839e-09 0)
(3 -1.5988e-09 0)
(3 -7.94315e-11 0)
(3 -1.1837e-12 0)
(3 -5.26712e-15 0)
(3 1.24737e-15 0)
(3 -1.64411e-15 0)
(3 -3.32378e-15 0)
(3 -2.6509e-15 0)
(2.17886 0.897277 0)
(2.66688 0.452475 0)
(2.98582 0.0325425 0)
(3.00002 0.000334856 0)
(3 1.89716e-06 0)
(3 -4.85188e-09 0)
(3 -1.12556e-09 0)
(3 -1.84927e-11 0)
(3 5.565e-14 0)
(3 6.11934e-15 0)
(3 3.90244e-15 0)
(3 1.45406e-15 0)
(3 -1.37428e-15 0)
(3 -3.50233e-15 0)
(3 -2.61793e-15 0)
(2.5723 0.575253 0)
(2.9914 0.0374461 0)
(3.00022 0.000398198 0)
(3 -5.63078e-07 0)
(3 -1.9958e-07 0)
(3 -1.63798e-08 0)
(3 -3.089e-10 0)
(3 -1.0244e-12 0)
(3 -6.19174e-15 0)
(3 -2.13828e-15 0)
(3 2.59733e-15 0)
(3 1.19062e-15 0)
(3 -1.28721e-15 0)
(3 -3.56464e-15 0)
(3 -2.60919e-15 0)
(2.99266 0.0517234 0)
(2.99997 0.0011333 0)
(3 -1.39905e-06 0)
(3 -4.20928e-07 0)
(3 -4.33371e-09 0)
(3 9.58411e-12 0)
(3 2.58291e-12 0)
(3 1.44775e-13 0)
(3 -1.00945e-15 0)
(3 -1.02945e-15 0)
(3 3.14826e-15 0)
(3 1.25176e-15 0)
(3 -1.41469e-15 0)
(3 -3.78266e-15 0)
(3 -2.43547e-15 0)
(3.00076 -0.00155018 0)
(3.00004 -0.000107882 0)
(3 -3.50755e-06 0)
(3 -7.68057e-09 0)
(3 4.42316e-11 0)
(3 -2.99635e-12 0)
(3 -6.65423e-14 0)
(3 -2.08366e-15 0)
(3 -3.87203e-15 0)
(3 -9.60663e-16 0)
(3 3.71978e-15 0)
(3 1.18111e-15 0)
(3 -1.55573e-15 0)
(3 -4.17348e-15 0)
(3 -2.30602e-15 0)
(3.00001 -2.19501e-05 0)
(3 1.21276e-07 0)
(3 2.40227e-08 0)
(3 1.16838e-09 0)
(3 1.98001e-11 0)
(3 2.03364e-13 0)
(3 2.08125e-15 0)
(3 -2.01465e-15 0)
(3 -4.28986e-15 0)
(3 -5.74301e-16 0)
(3 3.99439e-15 0)
(3 1.22301e-15 0)
(3 -2.0051e-15 0)
(3 -4.97638e-15 0)
(3 -2.10669e-15 0)
(3 1.24506e-06 0)
(3 1.42366e-08 0)
(3 -7.63199e-11 0)
(3 -1.26286e-11 0)
(3 -3.96679e-13 0)
(3 -1.04948e-15 0)
(3 6.9558e-16 0)
(3 -2.55727e-15 0)
(3 -4.84029e-15 0)
(3 -5.25037e-16 0)
(3 4.58545e-15 0)
(3 1.45568e-15 0)
(3 -2.00027e-15 0)
(3 -4.86263e-15 0)
(3 -1.8753e-15 0)
(3 -2.57418e-15 0)
(3 -3.0694e-15 0)
(3 -1.8924e-15 0)
(3 -1.68009e-15 0)
(3 3.03737e-15 0)
(3 3.39613e-15 0)
(3 9.07887e-16 0)
(3 -2.03943e-15 0)
(3 -4.99988e-15 0)
(3 -5.61683e-16 0)
(3 4.9504e-15 0)
(3 1.57949e-15 0)
(3 -2.33296e-15 0)
(3 -5.1418e-15 0)
(3 -1.75446e-15 0)
(3 -3.50351e-15 0)
(3 -2.34574e-15 0)
(3 -2.57733e-15 0)
(3 -2.36854e-15 0)
(3 2.17383e-15 0)
(3 3.74598e-15 0)
(3 4.3878e-16 0)
(3 -1.72814e-15 0)
(3 -4.89575e-15 0)
(3 -6.30919e-16 0)
(3 4.86944e-15 0)
(3 1.77124e-15 0)
(3 -2.30464e-15 0)
(3 -5.24162e-15 0)
(3 -1.62638e-15 0)
(3 -3.07971e-15 0)
(3 -2.33107e-15 0)
(3 -2.71938e-15 0)
(3 -1.90451e-15 0)
(3 3.1726e-15 0)
(3 4.55527e-15 0)
(3 -3.77597e-16 0)
(3 -9.48566e-16 0)
(3 -4.76249e-15 0)
(3 -8.69183e-16 0)
(3 4.672e-15 0)
(3 1.9747e-15 0)
(3 -2.4122e-15 0)
(3 -5.51359e-15 0)
(3 -1.48094e-15 0)
(3 -2.84861e-15 0)
(3 -2.24946e-15 0)
(3 -3.06883e-15 0)
(3 -1.42499e-15 0)
(3 3.32413e-15 0)
(3 5.01556e-15 0)
(3 -1.06664e-15 0)
(3 -9.42238e-16 0)
(3 -4.64123e-15 0)
(3 -1.08488e-15 0)
(3 4.58097e-15 0)
(3 2.43654e-15 0)
(3 -2.35119e-15 0)
(3 -5.7414e-15 0)
(3 -1.46402e-15 0)
(3 -2.73954e-15 0)
(3 -2.39885e-15 0)
(3 -2.60435e-15 0)
(3 -1.02451e-15 0)
(3 3.27159e-15 0)
(3 4.42348e-15 0)
(3 -1.30018e-15 0)
(3 -5.79883e-16 0)
(3 -4.24956e-15 0)
(3 -1.35862e-15 0)
(3 3.8556e-15 0)
(3 2.54153e-15 0)
(3 -2.30264e-15 0)
(3 -6.12038e-15 0)
(3 -1.4545e-15 0)
(3 -3.27606e-15 0)
(3 -2.69892e-15 0)
(3 -2.24839e-15 0)
(3 -1.09199e-15 0)
(3 3.09909e-15 0)
(3 4.39191e-15 0)
(3 -5.98493e-16 0)
(3 -3.78939e-16 0)
(3 -3.65701e-15 0)
(3 -1.40222e-15 0)
(3 3.36839e-15 0)
(3 2.62201e-15 0)
(3 -2.31015e-15 0)
(3 -6.20693e-15 0)
(3 -1.46034e-15 0)
(3 -3.49962e-15 0)
(3 -2.44809e-15 0)
(3 -2.29832e-15 0)
(3 -8.37081e-16 0)
(3 2.64481e-15 0)
(3 3.87066e-15 0)
(3 1.16177e-15 0)
(3 -2.18278e-17 0)
(3 -3.20107e-15 0)
(3 -1.34563e-15 0)
(3 2.36442e-15 0)
(3 2.61249e-15 0)
(3 -2.34856e-15 0)
(3 -6.32123e-15 0)
(3 -1.47056e-15 0)
(3 -4.3656e-15 0)
(3 -2.74365e-15 0)
(3 -2.39197e-15 0)
(3 -9.16056e-16 0)
(3 2.28699e-15 0)
(3 3.91713e-15 0)
(3 1.55372e-15 0)
(3 1.35407e-16 0)
(3 -2.60253e-15 0)
(3 -1.27813e-15 0)
(3 1.81707e-15 0)
(3 2.46807e-15 0)
(3 -2.4201e-15 0)
(3 -6.30939e-15 0)
(3 -1.41893e-15 0)
(3 -4.23286e-15 0)
(3 -3.21635e-15 0)
(3 -2.90055e-15 0)
(3 -8.78379e-16 0)
(3 2.23314e-15 0)
(3 4.47812e-15 0)
(3 2.03512e-15 0)
(3 4.35076e-16 0)
(3 -1.91437e-15 0)
(3 -1.4206e-15 0)
(3 1.34834e-15 0)
(3 2.25226e-15 0)
(3 -2.55818e-15 0)
(3 -6.01118e-15 0)
(3 -1.27651e-15 0)
(3 -4.28971e-15 0)
(3 -4.43114e-15 0)
(3 -3.79788e-15 0)
(3 -7.7499e-16 0)
(3 1.98823e-15 0)
(3 5.00257e-15 0)
(3 2.76884e-15 0)
(3 9.90809e-16 0)
(3 -1.18942e-15 0)
(3 -1.40471e-15 0)
(3 6.3584e-16 0)
(3 1.80076e-15 0)
(3 -2.41225e-15 0)
(3 -5.6102e-15 0)
(3 -1.16346e-15 0)
(3 -4.02009e-15 0)
(3 -6.03136e-15 0)
(3 -4.39441e-15 0)
(3 -2.37108e-15 0)
(3 2.04309e-15 0)
(3 4.85114e-15 0)
(3 3.57856e-15 0)
(3 1.07352e-15 0)
(3 -8.61565e-16 0)
(3 -1.21387e-15 0)
(3 8.34934e-18 0)
(3 1.14317e-15 0)
(3 -2.05106e-15 0)
(3 -5.52781e-15 0)
(3 -1.13945e-15 0)
(3 -4.21661e-15 0)
(3 -5.52977e-15 0)
(3 -5.74823e-15 0)
(3 -2.00318e-15 0)
(3 2.54098e-15 0)
(3 5.42584e-15 0)
(3 4.60153e-15 0)
(3 1.24433e-15 0)
(3 -8.28946e-16 0)
(3 6.79174e-17 0)
(3 -5.7302e-16 0)
(3 7.43225e-16 0)
(3 -2.31013e-15 0)
(3 -4.30761e-15 0)
(3 -1.30987e-15 0)
(3 -3.93984e-15 0)
(3 -6.41343e-15 0)
(3 -6.1909e-15 0)
(3 -2.33394e-15 0)
(3 1.96805e-15 0)
(3 6.09236e-15 0)
(3 5.7157e-15 0)
(3 8.44569e-16 0)
(3 -4.49164e-16 0)
(3 6.30493e-16 0)
(3 -2.28005e-15 0)
(3 -6.19332e-16 0)
(3 -2.55647e-15 0)
(3 -3.6923e-15 0)
(3 -1.39353e-15 0)
(3 -3.41904e-15 0)
(3 -6.0401e-15 0)
(3 -4.72781e-15 0)
(3 -3.31729e-15 0)
(3 1.67812e-15 0)
(3 6.61892e-15 0)
(3 5.56981e-15 0)
(3 -2.90197e-17 0)
(3 4.06517e-16 0)
(3 1.59964e-15 0)
(3 -2.14578e-15 0)
(3 -1.39353e-15 0)
(3 -2.39585e-15 0)
(3 -3.66639e-15 0)
(3 -1.54615e-15 0)
(3 -2.94871e-15 0)
(3 -4.17726e-15 0)
(3 -3.68473e-15 0)
(3 -4.04337e-15 0)
(3 1.38608e-15 0)
(3 6.95958e-15 0)
(3 5.1558e-15 0)
(3 -6.66558e-16 0)
(3 8.35006e-16 0)
(3 2.50296e-15 0)
(3 -3.05303e-15 0)
(3 -2.17696e-15 0)
(3 -2.35313e-15 0)
(3 -3.77185e-15 0)
(3 -2.61125e-15 0)
(3 -2.87953e-15 0)
(3 -2.86265e-15 0)
(3 -6.68809e-16 0)
(3 -3.67388e-15 0)
(3 -1.26838e-16 0)
(3 6.90549e-15 0)
(3 4.51641e-15 0)
(3 -9.39597e-16 0)
(3 1.05737e-15 0)
(3 3.153e-15 0)
(3 -3.46552e-15 0)
(3 -3.06592e-15 0)
(3 -2.06073e-15 0)
(3 -2.43869e-15 0)
(3 -3.27174e-15 0)
(3 -3.76527e-15 0)
(3 -4.00023e-15 0)
(3 2.15698e-16 0)
(3 -7.37291e-16 0)
(3 1.79193e-15 0)
(3 5.27089e-15 0)
(3 2.91391e-15 0)
(3 2.22138e-16 0)
(3 6.46427e-16 0)
(3 2.83605e-15 0)
(3 -1.90924e-15 0)
(3 -3.44811e-15 0)
(3 -2.51376e-15 0)
(3 -1.71439e-15 0)
(3 -3.83445e-15 0)
(3 -6.59211e-15 0)
(3 -5.03122e-15 0)
(3 2.0368e-16 0)
(3 1.03215e-15 0)
(3 4.03945e-15 0)
(3 4.87611e-15 0)
(3 2.29616e-15 0)
(3 1.42582e-15 0)
(3 2.01934e-15 0)
(3 9.43537e-16 0)
(3 -2.53208e-15 0)
(3 -3.78639e-15 0)
(3 3.04473e-16 0)
(3 -1.41409e-15 0)
(3 -5.45413e-15 0)
(3 1.06389e-15 0)
(3 -4.14289e-15 0)
(3 -2.52683e-15 0)
(3 2.38904e-16 0)
(3 1.84348e-15 0)
(3 6.77258e-15 0)
(3 2.62432e-15 0)
(3 -2.50251e-16 0)
(3 2.82224e-15 0)
(3 1.82993e-15 0)
(3 -3.936e-15 0)
(3 -7.15082e-15 0)
(3 2.50722e-15 0)
(3 -1.39902e-15 0)
(3 -5.70017e-15 0)
(3 -1.84439e-15 0)
(3 -1.68525e-15 0)
(3 -2.86877e-15 0)
(3 1.28695e-15 0)
(3 4.37695e-15 0)
(3 4.11316e-15 0)
(3 1.3545e-15 0)
(3 -1.1414e-15 0)
(3 -3.95264e-16 0)
(3 1.32974e-15 0)
(3 8.62605e-16 0)
(3 -3.25217e-15 0)
(3 1.86995e-15 0)
(3 2.314e-17 0)
(3 -1.22745e-15 0)
(3 -8.07051e-16 0)
(3 1.16434e-17 0)
(3 3.20513e-16 0)
(3 1.90814e-15 0)
(3 1.27762e-15 0)
(3 -9.99453e-16 0)
(3 -8.7816e-16 0)
(3 -1.36525e-15 0)
(3 -4.15091e-15 0)
(3 -5.12621e-15 0)
(3 -2.30791e-15 0)
(3 -2.21901e-15 0)
(3 -2.22832e-15 0)
(3 -5.05003e-16 0)
(3 -1.40668e-15 0)
(3 -1.93254e-15 0)
(3 -7.24125e-17 0)
(3 -2.12402e-15 0)
(3 -5.24265e-15 0)
(3 -3.2749e-15 0)
(3 -2.08764e-15 0)
(3 -1.41862e-15 0)
(3 -2.10769e-15 0)
(3 -2.59972e-15 0)
(3 -2.71161e-15 0)
(3 -3.8758e-15 0)
(3 -9.87415e-16 0)
(3 -3.04044e-15 0)
(3 -3.4467e-15 0)
(3 -2.62886e-15 0)
(3 -6.85979e-16 0)
(3 -5.44297e-16 0)
(3 -1.59416e-15 0)
(3 -3.76916e-15 0)
(3 -2.17623e-15 0)
(3 -1.40544e-15 0)
(3 -2.81221e-15 0)
(3 -4.08471e-15 0)
(3 -6.19776e-15 0)
(3 -6.37828e-15 0)
(3 1.81396e-15 0)
(3 -8.26229e-16 0)
(3 -2.41744e-15 0)
(3 -1.92374e-15 0)
(3 -1.98529e-15 0)
(3 -1.78224e-15 0)
(3 -2.63276e-15 0)
(3 -3.34716e-15 0)
(3 -2.92185e-15 0)
(3 -5.43476e-15 0)
(3 2.04003e-16 0)
(3 2.42945e-16 0)
(3 2.05069e-17 0)
(3 -4.78496e-17 0)
(3 -1.13899e-15 0)
(3 -2.04743e-15 0)
(3 -4.06051e-15 0)
(3 -4.40379e-15 0)
(3 -2.53859e-15 0)
(3 7.08646e-17 0)
(3 7.14912e-16 0)
(3 2.44572e-15 0)
(3 2.95044e-15 0)
(3 2.71166e-15 0)
(3 -2.83616e-16 0)
(3 -2.09548e-15 0)
(3 -6.13161e-15 0)
(3 -6.26448e-15 0)
(3 -7.15976e-15 0)
(3 -8.22474e-17 0)
(3 -6.0344e-16 0)
(3 1.24521e-15 0)
(3 1.75975e-15 0)
(3 1.21042e-15 0)
(3 -4.78022e-16 0)
(3 -3.76652e-15 0)
(3 -6.04972e-15 0)
(3 -3.36971e-15 0)
(3 -5.82865e-15 0)
(3 -3.06671e-15 0)
(3 8.58857e-16 0)
(3 7.32528e-16 0)
(3 -1.00525e-15 0)
(3 -5.24102e-16 0)
(3 -1.22224e-16 0)
(3 -1.30307e-15 0)
(3 -2.714e-15 0)
(3 -6.68209e-16 0)
(3 -7.85604e-16 0)
(3 -4.51288e-15 0)
(3 2.40797e-15 0)
(3 2.71498e-15 0)
(3 1.06073e-15 0)
(3 1.1669e-15 0)
(3 1.49046e-15 0)
(3 1.09568e-15 0)
(3 -7.45733e-16 0)
(3 -3.20678e-15 0)
(3 -9.51901e-16 0)
(3 2.24529e-15 0)
(3 2.82693e-15 0)
(3 2.50095e-15 0)
(3 2.02895e-15 0)
(3 -5.12831e-16 0)
(3 5.17025e-16 0)
(3 -3.14688e-16 0)
(3 -1.68037e-15 0)
(3 -2.68244e-15 0)
(3 -5.76564e-16 0)
(3 5.82498e-15 0)
(3 1.51763e-15 0)
(3 -4.88731e-16 0)
(3 -3.38313e-17 0)
(3 -1.36948e-15 0)
(3 -1.41707e-16 0)
(3 -4.21102e-16 0)
(3 -1.26702e-15 0)
(3 1.58823e-15 0)
(3 5.20945e-15 0)
(3 1.46231e-15 0)
(3 -5.42574e-16 0)
(3 -1.15e-15 0)
(3 -2.70393e-15 0)
(3 -2.61678e-15 0)
(3 -1.732e-16 0)
(3 5.43803e-16 0)
(3 7.29531e-15 0)
(3 3.71329e-15 0)
(3 4.15963e-15 0)
(3 2.02379e-16 0)
(3 1.20884e-17 0)
(3 -1.38514e-15 0)
(3 -1.97118e-15 0)
(3 -1.93036e-15 0)
(3 -1.56155e-15 0)
(3 -2.28609e-16 0)
(3 5.2741e-15 0)
(3 5.10462e-15 0)
(3 4.9178e-15 0)
(3 -3.20711e-16 0)
(3 -4.22617e-16 0)
(3 4.54735e-16 0)
(3 8.4846e-16 0)
(3 -2.99184e-16 0)
(3 -6.01373e-17 0)
(3 1.25638e-15 0)
(3 3.16821e-15 0)
(3 4.01233e-15 0)
(3 2.89364e-15 0)
(3 2.4872e-15 0)
(3 6.64622e-16 0)
(3 1.58292e-15 0)
(3 9.46663e-16 0)
(3 3.40153e-16 0)
(3 1.10503e-15 0)
(3 1.82612e-15 0)
(3 3.20096e-15 0)
(3 3.94253e-15 0)
(3 5.09244e-15 0)
(3 3.85487e-15 0)
(3 1.97098e-15 0)
(3 1.56144e-15 0)
(3 1.55789e-15 0)
(3 1.53419e-15 0)
(3 2.13526e-15 0)
(3 1.693e-15 0)
(3 2.23226e-15 0)
(3 3.21739e-15 0)
(3 3.29013e-15 0)
(3 2.07737e-15 0)
(3 1.09724e-15 0)
(3 1.64453e-15 0)
(3 1.29755e-15 0)
(3 1.24819e-15 0)
(3 2.43006e-15 0)
(3 3.71661e-15 0)
(3 9.03398e-16 0)
(3 1.87348e-15 0)
(3 5.79274e-16 0)
(3 1.90215e-15 0)
(3 1.3086e-15 0)
(3 1.30988e-15 0)
(3 6.04754e-16 0)
(3 3.45934e-15 0)
(3 4.37678e-15 0)
(3 4.25187e-15 0)
(3 1.55152e-15 0)
(3 2.3466e-15 0)
(3 2.88982e-15 0)
(3 3.14483e-15 0)
(3 5.01031e-15 0)
(3 3.9086e-15 0)
(3 1.52998e-15 0)
(3 4.58163e-15 0)
(3 3.66369e-15 0)
(3 2.29759e-15 0)
(3 1.65122e-15 0)
(3 3.97311e-15 0)
(3 -5.69284e-16 0)
(3 3.11301e-15 0)
(3 6.75843e-15 0)
(3 7.20231e-15 0)
(3 5.40302e-15 0)
(3 4.88127e-15 0)
(3 1.09638e-15 0)
(3 1.5516e-15 0)
(3 3.03119e-15 0)
(3 3.9415e-15 0)
(3 -6.2264e-17 0)
(3 2.64974e-15 0)
(3 5.44262e-15 0)
(3 5.01746e-15 0)
(3 4.72065e-15 0)
(3 5.29793e-15 0)
(3 3.23777e-15 0)
(3 1.3233e-15 0)
(3 8.99259e-16 0)
(3 3.22727e-16 0)
(3 -2.09318e-15 0)
(3 6.0113e-16 0)
(3 7.80641e-15 0)
(3 6.36142e-15 0)
(3 3.89297e-15 0)
(3 2.31944e-15 0)
(3 3.28706e-16 0)
(3 -3.68503e-15 0)
(3 -3.71634e-15 0)
(3 -4.06164e-16 0)
(3 4.96855e-16 0)
(3 -1.0341e-15 0)
(3 2.00171e-15 0)
(3 1.73308e-15 0)
(3 2.18898e-15 0)
(3 2.16387e-15 0)
(3 1.65994e-15 0)
(3 -7.65175e-17 0)
(3 -7.82457e-16 0)
(3 -2.29638e-15 0)
(3 1.34208e-15 0)
(3 -5.49077e-16 0)
(3 2.62528e-16 0)
(3 8.69269e-16 0)
(3 1.23937e-15 0)
(3 1.73681e-15 0)
(3 1.57062e-15 0)
(3 2.248e-15 0)
(3 1.73353e-15 0)
(3 -1.88983e-15 0)
(3 3.31826e-16 0)
(3 -2.82851e-16 0)
(3 -1.33158e-15 0)
(3 -2.32677e-15 0)
(3 -2.93692e-15 0)
(3 -3.75095e-15 0)
(3 -3.66667e-15 0)
(3 -6.05719e-16 0)
(3 2.37212e-15 0)
(3 3.62444e-15 0)
(3 3.94557e-15 0)
(3 3.54909e-17 0)
(3 -4.01708e-15 0)
(3 -4.63964e-15 0)
(3 -4.92598e-15 0)
(3 -5.02915e-15 0)
(3 -4.37078e-15 0)
(3 -6.16565e-16 0)
(3 2.94097e-15 0)
(3 5.80522e-15 0)
(3 1.70026e-15 0)
(3 -8.93739e-17 0)
(3 -3.12287e-16 0)
(3 -3.18131e-17 0)
(3 6.42711e-16 0)
(3 1.72106e-15 0)
(3 2.43266e-15 0)
(3 2.99292e-15 0)
(3 1.20362e-15 0)
(3 -9.51424e-16 0)
(3 -2.81706e-15 0)
(3 -1.48672e-15 0)
(3 -8.89421e-16 0)
(3 -7.68613e-17 0)
(3 3.44451e-16 0)
(3 1.09321e-15 0)
(3 2.19525e-15 0)
(3 2.99966e-15 0)
(3 2.39446e-15 0)
(3 -2.53644e-16 0)
(3 3.45619e-16 0)
(3 8.04043e-16 0)
(3 -3.95825e-15 0)
(3 -2.5438e-15 0)
(3 -2.15588e-15 0)
(3 -1.06025e-15 0)
(3 9.79558e-16 0)
(3 2.17567e-15 0)
(3 3.19002e-15 0)
(3 4.81363e-15 0)
(3 4.00613e-15 0)
(3 -2.03327e-16 0)
(3 1.04455e-15 0)
(3 1.93767e-15 0)
(3 -3.86939e-16 0)
(3 -1.41403e-15 0)
(3 -3.16815e-15 0)
(3 -5.52896e-15 0)
(3 -4.67246e-15 0)
(3 -1.78186e-15 0)
(3 5.60329e-16 0)
(3 -6.62834e-16 0)
(3 4.72757e-15 0)
(3 3.1309e-15 0)
(3 1.25318e-15 0)
(3 1.21406e-15 0)
(3 1.62541e-17 0)
(3 -3.15357e-16 0)
(3 -3.55233e-15 0)
(3 -4.19756e-15 0)
(3 -7.79938e-16 0)
(3 -4.47525e-16 0)
(3 6.86234e-15 0)
(3 6.63796e-15 0)
(3 6.2607e-15 0)
(3 6.12867e-15 0)
(3 6.00878e-15 0)
(3 5.60065e-15 0)
(3 4.05687e-15 0)
(3 1.38999e-15 0)
(3 -5.45468e-16 0)
(3 -3.46085e-15 0)
(3 3.01491e-17 0)
(3 4.6665e-16 0)
(3 2.14105e-15 0)
(3 1.77502e-15 0)
(3 5.10656e-16 0)
(3 -1.4718e-16 0)
(3 3.35192e-16 0)
(3 9.59692e-16 0)
(3 3.89383e-16 0)
(3 3.12322e-15 0)
(3 -1.18734e-15 0)
(3 -9.34836e-16 0)
(3 -6.88238e-16 0)
(3 -6.09435e-16 0)
(3 5.18428e-17 0)
(3 2.62453e-16 0)
(3 9.05288e-16 0)
(3 1.37178e-15 0)
(3 3.2777e-15 0)
(3 3.16795e-15 0)
(3 6.53015e-15 0)
(3 5.64619e-15 0)
(3 5.78715e-15 0)
(3 1.19951e-15 0)
(3 -4.74314e-17 0)
(3 -1.38039e-15 0)
(3 -3.04406e-15 0)
(3 -2.62027e-16 0)
(3 -1.66264e-15 0)
(3 -3.31892e-15 0)
(3 2.13312e-15 0)
(3 4.96213e-15 0)
(3 6.63975e-15 0)
(3 -1.42327e-16 0)
(3 -1.26773e-15 0)
(3 5.82442e-15 0)
(3 5.95236e-15 0)
(3 4.83589e-15 0)
(3 6.7294e-16 0)
(3 -6.17277e-16 0)
(3 -1.33208e-15 0)
(3 -2.8191e-15 0)
(3 -1.37993e-16 0)
(3 -1.86107e-15 0)
(3 -2.78856e-15 0)
(3 2.43477e-15 0)
(3 4.95002e-15 0)
(3 6.45642e-15 0)
(3 -1.85104e-16 0)
(3 -1.26722e-15 0)
(3 5.26301e-15 0)
(3 5.37129e-15 0)
(3 4.29887e-15 0)
(3 2.74763e-16 0)
(3 -5.27355e-16 0)
(3 -1.26879e-15 0)
(3 -2.51655e-15 0)
(3 6.93067e-17 0)
(3 -2.37853e-15 0)
(3 -2.31156e-15 0)
(3 3.2393e-15 0)
(3 5.17818e-15 0)
(3 6.29324e-15 0)
(3 -1.81243e-16 0)
(3 -1.28353e-15 0)
(3 5.11021e-15 0)
(3 5.15809e-15 0)
(3 3.67111e-15 0)
(3 4.35267e-16 0)
(3 -1.01882e-16 0)
(3 -1.3087e-15 0)
(3 -2.1451e-15 0)
(3 3.58026e-16 0)
(3 -2.75906e-15 0)
(3 -1.94372e-15 0)
(3 3.61438e-15 0)
(3 5.33144e-15 0)
(3 6.07389e-15 0)
(3 -1.9053e-16 0)
(3 -1.27487e-15 0)
(3 4.98792e-15 0)
(3 4.38835e-15 0)
(3 2.60818e-15 0)
(3 9.08541e-16 0)
(3 4.88851e-16 0)
(3 -1.26794e-15 0)
(3 -1.99766e-15 0)
(3 -1.4856e-16 0)
(3 -3.2549e-15 0)
(3 -1.76898e-15 0)
(3 3.79392e-15 0)
(3 5.60611e-15 0)
(3 5.88643e-15 0)
(3 -2.05215e-16 0)
(3 -1.30823e-15 0)
(3 4.77425e-15 0)
(3 3.9099e-15 0)
(3 2.21172e-15 0)
(3 1.37391e-15 0)
(3 9.07082e-16 0)
(3 -1.07648e-15 0)
(3 -1.77343e-15 0)
(3 -4.54689e-16 0)
(3 -3.55449e-15 0)
(3 -1.6409e-15 0)
(3 4.22648e-15 0)
(3 5.62598e-15 0)
(3 5.56988e-15 0)
(3 -6.35568e-16 0)
(3 -1.35802e-15 0)
(3 4.44317e-15 0)
(3 3.16159e-15 0)
(3 2.32642e-15 0)
(3 1.5038e-15 0)
(3 1.67395e-15 0)
(3 -9.5216e-16 0)
(3 -1.79116e-15 0)
(3 -4.91223e-16 0)
(3 -3.58464e-15 0)
(3 -1.71521e-15 0)
(3 4.41217e-15 0)
(3 6.34332e-15 0)
(3 5.46587e-15 0)
(3 -8.65355e-16 0)
(3 -1.4256e-15 0)
(3 4.0406e-15 0)
(3 2.71428e-15 0)
(3 2.60302e-15 0)
(3 1.8816e-15 0)
(3 1.61017e-15 0)
(3 -8.92612e-16 0)
(3 -1.7534e-15 0)
(3 -8.01249e-16 0)
(3 -3.61519e-15 0)
(3 -1.64667e-15 0)
(3 4.72655e-15 0)
(3 6.79319e-15 0)
(3 5.11767e-15 0)
(3 -9.36426e-16 0)
(3 -1.48802e-15 0)
(3 3.7649e-15 0)
(3 2.43914e-15 0)
(3 3.23477e-15 0)
(3 2.20568e-15 0)
(3 1.46982e-15 0)
(3 -7.95916e-16 0)
(3 -1.81068e-15 0)
(3 -1.21769e-15 0)
(3 -3.47574e-15 0)
(3 -1.58217e-15 0)
(3 4.7298e-15 0)
(3 7.09084e-15 0)
(3 5.18772e-15 0)
(3 -7.65742e-16 0)
(3 -1.5857e-15 0)
(3 2.92648e-15 0)
(3 2.78835e-15 0)
(3 3.78711e-15 0)
(3 2.33213e-15 0)
(3 1.13776e-15 0)
(3 -1.14989e-15 0)
(3 -2.11552e-15 0)
(3 -1.49608e-15 0)
(3 -3.28049e-15 0)
(3 -1.4475e-15 0)
(3 4.12022e-15 0)
(3 6.44433e-15 0)
(3 5.55901e-15 0)
(3 -6.55333e-16 0)
(3 -1.77718e-15 0)
(3 -1.24196e-06 0)
(3 -1.42419e-08 0)
(3 7.62292e-11 0)
(3 1.26242e-11 0)
(3 4.00232e-13 0)
(3 2.59761e-15 0)
(3 -2.05617e-15 0)
(3 -1.36951e-15 0)
(3 -3.29933e-15 0)
(3 -1.33593e-15 0)
(3 3.91987e-15 0)
(3 6.26133e-15 0)
(3 5.86977e-15 0)
(3 -7.12554e-16 0)
(3 -1.84508e-15 0)
(3.00001 2.18847e-05 0)
(3 -1.20738e-07 0)
(3 -2.39285e-08 0)
(3 -1.16534e-09 0)
(3 -1.97816e-11 0)
(3 -2.01662e-13 0)
(3 -3.55075e-15 0)
(3 -1.34943e-15 0)
(3 -3.16353e-15 0)
(3 -1.56289e-15 0)
(3 3.79106e-15 0)
(3 6.21592e-15 0)
(3 6.22264e-15 0)
(3 -8.86223e-16 0)
(3 -1.93194e-15 0)
(3.00075 0.0015474 0)
(3.00003 0.0001076 0)
(3 3.49999e-06 0)
(3 5.64171e-09 0)
(3 -4.87117e-11 0)
(3 2.99263e-12 0)
(3 6.70096e-14 0)
(3 1.18413e-16 0)
(3 -3.09646e-15 0)
(3 -1.60277e-15 0)
(3 3.35362e-15 0)
(3 6.34393e-15 0)
(3 6.7458e-15 0)
(3 -7.23369e-16 0)
(3 -2.02062e-15 0)
(2.99274 -0.0515302 0)
(2.99998 -0.0011219 0)
(3 1.5628e-06 0)
(3 4.5534e-07 0)
(3 4.76642e-09 0)
(3 -9.09261e-12 0)
(3 -2.54519e-12 0)
(3 -1.46518e-13 0)
(3 -5.39863e-15 0)
(3 -2.22628e-15 0)
(3 2.92508e-15 0)
(3 6.37258e-15 0)
(3 7.17109e-15 0)
(3 -4.70018e-16 0)
(3 -2.0335e-15 0)
(2.57217 -0.575152 0)
(2.99128 -0.0375796 0)
(3.00021 -0.000405988 0)
(3 4.84827e-07 0)
(3 1.91081e-07 0)
(3 1.60825e-08 0)
(3 3.03845e-10 0)
(3 1.01597e-12 0)
(3 4.91423e-16 0)
(3 -2.03821e-15 0)
(3 2.86195e-15 0)
(3 6.35437e-15 0)
(3 7.58758e-15 0)
(3 2.05667e-16 0)
(3 -1.9036e-15 0)
(2.17848 -0.897605 0)
(2.6669 -0.452682 0)
(2.98589 -0.0324763 0)
(3.00002 -0.00033074 0)
(3 -1.84235e-06 0)
(3 5.21902e-09 0)
(3 1.15385e-09 0)
(3 1.85921e-11 0)
(3 -6.37165e-14 0)
(3 -9.72943e-15 0)
(3 2.49244e-15 0)
(3 6.05921e-15 0)
(3 7.92928e-15 0)
(3 8.91176e-16 0)
(3 -1.65933e-15 0)
(2.17426 -0.882556 0)
(2.40987 -0.746762 0)
(2.8401 -0.280138 0)
(2.99496 -0.01642 0)
(2.99999 -0.000111085 0)
(3 9.04281e-07 0)
(3 8.19056e-09 0)
(3 1.60183e-09 0)
(3 8.0197e-11 0)
(3 1.20347e-12 0)
(3 1.11312e-14 0)
(3 6.13396e-15 0)
(3 8.53906e-15 0)
(3 1.60695e-15 0)
(3 -1.70619e-15 0)
(2.20356 -0.811601 0)
(2.25255 -0.803473 0)
(2.59156 -0.549632 0)
(2.94543 -0.117095 0)
(2.999 -0.00482177 0)
(2.99999 -6.69802e-05 0)
(3 -8.31338e-07 0)
(3 -1.04595e-08 0)
(3 -3.31071e-11 0)
(3 -2.45181e-13 0)
(3 -7.1289e-15 0)
(3 5.32115e-15 0)
(3 8.82745e-15 0)
(3 2.07971e-15 0)
(3 -1.70377e-15 0)
(2.28399 -0.649781 0)
(2.2583 -0.786562 0)
(2.39599 -0.744298 0)
(2.77871 -0.374869 0)
(2.98969 -0.0360804 0)
(3.00003 -0.00048136 0)
(3 1.08984e-06 0)
(3 8.43964e-08 0)
(3 1.54754e-08 0)
(3 6.39381e-10 0)
(3 8.32284e-12 0)
(3 6.60782e-14 0)
(3 9.90352e-15 0)
(3 2.67443e-15 0)
(3 -1.18286e-15 0)
(2.42183 -0.381474 0)
(2.26858 -0.706997 0)
(2.34056 -0.735723 0)
(2.54736 -0.603185 0)
(2.85931 -0.240086 0)
(2.98712 -0.0322366 0)
(2.99956 -0.00157836 0)
(2.99999 -3.88406e-05 0)
(3 -5.88154e-07 0)
(3 -5.97482e-09 0)
(3 -4.31039e-11 0)
(3 -2.25334e-13 0)
(3 6.64446e-15 0)
(3 4.38051e-15 0)
(3 8.06466e-16 0)
(2.49798 -0.21689 0)
(2.34963 -0.552474 0)
(2.34665 -0.708753 0)
(2.43326 -0.686911 0)
(2.7176 -0.449285 0)
(2.96767 -0.0715286 0)
(2.99894 -0.00346029 0)
(2.99998 -7.16413e-05 0)
(3 -1.09403e-06 0)
(3 -1.24229e-08 0)
(3 -1.05808e-10 0)
(3 -6.90588e-13 0)
(3 5.46306e-15 0)
(3 7.03084e-15 0)
(3 2.10924e-15 0)
(2.52818 -0.126214 0)
(2.44523 -0.352755 0)
(2.38497 -0.609231 0)
(2.432 -0.680476 0)
(2.59928 -0.60157 0)
(2.85146 -0.309592 0)
(2.9858 -0.0365011 0)
(2.99964 -0.00091828 0)
(3 -9.73357e-06 0)
(3 -8.31079e-08 0)
(3 -6.47372e-10 0)
(3 -4.49201e-12 0)
(3 -2.3161e-14 0)
(3 8.98107e-15 0)
(3 3.12679e-15 0)
(2.61166 0.183895 0)
(2.4861 -0.211645 0)
(2.46501 -0.411805 0)
(2.43583 -0.640366 0)
(2.52474 -0.626546 0)
(2.74156 -0.471181 0)
(2.95193 -0.131635 0)
(2.99758 -0.00733382 0)
(2.99996 -0.000108429 0)
(3 -8.88163e-07 0)
(3 -6.18765e-09 0)
(3 -3.94352e-11 0)
(3 -2.32892e-13 0)
(3 9.16048e-15 0)
(3 4.04558e-15 0)
(2.64275 0.292212 0)
(2.5915 0.056191 0)
(2.49786 -0.304545 0)
(2.47184 -0.535373 0)
(2.52299 -0.615019 0)
(2.61183 -0.580907 0)
(2.81973 -0.375602 0)
(2.97417 -0.0652923 0)
(2.99914 -0.00211114 0)
(2.99999 -2.24536e-05 0)
(3 -1.54235e-07 0)
(3 -9.04657e-10 0)
(3 -4.75058e-12 0)
(3 -1.20428e-14 0)
(3 4.10552e-15 0)
(2.67475 0.298187 0)
(2.61888 0.212044 0)
(2.57583 -0.083774 0)
(2.52338 -0.394527 0)
(2.52798 -0.569169 0)
(2.60797 -0.581972 0)
(2.74772 -0.484532 0)
(2.93134 -0.177677 0)
(2.99514 -0.0135284 0)
(2.9999 -0.00023834 0)
(3 -1.99771e-06 0)
(3 -1.29858e-08 0)
(3 -7.48817e-11 0)
(3 -3.68588e-13 0)
(3 1.8424e-15 0)
(2.64456 0.307026 0)
(2.6297 0.268622 0)
(2.62367 0.06679 0)
(2.60443 -0.168361 0)
(2.56505 -0.460049 0)
(2.60677 -0.565688 0)
(2.66691 -0.550796 0)
(2.82941 -0.377218 0)
(2.9686 -0.0802827 0)
(2.99868 -0.00315294 0)
(2.99998 -3.67858e-05 0)
(3 -2.67614e-07 0)
(3 -1.61557e-09 0)
(3 -8.76848e-12 0)
(3 -3.59966e-14 0)
(2.61975 0.374775 0)
(2.65096 0.341319 0)
(2.64525 0.0454939 0)
(2.62471 -0.0965777 0)
(2.6096 -0.32006 0)
(2.61999 -0.509986 0)
(2.66648 -0.549511 0)
(2.77099 -0.474094 0)
(2.9233 -0.195726 0)
(2.99288 -0.0182759 0)
(2.99984 -0.000384967 0)
(3 -3.41309e-06 0)
(3 -2.26531e-08 0)
(3 -1.28845e-10 0)
(3 -5.92967e-13 0)
(2.64871 0.423582 0)
(2.6718 0.403785 0)
(2.65436 0.132467 0)
(2.6752 0.0703226 0)
(2.6618 -0.179203 0)
(2.64828 -0.42848 0)
(2.67018 -0.533306 0)
(2.71429 -0.52158 0)
(2.84264 -0.361463 0)
(2.96781 -0.0805528 0)
(2.9985 -0.00347057 0)
(2.99998 -4.47353e-05 0)
(3 -3.40301e-07 0)
(3 -2.15636e-09 0)
(3 -1.01766e-11 0)
(2.67729 0.494394 0)
(2.7016 0.413819 0)
(2.63114 0.166319 0)
(2.68479 0.191202 0)
(2.6988 -0.0445803 0)
(2.70746 -0.261144 0)
(2.68782 -0.480734 0)
(2.71426 -0.518916 0)
(2.7913 -0.455327 0)
(2.91613 -0.208621 0)
(2.99101 -0.0218977 0)
(2.99979 -0.000490665 0)
(3 -4.51004e-06 0)
(3 -2.96972e-08 0)
(3 -1.54939e-10 0)
(2.71737 0.524022 0)
(2.72611 0.397019 0)
(2.67295 0.243402 0)
(2.70302 0.253481 0)
(2.71085 -0.0206486 0)
(2.73859 -0.154003 0)
(2.7218 -0.382972 0)
(2.71941 -0.501268 0)
(2.75223 -0.493272 0)
(2.86374 -0.326092 0)
(2.97164 -0.0720234 0)
(2.99859 -0.00335355 0)
(2.99998 -4.41541e-05 0)
(3 -3.43953e-07 0)
(3 -1.84269e-09 0)
(2.74228 0.5641 0)
(2.73476 0.437621 0)
(2.72109 0.324981 0)
(2.73464 0.307693 0)
(2.73111 0.0482393 0)
(2.76822 -0.0577283 0)
(2.7532 -0.289174 0)
(2.73556 -0.457419 0)
(2.75282 -0.491205 0)
(2.81203 -0.429629 0)
(2.92004 -0.198158 0)
(2.99125 -0.0202933 0)
(2.99978 -0.000481847 0)
(3 -4.71483e-06 0)
(3 -2.84809e-08 0)
(2.74152 0.584164 0)
(2.72944 0.516442 0)
(2.73276 0.390112 0)
(2.7715 0.330273 0)
(2.75299 0.0909067 0)
(2.79977 0.0797984 0)
(2.79807 -0.148319 0)
(2.77062 -0.370912 0)
(2.75893 -0.476123 0)
(2.78268 -0.467545 0)
(2.8707 -0.311772 0)
(2.97072 -0.0715619 0)
(2.99861 -0.00327924 0)
(2.99998 -4.11748e-05 0)
(3 -2.69445e-07 0)
(2.71977 0.642602 0)
(2.72314 0.551439 0)
(2.75475 0.428076 0)
(2.79737 0.338132 0)
(2.74858 0.123916 0)
(2.80561 0.137077 0)
(2.823 -0.0582474 0)
(2.80742 -0.261301 0)
(2.77528 -0.434743 0)
(2.78364 -0.464608 0)
(2.8377 -0.38324 0)
(2.93764 -0.156178 0)
(2.9933 -0.0156314 0)
(2.99982 -0.000397985 0)
(3 -3.27098e-06 0)
(2.74423 0.621105 0)
(2.74073 0.591429 0)
(2.78126 0.458589 0)
(2.81257 0.361443 0)
(2.79554 0.208378 0)
(2.83041 0.205641 0)
(2.83031 -0.046862 0)
(2.84052 -0.152149 0)
(2.80573 -0.355438 0)
(2.78841 -0.452398 0)
(2.80685 -0.439947 0)
(2.87395 -0.310527 0)
(2.97193 -0.066815 0)
(2.99882 -0.00259708 0)
(2.99998 -2.98417e-05 0)
(2.73816 0.598571 0)
(2.7875 0.561931 0)
(2.80336 0.469297 0)
(2.81889 0.395422 0)
(2.83115 0.289131 0)
(2.85767 0.275185 0)
(2.84412 0.0236371 0)
(2.86601 -0.0707746 0)
(2.83575 -0.272744 0)
(2.80419 -0.416078 0)
(2.80733 -0.439649 0)
(2.85742 -0.34413 0)
(2.94975 -0.1269 0)
(2.99435 -0.0140569 0)
(2.99984 -0.000250285 0)
(2.72066 0.430635 0)
(2.78996 0.551258 0)
(2.82302 0.525428 0)
(2.82552 0.427011 0)
(2.84392 0.336719 0)
(2.88594 0.2954 0)
(2.85735 0.0673796 0)
(2.89104 0.0480083 0)
(2.86743 -0.17251 0)
(2.82978 -0.355189 0)
(2.81125 -0.431329 0)
(2.82796 -0.405818 0)
(2.88984 -0.272907 0)
(2.9804 -0.0456499 0)
(2.999 -0.0015633 0)
(2.70071 0.210453 0)
(2.7704 0.496226 0)
(2.82731 0.534917 0)
(2.83871 0.455697 0)
(2.87158 0.375946 0)
(2.9181 0.303413 0)
(2.8673 0.0820533 0)
(2.89668 0.107856 0)
(2.89133 -0.0840875 0)
(2.86259 -0.263705 0)
(2.82462 -0.402069 0)
(2.82755 -0.410363 0)
(2.86381 -0.333173 0)
(2.94929 -0.124189 0)
(2.99436 -0.00909234 0)
(2.68187 0.138631 0)
(2.75758 0.333608 0)
(2.82334 0.525698 0)
(2.83974 0.486961 0)
(2.89277 0.417841 0)
(2.9264 0.307893 0)
(2.8936 0.162622 0)
(2.91551 0.172042 0)
(2.90975 -0.0264559 0)
(2.89302 -0.1731 0)
(2.84563 -0.352271 0)
(2.82948 -0.40812 0)
(2.84791 -0.370013 0)
(2.91562 -0.21397 0)
(2.98111 -0.0275242 0)
(2.6719 0.0387849 0)
(2.75558 0.178195 0)
(2.82425 0.448332 0)
(2.8697 0.480948 0)
(2.90429 0.431552 0)
(2.90904 0.32043 0)
(2.91933 0.254047 0)
(2.9399 0.229626 0)
(2.91641 -0.00960122 0)
(2.91755 -0.0885906 0)
(2.87658 -0.269726 0)
(2.8381 -0.391243 0)
(2.84572 -0.380345 0)
(2.88424 -0.307249 0)
(2.94867 -0.0802449 0)
(2.6258 0.00832426 0)
(2.71965 0.0478418 0)
(2.80176 0.199994 0)
(2.87316 0.411005 0)
(2.92004 0.428059 0)
(2.9305 0.390442 0)
(2.9364 0.300843 0)
(2.96806 0.261681 0)
(2.93049 0.0542402 0)
(2.94379 0.0317635 0)
(2.91183 -0.161427 0)
(2.86951 -0.316067 0)
(2.84953 -0.374466 0)
(2.87432 -0.34326 0)
(2.88004 -0.154813 0)
(2.63343 0.0675129 0)
(2.71033 0.294481 0)
(2.69172 0.381401 0)
(2.71342 0.399588 0)
(2.76804 0.446376 0)
(2.76207 0.495561 0)
(2.69839 0.521531 0)
(2.68051 0.556645 0)
(2.67501 0.616039 0)
(2.7053 0.64002 0)
(2.73858 0.652226 0)
(2.75016 0.679087 0)
(2.72575 0.685122 0)
(2.70563 0.654288 0)
(2.67355 0.39111 0)
(2.64951 0.125511 0)
(2.61886 -0.0478748 0)
(2.5813 0.00253557 0)
(2.57341 0.0262762 0)
(2.58293 0.0149821 0)
(2.67718 0.238641 0)
(2.71742 0.442598 0)
(2.71853 0.511337 0)
(2.75744 0.502526 0)
(2.81582 0.563533 0)
(2.81091 0.587203 0)
(2.75712 0.604354 0)
(2.71082 0.649233 0)
(2.68202 0.689851 0)
(2.70029 0.68962 0)
(2.73007 0.715348 0)
(2.73237 0.706931 0)
(2.71157 0.645319 0)
(2.66327 0.406465 0)
(2.62244 0.174165 0)
(2.60265 0.0514117 0)
(2.5941 0.00232203 0)
(2.58914 -0.00303564 0)
(2.57231 0.023547 0)
(2.57465 0.0164748 0)
(2.70492 0.486131 0)
(2.71924 0.621846 0)
(2.72981 0.656243 0)
(2.77961 0.6534 0)
(2.82941 0.667722 0)
(2.83125 0.670181 0)
(2.78569 0.708822 0)
(2.73165 0.74754 0)
(2.70503 0.752969 0)
(2.69998 0.771942 0)
(2.70964 0.744252 0)
(2.69777 0.646262 0)
(2.64697 0.358815 0)
(2.60401 0.0683385 0)
(2.58669 0.0154461 0)
(2.57562 0.0290549 0)
(2.58 0.012454 0)
(2.58569 -0.00898291 0)
(2.58689 0.00411141 0)
(2.58113 0.0146513 0)
(2.73083 0.710638 0)
(2.72598 0.759591 0)
(2.73648 0.767068 0)
(2.78574 0.710073 0)
(2.81286 0.715738 0)
(2.81497 0.736369 0)
(2.78515 0.779195 0)
(2.75557 0.828998 0)
(2.71575 0.841017 0)
(2.71546 0.811397 0)
(2.69573 0.647011 0)
(2.6356 0.297119 0)
(2.60207 0.0547519 0)
(2.61725 0.0549943 0)
(2.60555 0.044437 0)
(2.57982 0.0358488 0)
(2.57679 0.020416 0)
(2.57426 -0.00289186 0)
(2.57936 -0.00188929 0)
(2.58219 0.00885519 0)
(2.74948 0.902617 0)
(2.72435 0.906472 0)
(2.73541 0.927687 0)
(2.7686 0.900944 0)
(2.79073 0.85262 0)
(2.78926 0.853505 0)
(2.77704 0.905542 0)
(2.78164 0.928656 0)
(2.77186 0.834483 0)
(2.76961 0.555339 0)
(2.68981 0.217817 0)
(2.63169 0.0565772 0)
(2.60566 0.0110173 0)
(2.61092 0.0291248 0)
(2.60555 0.0256376 0)
(2.58014 0.0254994 0)
(2.57309 0.0190022 0)
(2.56767 0.00376512 0)
(2.56567 -0.00549842 0)
(2.56537 -0.00145763 0)
(2.77136 1.01093 0)
(2.71859 1.06697 0)
(2.73059 1.03705 0)
(2.74223 0.996186 0)
(2.7521 0.953152 0)
(2.74447 0.977434 0)
(2.75693 0.949265 0)
(2.80801 0.715756 0)
(2.78989 0.386568 0)
(2.76862 0.197934 0)
(2.6424 0.0446151 0)
(2.58556 0.0282986 0)
(2.5725 0.0135434 0)
(2.57799 0.0158927 0)
(2.57656 0.00898479 0)
(2.56001 0.0119313 0)
(2.553 0.0138677 0)
(2.54552 0.0101421 0)
(2.53731 -0.0077678 0)
(2.52773 -0.00596478 0)
(2.74859 1.22426 0)
(2.70952 1.21805 0)
(2.7302 1.1976 0)
(2.72238 1.16837 0)
(2.70023 1.11232 0)
(2.72474 0.842467 0)
(2.70853 0.463069 0)
(2.74522 0.280023 0)
(2.6147 0.0515104 0)
(2.55605 0.0306547 0)
(2.51957 0.0335001 0)
(2.50776 0.030345 0)
(2.51145 0.0203018 0)
(2.507 0.00980001 0)
(2.50363 0.00172106 0)
(2.49729 0.0110689 0)
(2.48978 0.0143416 0)
(2.48129 0.0106019 0)
(2.47397 -0.00159845 0)
(2.45939 -0.00602617 0)
(2.66415 1.49782 0)
(2.6575 1.38414 0)
(2.64658 1.06125 0)
(2.63602 0.856031 0)
(2.57293 0.525552 0)
(2.59418 0.302482 0)
(2.47732 0.051698 0)
(2.43337 0.0554326 0)
(2.4107 0.0135126 0)
(2.40671 0.0161387 0)
(2.4059 0.0285098 0)
(2.40561 0.0254559 0)
(2.40119 0.018585 0)
(2.39256 0.00257439 0)
(2.39375 -0.00243993 0)
(2.39734 0.00163982 0)
(2.39338 0.0105507 0)
(2.38627 0.0102318 0)
(2.38047 0.00274116 0)
(2.37299 -0.00507858 0)
(2.29536 0.85278 0)
(2.31213 0.517179 0)
(2.29928 0.277997 0)
(2.32615 0.196895 0)
(2.29112 0.0832771 0)
(2.25643 0.0568941 0)
(2.24889 0.0291358 0)
(2.26807 0.0100422 0)
(2.27689 0.0093446 0)
(2.27314 0.0169781 0)
(2.2819 0.0354343 0)
(2.27909 0.032538 0)
(2.27689 0.0261638 0)
(2.28226 0.00200835 0)
(2.29529 -0.0105816 0)
(2.30667 -0.00500972 0)
(2.30825 0.0128964 0)
(2.30158 0.0149115 0)
(2.30061 0.00697436 0)
(2.30773 -0.00434747 0)
(1.94961 0.182103 0)
(2.03997 0.120086 0)
(2.07299 0.0737116 0)
(2.11965 0.0879326 0)
(2.11412 0.0323892 0)
(2.16239 0.018617 0)
(2.1773 0.00872699 0)
(2.17667 0.00194818 0)
(2.18387 0.00297678 0)
(2.19882 0.0109376 0)
(2.22009 0.0133278 0)
(2.21464 0.00801318 0)
(2.21404 0.00470196 0)
(2.22927 -0.0043576 0)
(2.24663 -0.0063468 0)
(2.26167 0.00209226 0)
(2.26791 0.00652173 0)
(2.26595 0.00453095 0)
(2.26945 0.0010399 0)
(2.28334 -0.00157618 0)
)
;

boundaryField
{
    inlet
    {
        type            fixedValue;
        value           uniform (3 0 0);
    }
    outlet
    {
        type            inletOutlet;
        inletValue      uniform (3 0 0);
        value           nonuniform List<vector> 
50
(
(2.62426 -0.00871851 0)
(2.71967 -0.0500329 0)
(2.80309 -0.203596 0)
(2.88034 -0.413501 0)
(2.9179 -0.428071 0)
(2.92986 -0.384069 0)
(2.9375 -0.303842 0)
(2.96874 -0.261064 0)
(2.93227 -0.0566833 0)
(2.94374 -0.0309743 0)
(2.91142 0.161558 0)
(2.8692 0.316243 0)
(2.8495 0.374342 0)
(2.87426 0.343352 0)
(2.88004 0.154802 0)
(2.2861 0.000996318 0)
(2.31744 0.00221558 0)
(2.38682 0.00237735 0)
(2.46845 0.00810269 0)
(2.53005 0.00599615 0)
(2.56323 0.00227159 0)
(2.57643 -0.00688319 0)
(2.57608 -0.0122851 0)
(2.57237 -0.0158719 0)
(2.5805 -0.0148412 0)
(2.58293 0.0149821 0)
(2.57465 0.0164748 0)
(2.58113 0.0146513 0)
(2.58219 0.00885519 0)
(2.56537 -0.00145763 0)
(2.52773 -0.00596478 0)
(2.45939 -0.00602617 0)
(2.37299 -0.00507858 0)
(2.30773 -0.00434747 0)
(2.28334 -0.00157618 0)
(2.6258 0.00832426 0)
(2.71965 0.0478418 0)
(2.80176 0.199994 0)
(2.87316 0.411005 0)
(2.92004 0.428059 0)
(2.9305 0.390442 0)
(2.9364 0.300843 0)
(2.96806 0.261681 0)
(2.93049 0.0542402 0)
(2.94379 0.0317635 0)
(2.91183 -0.161427 0)
(2.86951 -0.316067 0)
(2.84953 -0.374466 0)
(2.87432 -0.34326 0)
(2.88004 -0.154813 0)
)
;
    }
    airfoil
    {
        type            slip;
    }
    top
    {
        type            symmetryPlane;
    }
    bottom
    {
        type            symmetryPlane;
    }
    defaultFaces
    {
        type            empty;
    }
}


// ************************************************************************* //
