/*--------------------------------*- C++ -*----------------------------------*\
  =========                 |
  \\      /  F ield         | OpenFOAM: The Open Source CFD Toolbox
   \\    /   O peration     | Website:  https://openfoam.org
    \\  /    A nd           | Version:  7
     \\/     M anipulation  |
\*---------------------------------------------------------------------------*/
FoamFile
{
    version     2.0;
    format      ascii;
    class       volVectorField;
    location    "3";
    object      U;
}
// * * * * * * * * * * * * * * * * * * * * * * * * * * * * * * * * * * * * * //

dimensions      [0 1 -1 0 0 0 0];

internalField   nonuniform List<vector> 
3700
(
(1.46253 -0.345761 0)
(1.38295 -0.495876 0)
(1.40877 -0.27834 0)
(1.48007 -0.291128 0)
(1.58954 -0.24918 0)
(1.55665 -0.204228 0)
(1.54184 -0.162155 0)
(1.51159 -0.166934 0)
(1.53286 -0.235678 0)
(1.55086 -0.235643 0)
(1.57162 -0.205438 0)
(1.59376 -0.205508 0)
(1.62315 -0.233149 0)
(1.64968 -0.227603 0)
(1.65572 -0.167444 0)
(1.69432 -0.104095 0)
(1.76382 -0.114024 0)
(1.79909 -0.190819 0)
(1.87034 -0.289841 0)
(1.89863 -0.303637 0)
(1.90232 -1.35927 0)
(1.83138 -1.2575 0)
(1.86413 -1.14346 0)
(2.01991 -1.24199 0)
(2.00313 -1.37946 0)
(1.85197 -1.33842 0)
(1.76337 -1.29736 0)
(1.73891 -1.3538 0)
(1.82829 -1.51201 0)
(1.84376 -1.44495 0)
(1.8726 -1.42131 0)
(1.95053 -1.33701 0)
(2.02891 -1.29225 0)
(2.08398 -1.23681 0)
(2.1055 -1.13377 0)
(2.16368 -1.0272 0)
(2.21534 -1.00825 0)
(2.33215 -1.15939 0)
(2.35895 -1.28797 0)
(2.35618 -1.36075 0)
(1.86769 -1.4008 0)
(1.95903 -1.34208 0)
(2.01872 -1.43055 0)
(2.13244 -1.62837 0)
(2.08451 -2.03447 0)
(1.98206 -2.24554 0)
(1.94976 -2.3054 0)
(1.96928 -2.26251 0)
(2.0051 -2.20849 0)
(2.08728 -2.07649 0)
(2.11216 -2.09838 0)
(2.21771 -1.96858 0)
(2.29729 -1.90966 0)
(2.3762 -1.84976 0)
(2.46777 -1.80552 0)
(2.57323 -1.73975 0)
(2.63309 -1.67507 0)
(2.65594 -1.63641 0)
(2.65687 -1.61208 0)
(2.61762 -1.597 0)
(1.79846 -1.46624 0)
(1.82942 -1.48203 0)
(1.86789 -1.74618 0)
(1.88208 -2.05929 0)
(1.85276 -2.20101 0)
(1.91358 -2.27031 0)
(1.93737 -2.29994 0)
(2.03794 -2.13766 0)
(2.08553 -2.10467 0)
(2.27304 -1.93909 0)
(2.25451 -2.02865 0)
(2.3535 -1.89959 0)
(2.38079 -1.84444 0)
(2.41654 -1.76326 0)
(2.47923 -1.68515 0)
(2.5909 -1.57071 0)
(2.62418 -1.45412 0)
(2.72795 -1.33649 0)
(2.80927 -1.21906 0)
(2.81503 -1.22685 0)
(1.54568 -1.39138 0)
(1.64553 -1.52333 0)
(1.72112 -1.94078 0)
(1.69126 -2.19922 0)
(1.62931 -2.28607 0)
(1.7189 -2.23945 0)
(1.90379 -2.1416 0)
(2.07527 -1.86901 0)
(2.17473 -1.88863 0)
(2.37308 -1.80872 0)
(2.42751 -1.76174 0)
(2.48052 -1.68578 0)
(2.53487 -1.63213 0)
(2.52725 -1.63846 0)
(2.54944 -1.56604 0)
(2.57116 -1.52264 0)
(2.58393 -1.36533 0)
(2.67111 -1.30656 0)
(2.73205 -1.16451 0)
(2.8374 -0.933188 0)
(1.40539 -1.31371 0)
(1.5643 -1.65057 0)
(1.67085 -2.04198 0)
(1.61734 -2.23859 0)
(1.57327 -2.28794 0)
(1.77046 -2.16814 0)
(1.87927 -2.09646 0)
(2.02373 -1.78593 0)
(2.09606 -1.76607 0)
(2.31114 -1.70376 0)
(2.46102 -1.52854 0)
(2.58358 -1.47711 0)
(2.64775 -1.34368 0)
(2.65476 -1.34454 0)
(2.6938 -1.25801 0)
(2.68133 -1.27672 0)
(2.66231 -1.18946 0)
(2.65626 -1.14201 0)
(2.68889 -1.14949 0)
(2.74847 -0.916296 0)
(1.34716 -1.31754 0)
(1.54687 -1.77724 0)
(1.73691 -2.12125 0)
(1.73318 -2.27903 0)
(1.75917 -2.26609 0)
(1.87482 -2.18112 0)
(1.95756 -2.05522 0)
(2.04866 -1.78516 0)
(2.05704 -1.75847 0)
(2.22708 -1.68536 0)
(2.3632 -1.47167 0)
(2.54558 -1.40441 0)
(2.61239 -1.18543 0)
(2.72828 -1.09548 0)
(2.74752 -0.874385 0)
(2.74398 -0.829083 0)
(2.74958 -0.792151 0)
(2.75092 -0.740399 0)
(2.7183 -0.867731 0)
(2.70913 -0.734891 0)
(1.34922 -1.4042 0)
(1.62045 -1.94674 0)
(1.89556 -2.18698 0)
(1.92349 -2.32095 0)
(2.10287 -2.23815 0)
(2.20381 -2.143 0)
(2.21036 -1.84899 0)
(2.21891 -1.71335 0)
(2.22583 -1.71189 0)
(2.27788 -1.66758 0)
(2.39339 -1.45674 0)
(2.50461 -1.37235 0)
(2.55594 -1.15537 0)
(2.68215 -1.07423 0)
(2.70444 -0.842692 0)
(2.76912 -0.69028 0)
(2.78255 -0.525725 0)
(2.78858 -0.373392 0)
(2.73486 -0.466447 0)
(2.70209 -0.446898 0)
(1.42947 -1.51809 0)
(1.79811 -2.1753 0)
(2.12203 -2.37063 0)
(2.08811 -2.44317 0)
(2.40708 -2.10224 0)
(2.50075 -1.98197 0)
(2.51508 -1.65763 0)
(2.51367 -1.50274 0)
(2.55705 -1.44838 0)
(2.60146 -1.38277 0)
(2.59835 -1.32708 0)
(2.63084 -1.16928 0)
(2.61436 -1.03054 0)
(2.65892 -0.948107 0)
(2.67128 -0.771116 0)
(2.70872 -0.648157 0)
(2.74266 -0.497888 0)
(2.74494 -0.276783 0)
(2.7233 -0.175586 0)
(2.67716 -0.136515 0)
(1.646 -1.74051 0)
(1.85939 -2.21761 0)
(2.1208 -2.35683 0)
(2.10941 -2.46665 0)
(2.34411 -2.05986 0)
(2.42014 -1.87527 0)
(2.58849 -1.48779 0)
(2.66049 -1.43957 0)
(2.8225 -1.31132 0)
(2.82939 -0.928059 0)
(2.82319 -0.885275 0)
(2.7963 -0.682458 0)
(2.75182 -0.650939 0)
(2.73762 -0.550353 0)
(2.71597 -0.472063 0)
(2.69142 -0.409983 0)
(2.68796 -0.361718 0)
(2.68221 -0.252818 0)
(2.64955 -0.0695478 0)
(2.61574 0.0430222 0)
(1.75418 -1.88362 0)
(1.83431 -2.18746 0)
(1.98976 -2.31167 0)
(1.93574 -2.23423 0)
(2.09993 -1.91361 0)
(2.16629 -1.7405 0)
(2.35877 -1.38932 0)
(2.42857 -1.30694 0)
(2.52499 -1.2413 0)
(2.61334 -0.897466 0)
(2.72251 -0.70332 0)
(2.72543 -0.412676 0)
(2.72638 -0.268561 0)
(2.70875 -0.123184 0)
(2.68766 -0.0309708 0)
(2.66165 -0.000977697 0)
(2.63344 0.00768845 0)
(2.62294 -0.0412326 0)
(2.55549 0.0976948 0)
(2.57768 0.0875734 0)
(1.71061 -1.90196 0)
(1.74351 -2.16392 0)
(1.72514 -2.09276 0)
(1.79546 -2.02685 0)
(2.02521 -1.80117 0)
(2.14293 -1.53164 0)
(2.25476 -1.34655 0)
(2.35583 -1.19255 0)
(2.42224 -1.00145 0)
(2.47258 -0.862954 0)
(2.56479 -0.681819 0)
(2.5998 -0.431802 0)
(2.63177 -0.230124 0)
(2.64057 -0.0448409 0)
(2.59249 0.164619 0)
(2.56825 0.260097 0)
(2.51655 0.369517 0)
(2.5001 0.296166 0)
(2.44688 0.339612 0)
(2.47795 0.268647 0)
(1.60991 -1.87368 0)
(1.62767 -2.0705 0)
(1.73182 -1.93573 0)
(1.88396 -1.85748 0)
(2.14844 -1.72909 0)
(2.32147 -1.08256 0)
(2.31837 -1.18627 0)
(2.45411 -0.964315 0)
(2.51043 -0.594178 0)
(2.53848 -0.526371 0)
(2.56995 -0.319375 0)
(2.56998 -0.152865 0)
(2.55536 -0.00572674 0)
(2.54175 0.110407 0)
(2.48809 0.264577 0)
(2.48056 0.332857 0)
(2.40082 0.48601 0)
(2.34507 0.560292 0)
(2.29663 0.600998 0)
(2.30946 0.549818 0)
(1.30938 -1.72507 0)
(1.53802 -1.84452 0)
(1.92161 -1.43314 0)
(2.1494 -1.45444 0)
(2.4356 -1.30796 0)
(2.41316 -0.65508 0)
(2.49572 -0.536966 0)
(2.57993 -0.213211 0)
(2.57037 -0.0544789 0)
(2.55159 0.0808139 0)
(2.53949 0.218989 0)
(2.50036 0.348293 0)
(2.45404 0.442212 0)
(2.40343 0.516062 0)
(2.35249 0.556455 0)
(2.32521 0.561526 0)
(2.27096 0.613367 0)
(2.22036 0.683085 0)
(2.15797 0.775909 0)
(2.13095 0.79894 0)
(0.989154 -1.4334 0)
(1.43681 -1.45163 0)
(1.79845 -1.0389 0)
(2.18618 -1.2653 0)
(2.50787 -0.691584 0)
(2.52142 -0.492861 0)
(2.55576 -0.251806 0)
(2.51403 0.059468 0)
(2.48509 0.0962408 0)
(2.45926 0.27129 0)
(2.42848 0.439004 0)
(2.34862 0.612132 0)
(2.28339 0.721123 0)
(2.20449 0.821333 0)
(2.15409 0.84567 0)
(2.11515 0.850456 0)
(2.07653 0.881003 0)
(2.07122 0.880711 0)
(2.03937 0.920455 0)
(2.05881 0.951709 0)
(0.796057 -0.901335 0)
(1.31197 -1.18834 0)
(2.25475 -0.116415 0)
(2.52849 -0.758361 0)
(2.51733 0.0078867 0)
(2.43578 -0.235293 0)
(2.41769 0.00387156 0)
(2.38247 0.198888 0)
(2.33075 0.375828 0)
(2.30145 0.525935 0)
(2.22841 0.688443 0)
(2.15689 0.811289 0)
(2.09094 0.893434 0)
(2.02555 0.966836 0)
(1.98008 0.983671 0)
(1.94949 0.999561 0)
(1.95308 1.01944 0)
(1.96853 0.996328 0)
(1.99502 0.99492 0)
(2.07159 0.977379 0)
(1.00031 -0.464657 0)
(1.59539 -0.396218 0)
(2.3215 -0.236725 0)
(2.31397 -0.148297 0)
(2.36053 -0.0537294 0)
(2.36235 0.297203 0)
(2.27032 0.562953 0)
(2.18897 0.691634 0)
(2.13853 0.766495 0)
(2.07052 0.899787 0)
(1.97296 1.01074 0)
(1.92282 1.06055 0)
(1.88734 1.0805 0)
(1.86965 1.09112 0)
(1.86884 1.05911 0)
(1.89476 1.05031 0)
(1.96022 1.0222 0)
(2.16304 0.904195 0)
(2.38092 0.794486 0)
(2.77855 0.444363 0)
(1.06387 -0.0940206 0)
(1.90965 0.253117 0)
(2.30022 0.101751 0)
(2.22659 0.58498 0)
(2.21738 0.662742 0)
(2.1433 0.77891 0)
(2.04842 0.894162 0)
(1.95172 0.984412 0)
(1.90694 1.0399 0)
(1.84043 1.12727 0)
(1.79204 1.15661 0)
(1.79461 1.15069 0)
(1.81245 1.13058 0)
(1.84726 1.08966 0)
(2.03514 0.955594 0)
(2.25779 0.83104 0)
(2.66536 0.504646 0)
(3.03672 0.0917081 0)
(3.05578 -0.0241009 0)
(3.00412 -0.0047312 0)
(1.01191 0.0381593 0)
(1.94026 0.720478 0)
(2.08558 0.876256 0)
(2.02123 0.928726 0)
(1.98184 0.983391 0)
(1.86307 1.09652 0)
(1.78182 1.14528 0)
(1.75368 1.14552 0)
(1.75245 1.16195 0)
(1.73245 1.20312 0)
(1.72052 1.19356 0)
(1.87135 1.06501 0)
(2.10167 0.881351 0)
(2.50083 0.575877 0)
(2.98376 0.137588 0)
(3.07348 -0.0291621 0)
(3.00822 -0.0077451 0)
(3.00296 -0.00386425 0)
(3.00124 -0.00220989 0)
(3.00008 -0.000485038 0)
(1.16969 0.758499 0)
(1.82403 1.16324 0)
(1.84798 1.14992 0)
(1.74948 1.19171 0)
(1.70783 1.20644 0)
(1.65935 1.2368 0)
(1.65297 1.21235 0)
(1.71992 1.16248 0)
(1.74753 1.23325 0)
(1.78393 1.14414 0)
(2.26906 0.743213 0)
(2.8575 0.209732 0)
(3.09654 -0.0277845 0)
(3.02062 -0.0124531 0)
(3.00471 -0.00554551 0)
(3.00192 -0.00308448 0)
(3.00006 -0.000599806 0)
(2.99997 -2.35194e-05 0)
(2.99999 1.45106e-05 0)
(3 5.94976e-06 0)
(1.58167 1.25678 0)
(1.5862 1.26075 0)
(1.59939 1.26248 0)
(1.60786 1.25749 0)
(1.61195 1.24054 0)
(1.58193 1.26574 0)
(1.88998 1.15946 0)
(2.95902 0.397249 0)
(3.3721 -0.642828 0)
(3 2.69062e-11 0)
(3 3.16865e-11 0)
(3 -1.53693e-13 0)
(3 1.20674e-11 0)
(3 -1.12129e-11 0)
(3 2.32524e-14 0)
(3 2.09524e-14 0)
(3 8.66498e-15 0)
(3 3.41626e-15 0)
(3 1.58788e-15 0)
(3 6.47864e-16 0)
(1.57427 1.23993 0)
(1.59164 1.2525 0)
(1.60825 1.26101 0)
(1.61744 1.26314 0)
(1.66998 1.25428 0)
(1.73378 1.22187 0)
(2.27486 0.721885 0)
(3.00024 0.00955854 0)
(3 6.15125e-08 0)
(3 8.29156e-11 0)
(3 5.10365e-16 0)
(3 4.90674e-15 0)
(3 6.34543e-16 0)
(3 7.91694e-15 0)
(3 4.03393e-15 0)
(3 3.83837e-15 0)
(3 3.35873e-15 0)
(3 7.57341e-16 0)
(3 -5.0553e-16 0)
(3 -1.31915e-15 0)
(1.57749 1.24823 0)
(1.60014 1.25483 0)
(1.6122 1.2631 0)
(1.60265 1.28616 0)
(1.73689 1.20364 0)
(2.30368 0.75782 0)
(3.00997 -0.0131376 0)
(2.99995 -0.000106859 0)
(3 4.92548e-07 0)
(3 6.35662e-11 0)
(3 -4.01221e-14 0)
(3 4.54668e-15 0)
(3 4.14316e-15 0)
(3 4.71463e-15 0)
(3 3.88354e-15 0)
(3 3.63234e-15 0)
(3 4.0486e-15 0)
(3 2.22759e-15 0)
(3 8.45719e-16 0)
(3 -6.27723e-16 0)
(1.57959 1.25374 0)
(1.59926 1.25883 0)
(1.62402 1.26649 0)
(1.60799 1.30795 0)
(1.83109 1.11459 0)
(2.7219 0.247019 0)
(3.00378 0.00144921 0)
(2.99994 4.43907e-05 0)
(3 -6.91271e-07 0)
(3 8.17623e-10 0)
(3 -2.27587e-15 0)
(3 3.42955e-15 0)
(3 4.24389e-15 0)
(3 3.95407e-15 0)
(3 3.37336e-15 0)
(3 2.74591e-15 0)
(3 3.74569e-15 0)
(3 1.03125e-15 0)
(3 1.41927e-15 0)
(3 -4.75679e-16 0)
(1.58248 1.26804 0)
(1.59593 1.27254 0)
(1.62661 1.26748 0)
(1.68398 1.23467 0)
(2.38145 0.630554 0)
(3.02022 -0.0205812 0)
(2.99971 1.49702e-05 0)
(3 -3.66617e-06 0)
(3 7.56553e-08 0)
(3 -8.56441e-10 0)
(3 1.28591e-13 0)
(3 2.97431e-15 0)
(3 3.68797e-15 0)
(3 3.06602e-15 0)
(3 2.94615e-15 0)
(3 2.39117e-15 0)
(3 3.63081e-15 0)
(3 1.75937e-15 0)
(3 1.68323e-15 0)
(3 2.98543e-16 0)
(1.58456 1.28535 0)
(1.5888 1.28943 0)
(1.64191 1.2571 0)
(1.78301 1.14066 0)
(2.68198 0.266415 0)
(3 -5.69333e-10 0)
(3 1.32466e-08 0)
(3 -1.19008e-08 0)
(3 5.01633e-10 0)
(3 2.00057e-12 0)
(3 -8.65275e-14 0)
(3 6.7401e-16 0)
(3 3.15582e-15 0)
(3 2.21045e-15 0)
(3 2.36431e-15 0)
(3 1.7124e-15 0)
(3 1.72569e-15 0)
(3 1.47438e-15 0)
(3 1.85935e-15 0)
(3 1.42126e-15 0)
(1.58524 1.29746 0)
(1.55576 1.29803 0)
(1.68202 1.2216 0)
(2.17428 0.818672 0)
(3.02369 -0.0222051 0)
(3 -7.03611e-13 0)
(3 -1.7237e-11 0)
(3 2.26771e-11 0)
(3 -3.44745e-12 0)
(3 2.81998e-15 0)
(3 2.44192e-16 0)
(3 7.34065e-16 0)
(3 2.07246e-15 0)
(3 6.49426e-16 0)
(3 1.29885e-15 0)
(3 1.40174e-15 0)
(3 1.40981e-15 0)
(3 4.26239e-16 0)
(3 1.76481e-15 0)
(3 2.17567e-15 0)
(1.59083 1.3269 0)
(1.50354 1.32799 0)
(1.72843 1.18877 0)
(2.3877 0.552604 0)
(3 -8.80995e-09 0)
(3 1.61229e-13 0)
(3 -5.87998e-14 0)
(3 -1.167e-14 0)
(3 1.63763e-15 0)
(3 -2.03735e-15 0)
(3 -1.70576e-15 0)
(3 -6.77673e-16 0)
(3 5.12171e-16 0)
(3 1.17446e-15 0)
(3 1.98938e-16 0)
(3 2.19961e-16 0)
(3 6.20193e-16 0)
(3 -2.88733e-16 0)
(3 1.01994e-15 0)
(3 1.48534e-15 0)
(1.58434 1.30075 0)
(1.47562 1.33663 0)
(2.00138 1.02648 0)
(2.89254 0.107403 0)
(3 -3.92914e-09 0)
(3 -3.25947e-14 0)
(3 2.16333e-16 0)
(3 -1.17292e-15 0)
(3 -1.90891e-15 0)
(3 -2.36153e-15 0)
(3 -1.96934e-15 0)
(3 -1.97768e-15 0)
(3 -1.13473e-15 0)
(3 -5.17851e-16 0)
(3 -4.25402e-16 0)
(3 -1.88255e-15 0)
(3 -1.7021e-15 0)
(3 -1.62876e-15 0)
(3 -1.35291e-16 0)
(3 7.13585e-17 0)
(1.59878 1.29322 0)
(1.47008 1.39152 0)
(2.13835 0.849153 0)
(3.01074 -0.0086892 0)
(3 1.48663e-08 0)
(3 -4.16037e-15 0)
(3 -1.96781e-16 0)
(3 -2.52821e-16 0)
(3 -2.56459e-16 0)
(3 -9.61853e-16 0)
(3 -1.119e-15 0)
(3 -1.49302e-15 0)
(3 -1.68171e-15 0)
(3 -1.29942e-15 0)
(3 -1.22794e-15 0)
(3 -1.48815e-15 0)
(3 -2.21949e-15 0)
(3 -3.28961e-15 0)
(3 -2.17865e-15 0)
(3 -1.56487e-15 0)
(1.61752 1.28045 0)
(1.5558 1.32203 0)
(2.40201 0.551974 0)
(3 -2.25229e-12 0)
(3 -1.09176e-11 0)
(3 1.59408e-14 0)
(3 2.76909e-16 0)
(3 2.38088e-16 0)
(3 5.26406e-16 0)
(3 3.25619e-16 0)
(3 -6.49141e-17 0)
(3 -6.34097e-16 0)
(3 -1.50457e-15 0)
(3 -1.18097e-15 0)
(3 -9.98328e-16 0)
(3 -1.28957e-15 0)
(3 -1.7122e-15 0)
(3 -2.62373e-15 0)
(3 -3.19988e-15 0)
(3 -3.1544e-15 0)
(1.63627 1.26914 0)
(1.65424 1.23135 0)
(2.65096 0.284476 0)
(3 1.02811e-12 0)
(3 -1.13176e-13 0)
(3 -7.42353e-16 0)
(3 3.21026e-16 0)
(3 8.8818e-16 0)
(3 1.12769e-15 0)
(3 1.30054e-15 0)
(3 1.0802e-15 0)
(3 6.39954e-16 0)
(3 -2.39811e-16 0)
(3 -7.19067e-16 0)
(3 -8.95596e-16 0)
(3 -6.61045e-16 0)
(3 -7.51611e-16 0)
(3 -1.52369e-15 0)
(3 -2.62894e-15 0)
(3 -2.99973e-15 0)
(1.65786 1.24489 0)
(1.81743 1.09764 0)
(2.87525 0.0897793 0)
(3 -1.13664e-15 0)
(3 -3.95452e-16 0)
(3 -2.75417e-16 0)
(3 3.4939e-16 0)
(3 1.03553e-15 0)
(3 1.56768e-15 0)
(3 1.78581e-15 0)
(3 1.82541e-15 0)
(3 1.618e-15 0)
(3 7.94026e-16 0)
(3 7.25364e-17 0)
(3 -1.4626e-16 0)
(3 -1.67911e-16 0)
(3 -8.69969e-17 0)
(3 -4.43119e-16 0)
(3 -8.90384e-16 0)
(3 -2.12077e-15 0)
(1.68383 1.19519 0)
(1.90309 0.976155 0)
(2.99943 0.000205119 0)
(3 -4.33029e-16 0)
(3 -2.69366e-16 0)
(3 -7.26933e-17 0)
(3 5.63263e-16 0)
(3 1.30726e-15 0)
(3 1.6583e-15 0)
(3 1.60433e-15 0)
(3 1.42016e-15 0)
(3 1.28726e-15 0)
(3 1.25851e-15 0)
(3 1.12527e-15 0)
(3 9.0133e-16 0)
(3 8.62997e-16 0)
(3 9.06304e-16 0)
(3 7.07188e-16 0)
(3 -1.20276e-16 0)
(3 -1.29967e-15 0)
(1.71188 1.16019 0)
(2.05757 0.826756 0)
(3 -7.65567e-16 0)
(3 -1.05466e-15 0)
(3 -1.21506e-15 0)
(3 -1.17739e-15 0)
(3 -8.04726e-16 0)
(3 -3.07657e-17 0)
(3 3.56322e-16 0)
(3 1.19271e-15 0)
(3 1.55491e-15 0)
(3 1.41616e-15 0)
(3 1.0417e-15 0)
(3 9.2197e-16 0)
(3 6.21434e-16 0)
(3 2.94466e-16 0)
(3 2.551e-16 0)
(3 2.91737e-17 0)
(3 -2.58704e-16 0)
(3 -7.06186e-16 0)
(1.73037 1.10851 0)
(2.1992 0.663646 0)
(3 -2.81493e-15 0)
(3 -3.71807e-15 0)
(3 -3.98916e-15 0)
(3 -2.82842e-15 0)
(3 -2.27489e-15 0)
(3 -1.78808e-15 0)
(3 -1.9337e-15 0)
(3 -1.08876e-15 0)
(3 -4.30675e-16 0)
(3 -2.3265e-17 0)
(3 6.14759e-18 0)
(3 2.09044e-17 0)
(3 5.1552e-17 0)
(3 -3.01992e-17 0)
(3 -2.13914e-16 0)
(3 -1.2066e-16 0)
(3 -8.27908e-17 0)
(3 3.04746e-17 0)
(1.84367 1.01939 0)
(2.44818 0.446196 0)
(3 -4.21824e-15 0)
(3 -5.32485e-15 0)
(3 -5.61478e-15 0)
(3 -4.48974e-15 0)
(3 -3.7316e-15 0)
(3 -2.78214e-15 0)
(3 -2.90185e-15 0)
(3 -1.88795e-15 0)
(3 -1.33301e-15 0)
(3 -5.74344e-16 0)
(3 -3.38212e-16 0)
(3 -1.03045e-16 0)
(3 3.16367e-16 0)
(3 8.36976e-16 0)
(3 9.94055e-16 0)
(3 9.7555e-16 0)
(3 1.0277e-15 0)
(3 1.01442e-15 0)
(1.9613 0.86471 0)
(2.74058 0.188448 0)
(3 -3.30425e-15 0)
(3 -3.87002e-15 0)
(3 -3.46279e-15 0)
(3 -3.36118e-15 0)
(3 -3.43556e-15 0)
(3 -3.48367e-15 0)
(3 -3.21229e-15 0)
(3 -2.61306e-15 0)
(3 -1.81318e-15 0)
(3 -1.41061e-15 0)
(3 -1.17901e-15 0)
(3 -1.09233e-15 0)
(3 -7.86813e-16 0)
(3 -5.25818e-16 0)
(3 4.54111e-17 0)
(3 8.80658e-16 0)
(3 1.11617e-15 0)
(3 1.75992e-15 0)
(2.09028 0.642739 0)
(2.99302 0.00013112 0)
(3 -2.3795e-15 0)
(3 -2.75464e-15 0)
(3 -2.55288e-15 0)
(3 -1.7565e-15 0)
(3 -1.7701e-15 0)
(3 -1.86418e-15 0)
(3 -1.13322e-15 0)
(3 -1.00579e-15 0)
(3 -9.77404e-16 0)
(3 -1.02048e-15 0)
(3 -1.35735e-15 0)
(3 -1.51117e-15 0)
(3 -1.69419e-15 0)
(3 -1.94055e-15 0)
(3 -1.97731e-15 0)
(3 -1.73195e-15 0)
(3 -1.4621e-15 0)
(3 -1.36494e-15 0)
(1.99228 0.379333 0)
(2.99987 -2.59282e-05 0)
(3 -6.86658e-16 0)
(3 -1.335e-15 0)
(3 -1.243e-15 0)
(3 -8.2199e-16 0)
(3 -8.45725e-16 0)
(3 5.1182e-17 0)
(3 9.20928e-16 0)
(3 1.25864e-15 0)
(3 1.31442e-15 0)
(3 1.162e-15 0)
(3 9.54067e-16 0)
(3 9.79421e-16 0)
(3 1.09622e-15 0)
(3 1.29134e-15 0)
(3 1.20984e-15 0)
(3 9.06131e-16 0)
(3 6.55177e-16 0)
(3 4.05189e-16 0)
(1.99217 -0.379699 0)
(2.99986 2.84636e-05 0)
(3 -1.62908e-16 0)
(3 2.39756e-16 0)
(3 1.47082e-16 0)
(3 4.58839e-16 0)
(3 1.22644e-15 0)
(3 1.78991e-15 0)
(3 1.92914e-15 0)
(3 1.15622e-15 0)
(3 6.82555e-16 0)
(3 2.13214e-16 0)
(3 3.89189e-16 0)
(3 4.35368e-16 0)
(3 6.03371e-16 0)
(3 6.74303e-16 0)
(3 7.257e-16 0)
(3 9.70305e-16 0)
(3 1.07579e-15 0)
(3 1.16509e-15 0)
(2.09128 -0.642819 0)
(2.99311 -0.000130256 0)
(3 1.59782e-15 0)
(3 1.27162e-15 0)
(3 2.06963e-15 0)
(3 2.83059e-15 0)
(3 3.98622e-15 0)
(3 4.14357e-15 0)
(3 2.02003e-15 0)
(3 2.60201e-16 0)
(3 -2.59085e-16 0)
(3 -5.708e-16 0)
(3 -8.83249e-16 0)
(3 -8.53592e-16 0)
(3 -1.36359e-15 0)
(3 -1.65011e-15 0)
(3 -1.55514e-15 0)
(3 -1.34013e-15 0)
(3 -1.11163e-15 0)
(3 -8.68985e-16 0)
(1.96239 -0.864144 0)
(2.74205 -0.187393 0)
(3 1.69208e-15 0)
(3 1.8543e-15 0)
(3 3.11797e-15 0)
(3 3.60256e-15 0)
(3 3.58761e-15 0)
(3 2.65583e-15 0)
(3 1.08606e-15 0)
(3 -2.03176e-16 0)
(3 -9.00938e-16 0)
(3 -1.06611e-15 0)
(3 -2.19439e-15 0)
(3 -1.98506e-15 0)
(3 -1.97166e-15 0)
(3 -1.83878e-15 0)
(3 -1.62069e-15 0)
(3 -1.5095e-15 0)
(3 -1.12281e-15 0)
(3 -4.11556e-16 0)
(1.84439 -1.01962 0)
(2.44882 -0.445708 0)
(3 3.6025e-15 0)
(3 3.96258e-15 0)
(3 3.83951e-15 0)
(3 3.45265e-15 0)
(3 1.41233e-15 0)
(3 1.83348e-16 0)
(3 -8.89009e-16 0)
(3 -6.63003e-16 0)
(3 -7.5884e-16 0)
(3 -7.43741e-16 0)
(3 -1.42235e-16 0)
(3 2.1981e-16 0)
(3 1.04238e-15 0)
(3 2.23449e-15 0)
(3 2.82697e-15 0)
(3 3.58077e-15 0)
(3 3.7555e-15 0)
(3 3.70844e-15 0)
(1.73014 -1.10861 0)
(2.19764 -0.66435 0)
(3 2.51468e-15 0)
(3 2.94954e-15 0)
(3 2.66381e-15 0)
(3 2.74915e-15 0)
(3 1.71875e-15 0)
(3 7.2917e-16 0)
(3 2.5863e-16 0)
(3 2.74888e-16 0)
(3 7.56722e-16 0)
(3 1.06004e-15 0)
(3 1.27354e-15 0)
(3 1.72771e-15 0)
(3 2.46183e-15 0)
(3 2.93444e-15 0)
(3 3.25519e-15 0)
(3 3.01213e-15 0)
(3 2.88924e-15 0)
(3 3.33539e-15 0)
(1.70999 -1.16054 0)
(2.05634 -0.82745 0)
(3 2.37521e-15 0)
(3 1.94346e-15 0)
(3 1.2384e-15 0)
(3 8.94462e-16 0)
(3 9.80176e-16 0)
(3 1.06942e-15 0)
(3 1.53128e-15 0)
(3 1.18292e-15 0)
(3 1.07138e-15 0)
(3 1.04949e-15 0)
(3 1.60777e-15 0)
(3 2.31534e-15 0)
(3 3.12514e-15 0)
(3 4.2146e-15 0)
(3 3.62836e-15 0)
(3 2.63821e-15 0)
(3 2.50617e-15 0)
(3 2.78536e-15 0)
(1.68397 -1.1948 0)
(1.90146 -0.977729 0)
(2.99962 -0.000123681 0)
(3 1.56821e-15 0)
(3 8.39861e-16 0)
(3 6.18033e-16 0)
(3 1.11922e-15 0)
(3 1.31666e-15 0)
(3 1.21127e-15 0)
(3 9.94916e-16 0)
(3 9.71687e-16 0)
(3 1.44897e-15 0)
(3 1.25063e-15 0)
(3 2.19448e-15 0)
(3 3.641e-15 0)
(3 3.22384e-15 0)
(3 2.00961e-15 0)
(3 1.32695e-15 0)
(3 1.19182e-15 0)
(3 1.09605e-15 0)
(1.65825 -1.24533 0)
(1.82359 -1.09709 0)
(2.87691 -0.0892085 0)
(3 3.29528e-14 0)
(3 5.60633e-16 0)
(3 1.68121e-16 0)
(3 1.62157e-16 0)
(3 -8.31775e-17 0)
(3 2.31853e-16 0)
(3 4.96706e-17 0)
(3 1.74902e-15 0)
(3 2.28265e-15 0)
(3 3.09794e-15 0)
(3 3.19834e-15 0)
(3 2.59574e-15 0)
(3 1.92576e-15 0)
(3 5.50306e-16 0)
(3 4.3378e-16 0)
(3 -5.60801e-17 0)
(3 -6.50954e-17 0)
(1.63653 -1.26853 0)
(1.64783 -1.23386 0)
(2.64984 -0.285499 0)
(3 -6.08877e-15 0)
(3 -2.13298e-15 0)
(3 -4.93812e-16 0)
(3 -8.19059e-16 0)
(3 -9.46127e-16 0)
(3 -1.11309e-15 0)
(3 5.22115e-16 0)
(3 1.32231e-15 0)
(3 1.63147e-15 0)
(3 1.68263e-15 0)
(3 1.26502e-15 0)
(3 1.04266e-15 0)
(3 8.60498e-16 0)
(3 5.88344e-16 0)
(3 3.13461e-16 0)
(3 2.49309e-16 0)
(3 1.7069e-16 0)
(1.61818 -1.28045 0)
(1.5606 -1.31989 0)
(2.40652 -0.547876 0)
(3 -1.607e-14 0)
(3 5.97431e-13 0)
(3 -5.63873e-16 0)
(3 -1.00216e-15 0)
(3 -8.28946e-16 0)
(3 -4.99819e-16 0)
(3 1.17122e-15 0)
(3 1.47368e-15 0)
(3 1.47047e-15 0)
(3 7.91257e-16 0)
(3 1.34698e-15 0)
(3 1.12951e-15 0)
(3 3.99561e-16 0)
(3 -2.01629e-16 0)
(3 -5.66735e-16 0)
(3 -6.8073e-16 0)
(3 -8.31203e-16 0)
(1.59978 -1.29356 0)
(1.47229 -1.39182 0)
(2.13742 -0.848379 0)
(3.01078 0.00872133 0)
(3 -4.70057e-10 0)
(3 -1.24702e-14 0)
(3 1.72186e-16 0)
(3 -5.15921e-16 0)
(3 9.95084e-16 0)
(3 1.63491e-15 0)
(3 2.0641e-15 0)
(3 1.2534e-15 0)
(3 9.10113e-16 0)
(3 1.37768e-15 0)
(3 4.7655e-16 0)
(3 -2.8975e-16 0)
(3 -5.37724e-16 0)
(3 -7.59122e-16 0)
(3 -9.35896e-16 0)
(3 -9.66799e-16 0)
(1.58494 -1.3013 0)
(1.47519 -1.33614 0)
(1.99998 -1.02705 0)
(2.8913 -0.108741 0)
(3 8.31916e-11 0)
(3 -4.71529e-15 0)
(3 -5.15615e-16 0)
(3 -1.28685e-16 0)
(3 1.61926e-15 0)
(3 8.87187e-16 0)
(3 1.15709e-15 0)
(3 9.4933e-16 0)
(3 6.53857e-16 0)
(3 2.33614e-16 0)
(3 4.57396e-16 0)
(3 -4.64754e-16 0)
(3 -8.52453e-16 0)
(3 -6.34317e-16 0)
(3 -7.90932e-16 0)
(3 -9.09257e-16 0)
(1.5905 -1.32738 0)
(1.50264 -1.32763 0)
(1.72678 -1.18997 0)
(2.3853 -0.555747 0)
(3 1.16629e-10 0)
(3 -2.04706e-14 0)
(3 -1.81256e-14 0)
(3 4.28394e-14 0)
(3 -1.70871e-14 0)
(3 7.40788e-16 0)
(3 6.66325e-16 0)
(3 7.63186e-16 0)
(3 4.9703e-16 0)
(3 3.43541e-16 0)
(3 2.71755e-16 0)
(3 -6.59413e-16 0)
(3 -9.84349e-16 0)
(3 -1.06015e-15 0)
(3 -8.88064e-16 0)
(3 -1.35606e-15 0)
(1.58446 -1.2967 0)
(1.55502 -1.29719 0)
(1.68188 -1.2219 0)
(2.17321 -0.820387 0)
(3.02372 0.0221694 0)
(3 1.36225e-12 0)
(3 1.8731e-11 0)
(3 -2.51021e-11 0)
(3 3.48439e-12 0)
(3 -2.21366e-15 0)
(3 -1.05155e-15 0)
(3 3.80211e-16 0)
(3 5.74153e-16 0)
(3 -2.04716e-16 0)
(3 1.88387e-16 0)
(3 -1.44465e-17 0)
(3 -1.60626e-15 0)
(3 -1.74128e-15 0)
(3 -7.30808e-16 0)
(3 4.88699e-17 0)
(1.58412 -1.28485 0)
(1.58837 -1.28882 0)
(1.64149 -1.25609 0)
(1.78227 -1.1413 0)
(2.68376 -0.265134 0)
(3 5.71077e-10 0)
(3 -1.33448e-08 0)
(3 1.19985e-08 0)
(3 -5.0771e-10 0)
(3 -2.12019e-12 0)
(3 8.65654e-14 0)
(3 2.63761e-16 0)
(3 -1.24354e-16 0)
(3 -3.52329e-16 0)
(3 9.2139e-16 0)
(3 -2.69587e-16 0)
(3 -2.84642e-15 0)
(3 -1.71009e-15 0)
(3 -6.01144e-16 0)
(3 -1.94303e-16 0)
(1.58256 -1.26765 0)
(1.5965 -1.27199 0)
(1.62743 -1.2671 0)
(1.69029 -1.23125 0)
(2.38186 -0.62935 0)
(3.02017 0.0204056 0)
(2.99972 -3.68513e-05 0)
(3 3.77703e-06 0)
(3 -7.7037e-08 0)
(3 8.57346e-10 0)
(3 -1.32907e-13 0)
(3 3.83945e-16 0)
(3 -3.33897e-16 0)
(3 -4.90214e-16 0)
(3 8.47901e-16 0)
(3 6.33941e-16 0)
(3 -3.06291e-15 0)
(3 -1.08033e-15 0)
(3 6.119e-17 0)
(3 1.73335e-15 0)
(1.5801 -1.25374 0)
(1.59987 -1.25877 0)
(1.62431 -1.26637 0)
(1.60701 -1.3083 0)
(1.82961 -1.11424 0)
(2.72231 -0.245699 0)
(3.00394 -0.00110891 0)
(2.99994 -4.82398e-05 0)
(3 6.9705e-07 0)
(3 -8.14767e-10 0)
(3 7.24742e-15 0)
(3 8.84231e-16 0)
(3 6.00096e-17 0)
(3 1.21956e-16 0)
(3 2.67467e-16 0)
(3 -5.37434e-16 0)
(3 -2.75239e-15 0)
(3 2.28801e-16 0)
(3 1.03308e-15 0)
(3 2.02013e-15 0)
(1.57812 -1.2485 0)
(1.60043 -1.25513 0)
(1.61194 -1.26327 0)
(1.60124 -1.28646 0)
(1.73845 -1.20222 0)
(2.2998 -0.760951 0)
(3.00921 0.012448 0)
(2.99992 0.000146381 0)
(3 -4.98837e-07 0)
(3 -6.43351e-11 0)
(3 6.50953e-14 0)
(3 -9.75169e-16 0)
(3 2.37841e-16 0)
(3 3.64155e-16 0)
(3 -3.48724e-16 0)
(3 5.55468e-16 0)
(3 -7.134e-16 0)
(3 8.21924e-16 0)
(3 2.05144e-15 0)
(3 2.14008e-15 0)
(1.57455 -1.24036 0)
(1.59168 -1.25289 0)
(1.60822 -1.26153 0)
(1.6167 -1.26343 0)
(1.66935 -1.25317 0)
(1.73077 -1.22345 0)
(2.27406 -0.722961 0)
(2.99997 -0.00998134 0)
(3 -5.64364e-08 0)
(3 -8.59073e-11 0)
(3 2.04141e-15 0)
(3 -1.53501e-16 0)
(3 5.25e-15 0)
(3 -3.03916e-15 0)
(3 -1.939e-16 0)
(3 1.36813e-15 0)
(3 8.10025e-16 0)
(3 1.20963e-15 0)
(3 2.17227e-15 0)
(3 1.87951e-15 0)
(1.58168 -1.25699 0)
(1.58636 -1.26114 0)
(1.59914 -1.26327 0)
(1.60748 -1.25814 0)
(1.61189 -1.24087 0)
(1.58246 -1.26563 0)
(1.89118 -1.15937 0)
(2.96002 -0.395652 0)
(3.36904 0.637384 0)
(3 -2.53049e-11 0)
(3 -3.38722e-11 0)
(3 -5.66014e-15 0)
(3 -5.01979e-12 0)
(3 4.80163e-12 0)
(3 -9.95866e-15 0)
(3 -6.30773e-15 0)
(3 -9.75139e-16 0)
(3 1.25425e-15 0)
(3 1.77221e-15 0)
(3 1.78359e-15 0)
(1.16685 -0.758644 0)
(1.82278 -1.16249 0)
(1.84883 -1.14396 0)
(1.7518 -1.18581 0)
(1.71181 -1.20251 0)
(1.65981 -1.23716 0)
(1.65249 -1.21202 0)
(1.71939 -1.16264 0)
(1.74751 -1.23277 0)
(1.78395 -1.14372 0)
(2.26882 -0.743114 0)
(2.85731 -0.209811 0)
(3.09665 0.0278266 0)
(3.02068 0.0124816 0)
(3.00473 0.00555702 0)
(3.00192 0.00308975 0)
(3.00005 0.000599272 0)
(2.99997 2.35558e-05 0)
(2.99999 -1.45281e-05 0)
(3 -5.95321e-06 0)
(1.03662 -0.00706186 0)
(1.93411 -0.795525 0)
(2.085 -0.922268 0)
(2.01318 -0.959537 0)
(1.98136 -0.988528 0)
(1.86468 -1.09594 0)
(1.78196 -1.14486 0)
(1.75351 -1.1456 0)
(1.75243 -1.16188 0)
(1.73258 -1.20287 0)
(1.72059 -1.19327 0)
(1.87136 -1.06474 0)
(2.10127 -0.881365 0)
(2.49985 -0.576441 0)
(2.98316 -0.138119 0)
(3.07358 0.0291599 0)
(3.00825 0.00776585 0)
(3.00297 0.00387014 0)
(3.00124 0.0022122 0)
(3.00008 0.000485226 0)
(1.08403 0.0600825 0)
(1.82145 0.136189 0)
(2.26978 -0.0200703 0)
(2.22522 -0.550664 0)
(2.21833 -0.663003 0)
(2.1432 -0.783122 0)
(2.0505 -0.893485 0)
(1.95273 -0.983427 0)
(1.9075 -1.03954 0)
(1.84074 -1.12688 0)
(1.7918 -1.15649 0)
(1.7943 -1.15077 0)
(1.81214 -1.13073 0)
(1.84693 -1.08989 0)
(2.03466 -0.955935 0)
(2.25729 -0.831435 0)
(2.66473 -0.505428 0)
(3.03655 -0.0921523 0)
(3.05584 0.0240718 0)
(3.00412 0.00473399 0)
(1.55776 0.58826 0)
(2.01752 0.945046 0)
(2.42002 -0.0366929 0)
(2.31872 0.0812904 0)
(2.35667 0.0477616 0)
(2.36464 -0.291409 0)
(2.27155 -0.565601 0)
(2.18838 -0.697478 0)
(2.13809 -0.769522 0)
(2.07056 -0.900904 0)
(1.97291 -1.0108 0)
(1.92251 -1.06065 0)
(1.88717 -1.08065 0)
(1.86952 -1.09126 0)
(1.86888 -1.05913 0)
(1.89477 -1.05033 0)
(1.9601 -1.02235 0)
(2.16289 -0.904497 0)
(2.38089 -0.79481 0)
(2.77858 -0.444568 0)
(1.59572 1.35791 0)
(1.61496 1.74653 0)
(2.24919 0.596632 0)
(2.44646 0.67071 0)
(2.49714 0.0601838 0)
(2.44077 0.23061 0)
(2.41879 -0.00587006 0)
(2.38337 -0.194386 0)
(2.33073 -0.373967 0)
(2.30227 -0.524918 0)
(2.22853 -0.688292 0)
(2.15634 -0.811591 0)
(2.09097 -0.893186 0)
(2.02589 -0.96625 0)
(1.98053 -0.98312 0)
(1.94945 -0.999546 0)
(1.95305 -1.01962 0)
(1.9685 -0.996431 0)
(1.99506 -0.994961 0)
(2.07173 -0.977295 0)
(1.0573 1.55769 0)
(1.72799 1.81462 0)
(2.16751 1.18932 0)
(2.23293 0.930124 0)
(2.43369 0.501565 0)
(2.4925 0.524622 0)
(2.55475 0.295907 0)
(2.51705 -0.0407705 0)
(2.4866 -0.0902199 0)
(2.45985 -0.268808 0)
(2.42912 -0.436982 0)
(2.34899 -0.610662 0)
(2.28438 -0.719349 0)
(2.20519 -0.82016 0)
(2.15431 -0.845474 0)
(2.115 -0.850662 0)
(2.07647 -0.881334 0)
(2.07129 -0.880782 0)
(2.03959 -0.920198 0)
(2.05893 -0.951471 0)
(1.07211 1.77037 0)
(1.74915 1.98749 0)
(1.97028 1.79377 0)
(2.15305 1.09239 0)
(2.30155 1.18543 0)
(2.38672 0.655415 0)
(2.50112 0.506242 0)
(2.58367 0.195264 0)
(2.5751 0.0505743 0)
(2.55413 -0.0861441 0)
(2.54051 -0.223221 0)
(2.50094 -0.351331 0)
(2.45382 -0.445774 0)
(2.40291 -0.519322 0)
(2.35206 -0.558812 0)
(2.32465 -0.56295 0)
(2.27106 -0.613427 0)
(2.22068 -0.682565 0)
(2.15797 -0.775635 0)
(2.13078 -0.798907 0)
(1.38097 1.84262 0)
(1.66342 2.18367 0)
(1.71944 2.01616 0)
(2.0079 1.6466 0)
(2.16547 1.7026 0)
(2.2963 1.05376 0)
(2.31277 1.17859 0)
(2.45819 0.958647 0)
(2.51413 0.584242 0)
(2.54167 0.522686 0)
(2.5713 0.313424 0)
(2.57086 0.148861 0)
(2.55535 0.00261584 0)
(2.54163 -0.111201 0)
(2.48772 -0.263643 0)
(2.48029 -0.331197 0)
(2.4007 -0.48449 0)
(2.3446 -0.560691 0)
(2.29602 -0.601774 0)
(2.30866 -0.550814 0)
(1.55035 1.8628 0)
(1.74574 2.25856 0)
(1.73319 2.10291 0)
(1.82789 1.98717 0)
(2.00171 1.84108 0)
(2.16076 1.46617 0)
(2.23461 1.37233 0)
(2.34937 1.20216 0)
(2.41835 1.00731 0)
(2.46928 0.866217 0)
(2.56146 0.684573 0)
(2.59623 0.435011 0)
(2.6289 0.235618 0)
(2.63908 0.0512879 0)
(2.59077 -0.160191 0)
(2.56691 -0.258001 0)
(2.51524 -0.370153 0)
(2.4987 -0.297914 0)
(2.44645 -0.339864 0)
(2.47784 -0.26793 0)
(1.53135 1.80831 0)
(1.80331 2.26183 0)
(2.0531 2.26747 0)
(1.94406 2.13419 0)
(2.03195 1.94474 0)
(2.15497 1.68402 0)
(2.3333 1.43628 0)
(2.42044 1.3108 0)
(2.51532 1.24009 0)
(2.60426 0.89922 0)
(2.71485 0.710676 0)
(2.71895 0.418562 0)
(2.72239 0.271764 0)
(2.70558 0.123629 0)
(2.68409 0.0271581 0)
(2.65895 -0.00432447 0)
(2.63221 -0.0130682 0)
(2.62284 0.0391384 0)
(2.55568 -0.0978801 0)
(2.57819 -0.0866983 0)
(1.39803 1.65546 0)
(1.77105 2.22303 0)
(2.17899 2.33002 0)
(2.23675 2.40972 0)
(2.32737 2.09194 0)
(2.40517 1.89612 0)
(2.57582 1.49698 0)
(2.66488 1.41882 0)
(2.82499 1.30166 0)
(2.83307 0.923736 0)
(2.82518 0.878498 0)
(2.79626 0.67781 0)
(2.75214 0.645954 0)
(2.73716 0.543256 0)
(2.71607 0.465911 0)
(2.69199 0.405407 0)
(2.68883 0.360113 0)
(2.68342 0.254054 0)
(2.65061 0.0724082 0)
(2.6164 -0.0427449 0)
(1.22065 1.45436 0)
(1.63097 2.12811 0)
(2.10535 2.34482 0)
(2.1715 2.47824 0)
(2.43564 2.21381 0)
(2.55123 2.0069 0)
(2.57763 1.66298 0)
(2.5913 1.49885 0)
(2.60833 1.45214 0)
(2.62921 1.38294 0)
(2.6132 1.32675 0)
(2.63836 1.16846 0)
(2.61789 1.02913 0)
(2.65973 0.945435 0)
(2.67226 0.77116 0)
(2.7096 0.650158 0)
(2.74437 0.50252 0)
(2.74687 0.282366 0)
(2.72593 0.17896 0)
(2.67883 0.136408 0)
(1.16866 1.3589 0)
(1.47423 1.93887 0)
(1.86674 2.19089 0)
(1.99488 2.42339 0)
(2.22844 2.32002 0)
(2.33899 2.14153 0)
(2.2937 1.84196 0)
(2.2485 1.74842 0)
(2.25873 1.734 0)
(2.30117 1.68222 0)
(2.40598 1.4647 0)
(2.51007 1.37511 0)
(2.55787 1.15876 0)
(2.6831 1.07609 0)
(2.70657 0.846613 0)
(2.7729 0.693933 0)
(2.7866 0.52757 0)
(2.7924 0.371944 0)
(2.73703 0.460663 0)
(2.70392 0.443153 0)
(1.22801 1.28368 0)
(1.41673 1.75821 0)
(1.65907 2.1138 0)
(1.7852 2.35515 0)
(1.83862 2.3703 0)
(1.95977 2.23365 0)
(2.01971 2.00795 0)
(2.05293 1.83995 0)
(2.07621 1.78435 0)
(2.23608 1.70505 0)
(2.36852 1.48399 0)
(2.54765 1.41909 0)
(2.61432 1.19532 0)
(2.74102 1.10678 0)
(2.75837 0.878009 0)
(2.75118 0.827616 0)
(2.7526 0.786781 0)
(2.75396 0.731943 0)
(2.71967 0.861988 0)
(2.70942 0.734526 0)
(1.34727 1.29883 0)
(1.4784 1.67712 0)
(1.58418 1.98852 0)
(1.61134 2.28199 0)
(1.59775 2.32753 0)
(1.76512 2.22196 0)
(1.89659 2.07685 0)
(2.02321 1.84603 0)
(2.10422 1.79155 0)
(2.3121 1.72176 0)
(2.45943 1.54952 0)
(2.59157 1.50143 0)
(2.65545 1.34627 0)
(2.65752 1.33919 0)
(2.69335 1.25355 0)
(2.68419 1.27014 0)
(2.667 1.18453 0)
(2.65876 1.13718 0)
(2.68759 1.15026 0)
(2.74449 0.923 0)
(1.52335 1.36937 0)
(1.60153 1.51913 0)
(1.67603 1.87332 0)
(1.70458 2.18131 0)
(1.5632 2.3079 0)
(1.68535 2.28592 0)
(1.91146 2.14543 0)
(2.09172 1.87753 0)
(2.18779 1.88819 0)
(2.37488 1.82257 0)
(2.42816 1.7636 0)
(2.47332 1.68522 0)
(2.52247 1.6296 0)
(2.52028 1.63446 0)
(2.5462 1.56478 0)
(2.56893 1.52029 0)
(2.58289 1.36399 0)
(2.66621 1.30814 0)
(2.72618 1.17581 0)
(2.83296 0.940822 0)
(1.74909 1.45394 0)
(1.76999 1.48914 0)
(1.83872 1.74734 0)
(1.86589 2.06776 0)
(1.85926 2.25175 0)
(1.84932 2.32788 0)
(1.93508 2.3102 0)
(2.06125 2.12551 0)
(2.11528 2.11535 0)
(2.28265 1.94591 0)
(2.25072 2.02548 0)
(2.34436 1.89376 0)
(2.36822 1.84872 0)
(2.40426 1.76249 0)
(2.47083 1.682 0)
(2.58448 1.56527 0)
(2.61651 1.45742 0)
(2.72325 1.34264 0)
(2.80696 1.21473 0)
(2.81796 1.2122 0)
(1.85991 1.40849 0)
(1.94034 1.36327 0)
(2.02612 1.45112 0)
(2.15473 1.66605 0)
(2.04372 2.06594 0)
(1.91985 2.27055 0)
(1.93615 2.33437 0)
(1.97771 2.2556 0)
(1.98731 2.2444 0)
(2.08576 2.08714 0)
(2.10229 2.10144 0)
(2.20622 1.97077 0)
(2.28757 1.90941 0)
(2.36898 1.84359 0)
(2.4622 1.79995 0)
(2.56662 1.73477 0)
(2.62597 1.66596 0)
(2.65467 1.62445 0)
(2.65806 1.59582 0)
(2.62794 1.59541 0)
(1.95519 1.40891 0)
(1.88988 1.35478 0)
(1.95165 1.28624 0)
(2.10849 1.40847 0)
(2.10346 1.55489 0)
(1.98232 1.65394 0)
(1.85478 1.77252 0)
(1.80251 1.81165 0)
(1.77793 1.77658 0)
(1.82248 1.61116 0)
(1.84967 1.57501 0)
(1.88498 1.38941 0)
(1.93945 1.17796 0)
(2.0283 1.03305 0)
(2.12576 1.05788 0)
(2.23205 1.15548 0)
(2.22714 1.16508 0)
(2.20963 1.15037 0)
(2.2187 1.06702 0)
(2.28724 1.13838 0)
(1.48322 0.439729 0)
(1.42607 0.566054 0)
(1.46293 0.332789 0)
(1.54646 0.328829 0)
(1.65439 0.244998 0)
(1.68168 0.226075 0)
(1.64021 0.275482 0)
(1.56984 0.341293 0)
(1.51657 0.337704 0)
(1.52762 0.306352 0)
(1.55029 0.30406 0)
(1.54207 0.263585 0)
(1.55902 0.162265 0)
(1.62488 0.110732 0)
(1.67043 0.155766 0)
(1.705 0.232798 0)
(1.73268 0.258532 0)
(1.74068 0.214921 0)
(1.79583 0.140507 0)
(1.88539 0.175144 0)
(1.9622 -0.194565 0)
(2.01918 -0.131497 0)
(2.05413 -0.0647714 0)
(2.11601 -0.066687 0)
(2.14135 -0.0272355 0)
(2.17284 -0.0187196 0)
(2.18173 -0.0142376 0)
(2.18946 -0.00887787 0)
(2.19603 -0.00112026 0)
(2.19615 -0.00292411 0)
(2.21018 -0.00285668 0)
(2.23597 -0.00267489 0)
(2.24689 -0.00475234 0)
(2.26871 -0.0108508 0)
(2.30971 -0.00892179 0)
(2.35239 -0.00300709 0)
(2.38148 0.00145728 0)
(2.42073 0.00360125 0)
(2.43244 0.00297973 0)
(2.39518 0.000522306 0)
(2.2978 -0.877235 0)
(2.29346 -0.504559 0)
(2.27302 -0.268243 0)
(2.34367 -0.224256 0)
(2.31 -0.0741666 0)
(2.2869 -0.0548872 0)
(2.24646 -0.0361581 0)
(2.27746 -0.0296255 0)
(2.27779 -0.0170359 0)
(2.26236 -0.0107511 0)
(2.26756 -0.0124794 0)
(2.29459 -0.0183498 0)
(2.30455 -0.0249757 0)
(2.32407 -0.0367604 0)
(2.35112 -0.0368421 0)
(2.38381 -0.0169269 0)
(2.42026 0.0033949 0)
(2.45188 0.0129858 0)
(2.46349 0.0098641 0)
(2.42139 -0.00124228 0)
(2.62265 -1.48435 0)
(2.65277 -1.37643 0)
(2.62977 -1.04918 0)
(2.63215 -0.851 0)
(2.57368 -0.504097 0)
(2.61694 -0.319416 0)
(2.48964 -0.0781867 0)
(2.44136 -0.0848452 0)
(2.39987 -0.0227744 0)
(2.40049 -0.00527021 0)
(2.39434 -0.00779931 0)
(2.40671 -0.00742549 0)
(2.41732 -0.0167982 0)
(2.43983 -0.0337409 0)
(2.45592 -0.0409707 0)
(2.47711 -0.0358069 0)
(2.50463 -0.0136922 0)
(2.52871 0.010664 0)
(2.53064 0.0189989 0)
(2.47867 0.0125269 0)
(2.69119 -1.26318 0)
(2.70967 -1.21997 0)
(2.71916 -1.19793 0)
(2.70651 -1.16947 0)
(2.69808 -1.09931 0)
(2.73286 -0.849738 0)
(2.71045 -0.50865 0)
(2.73866 -0.324906 0)
(2.58831 -0.0725264 0)
(2.55109 -0.0336453 0)
(2.51742 -0.0186488 0)
(2.50957 -0.00979902 0)
(2.51587 -0.0221212 0)
(2.5397 -0.0415622 0)
(2.56742 -0.0519377 0)
(2.58131 -0.0498767 0)
(2.60246 -0.0370314 0)
(2.61327 -0.0111731 0)
(2.60741 0.0151655 0)
(2.55993 0.0166892 0)
(2.74025 -1.01672 0)
(2.71658 -1.07441 0)
(2.72459 -1.05137 0)
(2.73066 -1.00019 0)
(2.75608 -0.951123 0)
(2.75439 -0.960052 0)
(2.75299 -0.959352 0)
(2.77424 -0.754372 0)
(2.76065 -0.440923 0)
(2.76365 -0.183965 0)
(2.64468 -0.0523043 0)
(2.59183 0.00125792 0)
(2.57479 -0.008722 0)
(2.58507 -0.0343173 0)
(2.61906 -0.0468322 0)
(2.63501 -0.0472218 0)
(2.66095 -0.0415342 0)
(2.67634 -0.02017 0)
(2.65911 0.0192404 0)
(2.62918 0.0261918 0)
(2.75842 -0.857812 0)
(2.7241 -0.898204 0)
(2.72789 -0.920843 0)
(2.75389 -0.903069 0)
(2.7931 -0.850481 0)
(2.79975 -0.830122 0)
(2.79259 -0.846283 0)
(2.75796 -0.93048 0)
(2.73228 -0.847127 0)
(2.76081 -0.530041 0)
(2.74369 -0.265433 0)
(2.64116 -0.0377428 0)
(2.60541 0.0106192 0)
(2.59857 -0.0119226 0)
(2.63736 -0.0388975 0)
(2.65836 -0.0508276 0)
(2.67768 -0.0537942 0)
(2.69409 -0.0364584 0)
(2.68596 0.013591 0)
(2.66805 0.0377834 0)
(2.74397 -0.685857 0)
(2.73008 -0.740477 0)
(2.73282 -0.756973 0)
(2.76638 -0.725818 0)
(2.81264 -0.736003 0)
(2.81949 -0.74396 0)
(2.81449 -0.753196 0)
(2.75715 -0.795757 0)
(2.71696 -0.843039 0)
(2.71043 -0.82557 0)
(2.71006 -0.642437 0)
(2.68177 -0.347046 0)
(2.58851 -0.0443512 0)
(2.598 0.00370683 0)
(2.6411 -0.0243305 0)
(2.66784 -0.0502572 0)
(2.6786 -0.0587955 0)
(2.68729 -0.0510866 0)
(2.69168 -0.000753192 0)
(2.69227 0.0470214 0)
(2.71321 -0.510617 0)
(2.72871 -0.594237 0)
(2.73003 -0.644144 0)
(2.75788 -0.673374 0)
(2.81393 -0.679566 0)
(2.82849 -0.689729 0)
(2.81703 -0.696969 0)
(2.75367 -0.699892 0)
(2.70617 -0.743307 0)
(2.69058 -0.789102 0)
(2.71154 -0.777594 0)
(2.70467 -0.657453 0)
(2.66184 -0.376704 0)
(2.62433 -0.144982 0)
(2.63476 0.00353546 0)
(2.65535 -0.0198171 0)
(2.68162 -0.0544513 0)
(2.68727 -0.0490995 0)
(2.69122 -0.00403993 0)
(2.70979 0.0469233 0)
(2.67619 -0.276969 0)
(2.71536 -0.423234 0)
(2.72509 -0.489592 0)
(2.74225 -0.521934 0)
(2.78569 -0.559564 0)
(2.79796 -0.601554 0)
(2.78724 -0.597936 0)
(2.73286 -0.609302 0)
(2.70459 -0.66774 0)
(2.68922 -0.689008 0)
(2.70941 -0.735394 0)
(2.73067 -0.741221 0)
(2.7239 -0.648427 0)
(2.68116 -0.406782 0)
(2.65697 -0.170549 0)
(2.66855 -0.0928718 0)
(2.69537 -0.0707451 0)
(2.69631 -0.0527089 0)
(2.69367 -0.00904944 0)
(2.72232 0.0381369 0)
(2.63799 -0.106436 0)
(2.69657 -0.2614 0)
(2.70174 -0.362387 0)
(2.70737 -0.41943 0)
(2.7392 -0.482593 0)
(2.73762 -0.52091 0)
(2.7348 -0.543663 0)
(2.70455 -0.537103 0)
(2.68291 -0.567269 0)
(2.69662 -0.630184 0)
(2.71095 -0.646644 0)
(2.73135 -0.705265 0)
(2.74431 -0.701636 0)
(2.73043 -0.647327 0)
(2.70476 -0.448656 0)
(2.67806 -0.191381 0)
(2.70869 -0.0783236 0)
(2.70009 -0.0465334 0)
(2.69983 -0.0108144 0)
(2.73335 0.020532 0)
(2.50156 0.190159 0)
(2.54425 0.110248 0)
(2.61329 -0.13764 0)
(2.6482 -0.279845 0)
(2.67189 -0.322131 0)
(2.66824 -0.358712 0)
(2.62883 -0.367959 0)
(2.64102 -0.408062 0)
(2.67465 -0.443309 0)
(2.70092 -0.5122 0)
(2.72338 -0.566043 0)
(2.73344 -0.593588 0)
(2.73586 -0.641023 0)
(2.75182 -0.629622 0)
(2.74848 -0.601472 0)
(2.75811 -0.522952 0)
(2.7532 -0.323074 0)
(2.76501 -0.219169 0)
(2.75828 -0.0751125 0)
(2.77574 -0.00596688 0)
(2.35348 0.547631 0)
(2.45603 0.323742 0)
(2.4719 0.253444 0)
(2.58756 -0.0193071 0)
(2.64299 -0.215901 0)
(2.63792 -0.29996 0)
(2.65258 -0.354145 0)
(2.68287 -0.387967 0)
(2.70506 -0.415901 0)
(2.69813 -0.402291 0)
(2.72819 -0.429101 0)
(2.73138 -0.508603 0)
(2.73013 -0.543221 0)
(2.7516 -0.584646 0)
(2.78066 -0.589862 0)
(2.81596 -0.574823 0)
(2.82153 -0.55799 0)
(2.83242 -0.440645 0)
(2.83375 -0.256206 0)
(2.85964 -0.110383 0)
(2.34641 0.709361 0)
(2.38071 0.615097 0)
(2.47108 0.382748 0)
(2.51085 0.28542 0)
(2.51685 0.207405 0)
(2.61602 -0.0548286 0)
(2.65649 -0.145281 0)
(2.67876 -0.143165 0)
(2.65817 -0.159572 0)
(2.66619 -0.244127 0)
(2.70909 -0.296408 0)
(2.73422 -0.390827 0)
(2.74753 -0.431363 0)
(2.78566 -0.447389 0)
(2.81348 -0.499571 0)
(2.83561 -0.504707 0)
(2.86612 -0.498962 0)
(2.88384 -0.520983 0)
(2.91188 -0.495162 0)
(2.94079 -0.283678 0)
(2.43357 0.685986 0)
(2.43198 0.679563 0)
(2.43193 0.645708 0)
(2.47915 0.516732 0)
(2.5202 0.393606 0)
(2.58553 0.220219 0)
(2.63235 0.0692097 0)
(2.66513 -0.0614241 0)
(2.68382 -0.186658 0)
(2.70675 -0.231138 0)
(2.73714 -0.292912 0)
(2.7631 -0.336261 0)
(2.79008 -0.357601 0)
(2.81271 -0.345424 0)
(2.82486 -0.394278 0)
(2.83787 -0.448594 0)
(2.87747 -0.446152 0)
(2.89985 -0.467878 0)
(2.95747 -0.499013 0)
(2.99745 -0.468745 0)
(2.71815 0.447558 0)
(2.60223 0.600955 0)
(2.51932 0.627057 0)
(2.51881 0.616701 0)
(2.5257 0.57175 0)
(2.57088 0.452523 0)
(2.60608 0.329582 0)
(2.64802 0.197456 0)
(2.70342 0.00938996 0)
(2.72809 -0.0108989 0)
(2.72894 -0.0211958 0)
(2.75269 -0.0988605 0)
(2.73706 -0.124463 0)
(2.78584 -0.19614 0)
(2.82627 -0.301652 0)
(2.85453 -0.342574 0)
(2.90049 -0.359177 0)
(2.94581 -0.419951 0)
(2.96791 -0.428052 0)
(3.03638 -0.432339 0)
(2.96826 0.0705001 0)
(2.85061 0.312668 0)
(2.73707 0.474725 0)
(2.61177 0.579678 0)
(2.60938 0.580751 0)
(2.60973 0.56451 0)
(2.62098 0.509181 0)
(2.64785 0.425598 0)
(2.70347 0.272868 0)
(2.73096 0.169463 0)
(2.77091 0.0130142 0)
(2.79771 -0.0574776 0)
(2.80571 -0.136365 0)
(2.82604 -0.203948 0)
(2.85608 -0.269035 0)
(2.89275 -0.287334 0)
(2.92803 -0.290772 0)
(2.9652 -0.35014 0)
(2.99693 -0.354002 0)
(3.04875 -0.403982 0)
(2.99895 0.00344831 0)
(2.98561 0.0365191 0)
(2.94901 0.136949 0)
(2.82462 0.367314 0)
(2.74648 0.48713 0)
(2.66713 0.552765 0)
(2.66661 0.55055 0)
(2.67037 0.532907 0)
(2.68873 0.48011 0)
(2.71889 0.389289 0)
(2.75545 0.276162 0)
(2.79454 0.165536 0)
(2.8215 0.0584395 0)
(2.83685 0.0184268 0)
(2.85551 -0.0216582 0)
(2.84522 -0.0349998 0)
(2.90391 -0.11999 0)
(2.95692 -0.22149 0)
(2.99784 -0.237932 0)
(3.05113 -0.289875 0)
(2.99998 7.31092e-05 0)
(2.99964 0.000900319 0)
(2.99738 0.00777848 0)
(2.97553 0.0627753 0)
(2.93024 0.178004 0)
(2.8244 0.384275 0)
(2.77591 0.465115 0)
(2.71421 0.521302 0)
(2.71411 0.520181 0)
(2.71877 0.504678 0)
(2.73886 0.452525 0)
(2.76491 0.383049 0)
(2.80758 0.258753 0)
(2.85142 0.115456 0)
(2.85744 0.117153 0)
(2.89541 -0.0104488 0)
(2.93256 -0.109884 0)
(2.97989 -0.185034 0)
(3.00789 -0.212093 0)
(3.04999 -0.263662 0)
(3 1.09352e-06 0)
(3 9.88984e-06 0)
(2.99996 0.00010919 0)
(2.99917 0.00206337 0)
(2.99506 0.0133244 0)
(2.96739 0.0819548 0)
(2.92573 0.192867 0)
(2.84307 0.362584 0)
(2.79187 0.454717 0)
(2.75255 0.493129 0)
(2.75369 0.489468 0)
(2.75834 0.476016 0)
(2.77768 0.429929 0)
(2.80455 0.363538 0)
(2.83718 0.278901 0)
(2.89124 0.125041 0)
(2.92233 0.073717 0)
(2.90538 0.125147 0)
(2.95106 0.0414594 0)
(3.03641 -0.109663 0)
(3 1.27232e-08 0)
(3 8.14499e-08 0)
(3 9.24818e-07 0)
(2.99999 2.08076e-05 0)
(2.9999 0.000247913 0)
(2.99868 0.00315143 0)
(2.99325 0.017639 0)
(2.96631 0.0846873 0)
(2.92471 0.189966 0)
(2.85125 0.353227 0)
(2.81743 0.417902 0)
(2.78368 0.46311 0)
(2.7842 0.46288 0)
(2.79049 0.452504 0)
(2.80865 0.421038 0)
(2.84366 0.355868 0)
(2.88089 0.282646 0)
(2.92714 0.14314 0)
(2.96909 0.0703452 0)
(3.02906 -0.0060456 0)
(3 1.09827e-10 0)
(3 6.2375e-10 0)
(3 6.51067e-09 0)
(3 1.41041e-07 0)
(3 2.12948e-06 0)
(2.99998 3.58565e-05 0)
(2.99984 0.00036998 0)
(2.99844 0.00363194 0)
(2.99202 0.0196041 0)
(2.96689 0.0813436 0)
(2.92671 0.182808 0)
(2.87047 0.314215 0)
(2.82927 0.393611 0)
(2.81001 0.438782 0)
(2.81514 0.436977 0)
(2.82973 0.425649 0)
(2.85384 0.400767 0)
(2.88971 0.353271 0)
(2.93346 0.284765 0)
(3.00026 0.162694 0)
(3 6.87188e-13 0)
(3 4.5825e-12 0)
(3 3.9046e-11 0)
(3 8.77576e-10 0)
(3 1.35226e-08 0)
(3 2.55606e-07 0)
(3 3.38489e-06 0)
(2.99998 4.35339e-05 0)
(2.99979 0.000475458 0)
(2.99847 0.00349488 0)
(2.99175 0.0198318 0)
(2.97142 0.0692442 0)
(2.92965 0.166309 0)
(2.88235 0.28877 0)
(2.84919 0.361107 0)
(2.84967 0.401186 0)
(2.86046 0.396721 0)
(2.88096 0.385565 0)
(2.90651 0.370278 0)
(2.96285 0.30664 0)
(3 3.6682e-15 0)
(3 2.4054e-14 0)
(3 2.28051e-13 0)
(3 4.62365e-12 0)
(3 7.70401e-11 0)
(3 1.56808e-09 0)
(3 2.14782e-08 0)
(3 3.47684e-07 0)
(3 4.1555e-06 0)
(2.99998 4.82391e-05 0)
(2.99979 0.000454137 0)
(2.99864 0.0030942 0)
(2.99216 0.0181056 0)
(2.97599 0.0572754 0)
(2.93754 0.15051 0)
(2.91165 0.237643 0)
(2.88407 0.309446 0)
(2.89743 0.34917 0)
(2.90933 0.346637 0)
(2.949 0.322799 0)
(3 -2.7543e-15 0)
(3 -8.84471e-16 0)
(3 2.83021e-15 0)
(3 2.98384e-14 0)
(3 4.09639e-13 0)
(3 8.15064e-12 0)
(3 1.29988e-10 0)
(3 2.05509e-09 0)
(3 2.9147e-08 0)
(3 3.61766e-07 0)
(3 4.26476e-06 0)
(2.99998 4.38893e-05 0)
(2.99982 0.000396024 0)
(2.99884 0.00272748 0)
(2.99422 0.0135431 0)
(2.98315 0.0430922 0)
(2.95753 0.110043 0)
(2.94802 0.167436 0)
(2.92344 0.247552 0)
(2.96025 0.262498 0)
(3 -3.68822e-15 0)
(3 -1.80054e-15 0)
(3 -1.12915e-15 0)
(3 1.07354e-15 0)
(3 3.59723e-15 0)
(3 3.61384e-14 0)
(3 5.93648e-13 0)
(3 9.97454e-12 0)
(3 1.48639e-10 0)
(3 1.95715e-09 0)
(3 2.57289e-08 0)
(3 2.88432e-07 0)
(3 3.31704e-06 0)
(2.99998 2.95078e-05 0)
(2.99986 0.000243063 0)
(2.99921 0.00137047 0)
(2.99624 0.00650558 0)
(2.98942 0.0193968 0)
(2.97371 0.0472998 0)
(2.96525 0.0853574 0)
(2.41333 0.406685 0)
(2.26587 0.711705 0)
(2.3395 0.737797 0)
(2.54894 0.601867 0)
(2.85965 0.239934 0)
(2.98709 0.0322031 0)
(2.99955 0.00157782 0)
(2.99999 3.89142e-05 0)
(3 5.91123e-07 0)
(3 6.01381e-09 0)
(3 4.33576e-11 0)
(3 2.32577e-13 0)
(3 6.1007e-16 0)
(3 -3.0519e-15 0)
(3 -3.75154e-15 0)
(2.28585 0.643359 0)
(2.25747 0.786846 0)
(2.40208 0.736832 0)
(2.78061 0.372678 0)
(2.98997 0.0354433 0)
(3.00004 0.000464519 0)
(3 -1.20668e-06 0)
(3 -8.48546e-08 0)
(3 -1.55906e-08 0)
(3 -6.46925e-10 0)
(3 -8.42753e-12 0)
(3 -5.9761e-14 0)
(3 -5.51965e-16 0)
(3 -3.0483e-15 0)
(3 -3.69813e-15 0)
(2.20904 0.805513 0)
(2.25281 0.802381 0)
(2.58354 0.558398 0)
(2.94291 0.119499 0)
(2.99892 0.00496431 0)
(2.99999 6.93432e-05 0)
(3 8.4775e-07 0)
(3 1.08098e-08 0)
(3 3.90111e-11 0)
(3 2.54915e-13 0)
(3 8.58155e-15 0)
(3 2.06491e-15 0)
(3 1.1636e-16 0)
(3 -3.57455e-15 0)
(3 -4.09889e-15 0)
(2.17482 0.883721 0)
(2.41306 0.744899 0)
(2.84414 0.274364 0)
(2.99523 0.0158652 0)
(3 0.00010023 0)
(3 -9.58832e-07 0)
(3 -7.35614e-09 0)
(3 -1.40629e-09 0)
(3 -7.41646e-11 0)
(3 -1.20507e-12 0)
(3 -9.96009e-15 0)
(3 1.47076e-15 0)
(3 4.17219e-16 0)
(3 -3.75565e-15 0)
(3 -4.12044e-15 0)
(2.17625 0.899802 0)
(2.66699 0.453747 0)
(2.9859 0.0327414 0)
(3.00002 0.000330054 0)
(3 1.91077e-06 0)
(3 -2.042e-09 0)
(3 -9.50954e-10 0)
(3 -1.11532e-11 0)
(3 7.80881e-14 0)
(3 1.15663e-14 0)
(3 5.71136e-16 0)
(3 1.90722e-15 0)
(3 5.78724e-16 0)
(3 -3.75207e-15 0)
(3 -4.22247e-15 0)
(2.57137 0.573807 0)
(2.99055 0.0382932 0)
(3.0002 0.000435569 0)
(3 -1.7701e-07 0)
(3 -1.54384e-07 0)
(3 -1.39499e-08 0)
(3 -2.4432e-10 0)
(3 -9.15353e-13 0)
(3 -4.28433e-15 0)
(3 3.80461e-16 0)
(3 1.09263e-16 0)
(3 2.41397e-15 0)
(3 8.07749e-16 0)
(3 -3.6686e-15 0)
(3 -4.48719e-15 0)
(2.99369 0.0501384 0)
(2.99998 0.00107752 0)
(3 -1.94593e-06 0)
(3 -5.17924e-07 0)
(3 -4.80299e-09 0)
(3 1.26866e-11 0)
(3 2.83461e-12 0)
(3 1.36268e-13 0)
(3 9.81957e-16 0)
(3 8.68353e-17 0)
(3 3.3448e-16 0)
(3 2.97295e-15 0)
(3 9.91981e-16 0)
(3 -3.75802e-15 0)
(3 -4.54229e-15 0)
(3.00075 -0.00154108 0)
(3.00003 -0.000107453 0)
(3 -3.47626e-06 0)
(3 8.3126e-10 0)
(3 6.35222e-11 0)
(3 2.22081e-12 0)
(3 -7.97989e-15 0)
(3 -8.09406e-16 0)
(3 -9.87549e-16 0)
(3 -1.38928e-16 0)
(3 3.14485e-16 0)
(3 3.10905e-15 0)
(3 1.13238e-15 0)
(3 -3.90358e-15 0)
(3 -4.67605e-15 0)
(3.00001 -2.18626e-05 0)
(3 1.21028e-07 0)
(3 2.38407e-08 0)
(3 1.14995e-09 0)
(3 1.86568e-11 0)
(3 1.02837e-13 0)
(3 2.09953e-15 0)
(3 7.88173e-17 0)
(3 -6.32025e-16 0)
(3 4.46239e-16 0)
(3 3.51722e-16 0)
(3 3.50043e-15 0)
(3 1.15418e-15 0)
(3 -4.10358e-15 0)
(3 -4.60938e-15 0)
(3 1.23959e-06 0)
(3 1.418e-08 0)
(3 -7.56817e-11 0)
(3 -1.25096e-11 0)
(3 -3.94023e-13 0)
(3 -1.24295e-15 0)
(3 4.98756e-16 0)
(3 -3.76361e-16 0)
(3 -5.58447e-16 0)
(3 5.50122e-16 0)
(3 1.08816e-16 0)
(3 4.22436e-15 0)
(3 1.26975e-15 0)
(3 -4.50426e-15 0)
(3 -4.68356e-15 0)
(3 -2.81678e-15 0)
(3 -6.53705e-15 0)
(3 -3.72206e-15 0)
(3 -2.42695e-15 0)
(3 1.32306e-15 0)
(3 2.72496e-15 0)
(3 1.27436e-15 0)
(3 -6.8376e-16 0)
(3 -3.84353e-16 0)
(3 6.7836e-16 0)
(3 -8.74188e-17 0)
(3 5.05758e-15 0)
(3 1.27974e-15 0)
(3 -4.77538e-15 0)
(3 -4.76072e-15 0)
(3 -2.19175e-15 0)
(3 -5.80971e-15 0)
(3 -3.63568e-15 0)
(3 -2.25822e-15 0)
(3 3.39328e-16 0)
(3 2.20856e-15 0)
(3 1.12053e-15 0)
(3 -9.13029e-16 0)
(3 -2.79184e-16 0)
(3 7.22616e-16 0)
(3 -2.40601e-16 0)
(3 5.30115e-15 0)
(3 1.32415e-15 0)
(3 -4.87244e-15 0)
(3 -4.82914e-15 0)
(3 -1.61893e-15 0)
(3 -6.09814e-15 0)
(3 -2.76198e-15 0)
(3 -1.85477e-15 0)
(3 8.60685e-16 0)
(3 1.59654e-15 0)
(3 1.49533e-15 0)
(3 -1.04683e-15 0)
(3 -3.43418e-16 0)
(3 4.80596e-16 0)
(3 -4.44282e-16 0)
(3 5.33144e-15 0)
(3 1.4834e-15 0)
(3 -4.58275e-15 0)
(3 -4.59458e-15 0)
(3 -8.05687e-16 0)
(3 -5.44677e-15 0)
(3 -2.55906e-15 0)
(3 -1.56276e-15 0)
(3 -7.12566e-17 0)
(3 1.00425e-15 0)
(3 1.57184e-15 0)
(3 -6.71172e-16 0)
(3 -3.72883e-16 0)
(3 2.83884e-16 0)
(3 -4.8848e-16 0)
(3 5.26681e-15 0)
(3 1.53865e-15 0)
(3 -4.10276e-15 0)
(3 -4.23421e-15 0)
(3 -5.26519e-16 0)
(3 -3.08581e-15 0)
(3 -3.04745e-15 0)
(3 -1.39153e-15 0)
(3 -9.14896e-17 0)
(3 7.09745e-16 0)
(3 1.37175e-15 0)
(3 -5.01756e-16 0)
(3 -3.53628e-16 0)
(3 4.01761e-16 0)
(3 -4.88111e-16 0)
(3 4.98284e-15 0)
(3 1.59918e-15 0)
(3 -3.60702e-15 0)
(3 -4.28567e-15 0)
(3 3.86174e-16 0)
(3 -6.47401e-16 0)
(3 -3.3095e-15 0)
(3 -1.26075e-15 0)
(3 -7.09012e-16 0)
(3 6.04185e-16 0)
(3 1.2351e-15 0)
(3 -6.2819e-16 0)
(3 -1.94744e-16 0)
(3 6.27448e-16 0)
(3 -5.46729e-16 0)
(3 4.79779e-15 0)
(3 2.03049e-15 0)
(3 -3.38144e-15 0)
(3 -4.5128e-15 0)
(3 6.24625e-16 0)
(3 -7.30367e-16 0)
(3 -2.87195e-15 0)
(3 -4.22953e-16 0)
(3 -8.35275e-16 0)
(3 3.17804e-16 0)
(3 9.38908e-16 0)
(3 -5.18913e-16 0)
(3 1.9429e-16 0)
(3 7.67775e-16 0)
(3 -5.79707e-16 0)
(3 4.66144e-15 0)
(3 2.21831e-15 0)
(3 -3.64087e-15 0)
(3 -4.66447e-15 0)
(3 1.01506e-15 0)
(3 -5.62529e-16 0)
(3 -2.3999e-15 0)
(3 -1.78644e-16 0)
(3 -2.7015e-16 0)
(3 -2.29645e-17 0)
(3 5.97762e-16 0)
(3 -3.1563e-17 0)
(3 4.68819e-17 0)
(3 8.07939e-16 0)
(3 -5.64884e-16 0)
(3 4.38251e-15 0)
(3 2.24251e-15 0)
(3 -3.62041e-15 0)
(3 -4.75124e-15 0)
(3 7.78164e-16 0)
(3 -4.34076e-16 0)
(3 -1.9488e-15 0)
(3 3.81945e-18 0)
(3 9.76828e-16 0)
(3 -2.70874e-16 0)
(3 5.64458e-16 0)
(3 5.807e-16 0)
(3 -2.77687e-16 0)
(3 1.00256e-15 0)
(3 -1.97369e-16 0)
(3 3.34623e-15 0)
(3 2.56083e-15 0)
(3 -3.36861e-15 0)
(3 -4.69007e-15 0)
(3 -2.69456e-16 0)
(3 -4.79701e-16 0)
(3 -1.66358e-15 0)
(3 1.58415e-16 0)
(3 1.39491e-15 0)
(3 -3.58402e-16 0)
(3 2.00689e-16 0)
(3 9.99388e-16 0)
(3 -4.06784e-16 0)
(3 1.03738e-15 0)
(3 -2.72824e-16 0)
(3 2.97164e-15 0)
(3 2.56358e-15 0)
(3 -3.05528e-15 0)
(3 -4.57219e-15 0)
(3 -7.21519e-16 0)
(3 -8.57753e-16 0)
(3 -1.79321e-15 0)
(3 4.51589e-16 0)
(3 2.05046e-15 0)
(3 -6.23058e-16 0)
(3 -1.36644e-16 0)
(3 1.22971e-15 0)
(3 -1.46646e-16 0)
(3 8.58088e-16 0)
(3 -3.99554e-16 0)
(3 2.76614e-15 0)
(3 2.69024e-15 0)
(3 -2.79679e-15 0)
(3 -4.17799e-15 0)
(3 -1.33725e-15 0)
(3 -2.15608e-15 0)
(3 -2.05114e-15 0)
(3 1.49797e-15 0)
(3 2.5271e-15 0)
(3 -9.67401e-16 0)
(3 -5.11932e-16 0)
(3 1.33949e-15 0)
(3 2.92056e-16 0)
(3 9.16008e-16 0)
(3 -6.81709e-16 0)
(3 2.42851e-15 0)
(3 2.23841e-15 0)
(3 -2.06792e-15 0)
(3 -3.51509e-15 0)
(3 -1.86814e-15 0)
(3 -2.64956e-15 0)
(3 -2.1675e-15 0)
(3 1.49461e-15 0)
(3 3.26752e-15 0)
(3 -1.2268e-15 0)
(3 -1.08357e-15 0)
(3 2.17618e-15 0)
(3 1.37768e-15 0)
(3 1.06414e-15 0)
(3 -1.90359e-15 0)
(3 4.19733e-16 0)
(3 2.01421e-15 0)
(3 -9.28703e-16 0)
(3 -3.20868e-15 0)
(3 -3.89626e-15 0)
(3 -5.9892e-15 0)
(3 -1.12036e-15 0)
(3 2.76061e-15 0)
(3 4.47839e-15 0)
(3 -7.3442e-16 0)
(3 -1.75359e-15 0)
(3 2.83839e-15 0)
(3 2.09455e-15 0)
(3 1.06001e-15 0)
(3 -2.12963e-15 0)
(3 -8.28986e-16 0)
(3 1.72316e-15 0)
(3 -5.89217e-16 0)
(3 -2.59416e-15 0)
(3 -4.32103e-15 0)
(3 -7.53039e-15 0)
(3 -1.35898e-15 0)
(3 2.25795e-15 0)
(3 5.99259e-15 0)
(3 5.67553e-16 0)
(3 -3.17593e-15 0)
(3 6.95839e-16 0)
(3 3.45177e-15 0)
(3 1.62769e-15 0)
(3 -3.80819e-15 0)
(3 -1.34044e-15 0)
(3 1.20888e-15 0)
(3 -2.39179e-16 0)
(3 -2.47491e-15 0)
(3 -4.69651e-15 0)
(3 -5.08584e-15 0)
(3 1.77869e-15 0)
(3 1.12253e-15 0)
(3 3.75953e-15 0)
(3 -7.88535e-16 0)
(3 -3.47397e-15 0)
(3 2.86591e-15 0)
(3 5.62408e-15 0)
(3 2.46617e-15 0)
(3 -5.86458e-15 0)
(3 -4.67414e-15 0)
(3 4.7562e-16 0)
(3 -5.76447e-17 0)
(3 -2.45723e-15 0)
(3 -1.3936e-15 0)
(3 -2.05933e-15 0)
(3 1.65339e-15 0)
(3 -4.77173e-16 0)
(3 2.66747e-16 0)
(3 3.29161e-16 0)
(3 -3.55288e-15 0)
(3 1.96611e-15 0)
(3 8.69491e-15 0)
(3 5.25829e-15 0)
(3 -8.66233e-15 0)
(3 -9.37802e-15 0)
(3 2.5665e-17 0)
(3 -9.72928e-16 0)
(3 -2.36062e-15 0)
(3 -2.08449e-15 0)
(3 3.65639e-15 0)
(3 3.17652e-15 0)
(3 -1.68287e-15 0)
(3 -2.49697e-15 0)
(3 2.26159e-16 0)
(3 -1.59843e-15 0)
(3 2.37179e-15 0)
(3 7.1718e-15 0)
(3 6.22968e-15 0)
(3 -9.95583e-15 0)
(3 -7.92145e-15 0)
(3 -4.12521e-16 0)
(3 1.23657e-15 0)
(3 -1.60225e-15 0)
(3 -3.42122e-15 0)
(3 5.99166e-15 0)
(3 3.73319e-15 0)
(3 -2.24246e-15 0)
(3 -2.62346e-15 0)
(3 1.50634e-15 0)
(3 4.69991e-15 0)
(3 3.63842e-15 0)
(3 3.88228e-15 0)
(3 3.56695e-15 0)
(3 -6.70619e-15 0)
(3 -5.53446e-15 0)
(3 -1.36762e-15 0)
(3 -9.82413e-16 0)
(3 -9.7527e-16 0)
(3 -8.97649e-16 0)
(3 -2.24905e-16 0)
(3 1.58785e-15 0)
(3 1.34922e-15 0)
(3 3.29967e-15 0)
(3 -1.09797e-16 0)
(3 -9.39307e-16 0)
(3 -1.42228e-15 0)
(3 1.28166e-15 0)
(3 1.11558e-15 0)
(3 -2.0526e-15 0)
(3 -5.29559e-16 0)
(3 3.5606e-16 0)
(3 4.29863e-16 0)
(3 3.7296e-16 0)
(3 -2.87415e-15 0)
(3 -1.80006e-15 0)
(3 1.43943e-16 0)
(3 9.273e-16 0)
(3 -1.22729e-17 0)
(3 -1.72838e-15 0)
(3 -2.99455e-15 0)
(3 -4.04346e-15 0)
(3 -1.02185e-14 0)
(3 -3.70863e-15 0)
(3 -3.37513e-15 0)
(3 -2.74663e-15 0)
(3 -5.28022e-16 0)
(3 2.53131e-16 0)
(3 1.66486e-15 0)
(3 1.09517e-16 0)
(3 -1.20814e-15 0)
(3 -3.3817e-15 0)
(3 -8.06368e-15 0)
(3 -6.20521e-15 0)
(3 -2.25665e-15 0)
(3 -2.36502e-15 0)
(3 -1.84585e-15 0)
(3 -3.24618e-16 0)
(3 1.13233e-15 0)
(3 2.81304e-15 0)
(3 -1.31562e-15 0)
(3 -3.0259e-15 0)
(3 -2.96854e-15 0)
(3 -4.04938e-15 0)
(3 -1.86302e-15 0)
(3 -1.60721e-15 0)
(3 -1.71088e-15 0)
(3 -1.54052e-15 0)
(3 -2.30563e-15 0)
(3 -1.27692e-15 0)
(3 -1.87263e-15 0)
(3 -1.59478e-15 0)
(3 -6.9706e-16 0)
(3 -3.07577e-15 0)
(3 -5.24501e-16 0)
(3 -1.6083e-15 0)
(3 7.97325e-17 0)
(3 1.59521e-16 0)
(3 7.4089e-16 0)
(3 2.04911e-16 0)
(3 1.82639e-15 0)
(3 -3.22453e-15 0)
(3 -3.98807e-15 0)
(3 -3.51229e-15 0)
(3 -5.71219e-16 0)
(3 -9.64262e-16 0)
(3 -1.33432e-15 0)
(3 -1.36984e-15 0)
(3 -1.42593e-16 0)
(3 -2.76935e-16 0)
(3 3.77743e-16 0)
(3 9.44061e-16 0)
(3 -1.27683e-15 0)
(3 -1.70687e-15 0)
(3 4.40875e-16 0)
(3 -7.46283e-16 0)
(3 -1.05106e-15 0)
(3 -1.63454e-15 0)
(3 -1.66707e-15 0)
(3 8.011e-16 0)
(3 1.26807e-15 0)
(3 4.40169e-16 0)
(3 -2.38532e-16 0)
(3 1.99131e-15 0)
(3 1.79897e-15 0)
(3 1.15459e-15 0)
(3 1.22346e-15 0)
(3 1.02645e-16 0)
(3 1.96215e-15 0)
(3 3.13364e-15 0)
(3 1.06955e-15 0)
(3 -1.15347e-15 0)
(3 -1.12392e-15 0)
(3 2.38485e-15 0)
(3 -7.36708e-16 0)
(3 -5.81029e-16 0)
(3 -6.074e-16 0)
(3 -1.63582e-16 0)
(3 4.41798e-16 0)
(3 2.21358e-15 0)
(3 1.54458e-15 0)
(3 -9.19998e-16 0)
(3 -8.21121e-16 0)
(3 4.37776e-16 0)
(3 3.55554e-16 0)
(3 9.37168e-16 0)
(3 1.19763e-16 0)
(3 -4.25912e-16 0)
(3 -1.17879e-15 0)
(3 -9.34784e-16 0)
(3 1.2479e-15 0)
(3 2.82891e-15 0)
(3 -3.17432e-17 0)
(3 2.11466e-15 0)
(3 1.2121e-15 0)
(3 1.39486e-15 0)
(3 1.11396e-15 0)
(3 6.30427e-16 0)
(3 -2.44807e-16 0)
(3 -1.78975e-15 0)
(3 1.11031e-15 0)
(3 5.07625e-15 0)
(3 4.61449e-15 0)
(3 -1.84816e-15 0)
(3 -6.07892e-16 0)
(3 1.23865e-16 0)
(3 9.94943e-16 0)
(3 2.83828e-15 0)
(3 2.44137e-15 0)
(3 -3.1973e-16 0)
(3 2.31281e-15 0)
(3 6.62053e-15 0)
(3 8.13071e-15 0)
(3 6.31501e-16 0)
(3 7.66522e-16 0)
(3 7.54221e-16 0)
(3 1.45848e-15 0)
(3 2.68787e-15 0)
(3 1.58995e-15 0)
(3 2.33206e-15 0)
(3 2.9041e-15 0)
(3 3.64534e-15 0)
(3 3.51693e-15 0)
(3 1.7421e-15 0)
(3 3.12908e-15 0)
(3 2.90857e-15 0)
(3 2.69517e-15 0)
(3 2.67089e-15 0)
(3 2.97117e-15 0)
(3 3.41884e-15 0)
(3 2.55881e-15 0)
(3 2.28373e-15 0)
(3 1.77812e-15 0)
(3 1.34644e-15 0)
(3 3.4595e-15 0)
(3 3.84725e-15 0)
(3 3.10862e-15 0)
(3 2.4439e-15 0)
(3 1.73219e-15 0)
(3 2.5057e-15 0)
(3 1.4541e-15 0)
(3 7.84938e-16 0)
(3 -6.76402e-16 0)
(3 4.34401e-17 0)
(3 2.32853e-15 0)
(3 2.75798e-15 0)
(3 3.24424e-15 0)
(3 2.16936e-15 0)
(3 7.98413e-16 0)
(3 -1.77535e-16 0)
(3 2.31032e-16 0)
(3 -2.05716e-16 0)
(3 -4.60193e-16 0)
(3 1.45574e-16 0)
(3 6.29472e-16 0)
(3 6.76131e-16 0)
(3 1.93497e-15 0)
(3 1.04019e-15 0)
(3 1.17329e-15 0)
(3 -8.22834e-16 0)
(3 1.81538e-15 0)
(3 -5.4175e-16 0)
(3 -4.43069e-16 0)
(3 8.57924e-16 0)
(3 -5.16801e-16 0)
(3 4.66096e-16 0)
(3 -2.26073e-15 0)
(3 -2.25375e-15 0)
(3 -1.23359e-15 0)
(3 -1.57557e-16 0)
(3 4.47433e-16 0)
(3 7.45443e-16 0)
(3 1.69548e-15 0)
(3 2.61548e-15 0)
(3 -4.59383e-16 0)
(3 -2.71485e-16 0)
(3 -2.62164e-15 0)
(3 -4.44431e-15 0)
(3 -3.58618e-15 0)
(3 -1.2724e-15 0)
(3 -3.20999e-15 0)
(3 1.57874e-15 0)
(3 6.73313e-15 0)
(3 5.14939e-15 0)
(3 -2.15576e-15 0)
(3 -1.87813e-15 0)
(3 -3.02451e-15 0)
(3 -3.5103e-15 0)
(3 -1.86776e-16 0)
(3 -5.9819e-16 0)
(3 -2.10972e-15 0)
(3 1.83727e-15 0)
(3 6.27315e-15 0)
(3 5.45478e-15 0)
(3 -2.01316e-15 0)
(3 -2.36396e-15 0)
(3 -3.39868e-15 0)
(3 -2.85674e-15 0)
(3 -1.1085e-15 0)
(3 -1.36759e-15 0)
(3 -2.63067e-15 0)
(3 -3.04213e-15 0)
(3 -3.7682e-15 0)
(3 3.41263e-15 0)
(3 1.10837e-16 0)
(3 9.12288e-16 0)
(3 4.70519e-16 0)
(3 8.57103e-16 0)
(3 9.51198e-16 0)
(3 1.23346e-15 0)
(3 -1.18863e-15 0)
(3 -5.49231e-15 0)
(3 -8.66291e-15 0)
(3 -9.4825e-16 0)
(3 2.64287e-15 0)
(3 2.46663e-15 0)
(3 3.39865e-15 0)
(3 2.49448e-15 0)
(3 2.17935e-15 0)
(3 1.13047e-15 0)
(3 -4.85711e-17 0)
(3 -4.39204e-15 0)
(3 -3.13099e-15 0)
(3 -2.23778e-15 0)
(3 2.10426e-15 0)
(3 2.01925e-15 0)
(3 2.47408e-15 0)
(3 3.27067e-15 0)
(3 3.4996e-15 0)
(3 2.55369e-15 0)
(3 1.16187e-15 0)
(3 -2.23278e-15 0)
(3 4.6634e-16 0)
(3 -4.44317e-16 0)
(3 1.70807e-15 0)
(3 1.11139e-15 0)
(3 -8.65261e-16 0)
(3 -3.68547e-15 0)
(3 -3.46591e-15 0)
(3 -1.79518e-15 0)
(3 -3.0077e-16 0)
(3 1.76863e-15 0)
(3 2.109e-15 0)
(3 -3.30909e-15 0)
(3 1.82922e-15 0)
(3 1.27956e-15 0)
(3 -3.30225e-16 0)
(3 -1.23455e-15 0)
(3 -1.42237e-15 0)
(3 -5.60807e-16 0)
(3 -1.69419e-15 0)
(3 3.07332e-16 0)
(3 4.39764e-16 0)
(3 3.36225e-16 0)
(3 -9.40829e-16 0)
(3 5.77928e-16 0)
(3 1.32832e-15 0)
(3 2.2706e-15 0)
(3 3.13489e-15 0)
(3 3.49333e-15 0)
(3 2.95232e-15 0)
(3 8.61102e-16 0)
(3 1.32481e-15 0)
(3 4.41155e-15 0)
(3 6.37577e-16 0)
(3 1.34075e-15 0)
(3 1.46388e-15 0)
(3 1.19323e-15 0)
(3 1.21882e-15 0)
(3 -5.3069e-16 0)
(3 1.85431e-15 0)
(3 1.54315e-15 0)
(3 -1.23565e-15 0)
(3 -1.17912e-15 0)
(3 1.24574e-15 0)
(3 8.12153e-16 0)
(3 9.65346e-16 0)
(3 9.4632e-16 0)
(3 1.28177e-17 0)
(3 -7.49431e-16 0)
(3 -2.45872e-16 0)
(3 8.98553e-16 0)
(3 2.51821e-16 0)
(3 -2.32483e-15 0)
(3 -1.47214e-15 0)
(3 -3.01928e-15 0)
(3 -3.13184e-15 0)
(3 -2.53104e-15 0)
(3 -1.35885e-15 0)
(3 -1.32517e-15 0)
(3 -3.09784e-15 0)
(3 -2.62759e-15 0)
(3 1.91417e-15 0)
(3 2.77642e-15 0)
(3 -3.05179e-15 0)
(3 -3.38541e-15 0)
(3 -3.33029e-15 0)
(3 -3.57801e-15 0)
(3 -3.20861e-15 0)
(3 -2.86814e-15 0)
(3 4.17064e-17 0)
(3 1.70343e-15 0)
(3 2.2375e-15 0)
(3 4.13763e-15 0)
(3 -7.15066e-16 0)
(3 -3.10643e-16 0)
(3 2.72324e-16 0)
(3 5.36118e-16 0)
(3 1.33812e-15 0)
(3 2.20506e-15 0)
(3 2.66838e-15 0)
(3 -1.28911e-16 0)
(3 -5.02055e-16 0)
(3 -1.92832e-15 0)
(3 2.89635e-15 0)
(3 3.07125e-15 0)
(3 2.72634e-15 0)
(3 2.36303e-15 0)
(3 2.38392e-15 0)
(3 2.64416e-15 0)
(3 2.35052e-15 0)
(3 -5.42228e-16 0)
(3 -2.8078e-15 0)
(3 4.68727e-16 0)
(3 4.29886e-15 0)
(3 3.83795e-15 0)
(3 3.10202e-15 0)
(3 2.75894e-15 0)
(3 1.17055e-15 0)
(3 2.20123e-15 0)
(3 4.165e-15 0)
(3 3.70489e-15 0)
(3 -1.28795e-16 0)
(3 -4.85888e-16 0)
(3 1.23031e-15 0)
(3 9.79944e-16 0)
(3 7.23868e-16 0)
(3 6.80233e-16 0)
(3 1.33344e-15 0)
(3 1.27984e-15 0)
(3 1.57822e-15 0)
(3 8.5822e-16 0)
(3 -1.22935e-15 0)
(3 -1.37605e-15 0)
(3 -1.11095e-15 0)
(3 1.56505e-15 0)
(3 3.04029e-15 0)
(3 2.26097e-15 0)
(3 2.07065e-15 0)
(3 8.206e-16 0)
(3 -1.48225e-15 0)
(3 6.36332e-16 0)
(3 1.08957e-15 0)
(3 -2.27281e-15 0)
(3 -2.89607e-15 0)
(3 -5.21124e-16 0)
(3 3.35929e-15 0)
(3 4.25664e-15 0)
(3 1.27606e-15 0)
(3 -7.05045e-16 0)
(3 2.56629e-15 0)
(3 3.33461e-15 0)
(3 2.30516e-15 0)
(3 2.2414e-15 0)
(3 2.33713e-16 0)
(3 -2.22341e-15 0)
(3 6.49119e-16 0)
(3 1.26265e-15 0)
(3 -2.53967e-15 0)
(3 -2.35695e-15 0)
(3 -2.39326e-16 0)
(3 3.52337e-15 0)
(3 3.91989e-15 0)
(3 1.4131e-15 0)
(3 -3.22024e-16 0)
(3 2.91252e-15 0)
(3 3.597e-15 0)
(3 2.48676e-15 0)
(3 1.70708e-15 0)
(3 5.54229e-16 0)
(3 -2.28616e-15 0)
(3 7.68648e-16 0)
(3 1.13359e-15 0)
(3 -2.76819e-15 0)
(3 -2.18503e-15 0)
(3 -1.87087e-16 0)
(3 3.62534e-15 0)
(3 3.56028e-15 0)
(3 1.41324e-15 0)
(3 1.67732e-15 0)
(3 3.04081e-15 0)
(3 3.58405e-15 0)
(3 2.53463e-15 0)
(3 1.18604e-15 0)
(3 -4.2816e-16 0)
(3 -2.00571e-15 0)
(3 7.9553e-16 0)
(3 1.14896e-15 0)
(3 -2.83799e-15 0)
(3 -1.76127e-15 0)
(3 -1.38177e-16 0)
(3 3.57121e-15 0)
(3 3.83706e-15 0)
(3 1.40619e-15 0)
(3 2.19275e-15 0)
(3 3.81109e-15 0)
(3 3.15185e-15 0)
(3 2.45858e-15 0)
(3 5.75075e-16 0)
(3 -1.00822e-15 0)
(3 -1.16303e-15 0)
(3 4.33048e-16 0)
(3 1.34086e-15 0)
(3 -2.96367e-15 0)
(3 -1.68257e-15 0)
(3 -9.2923e-17 0)
(3 3.42274e-15 0)
(3 4.30255e-15 0)
(3 1.48893e-15 0)
(3 3.24868e-15 0)
(3 4.2153e-15 0)
(3 3.06596e-15 0)
(3 1.94022e-15 0)
(3 7.19783e-16 0)
(3 -1.665e-15 0)
(3 -7.67758e-16 0)
(3 3.72935e-16 0)
(3 1.08956e-15 0)
(3 -3.04029e-15 0)
(3 -1.37604e-15 0)
(3 4.86918e-18 0)
(3 3.42348e-15 0)
(3 4.43239e-15 0)
(3 1.48439e-15 0)
(3 3.5284e-15 0)
(3 4.46481e-15 0)
(3 3.1288e-15 0)
(3 1.76918e-15 0)
(3 1.0485e-15 0)
(3 -1.14602e-15 0)
(3 -9.30573e-16 0)
(3 3.21029e-16 0)
(3 1.11864e-15 0)
(3 -3.17608e-15 0)
(3 -1.24799e-15 0)
(3 6.97435e-17 0)
(3 3.55533e-15 0)
(3 4.57108e-15 0)
(3 1.43972e-15 0)
(3 3.28657e-15 0)
(3 4.38818e-15 0)
(3 3.22324e-15 0)
(3 1.91467e-15 0)
(3 1.35512e-15 0)
(3 -8.83081e-16 0)
(3 -1.87704e-15 0)
(3 2.5242e-16 0)
(3 1.75213e-17 0)
(3 -3.44101e-15 0)
(3 -7.63494e-16 0)
(3 1.73864e-16 0)
(3 3.75258e-15 0)
(3 4.61596e-15 0)
(3 1.39475e-15 0)
(3 2.80321e-15 0)
(3 4.37868e-15 0)
(3 3.62347e-15 0)
(3 1.75923e-15 0)
(3 1.68376e-15 0)
(3 4.81818e-16 0)
(3 -2.51302e-15 0)
(3 2.97954e-16 0)
(3 -9.27419e-16 0)
(3 -3.59549e-15 0)
(3 -2.89354e-16 0)
(3 4.19067e-16 0)
(3 3.89215e-15 0)
(3 4.42091e-15 0)
(3 1.32686e-15 0)
(3 2.25207e-15 0)
(3 3.68731e-15 0)
(3 3.81325e-15 0)
(3 1.79458e-15 0)
(3 2.39365e-15 0)
(3 1.1194e-15 0)
(3 -2.82633e-15 0)
(3 2.11628e-16 0)
(3 -1.15449e-15 0)
(3 -3.52131e-15 0)
(3 -2.04203e-16 0)
(3 4.95612e-16 0)
(3 4.03881e-15 0)
(3 4.21684e-15 0)
(3 1.2312e-15 0)
(3 -1.23979e-06 0)
(3 -1.41715e-08 0)
(3 7.56109e-11 0)
(3 1.24949e-11 0)
(3 3.97659e-13 0)
(3 5.43613e-15 0)
(3 -2.88181e-15 0)
(3 -2.85412e-16 0)
(3 -9.16833e-16 0)
(3 -3.44128e-15 0)
(3 -3.09833e-16 0)
(3 6.82094e-16 0)
(3 3.9356e-15 0)
(3 4.23226e-15 0)
(3 1.21291e-15 0)
(3.00001 2.18671e-05 0)
(3 -1.21101e-07 0)
(3 -2.38444e-08 0)
(3 -1.14919e-09 0)
(3 -1.34962e-11 0)
(3 -2.5912e-14 0)
(3 -4.30792e-15 0)
(3 -9.35278e-16 0)
(3 -3.86419e-16 0)
(3 -2.95304e-15 0)
(3 -4.35621e-16 0)
(3 6.83905e-16 0)
(3 3.54134e-15 0)
(3 4.44272e-15 0)
(3 1.30446e-15 0)
(3.00075 0.00154108 0)
(3.00003 0.000107451 0)
(3 3.47569e-06 0)
(3 -4.00451e-09 0)
(3 -7.26729e-11 0)
(3 -3.50259e-12 0)
(3 -6.50972e-15 0)
(3 1.8874e-16 0)
(3 -2.8144e-16 0)
(3 -2.44907e-15 0)
(3 -4.35062e-16 0)
(3 6.47163e-16 0)
(3 3.24146e-15 0)
(3 4.77468e-15 0)
(3 1.38987e-15 0)
(2.99369 -0.0501612 0)
(2.99998 -0.00107441 0)
(3 2.03184e-06 0)
(3 5.43536e-07 0)
(3 5.26453e-09 0)
(3 -1.27319e-11 0)
(3 -2.78409e-12 0)
(3 -1.3475e-13 0)
(3 -2.23944e-15 0)
(3 -2.45566e-15 0)
(3 -4.55789e-16 0)
(3 5.83357e-16 0)
(3 2.98027e-15 0)
(3 4.98423e-15 0)
(3 1.43994e-15 0)
(2.57148 -0.573651 0)
(2.99049 -0.0383449 0)
(3.0002 -0.000439079 0)
(3 1.4504e-07 0)
(3 1.49605e-07 0)
(3 1.32708e-08 0)
(3 2.36538e-10 0)
(3 9.16778e-13 0)
(3 3.094e-15 0)
(3 -2.30463e-15 0)
(3 -1.8025e-16 0)
(3 6.13162e-16 0)
(3 2.64851e-15 0)
(3 4.91821e-15 0)
(3 1.51053e-15 0)
(2.17621 -0.899694 0)
(2.66718 -0.453394 0)
(2.98593 -0.0327047 0)
(3.00002 -0.000328877 0)
(3 -1.89512e-06 0)
(3 1.34859e-09 0)
(3 8.73858e-10 0)
(3 1.00153e-11 0)
(3 -8.15336e-14 0)
(3 -1.34339e-14 0)
(3 5.33651e-16 0)
(3 6.59154e-16 0)
(3 2.30338e-15 0)
(3 4.71138e-15 0)
(3 1.44978e-15 0)
(2.17465 -0.883755 0)
(2.41263 -0.745316 0)
(2.844 -0.274532 0)
(2.99523 -0.0158864 0)
(3 -0.000100766 0)
(3 9.56341e-07 0)
(3 7.194e-09 0)
(3 1.38321e-09 0)
(3 7.38688e-11 0)
(3 1.20845e-12 0)
(3 1.1347e-14 0)
(3 9.31205e-16 0)
(3 2.2035e-15 0)
(3 4.53797e-15 0)
(3 1.4295e-15 0)
(2.20886 -0.805595 0)
(2.25281 -0.802343 0)
(2.58339 -0.558642 0)
(2.94289 -0.119554 0)
(2.99893 -0.00496096 0)
(2.99999 -6.9204e-05 0)
(3 -8.46904e-07 0)
(3 -1.08209e-08 0)
(3 -3.91474e-11 0)
(3 -2.52693e-13 0)
(3 -6.99829e-15 0)
(3 9.16392e-16 0)
(3 1.34784e-15 0)
(3 4.1845e-15 0)
(3 1.5376e-15 0)
(2.28576 -0.643097 0)
(2.25751 -0.786749 0)
(2.40223 -0.736691 0)
(2.78066 -0.372712 0)
(2.98996 -0.0354608 0)
(3.00004 -0.000465063 0)
(3 1.19953e-06 0)
(3 8.47896e-08 0)
(3 1.55878e-08 0)
(3 6.47388e-10 0)
(3 8.43752e-12 0)
(3 6.24926e-14 0)
(3 2.15479e-15 0)
(3 4.26014e-15 0)
(3 2.06829e-15 0)
(2.41348 -0.406058 0)
(2.26595 -0.711466 0)
(2.3395 -0.737905 0)
(2.54899 -0.601925 0)
(2.8597 -0.239893 0)
(2.9871 -0.0321876 0)
(2.99955 -0.00157679 0)
(2.99999 -3.88963e-05 0)
(3 -5.91084e-07 0)
(3 -6.01506e-09 0)
(3 -4.33693e-11 0)
(3 -2.30135e-13 0)
(3 1.07835e-15 0)
(3 3.46826e-15 0)
(3 2.16532e-15 0)
(2.50137 -0.190552 0)
(2.35308 -0.548671 0)
(2.34645 -0.709332 0)
(2.43358 -0.685969 0)
(2.71808 -0.447566 0)
(2.96825 -0.0704716 0)
(2.99895 -0.00344806 0)
(2.99998 -7.30942e-05 0)
(3 -1.09395e-06 0)
(3 -1.27273e-08 0)
(3 -1.09862e-10 0)
(3 -6.84257e-13 0)
(3 -1.45983e-15 0)
(3 2.12502e-15 0)
(3 1.9962e-15 0)
(2.54114 -0.116074 0)
(2.45715 -0.319161 0)
(2.38044 -0.615558 0)
(2.43196 -0.679539 0)
(2.60226 -0.601027 0)
(2.85063 -0.312741 0)
(2.98561 -0.0365308 0)
(2.99964 -0.000900847 0)
(3 -9.88648e-06 0)
(3 -8.14395e-08 0)
(3 -6.23563e-10 0)
(3 -4.57712e-12 0)
(3 -2.62e-14 0)
(3 1.35446e-15 0)
(3 1.92388e-15 0)
(2.61706 0.143648 0)
(2.47117 -0.255744 0)
(2.471 -0.382535 0)
(2.43181 -0.64579 0)
(2.51933 -0.62699 0)
(2.73706 -0.474785 0)
(2.94901 -0.136999 0)
(2.99738 -0.00777722 0)
(2.99996 -0.000109205 0)
(3 -9.24317e-07 0)
(3 -6.50963e-09 0)
(3 -3.90355e-11 0)
(3 -2.30127e-13 0)
(3 2.10955e-16 0)
(3 1.70329e-15 0)
(2.64849 0.281211 0)
(2.58617 0.0150652 0)
(2.51212 -0.282766 0)
(2.47926 -0.516817 0)
(2.51878 -0.616644 0)
(2.61174 -0.579692 0)
(2.82464 -0.367318 0)
(2.97553 -0.0627817 0)
(2.99917 -0.00206271 0)
(2.99999 -2.08142e-05 0)
(3 -1.41037e-07 0)
(3 -8.77756e-10 0)
(3 -4.62677e-12 0)
(3 -2.26632e-14 0)
(3 2.30577e-15 0)
(2.67209 0.315753 0)
(2.64299 0.215183 0)
(2.51744 -0.206979 0)
(2.5204 -0.393482 0)
(2.52566 -0.571817 0)
(2.60936 -0.580756 0)
(2.74649 -0.487092 0)
(2.93022 -0.178031 0)
(2.99505 -0.013329 0)
(2.9999 -0.000247871 0)
(3 -2.12996e-06 0)
(3 -1.3522e-08 0)
(3 -7.7045e-11 0)
(3 -3.9766e-13 0)
(3 1.50226e-16 0)
(2.66627 0.352031 0)
(2.63708 0.301483 0)
(2.61553 0.0530052 0)
(2.58626 -0.219421 0)
(2.57103 -0.452564 0)
(2.60975 -0.564495 0)
(2.66713 -0.552764 0)
(2.82444 -0.384167 0)
(2.96739 -0.0819493 0)
(2.99868 -0.00315203 0)
(2.99998 -3.58498e-05 0)
(3 -2.55604e-07 0)
(3 -1.56792e-09 0)
(3 -8.13441e-12 0)
(3 -3.17382e-14 0)
(2.62577 0.36665 0)
(2.65116 0.356288 0)
(2.65592 0.143631 0)
(2.63234 -0.0705137 0)
(2.60609 -0.330079 0)
(2.62099 -0.509234 0)
(2.66661 -0.550558 0)
(2.77584 -0.465212 0)
(2.92573 -0.192825 0)
(2.99325 -0.0176377 0)
(2.99984 -0.000370031 0)
(3 -3.38489e-06 0)
(3 -2.14788e-08 0)
(3 -1.29967e-10 0)
(3 -5.88422e-13 0)
(2.63936 0.407367 0)
(2.68195 0.388323 0)
(2.67782 0.141379 0)
(2.66502 0.0611687 0)
(2.64855 -0.196418 0)
(2.64795 -0.425524 0)
(2.67039 -0.532902 0)
(2.71424 -0.521284 0)
(2.843 -0.362717 0)
(2.9663 -0.084691 0)
(2.99844 -0.00363232 0)
(2.99998 -4.3535e-05 0)
(3 -3.47653e-07 0)
(3 -2.05486e-09 0)
(3 -9.96895e-12 0)
(2.67423 0.443024 0)
(2.70486 0.417482 0)
(2.65728 0.158924 0)
(2.68357 0.187522 0)
(2.70332 -0.00961574 0)
(2.70346 -0.273118 0)
(2.68874 -0.480143 0)
(2.71414 -0.520142 0)
(2.79193 -0.454593 0)
(2.9247 -0.189994 0)
(2.99202 -0.0195986 0)
(2.99979 -0.000475331 0)
(3 -4.15428e-06 0)
(3 -2.9142e-08 0)
(3 -1.48631e-10 0)
(2.70087 0.511894 0)
(2.69851 0.403368 0)
(2.66721 0.245488 0)
(2.70711 0.232198 0)
(2.72764 0.00896196 0)
(2.73111 -0.168963 0)
(2.71896 -0.389147 0)
(2.71878 -0.504678 0)
(2.75255 -0.493108 0)
(2.85129 -0.353108 0)
(2.96689 -0.0813371 0)
(2.99847 -0.00349375 0)
(2.99998 -4.82354e-05 0)
(3 -3.61813e-07 0)
(3 -1.95768e-09 0)
(2.72319 0.565398 0)
(2.72825 0.429206 0)
(2.70947 0.297183 0)
(2.73763 0.293368 0)
(2.72836 0.0199327 0)
(2.77084 -0.0125492 0)
(2.7553 -0.276525 0)
(2.7389 -0.45247 0)
(2.75368 -0.489482 0)
(2.81738 -0.417959 0)
(2.9267 -0.182777 0)
(2.99174 -0.0198344 0)
(2.99979 -0.000454254 0)
(3 -4.26667e-06 0)
(3 -2.57414e-08 0)
(2.73349 0.593269 0)
(2.7312 0.507946 0)
(2.73434 0.391864 0)
(2.76334 0.336608 0)
(2.75244 0.0991919 0)
(2.79779 0.0585246 0)
(2.79438 -0.165903 0)
(2.76495 -0.38303 0)
(2.75833 -0.47605 0)
(2.78366 -0.463154 0)
(2.87043 -0.314277 0)
(2.97141 -0.0692581 0)
(2.99864 -0.00309557 0)
(2.99998 -4.39085e-05 0)
(3 -2.88529e-07 0)
(2.73607 0.639608 0)
(2.73039 0.542137 0)
(2.74802 0.432003 0)
(2.79053 0.356972 0)
(2.7376 0.123507 0)
(2.80554 0.136152 0)
(2.82144 -0.0585808 0)
(2.80756 -0.258872 0)
(2.77764 -0.430052 0)
(2.78419 -0.462905 0)
(2.82927 -0.393643 0)
(2.92964 -0.166341 0)
(2.99216 -0.0181101 0)
(2.99982 -0.000396105 0)
(3 -3.31722e-06 0)
(2.75124 0.628849 0)
(2.7515 0.583977 0)
(2.78588 0.448238 0)
(2.81297 0.345259 0)
(2.78548 0.195854 0)
(2.82581 0.203928 0)
(2.83692 -0.0178805 0)
(2.85137 -0.115761 0)
(2.80471 -0.363212 0)
(2.79051 -0.452499 0)
(2.81002 -0.438774 0)
(2.88237 -0.288786 0)
(2.97599 -0.0572796 0)
(2.99884 -0.00272741 0)
(2.99998 -2.95025e-05 0)
(2.74874 0.602349 0)
(2.78047 0.588719 0)
(2.81328 0.500359 0)
(2.82474 0.39358 0)
(2.82611 0.301518 0)
(2.85588 0.269402 0)
(2.85579 0.022526 0)
(2.85766 -0.116985 0)
(2.83711 -0.279176 0)
(2.80865 -0.421036 0)
(2.81515 -0.436978 0)
(2.8492 -0.361113 0)
(2.93754 -0.150519 0)
(2.99422 -0.0135423 0)
(2.99986 -0.000243019 0)
(2.7582 0.523634 0)
(2.81575 0.574859 0)
(2.8356 0.505901 0)
(2.83769 0.448979 0)
(2.85424 0.342326 0)
(2.89268 0.287872 0)
(2.84522 0.0344851 0)
(2.8954 0.0109599 0)
(2.89111 -0.125922 0)
(2.84371 -0.355789 0)
(2.82973 -0.425663 0)
(2.84966 -0.401213 0)
(2.91165 -0.23765 0)
(2.98315 -0.0430909 0)
(2.99921 -0.00137027 0)
(2.75372 0.32143 0)
(2.82202 0.557542 0)
(2.86617 0.498916 0)
(2.87721 0.447537 0)
(2.90023 0.359045 0)
(2.92778 0.289546 0)
(2.90313 0.11887 0)
(2.93206 0.109811 0)
(2.9224 -0.0725189 0)
(2.88091 -0.28273 0)
(2.85384 -0.400811 0)
(2.86045 -0.396751 0)
(2.88405 -0.309469 0)
(2.95753 -0.110046 0)
(2.99624 -0.00650525 0)
(2.76454 0.216717 0)
(2.83232 0.443017 0)
(2.88416 0.521113 0)
(2.90062 0.468689 0)
(2.94559 0.419783 0)
(2.96487 0.350419 0)
(2.95659 0.221186 0)
(2.97952 0.184808 0)
(2.90689 -0.123684 0)
(2.92718 -0.144406 0)
(2.88975 -0.35328 0)
(2.88095 -0.3856 0)
(2.89742 -0.349191 0)
(2.94802 -0.167438 0)
(2.98942 -0.0193961 0)
(2.75846 0.0803226 0)
(2.83263 0.255421 0)
(2.91131 0.494764 0)
(2.95772 0.498967 0)
(2.96909 0.428959 0)
(2.99691 0.354936 0)
(2.99753 0.239225 0)
(3.00814 0.212188 0)
(2.94979 -0.044065 0)
(2.9691 -0.0692178 0)
(2.93337 -0.285036 0)
(2.90652 -0.370303 0)
(2.90934 -0.346654 0)
(2.92344 -0.247558 0)
(2.97371 -0.0472988 0)
(2.77647 0.00758521 0)
(2.85911 0.109436 0)
(2.93982 0.282437 0)
(2.99716 0.468259 0)
(3.03607 0.432282 0)
(3.04887 0.404044 0)
(3.05143 0.29065 0)
(3.05026 0.264205 0)
(3.03578 0.108038 0)
(3.02918 0.00709376 0)
(3.00025 -0.162843 0)
(2.96287 -0.306628 0)
(2.94901 -0.322799 0)
(2.96026 -0.262494 0)
(2.96525 -0.0853552 0)
(2.63946 0.109989 0)
(2.69736 0.259517 0)
(2.70129 0.357151 0)
(2.70671 0.420305 0)
(2.73907 0.491693 0)
(2.73872 0.534981 0)
(2.73688 0.544517 0)
(2.70694 0.537306 0)
(2.68338 0.567845 0)
(2.69643 0.629112 0)
(2.71067 0.645814 0)
(2.73151 0.704536 0)
(2.74408 0.702731 0)
(2.73146 0.649638 0)
(2.70628 0.452004 0)
(2.67637 0.191777 0)
(2.70945 0.0808145 0)
(2.70354 0.0488217 0)
(2.70028 0.0149963 0)
(2.7324 -0.0188404 0)
(2.67705 0.278185 0)
(2.71583 0.41929 0)
(2.72521 0.490203 0)
(2.74118 0.531669 0)
(2.78472 0.570419 0)
(2.79779 0.602779 0)
(2.78963 0.600407 0)
(2.73504 0.609038 0)
(2.70549 0.668929 0)
(2.68841 0.687318 0)
(2.70958 0.734496 0)
(2.73037 0.741091 0)
(2.72409 0.652199 0)
(2.68188 0.409611 0)
(2.65725 0.175557 0)
(2.66595 0.0864918 0)
(2.69519 0.0696123 0)
(2.69762 0.053047 0)
(2.69502 0.0122983 0)
(2.72058 -0.0347477 0)
(2.71246 0.509514 0)
(2.7286 0.598794 0)
(2.73149 0.639609 0)
(2.75777 0.667659 0)
(2.8138 0.67484 0)
(2.83174 0.684262 0)
(2.82169 0.693532 0)
(2.75451 0.695884 0)
(2.70624 0.739582 0)
(2.6901 0.787561 0)
(2.71049 0.776901 0)
(2.7048 0.656977 0)
(2.66217 0.378501 0)
(2.62734 0.151524 0)
(2.63318 -3.3197e-05 0)
(2.6564 0.0183059 0)
(2.68112 0.0535392 0)
(2.68766 0.0494339 0)
(2.69414 0.00509206 0)
(2.71132 -0.0464215 0)
(2.74282 0.68903 0)
(2.73133 0.736298 0)
(2.73164 0.761176 0)
(2.76386 0.745091 0)
(2.81046 0.749546 0)
(2.82166 0.753373 0)
(2.81808 0.757591 0)
(2.76242 0.796906 0)
(2.715 0.841337 0)
(2.70833 0.82466 0)
(2.70861 0.640218 0)
(2.68416 0.348037 0)
(2.58933 0.0440973 0)
(2.59754 -0.00427929 0)
(2.64019 0.0231855 0)
(2.66825 0.0488681 0)
(2.67814 0.0582244 0)
(2.68714 0.0511449 0)
(2.69414 0.00011888 0)
(2.69451 -0.0487238 0)
(2.75799 0.859252 0)
(2.72348 0.904588 0)
(2.73045 0.918446 0)
(2.7544 0.893924 0)
(2.7918 0.838739 0)
(2.79842 0.825227 0)
(2.79448 0.844509 0)
(2.76018 0.931338 0)
(2.73643 0.8507 0)
(2.7592 0.533089 0)
(2.74061 0.265862 0)
(2.64085 0.0340603 0)
(2.60635 -0.0112585 0)
(2.59926 0.0118165 0)
(2.63753 0.0384696 0)
(2.65922 0.0506709 0)
(2.67769 0.0540909 0)
(2.69398 0.0364528 0)
(2.68802 -0.0149968 0)
(2.67012 -0.0406872 0)
(2.74404 1.01543 0)
(2.71801 1.07773 0)
(2.71665 1.02016 0)
(2.72865 1.00266 0)
(2.75789 0.954519 0)
(2.75823 0.959928 0)
(2.75414 0.951468 0)
(2.77526 0.750602 0)
(2.75895 0.444114 0)
(2.76031 0.186228 0)
(2.64212 0.0534934 0)
(2.59414 -0.000407054 0)
(2.57576 0.00933384 0)
(2.58668 0.0333805 0)
(2.62118 0.04694 0)
(2.63723 0.0474105 0)
(2.66338 0.0428636 0)
(2.67995 0.0221324 0)
(2.66346 -0.0206738 0)
(2.63269 -0.0287567 0)
(2.69306 1.27106 0)
(2.70764 1.19518 0)
(2.73806 1.24131 0)
(2.71794 1.18147 0)
(2.70788 1.10886 0)
(2.73778 0.852067 0)
(2.71044 0.492329 0)
(2.74084 0.318715 0)
(2.59174 0.0766383 0)
(2.55035 0.036982 0)
(2.51726 0.0198283 0)
(2.51194 0.0109747 0)
(2.51821 0.0203022 0)
(2.5414 0.0387505 0)
(2.57189 0.0505016 0)
(2.58727 0.0489307 0)
(2.61014 0.0358885 0)
(2.6247 0.0102325 0)
(2.61797 -0.0163913 0)
(2.56734 -0.0179664 0)
(2.62946 1.48531 0)
(2.66705 1.40899 0)
(2.60653 1.05956 0)
(2.61161 0.88035 0)
(2.54795 0.513003 0)
(2.6215 0.317208 0)
(2.50342 0.0707552 0)
(2.44936 0.0804107 0)
(2.40376 0.0245154 0)
(2.40277 0.0111935 0)
(2.39727 0.0138463 0)
(2.41267 0.0103627 0)
(2.4277 0.0191011 0)
(2.44806 0.0351779 0)
(2.46361 0.0427575 0)
(2.48878 0.0391555 0)
(2.51656 0.0181243 0)
(2.54102 -0.0088483 0)
(2.54367 -0.0182983 0)
(2.48834 -0.0126091 0)
(2.26536 0.760886 0)
(2.34562 0.546602 0)
(2.33603 0.309771 0)
(2.3206 0.20467 0)
(2.27401 0.0725079 0)
(2.27943 0.0441124 0)
(2.26295 0.0280593 0)
(2.29158 0.0252541 0)
(2.28379 0.0166238 0)
(2.2661 0.00842455 0)
(2.27294 0.00483701 0)
(2.30596 0.00702495 0)
(2.32102 0.0151845 0)
(2.34226 0.0289613 0)
(2.36437 0.0337165 0)
(2.39657 0.0168666 0)
(2.43233 -0.00460437 0)
(2.46218 -0.0134063 0)
(2.47224 -0.0095173 0)
(2.42726 0.000883023 0)
(1.94973 0.146165 0)
(2.03573 0.123232 0)
(2.08098 0.0791875 0)
(2.11695 0.0924806 0)
(2.12983 0.0195478 0)
(2.15946 0.0193 0)
(2.18166 0.0203976 0)
(2.19665 0.0187347 0)
(2.20017 0.00454248 0)
(2.19761 0.00137846 0)
(2.21228 0.00251774 0)
(2.23966 0.00812837 0)
(2.25205 0.0114783 0)
(2.27914 0.017453 0)
(2.3165 0.00966361 0)
(2.35816 -0.00159544 0)
(2.38638 -0.00422336 0)
(2.42496 -0.0041128 0)
(2.43613 0.00134909 0)
(2.39544 0.0059153 0)
)
;

boundaryField
{
    inlet
    {
        type            fixedValue;
        value           uniform (3 0 0);
    }
    outlet
    {
        type            inletOutlet;
        inletValue      uniform (3 0 0);
        value           nonuniform List<vector> 
50
(
(2.77574 -0.00596688 0)
(2.85964 -0.110383 0)
(2.94079 -0.283678 0)
(2.99745 -0.468745 0)
(3.03638 -0.432339 0)
(3.04875 -0.403982 0)
(3.05113 -0.289875 0)
(3.04999 -0.263662 0)
(3.03641 -0.109663 0)
(3.02906 -0.0060456 0)
(3.00026 0.162694 0)
(2.96285 0.30664 0)
(2.949 0.322799 0)
(2.96025 0.262498 0)
(2.96525 0.0853574 0)
(2.39518 0.000522306 0)
(2.42139 -0.00124228 0)
(2.47867 0.0125269 0)
(2.55993 0.0166892 0)
(2.62918 0.0261918 0)
(2.66805 0.0377834 0)
(2.69227 0.0470214 0)
(2.70979 0.0469233 0)
(2.72232 0.0381369 0)
(2.73335 0.020532 0)
(2.7324 -0.0188404 0)
(2.72058 -0.0347477 0)
(2.71132 -0.0464215 0)
(2.69451 -0.0487238 0)
(2.67012 -0.0406872 0)
(2.63269 -0.0287567 0)
(2.56734 -0.0179664 0)
(2.48834 -0.0126091 0)
(2.42726 0.000883023 0)
(2.39544 0.0059153 0)
(2.77647 0.00758521 0)
(2.85911 0.109436 0)
(2.93982 0.282437 0)
(2.99716 0.468259 0)
(3.03607 0.432282 0)
(3.04887 0.404044 0)
(3.05143 0.29065 0)
(3.05026 0.264205 0)
(3.03578 0.108038 0)
(3.02918 0.00709376 0)
(3.00025 -0.162843 0)
(2.96287 -0.306628 0)
(2.94901 -0.322799 0)
(2.96026 -0.262494 0)
(2.96525 -0.0853552 0)
)
;
    }
    airfoil
    {
        type            slip;
    }
    top
    {
        type            symmetryPlane;
    }
    bottom
    {
        type            symmetryPlane;
    }
    defaultFaces
    {
        type            empty;
    }
}


// ************************************************************************* //
