/*--------------------------------*- C++ -*----------------------------------*\
  =========                 |
  \\      /  F ield         | OpenFOAM: The Open Source CFD Toolbox
   \\    /   O peration     | Website:  https://openfoam.org
    \\  /    A nd           | Version:  7
     \\/     M anipulation  |
\*---------------------------------------------------------------------------*/
FoamFile
{
    version     2.0;
    format      ascii;
    class       volVectorField;
    location    "2.8";
    object      U;
}
// * * * * * * * * * * * * * * * * * * * * * * * * * * * * * * * * * * * * * //

dimensions      [0 1 -1 0 0 0 0];

internalField   nonuniform List<vector> 
3700
(
(1.58828 -0.554243 0)
(1.44107 -0.67442 0)
(1.35584 -0.370569 0)
(1.3934 -0.347011 0)
(1.48134 -0.322512 0)
(1.52003 -0.226177 0)
(1.5773 -0.138024 0)
(1.63289 -0.131013 0)
(1.63288 -0.217451 0)
(1.59414 -0.265526 0)
(1.54448 -0.259152 0)
(1.54945 -0.187642 0)
(1.61893 -0.170177 0)
(1.69937 -0.208707 0)
(1.77408 -0.24975 0)
(1.78892 -0.322277 0)
(1.78316 -0.365533 0)
(1.75379 -0.334273 0)
(1.72762 -0.282432 0)
(1.72071 -0.159371 0)
(1.72097 -1.44406 0)
(1.65529 -1.51117 0)
(1.62959 -1.46107 0)
(1.72244 -1.4798 0)
(1.77183 -1.53067 0)
(1.77442 -1.3917 0)
(1.79337 -1.25693 0)
(1.86207 -1.23507 0)
(1.92097 -1.45643 0)
(1.88815 -1.49211 0)
(1.82413 -1.49271 0)
(1.84729 -1.34871 0)
(1.9469 -1.33233 0)
(2.0604 -1.39738 0)
(2.16181 -1.4 0)
(2.25398 -1.41592 0)
(2.28298 -1.34919 0)
(2.28527 -1.25918 0)
(2.26924 -1.1583 0)
(2.23087 -1.07029 0)
(1.5502 -1.3829 0)
(1.65069 -1.58389 0)
(1.69792 -1.8361 0)
(1.72373 -2.11869 0)
(1.76556 -2.24638 0)
(1.8096 -2.26743 0)
(1.89399 -2.25761 0)
(1.96091 -2.19132 0)
(2.00223 -2.17861 0)
(2.1314 -2.11681 0)
(2.18372 -2.12137 0)
(2.23168 -2.04691 0)
(2.27494 -1.97039 0)
(2.28467 -1.92652 0)
(2.32476 -1.83271 0)
(2.40958 -1.80963 0)
(2.48109 -1.71107 0)
(2.56997 -1.64046 0)
(2.65179 -1.55508 0)
(2.74636 -1.50539 0)
(1.46077 -1.383 0)
(1.59566 -1.69934 0)
(1.7136 -2.06457 0)
(1.72272 -2.31596 0)
(1.72692 -2.36734 0)
(1.80686 -2.29721 0)
(1.86315 -2.15645 0)
(1.96957 -1.97643 0)
(2.04469 -1.9366 0)
(2.24355 -1.92209 0)
(2.42874 -1.73967 0)
(2.52833 -1.74435 0)
(2.56967 -1.71772 0)
(2.50989 -1.76693 0)
(2.48469 -1.71598 0)
(2.4815 -1.71336 0)
(2.50476 -1.58948 0)
(2.5521 -1.47639 0)
(2.63273 -1.40321 0)
(2.74808 -1.2099 0)
(1.46106 -1.40144 0)
(1.66222 -1.82031 0)
(1.83487 -2.26905 0)
(1.81884 -2.41543 0)
(1.88648 -2.38182 0)
(2.03934 -2.32081 0)
(2.05503 -2.10312 0)
(1.97202 -2.01385 0)
(1.96745 -1.98033 0)
(2.1573 -1.87199 0)
(2.31405 -1.70862 0)
(2.51801 -1.62857 0)
(2.62864 -1.45802 0)
(2.69471 -1.3873 0)
(2.70611 -1.33783 0)
(2.66771 -1.38818 0)
(2.63079 -1.39902 0)
(2.61763 -1.29422 0)
(2.61585 -1.34469 0)
(2.67297 -1.15576 0)
(1.52283 -1.49502 0)
(1.81835 -1.85521 0)
(2.04058 -2.36476 0)
(2.06903 -2.48851 0)
(2.20849 -2.34387 0)
(2.22042 -2.27958 0)
(2.25929 -2.03281 0)
(2.12096 -1.99059 0)
(2.06118 -1.95584 0)
(2.16588 -1.85907 0)
(2.29115 -1.68749 0)
(2.46462 -1.58676 0)
(2.53741 -1.44433 0)
(2.6911 -1.35509 0)
(2.74616 -1.15899 0)
(2.80449 -0.999656 0)
(2.77847 -0.966414 0)
(2.76623 -0.894472 0)
(2.69809 -1.02438 0)
(2.67827 -0.965889 0)
(1.60988 -1.57975 0)
(1.97618 -1.92677 0)
(2.12745 -2.41816 0)
(2.06675 -2.49057 0)
(2.2463 -2.29611 0)
(2.33628 -2.19054 0)
(2.45169 -1.86046 0)
(2.40907 -1.83889 0)
(2.35335 -1.88121 0)
(2.38392 -1.77631 0)
(2.4218 -1.637 0)
(2.49118 -1.53175 0)
(2.53204 -1.35814 0)
(2.62285 -1.27679 0)
(2.66929 -1.12062 0)
(2.74386 -0.974943 0)
(2.81316 -0.822112 0)
(2.83608 -0.593879 0)
(2.78522 -0.553829 0)
(2.71755 -0.566973 0)
(1.7317 -1.6808 0)
(1.95188 -1.96567 0)
(1.9971 -2.42906 0)
(2.01914 -2.48028 0)
(2.21043 -2.22556 0)
(2.32354 -2.11958 0)
(2.46025 -1.79501 0)
(2.53069 -1.70263 0)
(2.62762 -1.64464 0)
(2.68773 -1.45407 0)
(2.63463 -1.47813 0)
(2.66239 -1.3067 0)
(2.62975 -1.20991 0)
(2.64678 -1.12654 0)
(2.66565 -0.98735 0)
(2.68876 -0.872758 0)
(2.74382 -0.794825 0)
(2.77847 -0.613194 0)
(2.78431 -0.434812 0)
(2.74007 -0.306491 0)
(1.78484 -1.74001 0)
(1.85545 -1.96979 0)
(1.78732 -2.36215 0)
(1.83008 -2.28921 0)
(2.03457 -2.07356 0)
(2.16893 -1.72188 0)
(2.29309 -1.67475 0)
(2.39192 -1.62362 0)
(2.61508 -1.48773 0)
(2.7048 -1.14067 0)
(2.73891 -1.10553 0)
(2.7581 -0.875636 0)
(2.74389 -0.849638 0)
(2.74605 -0.743997 0)
(2.73966 -0.669324 0)
(2.71981 -0.598117 0)
(2.71366 -0.552672 0)
(2.73714 -0.516722 0)
(2.71399 -0.350627 0)
(2.67334 -0.14881 0)
(1.74269 -1.77429 0)
(1.7044 -1.99509 0)
(1.62999 -2.28076 0)
(1.76282 -2.16635 0)
(1.94365 -1.98822 0)
(2.09858 -1.60495 0)
(2.12654 -1.63632 0)
(2.24141 -1.53602 0)
(2.36488 -1.4193 0)
(2.48393 -1.18182 0)
(2.61051 -0.985714 0)
(2.67026 -0.724263 0)
(2.70728 -0.547224 0)
(2.73376 -0.38773 0)
(2.72458 -0.243236 0)
(2.71319 -0.207577 0)
(2.69921 -0.153634 0)
(2.68783 -0.241004 0)
(2.6563 -0.184337 0)
(2.61498 -0.0261448 0)
(1.53111 -1.65301 0)
(1.50172 -1.86339 0)
(1.5237 -2.06108 0)
(1.79425 -1.91301 0)
(1.98651 -1.85235 0)
(2.17294 -1.47057 0)
(2.12485 -1.56292 0)
(2.28967 -1.43086 0)
(2.3919 -1.23283 0)
(2.42618 -1.1371 0)
(2.5114 -0.939842 0)
(2.57689 -0.736956 0)
(2.62505 -0.526366 0)
(2.69355 -0.371012 0)
(2.65481 -0.10763 0)
(2.65287 0.0150956 0)
(2.62047 0.175592 0)
(2.5945 0.125848 0)
(2.551 0.14092 0)
(2.58771 0.048691 0)
(1.3215 -1.40698 0)
(1.39671 -1.53558 0)
(1.65067 -1.68422 0)
(1.91152 -1.7708 0)
(2.07371 -1.668 0)
(2.23664 -1.28292 0)
(2.30901 -1.37932 0)
(2.49852 -1.08332 0)
(2.58284 -0.781198 0)
(2.58147 -0.808371 0)
(2.60185 -0.570343 0)
(2.61394 -0.430824 0)
(2.60771 -0.28264 0)
(2.6254 -0.189303 0)
(2.58044 -0.0105481 0)
(2.58535 0.0726566 0)
(2.53489 0.250091 0)
(2.48982 0.351845 0)
(2.43076 0.406483 0)
(2.45484 0.33424 0)
(1.17655 -1.21176 0)
(1.40636 -1.29084 0)
(1.86357 -1.40862 0)
(1.92713 -1.79516 0)
(2.12994 -1.57429 0)
(2.40627 -1.20101 0)
(2.63449 -0.938844 0)
(2.68653 -0.416514 0)
(2.69065 -0.324856 0)
(2.65892 -0.159425 0)
(2.64109 -0.0247127 0)
(2.60812 0.0992915 0)
(2.57897 0.185289 0)
(2.5462 0.254811 0)
(2.4967 0.315148 0)
(2.4673 0.325456 0)
(2.43211 0.36703 0)
(2.38079 0.464279 0)
(2.30612 0.586325 0)
(2.30057 0.564836 0)
(1.11172 -1.10533 0)
(1.44103 -1.23489 0)
(2.00121 -1.24763 0)
(2.14179 -1.86763 0)
(2.59813 -0.911477 0)
(2.52452 -1.08751 0)
(2.5888 -0.785744 0)
(2.57916 -0.381124 0)
(2.55984 -0.320905 0)
(2.55666 -0.0739254 0)
(2.5598 0.113359 0)
(2.49599 0.328448 0)
(2.46059 0.455953 0)
(2.38722 0.589444 0)
(2.33471 0.646544 0)
(2.28908 0.662071 0)
(2.24692 0.680315 0)
(2.24273 0.669829 0)
(2.18492 0.736105 0)
(2.13728 0.780482 0)
(0.988673 -1.05494 0)
(1.48668 -1.35121 0)
(2.49957 -0.853415 0)
(2.45454 -1.54435 0)
(2.57712 -0.636931 0)
(2.43226 -0.835771 0)
(2.45388 -0.483597 0)
(2.45585 -0.238837 0)
(2.4368 -0.0199326 0)
(2.44401 0.131575 0)
(2.40614 0.32448 0)
(2.34563 0.495796 0)
(2.30427 0.61074 0)
(2.23028 0.732709 0)
(2.17256 0.801969 0)
(2.11584 0.843974 0)
(2.0604 0.905067 0)
(2.05245 0.910477 0)
(2.0407 0.9287 0)
(2.06284 0.948226 0)
(1.12621 -0.728963 0)
(1.50632 -1.51249 0)
(2.45847 -0.98187 0)
(2.26076 -0.858993 0)
(2.35608 -0.634448 0)
(2.45151 -0.238409 0)
(2.4245 0.140951 0)
(2.38447 0.315193 0)
(2.32446 0.460279 0)
(2.29427 0.603225 0)
(2.19797 0.753174 0)
(2.13069 0.848452 0)
(2.08092 0.901117 0)
(2.03039 0.953345 0)
(1.99669 0.959086 0)
(1.95742 0.984409 0)
(1.95508 1.01499 0)
(1.96889 0.997195 0)
(1.99354 0.996607 0)
(2.07105 0.977753 0)
(1.14511 -0.457958 0)
(1.87622 -0.364692 0)
(2.12048 -0.975451 0)
(2.28395 -0.00131443 0)
(2.37944 0.0129411 0)
(2.32322 0.379507 0)
(2.30314 0.537523 0)
(2.18504 0.739992 0)
(2.13703 0.799141 0)
(2.07886 0.916663 0)
(1.96455 1.01912 0)
(1.90898 1.07164 0)
(1.87933 1.08849 0)
(1.86921 1.09367 0)
(1.87402 1.05699 0)
(1.89927 1.0484 0)
(1.96429 1.02023 0)
(2.16703 0.900501 0)
(2.38427 0.788753 0)
(2.78099 0.437917 0)
(1.12658 -0.100677 0)
(1.87097 -0.156378 0)
(2.23962 0.271483 0)
(2.24672 0.50087 0)
(2.1945 0.701769 0)
(2.13899 0.804434 0)
(2.04241 0.916694 0)
(1.97365 0.961133 0)
(1.91599 1.03158 0)
(1.84936 1.12197 0)
(1.78747 1.15449 0)
(1.79067 1.15088 0)
(1.8103 1.13151 0)
(1.85281 1.0887 0)
(2.04164 0.953654 0)
(2.25911 0.832168 0)
(2.66809 0.50286 0)
(3.03862 0.089557 0)
(3.05457 -0.0239627 0)
(3.00389 -0.00458859 0)
(1.01149 0.0350422 0)
(1.93614 0.750185 0)
(2.10787 0.853402 0)
(1.99142 0.984965 0)
(1.96204 0.98235 0)
(1.88065 1.07514 0)
(1.794 1.13601 0)
(1.7571 1.14869 0)
(1.75408 1.16503 0)
(1.73212 1.2041 0)
(1.71529 1.19578 0)
(1.86253 1.06921 0)
(2.09842 0.884569 0)
(2.50597 0.574857 0)
(2.98984 0.133335 0)
(3.07353 -0.0295112 0)
(3.00793 -0.00759252 0)
(3.00285 -0.00379142 0)
(3.0012 -0.00217003 0)
(3.00008 -0.000484292 0)
(1.18019 0.745318 0)
(1.82506 1.16453 0)
(1.84013 1.15602 0)
(1.73728 1.19054 0)
(1.70964 1.19228 0)
(1.66309 1.23936 0)
(1.65736 1.21173 0)
(1.7241 1.16513 0)
(1.75431 1.23023 0)
(1.78801 1.14039 0)
(2.26928 0.73924 0)
(2.85898 0.207605 0)
(3.09718 -0.0285002 0)
(3.02061 -0.0124022 0)
(3.00451 -0.00542146 0)
(3.00183 -0.00299919 0)
(3.00007 -0.000597698 0)
(2.99998 -2.38274e-05 0)
(2.99999 1.4146e-05 0)
(3 5.85275e-06 0)
(1.58194 1.2601 0)
(1.58626 1.26656 0)
(1.58952 1.27144 0)
(1.59263 1.25951 0)
(1.60652 1.23911 0)
(1.58859 1.26712 0)
(1.906 1.16365 0)
(2.95921 0.396615 0)
(3.35465 -0.616255 0)
(3 4.22115e-11 0)
(3 1.67142e-11 0)
(3 -4.15029e-14 0)
(3 7.29043e-12 0)
(3 -6.77721e-12 0)
(3 1.48558e-14 0)
(3 1.36819e-14 0)
(3 6.60737e-15 0)
(3 3.47353e-15 0)
(3 2.86934e-15 0)
(3 -1.55728e-15 0)
(1.58615 1.24919 0)
(1.59619 1.25963 0)
(1.59873 1.27355 0)
(1.59565 1.27826 0)
(1.6573 1.25721 0)
(1.70377 1.24421 0)
(2.26304 0.748525 0)
(2.99588 0.0162244 0)
(3 4.55664e-08 0)
(3 6.28833e-11 0)
(3 1.22386e-14 0)
(3 2.99476e-15 0)
(3 -3.01568e-15 0)
(3 1.08754e-14 0)
(3 2.22798e-15 0)
(3 2.83208e-15 0)
(3 3.53873e-15 0)
(3 2.03646e-15 0)
(3 7.11682e-16 0)
(3 9.77572e-18 0)
(1.58637 1.25019 0)
(1.60669 1.25496 0)
(1.61391 1.26042 0)
(1.59506 1.29003 0)
(1.70498 1.21898 0)
(2.2468 0.789811 0)
(2.99687 0.000419669 0)
(3.00024 -0.000634098 0)
(3 9.15002e-07 0)
(3 5.55096e-11 0)
(3 -1.6286e-13 0)
(3 3.23743e-15 0)
(3 3.3753e-15 0)
(3 3.67497e-15 0)
(3 2.36654e-15 0)
(3 2.44659e-15 0)
(3 3.41739e-15 0)
(3 3.48233e-15 0)
(3 2.55994e-15 0)
(3 1.50695e-15 0)
(1.58492 1.2527 0)
(1.60827 1.25579 0)
(1.62659 1.25577 0)
(1.6381 1.27393 0)
(1.83166 1.10683 0)
(2.72941 0.231797 0)
(3.00532 -0.00192763 0)
(2.99991 8.44307e-05 0)
(3 -1.00887e-06 0)
(3 9.12438e-10 0)
(3 1.15336e-15 0)
(3 1.53776e-15 0)
(3 2.43669e-15 0)
(3 3.00366e-15 0)
(3 2.229e-15 0)
(3 2.99937e-15 0)
(3 3.29136e-15 0)
(3 2.83823e-15 0)
(3 2.92542e-15 0)
(3 1.30272e-15 0)
(1.58454 1.26698 0)
(1.5959 1.26295 0)
(1.62506 1.25205 0)
(1.74638 1.19986 0)
(2.38966 0.63035 0)
(3.01926 -0.0188133 0)
(2.99976 0.000171818 0)
(3 -4.42747e-06 0)
(3 8.73061e-08 0)
(3 -9.35803e-10 0)
(3 8.43252e-16 0)
(3 9.44787e-16 0)
(3 1.91055e-15 0)
(3 2.31898e-15 0)
(3 2.16922e-15 0)
(3 2.6818e-15 0)
(3 2.18488e-15 0)
(3 3.06704e-15 0)
(3 2.83986e-15 0)
(3 2.29538e-15 0)
(1.58323 1.27709 0)
(1.57979 1.27177 0)
(1.63071 1.26424 0)
(1.76952 1.15938 0)
(2.69603 0.259804 0)
(3 -6.12153e-10 0)
(3 1.45671e-08 0)
(3 -1.31561e-08 0)
(3 5.73803e-10 0)
(3 3.18246e-12 0)
(3 -7.94606e-15 0)
(3 3.85483e-16 0)
(3 1.1336e-15 0)
(3 2.11732e-15 0)
(3 2.50753e-15 0)
(3 2.00052e-15 0)
(3 1.93483e-15 0)
(3 2.66409e-15 0)
(3 2.56923e-15 0)
(3 1.43158e-15 0)
(1.58034 1.2948 0)
(1.55925 1.29011 0)
(1.6758 1.23664 0)
(2.15763 0.83944 0)
(3.01758 -0.017001 0)
(3 -9.21515e-12 0)
(3 -1.44235e-11 0)
(3 2.50993e-11 0)
(3 -3.88128e-12 0)
(3 1.01105e-15 0)
(3 1.21002e-15 0)
(3 -6.88445e-16 0)
(3 -3.4036e-17 0)
(3 1.44086e-15 0)
(3 2.48111e-15 0)
(3 2.05964e-15 0)
(3 2.25849e-15 0)
(3 2.9739e-15 0)
(3 2.22946e-15 0)
(3 1.04609e-15 0)
(1.58815 1.32254 0)
(1.50399 1.32782 0)
(1.79531 1.17995 0)
(2.453 0.534338 0)
(3 -3.22586e-06 0)
(3 6.27282e-12 0)
(3 -4.83722e-14 0)
(3 3.61251e-14 0)
(3 -5.36861e-16 0)
(3 1.55834e-15 0)
(3 -2.31584e-16 0)
(3 -2.22086e-16 0)
(3 -3.73331e-16 0)
(3 5.58147e-16 0)
(3 1.53288e-15 0)
(3 1.55476e-15 0)
(3 2.32896e-15 0)
(3 2.86101e-15 0)
(3 2.40705e-15 0)
(3 1.45345e-15 0)
(1.58959 1.30828 0)
(1.462 1.3609 0)
(1.91253 1.05279 0)
(2.84583 0.136926 0)
(3 -1.90034e-08 0)
(3 -9.14654e-13 0)
(3 2.41429e-14 0)
(3 3.42051e-15 0)
(3 3.17827e-15 0)
(3 2.75242e-15 0)
(3 2.95278e-16 0)
(3 -5.36446e-16 0)
(3 -7.38872e-16 0)
(3 -5.22546e-16 0)
(3 3.50806e-16 0)
(3 5.04416e-16 0)
(3 5.85559e-16 0)
(3 2.46123e-15 0)
(3 2.47564e-15 0)
(3 1.93287e-15 0)
(1.606 1.2957 0)
(1.47691 1.38359 0)
(2.15982 0.822276 0)
(3.01112 -0.00943502 0)
(3 1.6604e-08 0)
(3 8.41932e-13 0)
(3 -1.15681e-15 0)
(3 4.83671e-15 0)
(3 3.53371e-15 0)
(3 2.67705e-15 0)
(3 9.8421e-16 0)
(3 -1.87439e-16 0)
(3 -8.00032e-16 0)
(3 -8.28707e-16 0)
(3 -7.93852e-16 0)
(3 -9.57409e-16 0)
(3 -1.12497e-15 0)
(3 -1.05171e-17 0)
(3 4.99715e-16 0)
(3 1.2301e-15 0)
(1.62482 1.28286 0)
(1.58012 1.31083 0)
(2.42501 0.527474 0)
(3 -5.41839e-13 0)
(3 -6.05746e-12 0)
(3 -1.78807e-14 0)
(3 4.56262e-15 0)
(3 2.7338e-15 0)
(3 2.19787e-15 0)
(3 1.2229e-15 0)
(3 -7.66759e-17 0)
(3 -3.55044e-16 0)
(3 -6.35062e-16 0)
(3 -3.76861e-16 0)
(3 -8.87978e-16 0)
(3 -1.01909e-15 0)
(3 -1.55883e-15 0)
(3 -1.71305e-15 0)
(3 -1.98372e-15 0)
(3 -2.27075e-15 0)
(1.64265 1.26573 0)
(1.64095 1.24623 0)
(2.65776 0.287361 0)
(3 -3.40934e-14 0)
(3 1.82848e-14 0)
(3 4.04802e-15 0)
(3 4.20855e-15 0)
(3 3.02452e-15 0)
(3 2.04208e-15 0)
(3 1.86126e-15 0)
(3 9.64016e-16 0)
(3 4.4712e-16 0)
(3 -4.63396e-16 0)
(3 -2.29379e-17 0)
(3 -4.40194e-16 0)
(3 -8.74932e-16 0)
(3 -9.96138e-16 0)
(3 -1.52483e-15 0)
(3 -2.06198e-15 0)
(3 -2.57138e-15 0)
(1.65866 1.23674 0)
(1.82689 1.10523 0)
(2.87268 0.0985461 0)
(3 8.45959e-15 0)
(3 2.40063e-15 0)
(3 2.71855e-15 0)
(3 2.63759e-15 0)
(3 2.37077e-15 0)
(3 1.73857e-15 0)
(3 1.20916e-15 0)
(3 7.59087e-16 0)
(3 8.89385e-16 0)
(3 5.71453e-16 0)
(3 8.35219e-17 0)
(3 -3.92754e-16 0)
(3 -6.24853e-16 0)
(3 -6.75372e-16 0)
(3 -1.04898e-15 0)
(3 -1.33948e-15 0)
(3 -1.6309e-15 0)
(1.65955 1.20392 0)
(1.87624 0.98873 0)
(2.97536 0.017681 0)
(3 4.8767e-16 0)
(3 1.81359e-15 0)
(3 1.92004e-15 0)
(3 1.55926e-15 0)
(3 1.56705e-15 0)
(3 1.4142e-15 0)
(3 1.27133e-15 0)
(3 7.12681e-16 0)
(3 7.81043e-16 0)
(3 1.19105e-15 0)
(3 1.24498e-15 0)
(3 5.27064e-16 0)
(3 3.84055e-16 0)
(3 7.19045e-16 0)
(3 4.36639e-16 0)
(3 -1.94319e-16 0)
(3 -6.9459e-16 0)
(1.69747 1.16586 0)
(2.05449 0.817529 0)
(3 -1.54225e-15 0)
(3 -5.68508e-16 0)
(3 8.04648e-16 0)
(3 1.78551e-15 0)
(3 1.65786e-15 0)
(3 2.01043e-15 0)
(3 2.10792e-15 0)
(3 1.6513e-15 0)
(3 9.906e-16 0)
(3 5.26794e-16 0)
(3 5.2553e-16 0)
(3 8.17328e-16 0)
(3 8.24974e-16 0)
(3 8.71643e-16 0)
(3 1.29591e-15 0)
(3 1.51705e-15 0)
(3 5.45234e-16 0)
(3 -2.93358e-17 0)
(1.76814 1.10272 0)
(2.2256 0.652362 0)
(3 -7.09558e-16 0)
(3 1.65092e-16 0)
(3 8.82325e-16 0)
(3 9.30039e-16 0)
(3 7.04738e-16 0)
(3 1.02657e-15 0)
(3 9.91436e-16 0)
(3 8.69863e-16 0)
(3 8.47391e-16 0)
(3 3.17363e-16 0)
(3 -8.5486e-17 0)
(3 -7.18755e-17 0)
(3 -2.76729e-17 0)
(3 -2.44747e-17 0)
(3 2.87762e-17 0)
(3 6.02901e-16 0)
(3 4.05106e-16 0)
(3 1.65002e-16 0)
(1.8455 1.00659 0)
(2.46844 0.434574 0)
(3 -1.04391e-15 0)
(3 -7.77719e-16 0)
(3 -5.06895e-16 0)
(3 5.64589e-17 0)
(3 2.35222e-16 0)
(3 4.27093e-16 0)
(3 7.24068e-16 0)
(3 7.66058e-16 0)
(3 6.54975e-16 0)
(3 -2.64734e-16 0)
(3 -8.13336e-16 0)
(3 -1.28648e-15 0)
(3 -1.12618e-15 0)
(3 -9.37604e-16 0)
(3 -2.78825e-16 0)
(3 -1.98866e-16 0)
(3 -7.74883e-18 0)
(3 3.19356e-16 0)
(1.92885 0.866279 0)
(2.71438 0.204226 0)
(3 -1.6985e-15 0)
(3 -1.02841e-15 0)
(3 -3.03945e-18 0)
(3 4.64875e-16 0)
(3 2.31962e-16 0)
(3 -6.05031e-17 0)
(3 -2.21281e-16 0)
(3 -4.27969e-16 0)
(3 -4.23467e-16 0)
(3 -7.72414e-17 0)
(3 -1.47715e-16 0)
(3 -4.64463e-16 0)
(3 -9.41765e-16 0)
(3 -1.05615e-15 0)
(3 -9.31691e-16 0)
(3 -7.99217e-16 0)
(3 -1.94518e-16 0)
(3 6.19767e-16 0)
(2.10262 0.665341 0)
(2.99109 -7.56586e-07 0)
(3 -3.93341e-15 0)
(3 -3.34934e-15 0)
(3 -2.47609e-15 0)
(3 -1.85874e-15 0)
(3 -1.02466e-15 0)
(3 -8.33549e-16 0)
(3 -6.33967e-16 0)
(3 -7.77111e-16 0)
(3 -8.42669e-16 0)
(3 -8.81295e-16 0)
(3 -9.44151e-16 0)
(3 -8.69926e-16 0)
(3 -1.27937e-15 0)
(3 -2.17919e-15 0)
(3 -2.91761e-15 0)
(3 -2.73348e-15 0)
(3 -2.55904e-15 0)
(3 -2.04797e-15 0)
(1.99257 0.372782 0)
(2.99989 -1.61093e-05 0)
(3 -4.26562e-15 0)
(3 -4.07864e-15 0)
(3 -3.44609e-15 0)
(3 -3.17346e-15 0)
(3 -1.86681e-15 0)
(3 -7.86488e-16 0)
(3 4.18991e-16 0)
(3 9.72454e-16 0)
(3 1.10388e-15 0)
(3 9.35857e-16 0)
(3 5.17586e-16 0)
(3 7.27674e-17 0)
(3 8.31665e-17 0)
(3 3.81803e-16 0)
(3 3.18996e-16 0)
(3 1.37162e-16 0)
(3 2.60636e-17 0)
(3 -2.10829e-17 0)
(1.99277 -0.373617 0)
(2.99989 1.53763e-05 0)
(3 -3.92316e-15 0)
(3 -2.87025e-15 0)
(3 -2.05601e-15 0)
(3 -1.52705e-15 0)
(3 -1.25102e-15 0)
(3 -1.11255e-15 0)
(3 -5.50629e-16 0)
(3 3.33818e-16 0)
(3 8.49341e-16 0)
(3 8.74247e-16 0)
(3 7.89485e-16 0)
(3 5.73427e-16 0)
(3 6.55997e-16 0)
(3 9.17989e-16 0)
(3 1.40795e-15 0)
(3 1.46095e-15 0)
(3 1.14146e-15 0)
(3 1.03333e-15 0)
(2.10826 -0.666042 0)
(2.99104 -8.72526e-06 0)
(3 -3.85332e-15 0)
(3 -3.43601e-15 0)
(3 -2.88539e-15 0)
(3 -2.54315e-15 0)
(3 -2.71899e-15 0)
(3 -2.29954e-15 0)
(3 -1.8392e-15 0)
(3 -1.70311e-15 0)
(3 -1.81488e-15 0)
(3 -5.63841e-16 0)
(3 -4.44625e-16 0)
(3 -5.90121e-16 0)
(3 -1.10277e-16 0)
(3 1.60009e-16 0)
(3 3.71577e-16 0)
(3 3.81853e-16 0)
(3 4.47375e-16 0)
(3 2.97569e-16 0)
(1.93051 -0.867111 0)
(2.71417 -0.20458 0)
(3 -4.36964e-15 0)
(3 -3.49193e-15 0)
(3 -3.54909e-15 0)
(3 -3.31146e-15 0)
(3 -3.41465e-15 0)
(3 -2.40382e-15 0)
(3 -1.61927e-15 0)
(3 -1.69645e-15 0)
(3 -6.54992e-16 0)
(3 -1.76463e-16 0)
(3 -9.88872e-16 0)
(3 -8.33964e-16 0)
(3 3.59725e-17 0)
(3 5.34548e-16 0)
(3 -1.46513e-16 0)
(3 -4.75727e-16 0)
(3 -3.58238e-16 0)
(3 -5.4879e-17 0)
(1.84382 -1.00655 0)
(2.46677 -0.435426 0)
(3 1.78296e-16 0)
(3 7.52586e-16 0)
(3 -2.63735e-16 0)
(3 -3.33325e-15 0)
(3 -3.54459e-15 0)
(3 -2.86998e-15 0)
(3 -3.90647e-16 0)
(3 5.83763e-16 0)
(3 1.19678e-16 0)
(3 -1.61923e-16 0)
(3 -4.11281e-16 0)
(3 3.39675e-17 0)
(3 3.31577e-16 0)
(3 7.14901e-16 0)
(3 1.36309e-15 0)
(3 1.95668e-15 0)
(3 2.00276e-15 0)
(3 2.00277e-15 0)
(1.76796 -1.10242 0)
(2.22554 -0.652677 0)
(3 1.42301e-15 0)
(3 3.68654e-15 0)
(3 1.91296e-15 0)
(3 1.64919e-15 0)
(3 2.23059e-15 0)
(3 2.75001e-15 0)
(3 3.36595e-15 0)
(3 3.9305e-15 0)
(3 3.75909e-15 0)
(3 3.7253e-15 0)
(3 4.01888e-15 0)
(3 3.85659e-15 0)
(3 3.66108e-15 0)
(3 3.00743e-15 0)
(3 2.32663e-15 0)
(3 2.03928e-15 0)
(3 1.99869e-15 0)
(3 2.32126e-15 0)
(1.69828 -1.16548 0)
(2.05551 -0.817022 0)
(3 1.78345e-15 0)
(3 1.71734e-15 0)
(3 1.44245e-15 0)
(3 1.51689e-15 0)
(3 2.20855e-15 0)
(3 2.98187e-15 0)
(3 3.69488e-15 0)
(3 3.87993e-15 0)
(3 4.11449e-15 0)
(3 4.44138e-15 0)
(3 4.3642e-15 0)
(3 4.00596e-15 0)
(3 3.84583e-15 0)
(3 3.27025e-15 0)
(3 1.13735e-15 0)
(3 1.33159e-15 0)
(3 2.19116e-15 0)
(3 3.19248e-15 0)
(1.65933 -1.20392 0)
(1.87646 -0.988166 0)
(2.97556 -0.0174791 0)
(3 6.58387e-16 0)
(3 2.93295e-16 0)
(3 1.40286e-15 0)
(3 1.55937e-15 0)
(3 2.29867e-15 0)
(3 2.55617e-15 0)
(3 2.60256e-15 0)
(3 3.16529e-15 0)
(3 2.75388e-15 0)
(3 1.79892e-15 0)
(3 1.47939e-15 0)
(3 1.58548e-15 0)
(3 1.16113e-15 0)
(3 5.10278e-16 0)
(3 8.64808e-16 0)
(3 1.42254e-15 0)
(3 1.56622e-15 0)
(1.65846 -1.23669 0)
(1.82669 -1.10501 0)
(2.87257 -0.0985202 0)
(3 -9.501e-15 0)
(3 -4.64382e-16 0)
(3 -2.05379e-16 0)
(3 3.98962e-16 0)
(3 1.27491e-15 0)
(3 1.75822e-15 0)
(3 2.05607e-15 0)
(3 2.1596e-15 0)
(3 1.01309e-15 0)
(3 2.19791e-16 0)
(3 3.78215e-16 0)
(3 6.1509e-16 0)
(3 2.1055e-16 0)
(3 -3.84902e-16 0)
(3 6.0672e-16 0)
(3 1.09313e-15 0)
(3 1.06553e-15 0)
(1.64244 -1.26581 0)
(1.64081 -1.24626 0)
(2.65738 -0.287748 0)
(3 5.03103e-14 0)
(3 -1.38981e-14 0)
(3 -3.38772e-17 0)
(3 -8.1676e-17 0)
(3 2.32111e-16 0)
(3 1.06437e-15 0)
(3 1.51351e-15 0)
(3 1.4759e-15 0)
(3 7.61897e-16 0)
(3 5.26039e-16 0)
(3 3.91749e-16 0)
(3 -4.62854e-17 0)
(3 1.95655e-17 0)
(3 9.8877e-19 0)
(3 3.04367e-16 0)
(3 2.86125e-16 0)
(3 -1.50567e-16 0)
(1.62471 -1.2829 0)
(1.58017 -1.31093 0)
(2.42486 -0.527804 0)
(3 4.67021e-13 0)
(3 5.5713e-12 0)
(3 2.12207e-14 0)
(3 -8.80532e-18 0)
(3 7.24661e-16 0)
(3 1.83289e-15 0)
(3 1.73335e-15 0)
(3 9.46362e-16 0)
(3 8.25384e-16 0)
(3 3.1378e-16 0)
(3 1.00767e-15 0)
(3 7.41133e-16 0)
(3 2.29849e-16 0)
(3 -2.58067e-16 0)
(3 -6.18969e-16 0)
(3 -7.66923e-16 0)
(3 -8.60398e-16 0)
(1.60601 -1.29561 0)
(1.47693 -1.38345 0)
(2.16004 -0.822053 0)
(3.01112 0.00942109 0)
(3 -1.53732e-08 0)
(3 -9.10961e-13 0)
(3 6.81291e-15 0)
(3 8.3482e-16 0)
(3 1.81564e-15 0)
(3 1.56268e-15 0)
(3 1.46515e-15 0)
(3 1.39685e-15 0)
(3 1.11668e-15 0)
(3 7.11217e-16 0)
(3 1.40205e-16 0)
(3 -6.43574e-16 0)
(3 -1.00927e-15 0)
(3 -8.87914e-16 0)
(3 -7.29057e-16 0)
(3 -9.51163e-16 0)
(1.58961 -1.3083 0)
(1.46213 -1.3608 0)
(1.91327 -1.05244 0)
(2.8462 -0.136565 0)
(3 1.78185e-08 0)
(3 1.09137e-12 0)
(3 -2.17866e-14 0)
(3 1.72847e-15 0)
(3 2.29508e-15 0)
(3 1.97073e-15 0)
(3 1.39542e-15 0)
(3 1.19533e-15 0)
(3 9.31295e-16 0)
(3 3.14996e-16 0)
(3 -4.65075e-16 0)
(3 -9.24456e-16 0)
(3 -1.16756e-15 0)
(3 -6.61882e-16 0)
(3 -1.09191e-15 0)
(3 -1.41748e-15 0)
(1.58807 -1.32274 0)
(1.50304 -1.32793 0)
(1.79304 -1.18015 0)
(2.45095 -0.535804 0)
(3 2.52707e-06 0)
(3 -6.20112e-12 0)
(3 6.29126e-14 0)
(3 -3.36679e-14 0)
(3 5.22866e-15 0)
(3 1.94224e-15 0)
(3 1.38639e-15 0)
(3 6.80772e-16 0)
(3 9.00388e-16 0)
(3 -1.99102e-16 0)
(3 -7.48489e-16 0)
(3 -5.53606e-16 0)
(3 -8.33687e-16 0)
(3 -3.82553e-16 0)
(3 -6.81449e-16 0)
(3 -1.36403e-15 0)
(1.58037 -1.29439 0)
(1.55983 -1.29021 0)
(1.6774 -1.23639 0)
(2.16205 -0.837567 0)
(3.01899 0.0183207 0)
(3 8.75902e-12 0)
(3 1.45222e-11 0)
(3 -2.51139e-11 0)
(3 3.88401e-12 0)
(3 2.92839e-15 0)
(3 7.69959e-16 0)
(3 1.52746e-15 0)
(3 1.27835e-15 0)
(3 -4.30378e-16 0)
(3 -8.81315e-16 0)
(3 -1.76507e-16 0)
(3 2.41068e-16 0)
(3 3.63465e-16 0)
(3 4.87103e-17 0)
(3 -1.06047e-15 0)
(1.58334 -1.27701 0)
(1.5802 -1.2714 0)
(1.63125 -1.26387 0)
(1.76916 -1.15914 0)
(2.69611 -0.258917 0)
(3 6.12358e-10 0)
(3 -1.45648e-08 0)
(3 1.31533e-08 0)
(3 -5.73646e-10 0)
(3 -3.15453e-12 0)
(3 9.15392e-15 0)
(3 1.49217e-15 0)
(3 1.42887e-15 0)
(3 -1.69296e-17 0)
(3 -5.69498e-16 0)
(3 -1.69558e-16 0)
(3 5.09506e-16 0)
(3 7.84442e-16 0)
(3 8.49269e-16 0)
(3 5.26104e-16 0)
(1.58486 -1.26714 0)
(1.59609 -1.26307 0)
(1.62533 -1.25248 0)
(1.74511 -1.20017 0)
(2.3887 -0.630238 0)
(3.0193 0.0188128 0)
(2.99976 -0.000171497 0)
(3 4.43576e-06 0)
(3 -8.72975e-08 0)
(3 9.36824e-10 0)
(3 2.67826e-15 0)
(3 1.36443e-15 0)
(3 1.40134e-15 0)
(3 8.00587e-16 0)
(3 -5.94078e-16 0)
(3 4.71277e-16 0)
(3 8.97371e-16 0)
(3 7.83284e-16 0)
(3 1.72097e-17 0)
(3 1.10524e-16 0)
(1.58517 -1.25322 0)
(1.60826 -1.25622 0)
(1.6264 -1.25601 0)
(1.6374 -1.27442 0)
(1.83118 -1.10704 0)
(2.72948 -0.231853 0)
(3.0053 0.00189826 0)
(2.99991 -8.44812e-05 0)
(3 1.01686e-06 0)
(3 -9.14854e-10 0)
(3 2.69781e-15 0)
(3 1.76789e-15 0)
(3 1.7842e-15 0)
(3 1.31259e-15 0)
(3 -2.26378e-16 0)
(3 4.25001e-16 0)
(3 8.40936e-16 0)
(3 5.22865e-16 0)
(3 8.27482e-16 0)
(3 1.18412e-15 0)
(1.58634 -1.25037 0)
(1.60657 -1.25505 0)
(1.6138 -1.26038 0)
(1.59523 -1.29011 0)
(1.70654 -1.21826 0)
(2.24896 -0.789305 0)
(2.99719 -8.56284e-05 0)
(3.00024 0.000633731 0)
(3 -9.2637e-07 0)
(3 -5.50532e-11 0)
(3 1.61616e-13 0)
(3 1.59671e-15 0)
(3 1.57073e-15 0)
(3 3.23696e-16 0)
(3 6.76357e-19 0)
(3 8.0073e-16 0)
(3 1.03455e-15 0)
(3 4.31174e-16 0)
(3 6.60231e-16 0)
(3 1.00442e-15 0)
(1.58597 -1.24915 0)
(1.59631 -1.25944 0)
(1.59895 -1.27321 0)
(1.59575 -1.27768 0)
(1.65706 -1.25673 0)
(1.70134 -1.24493 0)
(2.26251 -0.748213 0)
(2.9958 -0.0163727 0)
(3 -4.56137e-08 0)
(3 -6.14091e-11 0)
(3 -8.60628e-15 0)
(3 5.11082e-16 0)
(3 5.91811e-15 0)
(3 -4.84376e-15 0)
(3 -8.7064e-17 0)
(3 1.4725e-15 0)
(3 2.73459e-15 0)
(3 2.22723e-15 0)
(3 1.08351e-15 0)
(3 -1.08079e-16 0)
(1.58219 -1.26014 0)
(1.58634 -1.26651 0)
(1.58976 -1.2714 0)
(1.59287 -1.2595 0)
(1.60675 -1.23936 0)
(1.58844 -1.26718 0)
(1.90627 -1.16261 0)
(2.95775 -0.396092 0)
(3.35496 0.614362 0)
(3 -4.13516e-11 0)
(3 -1.8117e-11 0)
(3 -3.41544e-14 0)
(3 -3.92718e-12 0)
(3 3.72287e-12 0)
(3 -7.09648e-15 0)
(3 -4.24497e-15 0)
(3 4.28728e-16 0)
(3 2.23611e-15 0)
(3 1.58829e-15 0)
(3 1.063e-15 0)
(1.18155 -0.744689 0)
(1.82609 -1.16374 0)
(1.84029 -1.15796 0)
(1.73709 -1.19291 0)
(1.70978 -1.19399 0)
(1.66224 -1.24103 0)
(1.65586 -1.2127 0)
(1.72275 -1.16606 0)
(1.75347 -1.23095 0)
(1.78785 -1.14116 0)
(2.27 -0.739306 0)
(2.86002 -0.207028 0)
(3.09729 0.0286569 0)
(3.02052 0.0123776 0)
(3.00451 0.00541411 0)
(3.00183 0.00299678 0)
(3.00007 0.000598801 0)
(2.99998 2.38292e-05 0)
(2.99999 -1.4146e-05 0)
(3 -5.85402e-06 0)
(1.00213 -0.0456528 0)
(1.93143 -0.744463 0)
(2.11066 -0.83144 0)
(1.99088 -0.976612 0)
(1.96352 -0.977608 0)
(1.88124 -1.07277 0)
(1.79439 -1.1345 0)
(1.75731 -1.1485 0)
(1.75442 -1.16486 0)
(1.73259 -1.20391 0)
(1.71589 -1.19565 0)
(1.86279 -1.06928 0)
(2.0984 -0.884939 0)
(2.50667 -0.574611 0)
(2.99047 -0.132832 0)
(3.07342 0.0295298 0)
(3.00789 0.00757224 0)
(3.00284 0.00378711 0)
(3.00119 0.0021691 0)
(3.00008 0.000484216 0)
(1.15604 0.161498 0)
(1.90648 0.0663227 0)
(2.24297 -0.349934 0)
(2.25221 -0.499248 0)
(2.19659 -0.699049 0)
(2.13829 -0.804651 0)
(2.04125 -0.916453 0)
(1.973 -0.960969 0)
(1.91623 -1.03093 0)
(1.84992 -1.12156 0)
(1.78779 -1.15441 0)
(1.79084 -1.15105 0)
(1.81035 -1.13179 0)
(1.85292 -1.08892 0)
(2.04181 -0.953756 0)
(2.25937 -0.831988 0)
(2.66873 -0.50214 0)
(3.03887 -0.089088 0)
(3.05453 0.0240085 0)
(3.00389 0.00458801 0)
(1.01094 0.441772 0)
(1.85542 0.49922 0)
(2.09866 1.00759 0)
(2.28384 -0.0393974 0)
(2.38091 -0.0144878 0)
(2.32417 -0.37835 0)
(2.30086 -0.539044 0)
(2.18539 -0.73727 0)
(2.13669 -0.797962 0)
(2.07963 -0.916099 0)
(1.96491 -1.0189 0)
(1.90887 -1.07199 0)
(1.87914 -1.08901 0)
(1.86931 -1.09393 0)
(1.87396 -1.05701 0)
(1.89921 -1.04835 0)
(1.96427 -1.02007 0)
(2.16718 -0.900176 0)
(2.38454 -0.788406 0)
(2.78114 -0.43776 0)
(0.63326 0.50812 0)
(1.43344 0.876986 0)
(2.45748 1.09499 0)
(2.24932 0.88345 0)
(2.35494 0.628179 0)
(2.45108 0.237014 0)
(2.42331 -0.14454 0)
(2.38279 -0.322425 0)
(2.32366 -0.463901 0)
(2.29421 -0.605328 0)
(2.19803 -0.754374 0)
(2.13034 -0.849443 0)
(2.08068 -0.901712 0)
(2.03046 -0.953422 0)
(1.99691 -0.958721 0)
(1.95745 -0.98399 0)
(1.95501 -1.01477 0)
(1.96885 -0.997175 0)
(1.99347 -0.996618 0)
(2.071 -0.977767 0)
(0.785301 0.799457 0)
(1.28314 0.950858 0)
(2.28779 1.21493 0)
(2.52338 1.46722 0)
(2.58243 0.667643 0)
(2.43316 0.83229 0)
(2.45208 0.48888 0)
(2.45335 0.240707 0)
(2.43513 0.020789 0)
(2.44362 -0.129927 0)
(2.40638 -0.322629 0)
(2.34586 -0.493861 0)
(2.3046 -0.608867 0)
(2.23071 -0.731119 0)
(2.17317 -0.800549 0)
(2.11564 -0.843817 0)
(2.05987 -0.905662 0)
(2.05189 -0.911228 0)
(2.04048 -0.9291 0)
(2.06281 -0.948268 0)
(0.974553 0.989688 0)
(1.26092 1.05286 0)
(1.98551 1.45842 0)
(2.17448 1.93434 0)
(2.675 0.819349 0)
(2.5289 1.10189 0)
(2.58662 0.800392 0)
(2.57422 0.398724 0)
(2.55629 0.330942 0)
(2.55567 0.0807884 0)
(2.56032 -0.110113 0)
(2.49645 -0.327442 0)
(2.46052 -0.456552 0)
(2.38741 -0.5897 0)
(2.33457 -0.647402 0)
(2.28838 -0.663621 0)
(2.24663 -0.681102 0)
(2.24307 -0.669715 0)
(2.18526 -0.735667 0)
(2.13748 -0.779987 0)
(1.16276 1.15511 0)
(1.34248 1.2137 0)
(1.82522 1.61411 0)
(1.89562 1.97008 0)
(2.20052 1.48304 0)
(2.42627 1.25771 0)
(2.64151 0.958087 0)
(2.69016 0.421414 0)
(2.69292 0.32482 0)
(2.66006 0.155032 0)
(2.64316 0.0234782 0)
(2.60909 -0.102944 0)
(2.57986 -0.18853 0)
(2.54677 -0.25764 0)
(2.49686 -0.317644 0)
(2.46727 -0.326686 0)
(2.43268 -0.366678 0)
(2.3809 -0.464345 0)
(2.30576 -0.586602 0)
(2.29993 -0.565233 0)
(1.35263 1.38091 0)
(1.39062 1.46877 0)
(1.63368 1.7696 0)
(1.85138 1.93858 0)
(2.13085 1.59243 0)
(2.24912 1.32203 0)
(2.33714 1.36714 0)
(2.5081 1.05762 0)
(2.58786 0.771661 0)
(2.58601 0.804555 0)
(2.60448 0.56541 0)
(2.61637 0.429166 0)
(2.60967 0.282577 0)
(2.62602 0.189934 0)
(2.58054 0.0127801 0)
(2.58552 -0.0698147 0)
(2.53529 -0.247826 0)
(2.49003 -0.35101 0)
(2.43069 -0.405856 0)
(2.45493 -0.333266 0)
(1.5693 1.62688 0)
(1.47413 1.79127 0)
(1.46113 2.05754 0)
(1.76766 2.00566 0)
(2.03793 1.78198 0)
(2.19284 1.47828 0)
(2.14286 1.54405 0)
(2.29153 1.42103 0)
(2.39089 1.22788 0)
(2.42594 1.13678 0)
(2.51061 0.940423 0)
(2.57621 0.740144 0)
(2.62486 0.531353 0)
(2.69337 0.375557 0)
(2.65462 0.111313 0)
(2.65322 -0.0121921 0)
(2.62079 -0.175099 0)
(2.5947 -0.126323 0)
(2.55089 -0.141764 0)
(2.58727 -0.0509873 0)
(1.78725 1.76029 0)
(1.69142 1.97896 0)
(1.57514 2.2928 0)
(1.75892 2.1838 0)
(1.95438 1.96604 0)
(2.0913 1.64365 0)
(2.13495 1.60302 0)
(2.23522 1.51777 0)
(2.35907 1.40854 0)
(2.47814 1.18786 0)
(2.60719 1.00066 0)
(2.66791 0.733089 0)
(2.70695 0.552192 0)
(2.7346 0.390401 0)
(2.72536 0.243585 0)
(2.71391 0.204251 0)
(2.69992 0.149013 0)
(2.68848 0.237542 0)
(2.65708 0.181988 0)
(2.61519 0.0253017 0)
(1.89992 1.78402 0)
(1.83961 2.01999 0)
(1.70202 2.35309 0)
(1.81418 2.2868 0)
(2.01747 2.05086 0)
(2.1584 1.75004 0)
(2.29159 1.63807 0)
(2.36544 1.62063 0)
(2.59329 1.48199 0)
(2.69827 1.1345 0)
(2.73504 1.09418 0)
(2.75514 0.869984 0)
(2.74526 0.843256 0)
(2.74964 0.73965 0)
(2.74367 0.666165 0)
(2.72309 0.594042 0)
(2.71584 0.551567 0)
(2.73752 0.517115 0)
(2.71467 0.353046 0)
(2.67407 0.151404 0)
(1.88144 1.74451 0)
(1.94994 1.98201 0)
(1.9111 2.39199 0)
(2.01536 2.43359 0)
(2.20088 2.16583 0)
(2.29568 2.07995 0)
(2.46699 1.73776 0)
(2.56844 1.64755 0)
(2.63231 1.61689 0)
(2.68684 1.43756 0)
(2.63869 1.4679 0)
(2.66987 1.30251 0)
(2.63803 1.20829 0)
(2.65431 1.12497 0)
(2.67045 0.986607 0)
(2.69089 0.873572 0)
(2.74461 0.799019 0)
(2.77817 0.616918 0)
(2.78432 0.437918 0)
(2.73967 0.307424 0)
(1.70641 1.63188 0)
(1.9834 1.92291 0)
(2.05142 2.3766 0)
(2.06952 2.42369 0)
(2.24966 2.22631 0)
(2.31601 2.18231 0)
(2.44304 1.82027 0)
(2.36997 1.83985 0)
(2.35372 1.86075 0)
(2.38376 1.76895 0)
(2.42446 1.63976 0)
(2.49704 1.53826 0)
(2.53539 1.36764 0)
(2.62347 1.28721 0)
(2.66674 1.12868 0)
(2.74219 0.985049 0)
(2.81476 0.831711 0)
(2.83887 0.597612 0)
(2.78773 0.55398 0)
(2.71602 0.567228 0)
(1.55994 1.54525 0)
(1.85728 1.87635 0)
(2.0522 2.32835 0)
(2.06944 2.39169 0)
(2.21536 2.27549 0)
(2.20876 2.2653 0)
(2.25614 2.03146 0)
(2.10622 1.9773 0)
(2.04828 1.95047 0)
(2.16493 1.85255 0)
(2.29384 1.69005 0)
(2.46455 1.60019 0)
(2.53416 1.45817 0)
(2.68631 1.37242 0)
(2.7411 1.16896 0)
(2.80764 0.998531 0)
(2.78697 0.956624 0)
(2.7704 0.888419 0)
(2.69884 1.02278 0)
(2.67762 0.965746 0)
(1.48488 1.47486 0)
(1.70398 1.81316 0)
(1.87434 2.21473 0)
(1.84257 2.34707 0)
(1.8785 2.32307 0)
(2.0089 2.31018 0)
(2.02686 2.12168 0)
(1.98577 1.99897 0)
(1.95855 1.96929 0)
(2.15235 1.86942 0)
(2.30471 1.72673 0)
(2.5128 1.65534 0)
(2.62637 1.48108 0)
(2.70393 1.38643 0)
(2.71785 1.32432 0)
(2.67637 1.37194 0)
(2.63709 1.39225 0)
(2.62034 1.29405 0)
(2.61778 1.34716 0)
(2.6733 1.15284 0)
(1.44362 1.42716 0)
(1.61078 1.69927 0)
(1.75514 2.03535 0)
(1.75572 2.26536 0)
(1.74974 2.31356 0)
(1.78687 2.28562 0)
(1.87324 2.1777 0)
(1.99146 1.96873 0)
(2.04431 1.92921 0)
(2.23833 1.92918 0)
(2.42458 1.75238 0)
(2.53113 1.73478 0)
(2.58111 1.7092 0)
(2.52167 1.75987 0)
(2.49157 1.71526 0)
(2.47886 1.72025 0)
(2.49962 1.59804 0)
(2.54668 1.48521 0)
(2.63058 1.41046 0)
(2.74599 1.21178 0)
(1.49403 1.3996 0)
(1.63668 1.61729 0)
(1.72234 1.84201 0)
(1.74237 2.08628 0)
(1.77501 2.20349 0)
(1.83172 2.24699 0)
(1.89021 2.22437 0)
(1.98958 2.16923 0)
(2.03022 2.16028 0)
(2.13702 2.10917 0)
(2.18955 2.13822 0)
(2.23169 2.06339 0)
(2.27072 1.97953 0)
(2.2786 1.93059 0)
(2.31649 1.83802 0)
(2.39696 1.8146 0)
(2.47124 1.71546 0)
(2.56744 1.64914 0)
(2.65396 1.56133 0)
(2.73622 1.49622 0)
(1.65798 1.4489 0)
(1.60598 1.49978 0)
(1.60071 1.47025 0)
(1.65668 1.40745 0)
(1.73449 1.35937 0)
(1.7553 1.23278 0)
(1.74821 1.18908 0)
(1.7099 1.08977 0)
(1.69048 1.00368 0)
(1.77225 0.980908 0)
(1.88756 1.20952 0)
(1.96985 1.46957 0)
(1.96321 1.47529 0)
(1.96595 1.41855 0)
(1.98733 1.26049 0)
(2.06302 1.1378 0)
(2.18125 0.970556 0)
(2.27509 0.890659 0)
(2.39125 0.897639 0)
(2.58821 1.13681 0)
(1.53661 0.461799 0)
(1.3725 0.626193 0)
(1.3523 0.395802 0)
(1.35513 0.341836 0)
(1.42453 0.262135 0)
(1.50412 0.22416 0)
(1.5659 0.235651 0)
(1.55097 0.194118 0)
(1.49353 0.103415 0)
(1.53218 0.0810235 0)
(1.56535 0.151336 0)
(1.61259 0.276303 0)
(1.63609 0.315296 0)
(1.63128 0.28789 0)
(1.6499 0.21848 0)
(1.68888 0.116029 0)
(1.75779 0.016015 0)
(1.85425 0.00954612 0)
(1.89835 0.0358633 0)
(1.95906 0.169985 0)
(1.90198 -0.0587843 0)
(2.07219 -0.122664 0)
(2.10418 -0.0991841 0)
(2.13231 -0.0831396 0)
(2.13511 -0.0203582 0)
(2.14326 -0.00747604 0)
(2.17387 0.00579421 0)
(2.19542 0.00102409 0)
(2.21189 -0.0118616 0)
(2.21257 -0.0162805 0)
(2.21298 -0.0166277 0)
(2.23012 -0.0113118 0)
(2.26423 -0.00352756 0)
(2.30969 0.00263131 0)
(2.34774 0.00196205 0)
(2.38307 -0.00428256 0)
(2.4163 -0.00837815 0)
(2.43086 -0.0073911 0)
(2.37931 0.00248249 0)
(2.29105 0.0079396 0)
(2.25116 -0.667063 0)
(2.37756 -0.538098 0)
(2.3365 -0.360758 0)
(2.33825 -0.250275 0)
(2.26279 -0.0307641 0)
(2.25525 -0.0306305 0)
(2.25056 0.0159352 0)
(2.25723 0.00744688 0)
(2.27817 -0.0311585 0)
(2.28661 -0.0589872 0)
(2.28606 -0.0567676 0)
(2.29288 -0.0410618 0)
(2.31879 -0.00946558 0)
(2.35739 0.00671717 0)
(2.39236 -0.00100073 0)
(2.43076 -0.0206854 0)
(2.45437 -0.0298398 0)
(2.46191 -0.0281127 0)
(2.41026 -0.00942727 0)
(2.31929 0.0135987 0)
(2.67723 -1.48503 0)
(2.65813 -1.40367 0)
(2.59591 -1.15776 0)
(2.60563 -0.927125 0)
(2.5757 -0.507005 0)
(2.62801 -0.290619 0)
(2.49371 -0.0146203 0)
(2.43408 0.00803142 0)
(2.39157 -0.0304209 0)
(2.4087 -0.0480879 0)
(2.42392 -0.0505892 0)
(2.42747 -0.0443573 0)
(2.43487 -0.0202622 0)
(2.45578 0.00544113 0)
(2.48975 0.00790026 0)
(2.51987 -0.00791726 0)
(2.54388 -0.0244813 0)
(2.53924 -0.0212087 0)
(2.48668 -0.00575333 0)
(2.39112 0.00797104 0)
(2.74718 -1.22009 0)
(2.70531 -1.18524 0)
(2.70216 -1.23132 0)
(2.69958 -1.1965 0)
(2.72182 -1.10022 0)
(2.78086 -0.832467 0)
(2.73628 -0.381847 0)
(2.72093 -0.226334 0)
(2.61018 -0.0652183 0)
(2.53915 -0.0716211 0)
(2.52011 -0.0520932 0)
(2.53652 -0.0385644 0)
(2.55214 -0.0318711 0)
(2.56555 -0.0193745 0)
(2.58238 -0.0106431 0)
(2.60689 -0.0162494 0)
(2.62574 -0.0199992 0)
(2.62204 -0.00877993 0)
(2.57848 0.00788808 0)
(2.4998 0.00904525 0)
(2.75617 -1.01294 0)
(2.72209 -1.04389 0)
(2.70092 -1.01137 0)
(2.70263 -1.0262 0)
(2.7505 -1.00382 0)
(2.79059 -0.992741 0)
(2.80377 -0.91625 0)
(2.81814 -0.699115 0)
(2.76358 -0.36818 0)
(2.69069 -0.20425 0)
(2.62208 -0.0718851 0)
(2.61027 -0.042343 0)
(2.62712 -0.0422823 0)
(2.64051 -0.0385845 0)
(2.64582 -0.0273895 0)
(2.65507 -0.0104389 0)
(2.66742 -0.00307794 0)
(2.66617 0.0124941 0)
(2.64036 0.0301455 0)
(2.60651 0.0217508 0)
(2.72868 -0.903014 0)
(2.73477 -0.880339 0)
(2.70931 -0.926782 0)
(2.73341 -0.924884 0)
(2.75133 -0.917008 0)
(2.79686 -0.934432 0)
(2.82531 -0.927649 0)
(2.82747 -0.896951 0)
(2.79553 -0.811462 0)
(2.72878 -0.51482 0)
(2.67449 -0.188867 0)
(2.65511 -0.11148 0)
(2.66384 -0.086087 0)
(2.67427 -0.0728989 0)
(2.67315 -0.0558388 0)
(2.67098 -0.0241173 0)
(2.68283 0.0163306 0)
(2.67812 0.0391802 0)
(2.67602 0.045193 0)
(2.67838 0.0218729 0)
(2.72054 -0.706336 0)
(2.72627 -0.722086 0)
(2.73587 -0.745559 0)
(2.75301 -0.774756 0)
(2.77217 -0.79466 0)
(2.78467 -0.82336 0)
(2.79516 -0.834349 0)
(2.80017 -0.822563 0)
(2.77588 -0.774815 0)
(2.75089 -0.76517 0)
(2.69299 -0.597302 0)
(2.64598 -0.229646 0)
(2.64752 -0.161567 0)
(2.67352 -0.120075 0)
(2.67857 -0.08841 0)
(2.67004 -0.0505267 0)
(2.67868 0.0136579 0)
(2.68699 0.0499714 0)
(2.69855 0.0555989 0)
(2.71868 0.0196208 0)
(2.7121 -0.504861 0)
(2.70651 -0.553392 0)
(2.75485 -0.637848 0)
(2.79155 -0.646697 0)
(2.79508 -0.68487 0)
(2.77437 -0.735533 0)
(2.75424 -0.774186 0)
(2.75679 -0.756922 0)
(2.7491 -0.73009 0)
(2.70621 -0.700414 0)
(2.70259 -0.71404 0)
(2.6895 -0.638561 0)
(2.65231 -0.360215 0)
(2.66968 -0.20201 0)
(2.68346 -0.11868 0)
(2.68252 -0.0673107 0)
(2.6757 -0.00912679 0)
(2.68893 0.04707 0)
(2.70914 0.0608816 0)
(2.74461 0.0176697 0)
(2.68858 -0.294047 0)
(2.69411 -0.37911 0)
(2.76193 -0.465733 0)
(2.81944 -0.473584 0)
(2.8022 -0.522943 0)
(2.76047 -0.603503 0)
(2.7105 -0.689938 0)
(2.70709 -0.706601 0)
(2.71548 -0.665647 0)
(2.70305 -0.66328 0)
(2.70133 -0.658976 0)
(2.70418 -0.688414 0)
(2.71667 -0.677743 0)
(2.70838 -0.470972 0)
(2.70803 -0.215818 0)
(2.70355 -0.114919 0)
(2.6899 -0.0502233 0)
(2.68922 0.0269472 0)
(2.71835 0.0508233 0)
(2.75828 0.024977 0)
(2.64448 -0.13346 0)
(2.66239 -0.211792 0)
(2.74466 -0.321163 0)
(2.80597 -0.383509 0)
(2.76899 -0.419326 0)
(2.7332 -0.498711 0)
(2.68904 -0.590005 0)
(2.67962 -0.639713 0)
(2.69748 -0.626102 0)
(2.69894 -0.607025 0)
(2.69969 -0.631165 0)
(2.71528 -0.649001 0)
(2.72941 -0.672997 0)
(2.74526 -0.676857 0)
(2.75397 -0.50786 0)
(2.7594 -0.278061 0)
(2.70596 -0.089819 0)
(2.70459 0.00424334 0)
(2.73263 0.0362783 0)
(2.76814 0.0240331 0)
(2.50708 0.181942 0)
(2.58108 -0.0540402 0)
(2.62296 -0.0538662 0)
(2.59319 -0.0595043 0)
(2.58525 -0.212299 0)
(2.61965 -0.295924 0)
(2.67148 -0.427795 0)
(2.67637 -0.50182 0)
(2.69835 -0.530668 0)
(2.72315 -0.547015 0)
(2.71259 -0.556614 0)
(2.7155 -0.596239 0)
(2.72932 -0.590311 0)
(2.74497 -0.62189 0)
(2.77601 -0.637233 0)
(2.81138 -0.569252 0)
(2.79169 -0.357828 0)
(2.77517 -0.165065 0)
(2.79023 0.0333792 0)
(2.80185 0.0244663 0)
(2.33188 0.589717 0)
(2.43805 0.364103 0)
(2.55304 0.0262518 0)
(2.57758 -0.0532649 0)
(2.57845 -0.109092 0)
(2.63979 -0.24112 0)
(2.68394 -0.315034 0)
(2.68874 -0.368824 0)
(2.70948 -0.424908 0)
(2.7331 -0.466174 0)
(2.71627 -0.49313 0)
(2.70686 -0.474604 0)
(2.72998 -0.505704 0)
(2.75198 -0.510895 0)
(2.78653 -0.562953 0)
(2.84461 -0.603177 0)
(2.85896 -0.583473 0)
(2.8825 -0.433083 0)
(2.89925 -0.24212 0)
(2.89999 -0.0958915 0)
(2.34782 0.707274 0)
(2.3817 0.613383 0)
(2.43492 0.468051 0)
(2.54226 0.209404 0)
(2.59892 -0.00368546 0)
(2.61998 0.0167686 0)
(2.57321 0.0233264 0)
(2.63617 -0.112334 0)
(2.66955 -0.193814 0)
(2.69006 -0.254188 0)
(2.71203 -0.361668 0)
(2.72728 -0.408665 0)
(2.76128 -0.4075 0)
(2.78692 -0.453901 0)
(2.81524 -0.459271 0)
(2.84727 -0.491841 0)
(2.88771 -0.559964 0)
(2.95956 -0.554525 0)
(2.97191 -0.498376 0)
(2.97305 -0.302338 0)
(2.43417 0.686463 0)
(2.43187 0.679866 0)
(2.43556 0.638789 0)
(2.46062 0.555573 0)
(2.53594 0.358983 0)
(2.60137 0.15676 0)
(2.60354 0.113494 0)
(2.66733 -0.0613216 0)
(2.69526 -0.159657 0)
(2.71922 -0.235016 0)
(2.73616 -0.308875 0)
(2.76218 -0.358228 0)
(2.79755 -0.358187 0)
(2.81031 -0.361185 0)
(2.82887 -0.375345 0)
(2.85163 -0.370355 0)
(2.89804 -0.424837 0)
(2.94151 -0.515026 0)
(3.00278 -0.535187 0)
(3.02811 -0.512187 0)
(2.725 0.439837 0)
(2.59205 0.602232 0)
(2.52494 0.631034 0)
(2.52345 0.618148 0)
(2.52895 0.57194 0)
(2.56024 0.47141 0)
(2.6177 0.305313 0)
(2.67208 0.132912 0)
(2.68374 0.102271 0)
(2.69071 0.0541732 0)
(2.73367 -0.0782029 0)
(2.76205 -0.127522 0)
(2.7608 -0.130899 0)
(2.80874 -0.23792 0)
(2.83825 -0.29923 0)
(2.87782 -0.291373 0)
(2.92612 -0.356049 0)
(2.967 -0.400255 0)
(3.00879 -0.41804 0)
(3.07308 -0.468693 0)
(2.96868 0.0707165 0)
(2.84855 0.307678 0)
(2.73558 0.475071 0)
(2.61264 0.581263 0)
(2.60986 0.581555 0)
(2.60985 0.564601 0)
(2.61716 0.52157 0)
(2.66042 0.401349 0)
(2.69935 0.2674 0)
(2.72193 0.18298 0)
(2.77972 0.0172421 0)
(2.79198 -0.0333822 0)
(2.81236 -0.129334 0)
(2.83624 -0.221719 0)
(2.86884 -0.281019 0)
(2.9166 -0.260265 0)
(2.95658 -0.300643 0)
(2.99193 -0.334749 0)
(3.02353 -0.325403 0)
(3.08339 -0.40137 0)
(2.99896 0.00341699 0)
(2.98557 0.0366108 0)
(2.94964 0.133035 0)
(2.81941 0.375182 0)
(2.74841 0.483757 0)
(2.66852 0.550954 0)
(2.6672 0.550189 0)
(2.67152 0.531975 0)
(2.68352 0.486241 0)
(2.72127 0.384266 0)
(2.76556 0.260813 0)
(2.7874 0.173367 0)
(2.81296 0.0915758 0)
(2.84541 0.00753449 0)
(2.87226 -0.0647701 0)
(2.89687 -0.0683635 0)
(2.94777 -0.149448 0)
(2.9864 -0.177331 0)
(2.9922 -0.160542 0)
(3.06748 -0.281102 0)
(2.99998 7.09527e-05 0)
(2.99963 0.000922552 0)
(2.99748 0.00755619 0)
(2.97482 0.0634604 0)
(2.92953 0.179874 0)
(2.83069 0.372499 0)
(2.77219 0.472098 0)
(2.71383 0.522814 0)
(2.71403 0.519904 0)
(2.71964 0.502629 0)
(2.73716 0.456099 0)
(2.7705 0.365956 0)
(2.81435 0.242606 0)
(2.83798 0.200874 0)
(2.86994 0.100012 0)
(2.92206 -0.0528997 0)
(2.95936 -0.155262 0)
(2.99421 -0.200667 0)
(3.01973 -0.170605 0)
(3.07333 -0.249954 0)
(3 1.09568e-06 0)
(3 9.80343e-06 0)
(2.99996 0.000109745 0)
(2.99916 0.00206457 0)
(2.99514 0.0131837 0)
(2.96802 0.0815272 0)
(2.92881 0.18548 0)
(2.83577 0.376936 0)
(2.79603 0.447404 0)
(2.75339 0.490176 0)
(2.75338 0.48899 0)
(2.75844 0.477048 0)
(2.77919 0.433244 0)
(2.80868 0.371863 0)
(2.86151 0.243727 0)
(2.89758 0.162608 0)
(2.88731 0.188287 0)
(2.959 0.0611042 0)
(3.02933 -0.0915673 0)
(3.07682 -0.163895 0)
(3 1.27432e-08 0)
(3 8.10714e-08 0)
(3 9.22205e-07 0)
(2.99999 2.10015e-05 0)
(2.9999 0.00024164 0)
(2.9987 0.00309781 0)
(2.99337 0.0174038 0)
(2.96537 0.085813 0)
(2.92384 0.193882 0)
(2.85574 0.345568 0)
(2.81458 0.419663 0)
(2.78339 0.466236 0)
(2.78679 0.464515 0)
(2.79849 0.452516 0)
(2.82362 0.419193 0)
(2.86417 0.35471 0)
(2.90604 0.269681 0)
(2.96329 0.16151 0)
(2.99536 0.126053 0)
(3.05014 0.0155741 0)
(3 1.05726e-10 0)
(3 6.3667e-10 0)
(3 6.44019e-09 0)
(3 1.39732e-07 0)
(3 2.14826e-06 0)
(2.99998 3.33914e-05 0)
(2.99983 0.000391825 0)
(2.99847 0.00353183 0)
(2.99177 0.0203928 0)
(2.96805 0.0796893 0)
(2.92593 0.180942 0)
(2.86741 0.321891 0)
(2.82833 0.395549 0)
(2.8224 0.433185 0)
(2.83246 0.428581 0)
(2.85256 0.416555 0)
(2.88203 0.39465 0)
(2.92345 0.346859 0)
(2.96492 0.28408 0)
(3.02396 0.178612 0)
(3 6.96231e-13 0)
(3 4.53476e-12 0)
(3 3.88078e-11 0)
(3 8.88706e-10 0)
(3 1.29182e-08 0)
(3 2.59674e-07 0)
(3 3.34292e-06 0)
(2.99998 4.51176e-05 0)
(2.99979 0.000477461 0)
(2.99855 0.00333055 0)
(2.99118 0.0211023 0)
(2.97243 0.066917 0)
(2.92618 0.176083 0)
(2.89272 0.279142 0)
(2.86137 0.34799 0)
(2.87243 0.386677 0)
(2.88588 0.380589 0)
(2.91103 0.368536 0)
(2.94051 0.348845 0)
(2.99483 0.291665 0)
(3 1.56817e-15 0)
(3 2.47866e-14 0)
(3 2.31472e-13 0)
(3 4.5382e-12 0)
(3 7.7901e-11 0)
(3 1.5042e-09 0)
(3 2.27454e-08 0)
(3 3.40742e-07 0)
(3 4.19796e-06 0)
(2.99998 4.77946e-05 0)
(2.99979 0.000457466 0)
(2.9986 0.00331453 0)
(2.9923 0.0179224 0)
(2.97806 0.0555012 0)
(2.9437 0.141389 0)
(2.92723 0.211832 0)
(2.90149 0.289653 0)
(2.92622 0.319489 0)
(2.94053 0.314423 0)
(2.98073 0.282868 0)
(3 7.87421e-16 0)
(3 3.98127e-15 0)
(3 4.6813e-15 0)
(3 3.20125e-14 0)
(3 4.04765e-13 0)
(3 8.15171e-12 0)
(3 1.33242e-10 0)
(3 2.03979e-09 0)
(3 2.95157e-08 0)
(3 3.5451e-07 0)
(3 4.53932e-06 0)
(2.99998 4.42726e-05 0)
(2.99983 0.000395943 0)
(2.99898 0.00248855 0)
(2.99531 0.011414 0)
(2.98618 0.0370999 0)
(2.9689 0.0857546 0)
(2.96096 0.140428 0)
(2.95053 0.198223 0)
(2.98468 0.204282 0)
(3 -3.0304e-16 0)
(3 1.85947e-15 0)
(3 2.32728e-15 0)
(3 2.77295e-15 0)
(3 4.72045e-15 0)
(3 3.68649e-14 0)
(3 6.15601e-13 0)
(3 9.80963e-12 0)
(3 1.50933e-10 0)
(3 1.96004e-09 0)
(3 2.67958e-08 0)
(3 2.91297e-07 0)
(3 3.12035e-06 0)
(2.99999 2.56642e-05 0)
(2.99989 0.000189948 0)
(2.99944 0.00102856 0)
(2.99768 0.00442392 0)
(2.99369 0.0127226 0)
(2.98619 0.0293697 0)
(2.98687 0.0485482 0)
(2.41647 0.39424 0)
(2.27248 0.702808 0)
(2.34127 0.736954 0)
(2.54823 0.603833 0)
(2.85791 0.242665 0)
(2.98697 0.0322976 0)
(2.99955 0.0015762 0)
(2.99999 3.87422e-05 0)
(3 5.86236e-07 0)
(3 5.94731e-09 0)
(3 4.26994e-11 0)
(3 2.27295e-13 0)
(3 5.48626e-16 0)
(3 -1.25518e-15 0)
(3 -1.73577e-15 0)
(2.29022 0.636132 0)
(2.25664 0.787482 0)
(2.39776 0.742532 0)
(2.77849 0.376543 0)
(2.99 0.0357044 0)
(3.00005 0.000469419 0)
(3 -1.12775e-06 0)
(3 -8.29289e-08 0)
(3 -1.52059e-08 0)
(3 -6.34115e-10 0)
(3 -8.36675e-12 0)
(3 -6.05854e-14 0)
(3 -8.89542e-16 0)
(3 -2.01593e-15 0)
(3 -2.83476e-15 0)
(2.19616 0.817852 0)
(2.24843 0.806556 0)
(2.58431 0.558936 0)
(2.94305 0.121094 0)
(2.99889 0.00513551 0)
(2.99999 7.26204e-05 0)
(3 8.94174e-07 0)
(3 1.18796e-08 0)
(3 7.23448e-11 0)
(3 6.56245e-13 0)
(3 1.36923e-14 0)
(3 1.36261e-15 0)
(3 -3.82574e-16 0)
(3 -2.23279e-15 0)
(3 -3.59804e-15 0)
(2.17284 0.879856 0)
(2.41079 0.744379 0)
(2.84601 0.273095 0)
(2.99583 0.0153253 0)
(3.00001 7.90887e-05 0)
(3 -9.98939e-07 0)
(3 -6.60631e-09 0)
(3 -1.121e-09 0)
(3 -5.74783e-11 0)
(3 -9.46299e-13 0)
(3 -6.55072e-15 0)
(3 5.78028e-16 0)
(3 -8.44997e-16 0)
(3 -2.8533e-15 0)
(3 -3.64219e-15 0)
(2.17716 0.89552 0)
(2.66293 0.455377 0)
(2.98382 0.0359295 0)
(2.99995 0.000476614 0)
(3 3.74539e-06 0)
(3 1.37867e-08 0)
(3 -1.36862e-09 0)
(3 -5.93784e-11 0)
(3 -6.02716e-13 0)
(3 5.91948e-16 0)
(3 2.00713e-15 0)
(3 7.41023e-16 0)
(3 -9.82095e-16 0)
(3 -2.773e-15 0)
(3 -3.51719e-15 0)
(2.5732 0.571196 0)
(2.99202 0.0361855 0)
(3.00028 0.00024855 0)
(3 -2.49725e-06 0)
(3 -4.34326e-07 0)
(3 -2.95422e-08 0)
(3 -5.01474e-10 0)
(3 1.1331e-13 0)
(3 -1.73229e-15 0)
(3 9.23793e-16 0)
(3 6.68298e-16 0)
(3 8.29928e-16 0)
(3 -7.3506e-16 0)
(3 -2.99991e-15 0)
(3 -3.35804e-15 0)
(2.99354 0.0494108 0)
(2.99998 0.00111294 0)
(3 7.88425e-07 0)
(3 2.55311e-08 0)
(3 4.11133e-10 0)
(3 3.20247e-11 0)
(3 6.40268e-12 0)
(3 1.68116e-13 0)
(3 9.44321e-16 0)
(3 1.00221e-15 0)
(3 7.71558e-16 0)
(3 1.1574e-15 0)
(3 -3.5309e-16 0)
(3 -3.18573e-15 0)
(3 -3.58032e-15 0)
(3.00074 -0.00152996 0)
(3.00004 -0.000107707 0)
(3 -3.54387e-06 0)
(3 -5.18948e-08 0)
(3 -1.27091e-10 0)
(3 1.47132e-12 0)
(3 3.57589e-13 0)
(3 3.53012e-15 0)
(3 -7.99888e-16 0)
(3 7.28462e-16 0)
(3 6.1808e-16 0)
(3 1.42039e-15 0)
(3 -2.01016e-16 0)
(3 -3.16464e-15 0)
(3 -3.81446e-15 0)
(3.00001 -2.16889e-05 0)
(3 1.19453e-07 0)
(3 2.38105e-08 0)
(3 1.17559e-09 0)
(3 1.40335e-11 0)
(3 -1.67267e-14 0)
(3 -4.06046e-16 0)
(3 -1.16091e-16 0)
(3 -9.372e-16 0)
(3 1.07263e-15 0)
(3 4.0992e-16 0)
(3 1.80671e-15 0)
(3 -1.42263e-17 0)
(3 -3.36735e-15 0)
(3 -4.00077e-15 0)
(3 1.22967e-06 0)
(3 1.42231e-08 0)
(3 -7.71202e-11 0)
(3 -1.27512e-11 0)
(3 -3.99923e-13 0)
(3 8.07112e-16 0)
(3 1.68869e-15 0)
(3 5.05581e-16 0)
(3 -5.9617e-16 0)
(3 9.657e-16 0)
(3 2.36207e-16 0)
(3 2.11755e-15 0)
(3 4.77153e-16 0)
(3 -3.4429e-15 0)
(3 -4.17747e-15 0)
(3 -3.59904e-15 0)
(3 -7.09909e-15 0)
(3 -3.745e-15 0)
(3 -1.11045e-15 0)
(3 1.16144e-15 0)
(3 2.49891e-16 0)
(3 1.30057e-15 0)
(3 2.62251e-16 0)
(3 -3.98695e-16 0)
(3 8.2011e-16 0)
(3 7.64089e-17 0)
(3 2.44243e-15 0)
(3 1.09237e-15 0)
(3 -3.80889e-15 0)
(3 -4.4683e-15 0)
(3 -3.47614e-15 0)
(3 -6.19339e-15 0)
(3 -3.27965e-15 0)
(3 -1.22057e-15 0)
(3 4.70567e-16 0)
(3 4.1081e-16 0)
(3 9.91255e-16 0)
(3 3.18674e-16 0)
(3 -1.61583e-16 0)
(3 7.74469e-16 0)
(3 6.73887e-18 0)
(3 2.64965e-15 0)
(3 1.2697e-15 0)
(3 -3.757e-15 0)
(3 -4.77015e-15 0)
(3 -3.6254e-15 0)
(3 -5.72017e-15 0)
(3 -3.43212e-15 0)
(3 -1.84413e-15 0)
(3 3.16571e-16 0)
(3 7.97315e-16 0)
(3 7.10114e-16 0)
(3 9.82361e-17 0)
(3 2.21601e-16 0)
(3 1.04675e-15 0)
(3 -1.88948e-16 0)
(3 2.78075e-15 0)
(3 1.42875e-15 0)
(3 -3.76696e-15 0)
(3 -4.77109e-15 0)
(3 -2.47615e-15 0)
(3 -4.82706e-15 0)
(3 -4.02516e-15 0)
(3 -2.19271e-15 0)
(3 4.94725e-16 0)
(3 7.42066e-16 0)
(3 5.69209e-16 0)
(3 -1.52036e-16 0)
(3 7.03496e-16 0)
(3 1.17589e-15 0)
(3 -2.53026e-16 0)
(3 3.12638e-15 0)
(3 1.34705e-15 0)
(3 -3.92254e-15 0)
(3 -4.74956e-15 0)
(3 -1.13634e-15 0)
(3 -4.63122e-15 0)
(3 -4.40045e-15 0)
(3 -2.40262e-15 0)
(3 4.03077e-16 0)
(3 5.97645e-16 0)
(3 3.2282e-16 0)
(3 -1.46202e-16 0)
(3 6.92988e-16 0)
(3 1.59292e-15 0)
(3 -2.35998e-16 0)
(3 3.41357e-15 0)
(3 1.3712e-15 0)
(3 -3.97023e-15 0)
(3 -4.7489e-15 0)
(3 -8.96831e-16 0)
(3 -3.80299e-15 0)
(3 -4.51675e-15 0)
(3 -2.16093e-15 0)
(3 2.79189e-17 0)
(3 2.08021e-16 0)
(3 1.63115e-16 0)
(3 -1.15947e-16 0)
(3 8.06298e-16 0)
(3 1.56248e-15 0)
(3 -2.42075e-16 0)
(3 3.56861e-15 0)
(3 1.69466e-15 0)
(3 -4.00541e-15 0)
(3 -4.73227e-15 0)
(3 -3.43514e-16 0)
(3 -2.23528e-15 0)
(3 -3.72093e-15 0)
(3 -1.8324e-15 0)
(3 -4.12707e-16 0)
(3 -7.08729e-17 0)
(3 -1.45703e-16 0)
(3 4.3734e-17 0)
(3 8.66394e-16 0)
(3 1.4787e-15 0)
(3 -2.36278e-16 0)
(3 3.59125e-15 0)
(3 1.91368e-15 0)
(3 -3.93904e-15 0)
(3 -4.76524e-15 0)
(3 -1.83763e-17 0)
(3 -1.39673e-15 0)
(3 -2.77765e-15 0)
(3 -1.87483e-15 0)
(3 -2.88467e-16 0)
(3 -7.58311e-17 0)
(3 -4.83705e-16 0)
(3 -6.43783e-18 0)
(3 8.70587e-16 0)
(3 1.32441e-15 0)
(3 -4.25941e-16 0)
(3 3.42299e-15 0)
(3 2.29258e-15 0)
(3 -3.78003e-15 0)
(3 -4.65443e-15 0)
(3 1.88886e-16 0)
(3 -9.77568e-16 0)
(3 -2.49372e-15 0)
(3 -2.02321e-15 0)
(3 1.57134e-16 0)
(3 -4.05897e-16 0)
(3 -4.12083e-16 0)
(3 -2.12683e-16 0)
(3 1.22612e-15 0)
(3 1.27981e-15 0)
(3 -5.55275e-16 0)
(3 3.23568e-15 0)
(3 2.34603e-15 0)
(3 -3.58986e-15 0)
(3 -4.5287e-15 0)
(3 7.79906e-16 0)
(3 -5.37062e-16 0)
(3 -1.72175e-15 0)
(3 -1.93486e-15 0)
(3 2.7468e-16 0)
(3 -8.62346e-16 0)
(3 -4.65323e-16 0)
(3 -2.9938e-16 0)
(3 1.13509e-15 0)
(3 1.42698e-15 0)
(3 -5.87906e-16 0)
(3 2.73722e-15 0)
(3 2.28585e-15 0)
(3 -3.25223e-15 0)
(3 -4.24192e-15 0)
(3 9.79356e-16 0)
(3 -2.66623e-16 0)
(3 -9.77593e-16 0)
(3 -1.03621e-15 0)
(3 3.97235e-16 0)
(3 -1.10071e-15 0)
(3 -6.6762e-16 0)
(3 -8.02061e-17 0)
(3 9.6386e-16 0)
(3 1.34871e-15 0)
(3 -9.51792e-16 0)
(3 2.66116e-15 0)
(3 2.54646e-15 0)
(3 -2.80356e-15 0)
(3 -4.23818e-15 0)
(3 -5.48944e-16 0)
(3 -9.79472e-16 0)
(3 -5.80857e-16 0)
(3 6.10158e-16 0)
(3 1.36765e-15 0)
(3 -1.41436e-15 0)
(3 -1.44604e-15 0)
(3 5.20019e-16 0)
(3 5.05348e-16 0)
(3 7.83028e-16 0)
(3 -9.16324e-16 0)
(3 2.7698e-15 0)
(3 2.25407e-15 0)
(3 -1.95278e-15 0)
(3 -3.60813e-15 0)
(3 -7.89111e-16 0)
(3 -1.48492e-15 0)
(3 -5.89369e-16 0)
(3 1.61132e-15 0)
(3 2.16375e-15 0)
(3 -1.77542e-15 0)
(3 -1.6762e-15 0)
(3 1.17395e-15 0)
(3 1.84163e-15 0)
(3 8.18477e-16 0)
(3 -1.35751e-15 0)
(3 1.9376e-15 0)
(3 2.42076e-15 0)
(3 -1.55776e-15 0)
(3 -3.11248e-15 0)
(3 -2.5039e-15 0)
(3 -3.05022e-15 0)
(3 -1.00412e-16 0)
(3 2.11212e-15 0)
(3 2.87137e-15 0)
(3 -1.6514e-15 0)
(3 -2.62463e-15 0)
(3 2.46806e-15 0)
(3 3.34973e-15 0)
(3 5.02186e-16 0)
(3 -2.10999e-15 0)
(3 8.25187e-16 0)
(3 2.28808e-15 0)
(3 -1.171e-16 0)
(3 -2.81083e-15 0)
(3 -3.71247e-15 0)
(3 -6.01578e-15 0)
(3 -1.54224e-15 0)
(3 2.55628e-15 0)
(3 5.22147e-15 0)
(3 6.20305e-16 0)
(3 -3.11107e-15 0)
(3 1.72049e-15 0)
(3 4.12995e-15 0)
(3 3.59859e-16 0)
(3 -3.59814e-15 0)
(3 -3.30741e-16 0)
(3 5.07968e-16 0)
(3 1.30728e-16 0)
(3 -2.45707e-15 0)
(3 -4.68372e-15 0)
(3 -4.13252e-15 0)
(3 2.76813e-15 0)
(3 1.34229e-15 0)
(3 3.76745e-15 0)
(3 -7.35238e-16 0)
(3 -3.6344e-15 0)
(3 3.16905e-15 0)
(3 6.2436e-15 0)
(3 1.17263e-15 0)
(3 -5.55781e-15 0)
(3 -2.96258e-15 0)
(3 9.37171e-16 0)
(3 -6.40043e-17 0)
(3 -2.4146e-15 0)
(3 -2.28966e-15 0)
(3 -2.08907e-15 0)
(3 2.18763e-15 0)
(3 3.11328e-16 0)
(3 4.54832e-16 0)
(3 -7.90692e-16 0)
(3 -3.01242e-15 0)
(3 2.9476e-15 0)
(3 8.97951e-15 0)
(3 3.6703e-15 0)
(3 -7.00872e-15 0)
(3 -5.75942e-15 0)
(3 -4.72743e-16 0)
(3 -1.12303e-15 0)
(3 -2.46933e-15 0)
(3 -1.3137e-15 0)
(3 3.29049e-15 0)
(3 2.43954e-15 0)
(3 -7.2132e-16 0)
(3 -2.50573e-15 0)
(3 -8.73665e-16 0)
(3 -1.82211e-15 0)
(3 3.42182e-15 0)
(3 7.62761e-15 0)
(3 5.43483e-15 0)
(3 -9.64829e-15 0)
(3 -8.44763e-15 0)
(3 -6.74943e-16 0)
(3 8.91068e-16 0)
(3 -1.52684e-15 0)
(3 -1.72304e-15 0)
(3 5.56809e-15 0)
(3 2.29776e-15 0)
(3 -1.95714e-15 0)
(3 -2.38369e-15 0)
(3 3.96209e-16 0)
(3 5.06556e-15 0)
(3 3.96302e-15 0)
(3 4.29697e-15 0)
(3 3.38361e-15 0)
(3 -8.00289e-15 0)
(3 -4.7374e-15 0)
(3 -1.68944e-15 0)
(3 -9.44882e-16 0)
(3 -8.08518e-16 0)
(3 -1.16779e-15 0)
(3 -3.20875e-16 0)
(3 5.13512e-16 0)
(3 9.12382e-16 0)
(3 3.12607e-15 0)
(3 -2.27863e-17 0)
(3 -3.17628e-16 0)
(3 -3.19698e-16 0)
(3 1.24427e-15 0)
(3 1.10694e-15 0)
(3 -2.15302e-15 0)
(3 -5.34834e-16 0)
(3 4.55068e-16 0)
(3 -1.86083e-16 0)
(3 3.08343e-16 0)
(3 -2.1329e-15 0)
(3 -3.07881e-15 0)
(3 -1.85027e-15 0)
(3 -1.02159e-15 0)
(3 3.87436e-16 0)
(3 -1.23294e-15 0)
(3 -2.80026e-15 0)
(3 -4.37076e-15 0)
(3 -9.70099e-15 0)
(3 -3.88673e-15 0)
(3 -3.04084e-15 0)
(3 -4.59031e-15 0)
(3 -3.07969e-15 0)
(3 -8.94206e-16 0)
(3 1.70831e-15 0)
(3 -4.80013e-16 0)
(3 -1.74221e-15 0)
(3 -3.69474e-15 0)
(3 -7.4581e-15 0)
(3 -5.04378e-15 0)
(3 -1.36258e-15 0)
(3 -1.32862e-15 0)
(3 -3.58943e-16 0)
(3 -1.18849e-16 0)
(3 1.47519e-15 0)
(3 3.38877e-15 0)
(3 -7.45114e-16 0)
(3 -2.7934e-15 0)
(3 -5.10381e-15 0)
(3 -4.00526e-15 0)
(3 -2.02103e-15 0)
(3 -9.30444e-16 0)
(3 -9.72432e-16 0)
(3 3.50601e-17 0)
(3 6.92553e-16 0)
(3 -1.73488e-16 0)
(3 -1.89423e-15 0)
(3 -3.68977e-15 0)
(3 -6.09133e-16 0)
(3 -3.49954e-15 0)
(3 2.1348e-17 0)
(3 -1.65759e-15 0)
(3 -1.37388e-15 0)
(3 -4.24809e-16 0)
(3 4.5704e-16 0)
(3 -3.8298e-16 0)
(3 2.08769e-15 0)
(3 -2.57226e-15 0)
(3 -5.04536e-15 0)
(3 -3.50358e-15 0)
(3 -2.4821e-16 0)
(3 -8.73627e-16 0)
(3 -1.84502e-15 0)
(3 -3.05463e-15 0)
(3 -2.33586e-15 0)
(3 -7.05844e-16 0)
(3 3.25356e-16 0)
(3 1.07802e-15 0)
(3 -9.96277e-16 0)
(3 -2.6358e-15 0)
(3 2.45971e-16 0)
(3 -1.09426e-15 0)
(3 -1.85012e-15 0)
(3 -1.94164e-15 0)
(3 -2.33253e-15 0)
(3 -3.6515e-16 0)
(3 7.9756e-16 0)
(3 6.59046e-16 0)
(3 -6.06465e-17 0)
(3 7.60765e-16 0)
(3 8.73968e-16 0)
(3 8.91193e-16 0)
(3 1.323e-15 0)
(3 -6.71769e-16 0)
(3 -1.16369e-15 0)
(3 2.39208e-15 0)
(3 1.71097e-15 0)
(3 5.04826e-17 0)
(3 -6.36709e-16 0)
(3 2.53263e-15 0)
(3 -1.57214e-15 0)
(3 2.67895e-17 0)
(3 -2.91936e-16 0)
(3 1.92164e-17 0)
(3 4.86063e-16 0)
(3 1.76827e-15 0)
(3 2.19062e-15 0)
(3 -7.89762e-16 0)
(3 7.93417e-16 0)
(3 1.09508e-15 0)
(3 2.52483e-17 0)
(3 1.21844e-15 0)
(3 3.73483e-16 0)
(3 3.71153e-17 0)
(3 1.87106e-16 0)
(3 -3.56541e-16 0)
(3 2.28662e-16 0)
(3 3.33159e-15 0)
(3 8.0705e-16 0)
(3 1.8851e-15 0)
(3 9.01556e-16 0)
(3 4.2051e-16 0)
(3 1.12195e-15 0)
(3 1.2652e-15 0)
(3 9.818e-16 0)
(3 -9.55444e-16 0)
(3 1.43035e-15 0)
(3 5.63613e-15 0)
(3 7.01548e-15 0)
(3 -3.06698e-15 0)
(3 -3.83405e-16 0)
(3 -1.57779e-15 0)
(3 9.28636e-16 0)
(3 3.974e-15 0)
(3 3.32953e-15 0)
(3 -1.56811e-16 0)
(3 1.94481e-15 0)
(3 6.18815e-15 0)
(3 8.22542e-15 0)
(3 5.30183e-16 0)
(3 3.19128e-16 0)
(3 7.0589e-16 0)
(3 1.72053e-15 0)
(3 3.14773e-15 0)
(3 2.10132e-15 0)
(3 2.58127e-15 0)
(3 1.85358e-15 0)
(3 2.16784e-15 0)
(3 9.23924e-16 0)
(3 1.64484e-15 0)
(3 2.18827e-15 0)
(3 3.92544e-15 0)
(3 3.81634e-15 0)
(3 3.10464e-15 0)
(3 3.61328e-15 0)
(3 4.00258e-15 0)
(3 3.5019e-15 0)
(3 1.14206e-15 0)
(3 1.4016e-15 0)
(3 1.58928e-15 0)
(3 4.21669e-15 0)
(3 3.80319e-15 0)
(3 2.20962e-15 0)
(3 3.36239e-15 0)
(3 2.81174e-15 0)
(3 2.97201e-15 0)
(3 1.825e-15 0)
(3 -9.3011e-16 0)
(3 -2.23802e-15 0)
(3 1.58977e-17 0)
(3 2.75963e-15 0)
(3 3.07055e-15 0)
(3 3.89294e-15 0)
(3 1.86086e-15 0)
(3 1.13236e-15 0)
(3 -1.12778e-16 0)
(3 4.98708e-16 0)
(3 -7.78011e-16 0)
(3 -6.05924e-16 0)
(3 -4.84049e-16 0)
(3 9.30988e-16 0)
(3 9.84241e-16 0)
(3 2.22451e-15 0)
(3 1.30216e-15 0)
(3 4.20232e-16 0)
(3 -9.65631e-16 0)
(3 9.03879e-16 0)
(3 -1.84506e-15 0)
(3 -1.61296e-15 0)
(3 3.88431e-16 0)
(3 1.96421e-16 0)
(3 3.77503e-16 0)
(3 -1.70198e-15 0)
(3 -2.2654e-15 0)
(3 -2.02717e-15 0)
(3 1.58962e-15 0)
(3 1.96322e-16 0)
(3 -1.71879e-16 0)
(3 7.79503e-16 0)
(3 3.13025e-15 0)
(3 -1.46546e-16 0)
(3 1.38398e-15 0)
(3 -1.13234e-15 0)
(3 -3.10642e-15 0)
(3 -3.26699e-15 0)
(3 -6.89743e-16 0)
(3 -7.06424e-16 0)
(3 3.40357e-15 0)
(3 7.22029e-15 0)
(3 5.21742e-15 0)
(3 -1.24066e-15 0)
(3 -2.10203e-15 0)
(3 -2.68435e-15 0)
(3 -2.03264e-15 0)
(3 -9.96666e-16 0)
(3 -4.29527e-17 0)
(3 -8.35255e-16 0)
(3 2.05609e-15 0)
(3 7.17284e-15 0)
(3 5.77969e-15 0)
(3 -3.06587e-15 0)
(3 -2.68687e-15 0)
(3 -2.8936e-15 0)
(3 -1.97268e-15 0)
(3 -1.82027e-15 0)
(3 -2.11049e-15 0)
(3 -3.63473e-15 0)
(3 -2.90711e-15 0)
(3 -2.39455e-15 0)
(3 2.22202e-15 0)
(3 5.24915e-16 0)
(3 1.24467e-15 0)
(3 2.07423e-17 0)
(3 3.55424e-17 0)
(3 -7.74155e-16 0)
(3 1.64783e-16 0)
(3 -1.14513e-15 0)
(3 -4.85657e-15 0)
(3 -6.91453e-15 0)
(3 -2.91504e-15 0)
(3 2.3361e-15 0)
(3 2.16157e-15 0)
(3 3.03515e-15 0)
(3 1.54972e-15 0)
(3 1.07498e-15 0)
(3 -6.42285e-16 0)
(3 -5.15611e-16 0)
(3 -5.45444e-15 0)
(3 -1.62962e-15 0)
(3 -3.67049e-16 0)
(3 3.17642e-15 0)
(3 2.70471e-15 0)
(3 2.86025e-15 0)
(3 3.24394e-15 0)
(3 3.95574e-15 0)
(3 2.70829e-15 0)
(3 2.02123e-15 0)
(3 -1.85615e-15 0)
(3 5.49069e-16 0)
(3 -5.72797e-16 0)
(3 2.22681e-15 0)
(3 1.26756e-15 0)
(3 -6.27242e-16 0)
(3 -2.12451e-15 0)
(3 -4.55622e-15 0)
(3 -2.91621e-15 0)
(3 -3.27332e-16 0)
(3 2.62379e-15 0)
(3 1.70363e-15 0)
(3 -3.45985e-15 0)
(3 3.64481e-16 0)
(3 9.89343e-17 0)
(3 8.69947e-17 0)
(3 -9.4987e-16 0)
(3 -1.21943e-15 0)
(3 -5.2885e-16 0)
(3 -9.54601e-16 0)
(3 4.75241e-16 0)
(3 4.95323e-16 0)
(3 2.25562e-16 0)
(3 -5.13888e-16 0)
(3 -3.49495e-16 0)
(3 1.34607e-15 0)
(3 2.4373e-15 0)
(3 2.97639e-15 0)
(3 3.77759e-15 0)
(3 2.75467e-15 0)
(3 1.61048e-15 0)
(3 1.73715e-15 0)
(3 3.65319e-15 0)
(3 6.73893e-16 0)
(3 1.18376e-15 0)
(3 1.3105e-15 0)
(3 1.28507e-15 0)
(3 1.21176e-15 0)
(3 -7.62496e-16 0)
(3 1.37339e-15 0)
(3 1.47552e-15 0)
(3 -1.17694e-15 0)
(3 -1.20079e-15 0)
(3 6.83412e-16 0)
(3 6.61774e-16 0)
(3 8.25878e-16 0)
(3 1.14152e-15 0)
(3 5.78422e-16 0)
(3 -7.12575e-16 0)
(3 -1.41479e-15 0)
(3 -1.05205e-16 0)
(3 -8.78945e-16 0)
(3 -3.43165e-15 0)
(3 -1.92154e-15 0)
(3 -2.03123e-15 0)
(3 -2.18339e-15 0)
(3 -2.14395e-15 0)
(3 -1.09928e-15 0)
(3 -5.59125e-16 0)
(3 -2.5728e-15 0)
(3 -1.71459e-15 0)
(3 1.31341e-15 0)
(3 2.99429e-15 0)
(3 -2.52211e-15 0)
(3 -2.39857e-15 0)
(3 -2.60954e-15 0)
(3 -2.80885e-15 0)
(3 -2.82771e-15 0)
(3 -2.83547e-15 0)
(3 -1.72434e-15 0)
(3 4.12206e-16 0)
(3 1.77932e-15 0)
(3 5.2115e-15 0)
(3 6.3438e-17 0)
(3 -7.49023e-17 0)
(3 1.57961e-16 0)
(3 1.88278e-16 0)
(3 1.16043e-15 0)
(3 2.14573e-15 0)
(3 2.40181e-15 0)
(3 1.25315e-17 0)
(3 1.17109e-16 0)
(3 -2.23482e-15 0)
(3 2.38638e-15 0)
(3 2.49999e-15 0)
(3 2.26717e-15 0)
(3 2.11917e-15 0)
(3 2.14927e-15 0)
(3 2.44769e-15 0)
(3 2.82965e-15 0)
(3 1.74568e-15 0)
(3 -2.63954e-15 0)
(3 -2.40909e-16 0)
(3 3.83776e-15 0)
(3 3.47619e-15 0)
(3 3.47253e-15 0)
(3 3.49432e-15 0)
(3 2.13834e-15 0)
(3 2.36766e-15 0)
(3 5.09103e-15 0)
(3 4.30293e-15 0)
(3 1.36764e-16 0)
(3 -5.905e-16 0)
(3 1.3129e-15 0)
(3 1.34272e-15 0)
(3 1.33098e-15 0)
(3 1.45336e-15 0)
(3 1.63976e-15 0)
(3 1.50745e-15 0)
(3 1.60923e-15 0)
(3 2.78486e-16 0)
(3 -7.099e-16 0)
(3 -2.00054e-15 0)
(3 -1.66751e-15 0)
(3 1.24515e-15 0)
(3 2.92287e-15 0)
(3 3.06157e-15 0)
(3 2.14337e-15 0)
(3 2.24054e-16 0)
(3 -5.71243e-16 0)
(3 9.07525e-16 0)
(3 8.7986e-16 0)
(3 -2.39571e-15 0)
(3 -2.29841e-15 0)
(3 -5.03111e-17 0)
(3 2.97254e-15 0)
(3 3.78023e-15 0)
(3 1.19649e-15 0)
(3 -9.57331e-16 0)
(3 1.75285e-15 0)
(3 2.84062e-15 0)
(3 2.90202e-15 0)
(3 2.17248e-15 0)
(3 1.59865e-16 0)
(3 -7.25689e-16 0)
(3 1.0038e-15 0)
(3 1.01312e-15 0)
(3 -2.62597e-15 0)
(3 -2.07992e-15 0)
(3 -3.43805e-16 0)
(3 3.32816e-15 0)
(3 3.65756e-15 0)
(3 1.1627e-15 0)
(3 -9.22973e-17 0)
(3 2.51309e-15 0)
(3 2.51319e-15 0)
(3 2.76785e-15 0)
(3 2.29301e-15 0)
(3 3.38363e-16 0)
(3 -1.25296e-15 0)
(3 1.03293e-15 0)
(3 9.20467e-16 0)
(3 -2.87744e-15 0)
(3 -1.92435e-15 0)
(3 -3.56289e-16 0)
(3 3.75037e-15 0)
(3 3.5836e-15 0)
(3 1.00759e-15 0)
(3 -8.42241e-17 0)
(3 2.99668e-15 0)
(3 2.09196e-15 0)
(3 2.7887e-15 0)
(3 2.38705e-15 0)
(3 4.49918e-16 0)
(3 -1.62236e-15 0)
(3 1.26492e-15 0)
(3 1.05891e-15 0)
(3 -3.34613e-15 0)
(3 -1.78108e-15 0)
(3 -2.84456e-16 0)
(3 3.96544e-15 0)
(3 3.62114e-15 0)
(3 9.19096e-16 0)
(3 5.96584e-16 0)
(3 2.95462e-15 0)
(3 1.79495e-15 0)
(3 2.52994e-15 0)
(3 2.63385e-15 0)
(3 2.89753e-16 0)
(3 -1.83019e-15 0)
(3 1.59192e-15 0)
(3 4.41195e-16 0)
(3 -3.56171e-15 0)
(3 -1.22474e-15 0)
(3 -2.57422e-16 0)
(3 3.98403e-15 0)
(3 3.7629e-15 0)
(3 8.68984e-16 0)
(3 1.07202e-15 0)
(3 2.93538e-15 0)
(3 1.88098e-15 0)
(3 1.93135e-15 0)
(3 2.8013e-15 0)
(3 1.43159e-16 0)
(3 -1.96911e-15 0)
(3 1.22666e-15 0)
(3 4.88243e-16 0)
(3 -3.48871e-15 0)
(3 -8.47469e-16 0)
(3 -2.57216e-16 0)
(3 3.85304e-15 0)
(3 4.06483e-15 0)
(3 9.45868e-16 0)
(3 8.93232e-16 0)
(3 2.9306e-15 0)
(3 1.90411e-15 0)
(3 1.39772e-15 0)
(3 3.1443e-15 0)
(3 3.02375e-17 0)
(3 -1.96024e-15 0)
(3 6.97157e-16 0)
(3 6.31856e-16 0)
(3 -3.38125e-15 0)
(3 -3.86487e-16 0)
(3 -2.07729e-16 0)
(3 3.60512e-15 0)
(3 4.28053e-15 0)
(3 1.03501e-15 0)
(3 7.401e-16 0)
(3 2.64041e-15 0)
(3 1.53842e-15 0)
(3 1.34261e-15 0)
(3 3.66612e-15 0)
(3 2.03056e-16 0)
(3 -2.03839e-15 0)
(3 4.20465e-16 0)
(3 9.67002e-16 0)
(3 -3.46592e-15 0)
(3 -1.76778e-16 0)
(3 -1.24338e-16 0)
(3 3.38945e-15 0)
(3 4.27052e-15 0)
(3 1.12062e-15 0)
(3 3.11719e-16 0)
(3 2.48497e-15 0)
(3 1.34057e-15 0)
(3 1.15186e-15 0)
(3 4.19479e-15 0)
(3 4.61627e-16 0)
(3 -1.99202e-15 0)
(3 2.48326e-16 0)
(3 1.33954e-15 0)
(3 -3.45928e-15 0)
(3 7.72428e-17 0)
(3 1.14911e-16 0)
(3 3.22856e-15 0)
(3 4.09556e-15 0)
(3 1.17898e-15 0)
(3 -9.54835e-16 0)
(3 1.92469e-15 0)
(3 6.85902e-16 0)
(3 1.56746e-15 0)
(3 2.83301e-15 0)
(3 1.48041e-15 0)
(3 -1.81789e-15 0)
(3 9.64791e-17 0)
(3 1.63027e-15 0)
(3 -3.31368e-15 0)
(3 2.96447e-16 0)
(3 3.86002e-16 0)
(3 2.90154e-15 0)
(3 3.91448e-15 0)
(3 1.05771e-15 0)
(3 -1.22999e-06 0)
(3 -1.42267e-08 0)
(3 7.70899e-11 0)
(3 1.27432e-11 0)
(3 4.05647e-13 0)
(3 -7.96547e-16 0)
(3 -1.90474e-15 0)
(3 -3.55857e-16 0)
(3 1.81085e-15 0)
(3 -3.04731e-15 0)
(3 6.81624e-16 0)
(3 5.99306e-16 0)
(3 2.83439e-15 0)
(3 3.84424e-15 0)
(3 9.98923e-16 0)
(3.00001 2.16859e-05 0)
(3 -1.19474e-07 0)
(3 -2.38136e-08 0)
(3 -1.1754e-09 0)
(3 -1.35468e-11 0)
(3 1.80341e-14 0)
(3 4.28026e-16 0)
(3 -1.14263e-16 0)
(3 1.50078e-15 0)
(3 -2.85463e-15 0)
(3 1.11107e-15 0)
(3 6.3191e-16 0)
(3 2.5106e-15 0)
(3 3.94803e-15 0)
(3 1.06403e-15 0)
(3.00074 0.00153048 0)
(3.00004 0.000107724 0)
(3 3.5431e-06 0)
(3 4.98122e-08 0)
(3 1.1171e-10 0)
(3 -1.81426e-12 0)
(3 -3.92414e-13 0)
(3 -4.63362e-15 0)
(3 2.13061e-15 0)
(3 -2.08738e-15 0)
(3 1.52047e-15 0)
(3 9.94481e-16 0)
(3 2.29268e-15 0)
(3 3.80294e-15 0)
(3 1.56978e-15 0)
(2.99355 -0.0493934 0)
(2.99998 -0.00111212 0)
(3 -7.66763e-07 0)
(3 -2.36798e-08 0)
(3 -3.18126e-10 0)
(3 -3.24006e-11 0)
(3 -6.47292e-12 0)
(3 -1.67108e-13 0)
(3 1.11888e-15 0)
(3 -1.18399e-15 0)
(3 1.76073e-15 0)
(3 1.42734e-15 0)
(3 2.27322e-15 0)
(3 3.43331e-15 0)
(3 2.05953e-15 0)
(2.57314 -0.57124 0)
(2.992 -0.0362174 0)
(3.00028 -0.000248638 0)
(3 2.51357e-06 0)
(3 4.33864e-07 0)
(3 2.90921e-08 0)
(3 4.87056e-10 0)
(3 -1.76036e-13 0)
(3 3.65938e-15 0)
(3 -4.56057e-16 0)
(3 2.59484e-15 0)
(3 2.17192e-15 0)
(3 2.98298e-15 0)
(3 3.27522e-15 0)
(3 2.2437e-15 0)
(2.17717 -0.895448 0)
(2.66298 -0.455287 0)
(2.98381 -0.0359481 0)
(2.99995 -0.000478162 0)
(3 -3.77276e-06 0)
(3 -1.42286e-08 0)
(3 1.3044e-09 0)
(3 5.66601e-11 0)
(3 5.79518e-13 0)
(3 -4.63637e-16 0)
(3 2.25985e-15 0)
(3 2.52042e-15 0)
(3 3.1873e-15 0)
(3 3.31336e-15 0)
(3 2.27971e-15 0)
(2.17284 -0.879692 0)
(2.41076 -0.744224 0)
(2.84591 -0.273156 0)
(2.99583 -0.0153231 0)
(3.00001 -7.85672e-05 0)
(3 1.00257e-06 0)
(3 6.58186e-09 0)
(3 1.11469e-09 0)
(3 5.69419e-11 0)
(3 9.3696e-13 0)
(3 1.08382e-14 0)
(3 3.06821e-15 0)
(3 3.52658e-15 0)
(3 3.4434e-15 0)
(3 2.19635e-15 0)
(2.19612 -0.817603 0)
(2.2484 -0.806461 0)
(2.58468 -0.558436 0)
(2.94315 -0.121002 0)
(2.99889 -0.00513735 0)
(2.99999 -7.27402e-05 0)
(3 -8.95757e-07 0)
(3 -1.1896e-08 0)
(3 -7.29341e-11 0)
(3 -6.66676e-13 0)
(3 -8.85694e-15 0)
(3 3.10632e-15 0)
(3 3.59679e-15 0)
(3 3.50672e-15 0)
(3 2.0645e-15 0)
(2.28977 -0.636627 0)
(2.25658 -0.787539 0)
(2.39731 -0.74326 0)
(2.77819 -0.377131 0)
(2.98997 -0.0357754 0)
(3.00004 -0.00047043 0)
(3 1.12438e-06 0)
(3 8.29224e-08 0)
(3 1.52084e-08 0)
(3 6.34202e-10 0)
(3 8.37143e-12 0)
(3 6.51932e-14 0)
(3 4.09862e-15 0)
(3 3.74231e-15 0)
(3 1.98383e-15 0)
(2.41712 -0.393215 0)
(2.27244 -0.702966 0)
(2.34135 -0.737079 0)
(2.54829 -0.603951 0)
(2.85793 -0.242689 0)
(2.98697 -0.0322866 0)
(2.99955 -0.00157559 0)
(2.99999 -3.87379e-05 0)
(3 -5.86258e-07 0)
(3 -5.94742e-09 0)
(3 -4.26956e-11 0)
(3 -2.2302e-13 0)
(3 2.58308e-15 0)
(3 4.10009e-15 0)
(3 2.58584e-15 0)
(2.50625 -0.186631 0)
(2.33253 -0.589072 0)
(2.34784 -0.707368 0)
(2.43417 -0.686482 0)
(2.72509 -0.439715 0)
(2.9687 -0.0707015 0)
(2.99896 -0.00341574 0)
(2.99998 -7.09456e-05 0)
(3 -1.09547e-06 0)
(3 -1.27461e-08 0)
(3 -1.05739e-10 0)
(3 -6.93606e-13 0)
(3 2.4098e-16 0)
(3 5.05649e-15 0)
(3 2.53225e-15 0)
(2.58126 0.0579239 0)
(2.43657 -0.366547 0)
(2.38195 -0.612979 0)
(2.43189 -0.679879 0)
(2.59206 -0.602155 0)
(2.84856 -0.307604 0)
(2.98557 -0.0365869 0)
(2.99963 -0.000922132 0)
(3 -9.80504e-06 0)
(3 -8.10862e-08 0)
(3 -6.36993e-10 0)
(3 -4.53349e-12 0)
(3 -2.19545e-14 0)
(3 3.61208e-15 0)
(3 2.44572e-15 0)
(2.62408 0.0610098 0)
(2.55381 -0.0273289 0)
(2.43519 -0.468106 0)
(2.43554 -0.638918 0)
(2.52491 -0.631082 0)
(2.73553 -0.475068 0)
(2.94959 -0.133051 0)
(2.99748 -0.00755555 0)
(2.99996 -0.000109762 0)
(3 -9.22524e-07 0)
(3 -6.44081e-09 0)
(3 -3.88085e-11 0)
(3 -2.31926e-13 0)
(3 -6.87941e-16 0)
(3 2.59281e-15 0)
(2.595 0.0611175 0)
(2.57842 0.0544594 0)
(2.54174 -0.211589 0)
(2.46107 -0.555104 0)
(2.5235 -0.61819 0)
(2.61264 -0.581261 0)
(2.81939 -0.375131 0)
(2.97481 -0.0634874 0)
(2.99916 -0.00206479 0)
(2.99999 -2.10016e-05 0)
(3 -1.39729e-07 0)
(3 -8.88587e-10 0)
(3 -4.5423e-12 0)
(3 -2.30006e-14 0)
(3 2.20809e-15 0)
(2.58449 0.210679 0)
(2.57826 0.110414 0)
(2.59899 0.0035678 0)
(2.53567 -0.359978 0)
(2.52905 -0.571937 0)
(2.60988 -0.581557 0)
(2.74838 -0.483809 0)
(2.92957 -0.1798 0)
(2.99514 -0.0131856 0)
(2.9999 -0.000241577 0)
(3 -2.14783e-06 0)
(3 -1.29162e-08 0)
(3 -7.7905e-11 0)
(3 -3.92918e-13 0)
(3 1.38966e-15 0)
(2.61769 0.294339 0)
(2.63923 0.244005 0)
(2.62111 -0.0142518 0)
(2.60183 -0.1566 0)
(2.56034 -0.471488 0)
(2.60989 -0.564589 0)
(2.66855 -0.550958 0)
(2.83065 -0.372594 0)
(2.96802 -0.0814965 0)
(2.9987 -0.00309815 0)
(2.99998 -3.33877e-05 0)
(3 -2.59675e-07 0)
(3 -1.50428e-09 0)
(3 -8.13542e-12 0)
(3 -3.34344e-14 0)
(2.67036 0.424394 0)
(2.68303 0.316602 0)
(2.57295 -0.0238345 0)
(2.60325 -0.113504 0)
(2.61776 -0.305229 0)
(2.61718 -0.52162 0)
(2.66724 -0.550175 0)
(2.77221 -0.472061 0)
(2.92876 -0.185554 0)
(2.99337 -0.0173981 0)
(2.99983 -0.000391842 0)
(3 -3.34263e-06 0)
(3 -2.27453e-08 0)
(3 -1.33232e-10 0)
(3 -6.14939e-13 0)
(2.67622 0.501109 0)
(2.68916 0.369295 0)
(2.63517 0.110802 0)
(2.66721 0.0625113 0)
(2.67211 -0.132915 0)
(2.66057 -0.401209 0)
(2.67154 -0.531999 0)
(2.71385 -0.522782 0)
(2.83581 -0.376821 0)
(2.96537 -0.0858202 0)
(2.99847 -0.00353045 0)
(2.99998 -4.51135e-05 0)
(3 -3.4076e-07 0)
(3 -2.04023e-09 0)
(3 -9.81216e-12 0)
(2.69809 0.530419 0)
(2.70998 0.424944 0)
(2.66957 0.193883 0)
(2.69593 0.161605 0)
(2.6833 -0.103813 0)
(2.6992 -0.267771 0)
(2.68358 -0.486133 0)
(2.71404 -0.51989 0)
(2.79603 -0.447381 0)
(2.92386 -0.193814 0)
(2.99177 -0.0203932 0)
(2.99979 -0.000477494 0)
(3 -4.19945e-06 0)
(3 -2.95293e-08 0)
(3 -1.51002e-10 0)
(2.72312 0.547053 0)
(2.73338 0.463792 0)
(2.68974 0.253858 0)
(2.71923 0.235684 0)
(2.69043 -0.0546324 0)
(2.72213 -0.182234 0)
(2.72121 -0.384434 0)
(2.71962 -0.502653 0)
(2.75336 -0.49023 0)
(2.85569 -0.345617 0)
(2.96803 -0.0797031 0)
(2.99855 -0.00333229 0)
(2.99998 -4.78222e-05 0)
(3 -3.54682e-07 0)
(3 -1.96064e-09 0)
(2.71308 0.558287 0)
(2.71645 0.492332 0)
(2.71217 0.361413 0)
(2.73621 0.309116 0)
(2.73361 0.0782255 0)
(2.77972 -0.0170173 0)
(2.76545 -0.261089 0)
(2.7372 -0.456017 0)
(2.75336 -0.489033 0)
(2.81454 -0.419739 0)
(2.92592 -0.180984 0)
(2.99118 -0.021111 0)
(2.99979 -0.00045766 0)
(3 -4.54011e-06 0)
(3 -2.67945e-08 0)
(2.71576 0.597991 0)
(2.70736 0.47536 0)
(2.72725 0.409318 0)
(2.7624 0.358149 0)
(2.76215 0.127007 0)
(2.79188 0.0329272 0)
(2.78762 -0.172743 0)
(2.77039 -0.366243 0)
(2.75843 -0.477086 0)
(2.78341 -0.466238 0)
(2.86742 -0.321945 0)
(2.97244 -0.0669267 0)
(2.9986 -0.00331463 0)
(2.99998 -4.42627e-05 0)
(3 -2.91183e-07 0)
(2.72985 0.592375 0)
(2.72992 0.505449 0)
(2.76138 0.408153 0)
(2.79767 0.358571 0)
(2.76029 0.130594 0)
(2.8122 0.129015 0)
(2.81304 -0.0914095 0)
(2.81435 -0.242512 0)
(2.77921 -0.433198 0)
(2.78681 -0.46451 0)
(2.82838 -0.395532 0)
(2.9262 -0.17609 0)
(2.9923 -0.0179199 0)
(2.99983 -0.000395815 0)
(3 -3.11905e-06 0)
(2.74474 0.623246 0)
(2.75162 0.510298 0)
(2.78692 0.453861 0)
(2.8106 0.362971 0)
(2.80878 0.237345 0)
(2.83622 0.221791 0)
(2.84535 -0.00751327 0)
(2.83818 -0.200468 0)
(2.80871 -0.371886 0)
(2.79851 -0.452519 0)
(2.82239 -0.433208 0)
(2.89273 -0.279134 0)
(2.97806 -0.0554936 0)
(2.99898 -0.00248785 0)
(2.99999 -2.56555e-05 0)
(2.77679 0.637872 0)
(2.7861 0.562416 0)
(2.81521 0.458726 0)
(2.82891 0.375745 0)
(2.83795 0.29938 0)
(2.86863 0.281494 0)
(2.87184 0.0636803 0)
(2.87003 -0.0997315 0)
(2.8614 -0.244202 0)
(2.82362 -0.419214 0)
(2.83244 -0.428613 0)
(2.86134 -0.348013 0)
(2.94369 -0.141388 0)
(2.99531 -0.0114126 0)
(2.99989 -0.000189917 0)
(2.81129 0.570243 0)
(2.84448 0.603089 0)
(2.84679 0.490678 0)
(2.85188 0.370755 0)
(2.87806 0.29216 0)
(2.91645 0.260711 0)
(2.89619 0.0677391 0)
(2.9217 0.0519845 0)
(2.8978 -0.161582 0)
(2.86415 -0.354835 0)
(2.85254 -0.416593 0)
(2.87241 -0.386702 0)
(2.92722 -0.211832 0)
(2.98618 -0.0370985 0)
(2.99944 -0.0010285 0)
(2.79261 0.360257 0)
(2.85888 0.584152 0)
(2.88744 0.559363 0)
(2.89663 0.422791 0)
(2.92592 0.356246 0)
(2.95634 0.30067 0)
(2.94748 0.150006 0)
(2.95934 0.154377 0)
(2.88804 -0.187917 0)
(2.90594 -0.270015 0)
(2.88201 -0.394689 0)
(2.88587 -0.380609 0)
(2.90149 -0.289664 0)
(2.9689 -0.0857536 0)
(2.99768 -0.00442388 0)
(2.77607 0.167018 0)
(2.88219 0.431304 0)
(2.95927 0.554815 0)
(2.9421 0.514784 0)
(2.96687 0.399934 0)
(2.99195 0.335595 0)
(2.98666 0.17926 0)
(2.99417 0.202164 0)
(2.95745 -0.0635726 0)
(2.96325 -0.16118 0)
(2.92344 -0.346895 0)
(2.91103 -0.368546 0)
(2.92622 -0.31949 0)
(2.96096 -0.140427 0)
(2.99369 -0.0127227 0)
(2.78968 -0.0291401 0)
(2.89873 0.241202 0)
(2.97212 0.498732 0)
(3.00193 0.535503 0)
(3.0097 0.419187 0)
(3.02288 0.324416 0)
(2.99312 0.159645 0)
(3.02022 0.172489 0)
(3.02916 0.0890558 0)
(2.99591 -0.124815 0)
(2.96493 -0.284137 0)
(2.94053 -0.348838 0)
(2.94054 -0.314419 0)
(2.95053 -0.19822 0)
(2.98619 -0.0293697 0)
(2.80238 -0.025022 0)
(2.89994 0.094655 0)
(2.97291 0.303834 0)
(3.02743 0.512575 0)
(3.07098 0.467437 0)
(3.08355 0.400586 0)
(3.06722 0.279591 0)
(3.07345 0.250347 0)
(3.07684 0.164502 0)
(3.05 -0.0161127 0)
(3.024 -0.178453 0)
(2.99484 -0.291639 0)
(2.98073 -0.282857 0)
(2.98468 -0.204276 0)
(2.98687 -0.0485479 0)
(2.64511 0.134935 0)
(2.66169 0.210734 0)
(2.74102 0.32392 0)
(2.80483 0.386244 0)
(2.77079 0.418835 0)
(2.73485 0.497433 0)
(2.68942 0.588348 0)
(2.67852 0.63899 0)
(2.6968 0.628523 0)
(2.69939 0.60766 0)
(2.69986 0.631304 0)
(2.71563 0.648201 0)
(2.72913 0.672265 0)
(2.74493 0.677126 0)
(2.75414 0.511239 0)
(2.75807 0.276562 0)
(2.71101 0.0968576 0)
(2.70458 -0.00762488 0)
(2.73008 -0.0413936 0)
(2.76647 -0.0265368 0)
(2.68867 0.292417 0)
(2.69392 0.382047 0)
(2.75789 0.468952 0)
(2.81767 0.464915 0)
(2.80401 0.513314 0)
(2.76304 0.597671 0)
(2.71081 0.687415 0)
(2.70539 0.706554 0)
(2.71456 0.667544 0)
(2.7024 0.66491 0)
(2.70149 0.659774 0)
(2.70471 0.688301 0)
(2.71628 0.677677 0)
(2.7099 0.472851 0)
(2.70691 0.212673 0)
(2.70391 0.114639 0)
(2.69245 0.0528911 0)
(2.69066 -0.0288527 0)
(2.71858 -0.0534324 0)
(2.75581 -0.0272807 0)
(2.71223 0.504462 0)
(2.70809 0.557362 0)
(2.75216 0.641307 0)
(2.79017 0.650315 0)
(2.7962 0.690824 0)
(2.77579 0.738021 0)
(2.75398 0.775672 0)
(2.75586 0.757515 0)
(2.74807 0.730553 0)
(2.70483 0.701094 0)
(2.7019 0.71425 0)
(2.68985 0.639786 0)
(2.65289 0.361866 0)
(2.67178 0.202691 0)
(2.68381 0.117906 0)
(2.68222 0.0682715 0)
(2.67582 0.0120072 0)
(2.69134 -0.047993 0)
(2.70964 -0.0616564 0)
(2.74337 -0.0183526 0)
(2.72045 0.706741 0)
(2.72611 0.724167 0)
(2.73978 0.746189 0)
(2.74983 0.760574 0)
(2.77221 0.780507 0)
(2.78357 0.819518 0)
(2.7947 0.832762 0)
(2.80075 0.822879 0)
(2.77548 0.775635 0)
(2.75094 0.765143 0)
(2.69303 0.59989 0)
(2.64458 0.231437 0)
(2.6466 0.161486 0)
(2.67281 0.11914 0)
(2.67828 0.0866595 0)
(2.67031 0.0506687 0)
(2.67802 -0.0101022 0)
(2.68732 -0.0480044 0)
(2.69968 -0.056866 0)
(2.72082 -0.0175222 0)
(2.72784 0.903138 0)
(2.73755 0.876204 0)
(2.71022 0.925346 0)
(2.73243 0.926211 0)
(2.74842 0.923761 0)
(2.79537 0.934572 0)
(2.8249 0.926689 0)
(2.82784 0.897126 0)
(2.79539 0.808843 0)
(2.73118 0.515222 0)
(2.6744 0.185823 0)
(2.65449 0.113363 0)
(2.66376 0.0876788 0)
(2.67371 0.0734211 0)
(2.67241 0.0543066 0)
(2.67116 0.0240896 0)
(2.68501 -0.0156506 0)
(2.68001 -0.0397127 0)
(2.67679 -0.0451347 0)
(2.68001 -0.0199222 0)
(2.75632 1.01176 0)
(2.72668 1.05106 0)
(2.68744 1.01221 0)
(2.6952 1.02018 0)
(2.74527 1.00169 0)
(2.79012 0.991583 0)
(2.8047 0.920866 0)
(2.81712 0.703546 0)
(2.75872 0.361735 0)
(2.69198 0.203221 0)
(2.62393 0.0729942 0)
(2.61149 0.0429677 0)
(2.62913 0.0435764 0)
(2.64232 0.0398912 0)
(2.64647 0.0263054 0)
(2.65655 0.0085748 0)
(2.66918 0.00156479 0)
(2.66885 -0.013405 0)
(2.64527 -0.027921 0)
(2.60996 -0.0198633 0)
(2.74877 1.21409 0)
(2.70373 1.19581 0)
(2.73995 1.25615 0)
(2.70942 1.20163 0)
(2.72021 1.10568 0)
(2.77918 0.841133 0)
(2.74075 0.390274 0)
(2.72253 0.228518 0)
(2.60701 0.0639529 0)
(2.53671 0.0684357 0)
(2.52101 0.051645 0)
(2.53848 0.0386308 0)
(2.55634 0.0302679 0)
(2.57357 0.0177523 0)
(2.59046 0.00885876 0)
(2.61125 0.0128432 0)
(2.62945 0.0180196 0)
(2.62788 0.00696175 0)
(2.5865 -0.00924506 0)
(2.50607 -0.00772746 0)
(2.68383 1.48871 0)
(2.63995 1.37983 0)
(2.58814 1.07654 0)
(2.61453 0.891496 0)
(2.58402 0.50755 0)
(2.63021 0.293158 0)
(2.4945 0.0108329 0)
(2.44172 -0.00509743 0)
(2.39871 0.0302772 0)
(2.40949 0.0476755 0)
(2.42485 0.0497033 0)
(2.43105 0.044671 0)
(2.44231 0.0246077 0)
(2.46632 -0.00198237 0)
(2.50612 -0.00378833 0)
(2.5364 0.0114451 0)
(2.55546 0.0234161 0)
(2.54989 0.0191879 0)
(2.49535 0.00494823 0)
(2.39488 -0.007357 0)
(2.34487 0.937478 0)
(2.25862 0.505282 0)
(2.29175 0.321986 0)
(2.34527 0.236382 0)
(2.27847 0.048769 0)
(2.25642 0.0300367 0)
(2.24641 -0.0167258 0)
(2.25975 -0.0121973 0)
(2.28946 0.0237469 0)
(2.29866 0.0516425 0)
(2.29674 0.0491203 0)
(2.3023 0.0337202 0)
(2.32931 0.00310009 0)
(2.37041 -0.0121095 0)
(2.40893 -0.00839381 0)
(2.45377 0.0138527 0)
(2.47381 0.0273466 0)
(2.47556 0.0286747 0)
(2.41514 0.0122393 0)
(2.31993 -0.0132762 0)
(1.96137 0.24658 0)
(2.00743 0.139158 0)
(2.08162 0.0797915 0)
(2.13733 0.0758893 0)
(2.13814 0.0179703 0)
(2.14047 0.0182113 0)
(2.1715 -0.00143179 0)
(2.19173 0.00385515 0)
(2.21365 0.0178875 0)
(2.21944 0.0232047 0)
(2.22013 0.0228009 0)
(2.23446 0.0137276 0)
(2.27315 0.00309617 0)
(2.31469 -0.00157882 0)
(2.35518 0.0052854 0)
(2.39296 0.0128306 0)
(2.42442 0.0156521 0)
(2.43892 0.0134159 0)
(2.38078 0.000252097 0)
(2.28996 -0.00995537 0)
)
;

boundaryField
{
    inlet
    {
        type            fixedValue;
        value           uniform (3 0 0);
    }
    outlet
    {
        type            inletOutlet;
        inletValue      uniform (3 0 0);
        value           nonuniform List<vector> 
50
(
(2.80185 0.0244663 0)
(2.89999 -0.0958915 0)
(2.97305 -0.302338 0)
(3.02811 -0.512187 0)
(3.07308 -0.468693 0)
(3.08339 -0.40137 0)
(3.06748 -0.281102 0)
(3.07333 -0.249954 0)
(3.07682 -0.163895 0)
(3.05014 0.0155741 0)
(3.02396 0.178612 0)
(2.99483 0.291665 0)
(2.98073 0.282868 0)
(2.98468 0.204282 0)
(2.98687 0.0485482 0)
(2.29105 0.0079396 0)
(2.31929 0.0135987 0)
(2.39112 0.00797104 0)
(2.4998 0.00904525 0)
(2.60651 0.0217508 0)
(2.67838 0.0218729 0)
(2.71868 0.0196208 0)
(2.74461 0.0176697 0)
(2.75828 0.024977 0)
(2.76814 0.0240331 0)
(2.76647 -0.0265368 0)
(2.75581 -0.0272807 0)
(2.74337 -0.0183526 0)
(2.72082 -0.0175222 0)
(2.68001 -0.0199222 0)
(2.60996 -0.0198633 0)
(2.50607 -0.00772746 0)
(2.39488 -0.007357 0)
(2.31993 -0.0132762 0)
(2.28996 -0.00995537 0)
(2.80238 -0.025022 0)
(2.89994 0.094655 0)
(2.97291 0.303834 0)
(3.02743 0.512575 0)
(3.07098 0.467437 0)
(3.08355 0.400586 0)
(3.06722 0.279591 0)
(3.07345 0.250347 0)
(3.07684 0.164502 0)
(3.05 -0.0161127 0)
(3.024 -0.178453 0)
(2.99484 -0.291639 0)
(2.98073 -0.282857 0)
(2.98468 -0.204276 0)
(2.98687 -0.0485479 0)
)
;
    }
    airfoil
    {
        type            slip;
    }
    top
    {
        type            symmetryPlane;
    }
    bottom
    {
        type            symmetryPlane;
    }
    defaultFaces
    {
        type            empty;
    }
}


// ************************************************************************* //
