/*--------------------------------*- C++ -*----------------------------------*\
  =========                 |
  \\      /  F ield         | OpenFOAM: The Open Source CFD Toolbox
   \\    /   O peration     | Website:  https://openfoam.org
    \\  /    A nd           | Version:  7
     \\/     M anipulation  |
\*---------------------------------------------------------------------------*/
FoamFile
{
    version     2.0;
    format      ascii;
    class       volVectorField;
    location    "10";
    object      U;
}
// * * * * * * * * * * * * * * * * * * * * * * * * * * * * * * * * * * * * * //

dimensions      [0 1 -1 0 0 0 0];

internalField   nonuniform List<vector> 
3700
(
(1.34508 -0.254492 0)
(1.29118 -0.422453 0)
(1.284 -0.201796 0)
(1.38605 -0.184752 0)
(1.52956 -0.223455 0)
(1.51319 -0.213261 0)
(1.49891 -0.196367 0)
(1.50694 -0.226126 0)
(1.56736 -0.390099 0)
(1.5827 -0.415214 0)
(1.52791 -0.344945 0)
(1.53633 -0.161213 0)
(1.62221 -0.110183 0)
(1.68415 -0.171891 0)
(1.72167 -0.205401 0)
(1.70242 -0.181015 0)
(1.72576 -0.131152 0)
(1.77694 -0.14976 0)
(1.83591 -0.242293 0)
(1.886 -0.272634 0)
(1.77626 -1.20966 0)
(1.7176 -1.04168 0)
(1.75225 -0.905601 0)
(1.96195 -0.986246 0)
(2.10408 -1.28203 0)
(1.96698 -1.39098 0)
(1.80878 -1.36761 0)
(1.85595 -1.50583 0)
(1.939 -1.93197 0)
(1.91717 -1.88476 0)
(1.84163 -1.68604 0)
(1.83777 -1.26784 0)
(1.98021 -1.11017 0)
(2.11527 -1.13473 0)
(2.17269 -1.14299 0)
(2.19094 -1.09236 0)
(2.21804 -1.05036 0)
(2.25976 -1.08262 0)
(2.31362 -1.19754 0)
(2.33901 -1.29716 0)
(1.77255 -1.2406 0)
(1.88885 -1.16228 0)
(2.01766 -1.23034 0)
(2.18913 -1.40711 0)
(2.2431 -1.76961 0)
(2.10341 -2.09763 0)
(2.04244 -2.22197 0)
(2.06589 -2.2644 0)
(2.06502 -2.2682 0)
(2.1321 -2.15458 0)
(2.10483 -2.17504 0)
(2.17771 -1.99993 0)
(2.2524 -1.91817 0)
(2.34908 -1.85063 0)
(2.46925 -1.80143 0)
(2.60434 -1.72284 0)
(2.67064 -1.67433 0)
(2.68635 -1.63601 0)
(2.66101 -1.62071 0)
(2.60874 -1.60269 0)
(1.74337 -1.23405 0)
(1.82306 -1.2475 0)
(1.90961 -1.40017 0)
(1.96767 -1.66537 0)
(1.91763 -2.00575 0)
(1.90161 -2.24893 0)
(1.99294 -2.24363 0)
(2.07173 -2.22633 0)
(2.14537 -2.14589 0)
(2.2902 -2.00052 0)
(2.2493 -2.0747 0)
(2.30121 -1.95737 0)
(2.31537 -1.86361 0)
(2.3664 -1.76775 0)
(2.45484 -1.68209 0)
(2.60264 -1.53926 0)
(2.65881 -1.43479 0)
(2.75984 -1.31338 0)
(2.8256 -1.22053 0)
(2.80608 -1.25375 0)
(1.54825 -1.22724 0)
(1.60451 -1.33261 0)
(1.67155 -1.60181 0)
(1.70147 -1.90832 0)
(1.65867 -2.1948 0)
(1.61124 -2.29322 0)
(1.86492 -2.19637 0)
(2.06746 -1.9538 0)
(2.24384 -1.86356 0)
(2.38882 -1.83836 0)
(2.42357 -1.78951 0)
(2.49084 -1.70791 0)
(2.49514 -1.68028 0)
(2.47031 -1.67237 0)
(2.49892 -1.58353 0)
(2.55219 -1.50403 0)
(2.58727 -1.36554 0)
(2.6944 -1.2873 0)
(2.75141 -1.10005 0)
(2.85515 -0.895669 0)
(1.34072 -1.17686 0)
(1.42418 -1.39668 0)
(1.55218 -1.75463 0)
(1.56961 -2.03337 0)
(1.54071 -2.24399 0)
(1.68781 -2.25972 0)
(1.90143 -2.14532 0)
(2.04196 -1.91278 0)
(2.20271 -1.74476 0)
(2.37964 -1.71417 0)
(2.50942 -1.52688 0)
(2.62257 -1.44812 0)
(2.67704 -1.3399 0)
(2.64785 -1.3573 0)
(2.66246 -1.30132 0)
(2.64459 -1.31737 0)
(2.63557 -1.19524 0)
(2.65239 -1.16392 0)
(2.69657 -1.11892 0)
(2.76957 -0.883238 0)
(1.1627 -1.12381 0)
(1.30116 -1.48637 0)
(1.50406 -1.82623 0)
(1.54769 -2.15028 0)
(1.7073 -2.29135 0)
(1.83812 -2.29042 0)
(2.01727 -2.13357 0)
(2.10747 -1.89984 0)
(2.14268 -1.78851 0)
(2.29389 -1.7001 0)
(2.41482 -1.49308 0)
(2.5954 -1.43867 0)
(2.6611 -1.15643 0)
(2.74783 -1.06587 0)
(2.75926 -0.87627 0)
(2.7404 -0.862002 0)
(2.73737 -0.820291 0)
(2.72726 -0.798965 0)
(2.70927 -0.890313 0)
(2.71008 -0.730353 0)
(1.06099 -1.13801 0)
(1.24614 -1.60211 0)
(1.56271 -1.94715 0)
(1.81494 -2.21578 0)
(2.06731 -2.25286 0)
(2.17801 -2.23956 0)
(2.30388 -1.94831 0)
(2.34382 -1.81543 0)
(2.27744 -1.74462 0)
(2.32492 -1.67275 0)
(2.42463 -1.46578 0)
(2.5357 -1.37825 0)
(2.58229 -1.135 0)
(2.70323 -1.05034 0)
(2.72841 -0.798054 0)
(2.78579 -0.667976 0)
(2.7874 -0.515345 0)
(2.77972 -0.390495 0)
(2.72604 -0.508163 0)
(2.69667 -0.461898 0)
(1.01291 -1.24315 0)
(1.30943 -1.90751 0)
(1.77557 -2.15127 0)
(2.11501 -2.18887 0)
(2.44344 -2.11939 0)
(2.59661 -2.05324 0)
(2.55684 -1.69964 0)
(2.58266 -1.51949 0)
(2.56607 -1.51865 0)
(2.58925 -1.43934 0)
(2.58543 -1.34221 0)
(2.61971 -1.18567 0)
(2.61492 -1.01817 0)
(2.66528 -0.933545 0)
(2.67894 -0.743311 0)
(2.72831 -0.626823 0)
(2.7575 -0.466442 0)
(2.75656 -0.245864 0)
(2.72181 -0.186992 0)
(2.67138 -0.141119 0)
(1.08684 -1.47127 0)
(1.50488 -2.15348 0)
(1.9709 -2.34045 0)
(2.25812 -2.37317 0)
(2.39379 -2.06524 0)
(2.46777 -1.85853 0)
(2.62671 -1.49535 0)
(2.73775 -1.32917 0)
(2.80655 -1.20797 0)
(2.78594 -0.968822 0)
(2.77469 -0.955993 0)
(2.76264 -0.752324 0)
(2.73444 -0.692784 0)
(2.72838 -0.580028 0)
(2.7069 -0.481144 0)
(2.69094 -0.416252 0)
(2.69846 -0.358487 0)
(2.68981 -0.227542 0)
(2.65483 -0.0447279 0)
(2.61478 0.0490088 0)
(1.2644 -1.68521 0)
(1.70009 -2.3677 0)
(1.97285 -2.33073 0)
(1.95884 -2.15304 0)
(2.06682 -1.9404 0)
(2.18452 -1.70696 0)
(2.35535 -1.41443 0)
(2.44549 -1.31659 0)
(2.57632 -1.18954 0)
(2.63787 -0.804831 0)
(2.70546 -0.645943 0)
(2.70867 -0.399518 0)
(2.72874 -0.293104 0)
(2.70926 -0.137015 0)
(2.68774 -0.0527235 0)
(2.65932 -0.025182 0)
(2.63551 -0.0291085 0)
(2.62795 -0.0500173 0)
(2.55837 0.104994 0)
(2.57834 0.0972949 0)
(1.34993 -1.76833 0)
(1.75277 -2.37968 0)
(1.78863 -2.15576 0)
(1.83289 -1.99656 0)
(2.02074 -1.82499 0)
(2.18818 -1.5103 0)
(2.27113 -1.32697 0)
(2.34676 -1.20565 0)
(2.40922 -1.04847 0)
(2.47842 -0.841081 0)
(2.57049 -0.648098 0)
(2.60491 -0.399386 0)
(2.6465 -0.214718 0)
(2.63972 -0.0150652 0)
(2.58955 0.189967 0)
(2.56022 0.275097 0)
(2.5175 0.355215 0)
(2.51269 0.266561 0)
(2.45189 0.32826 0)
(2.47457 0.277632 0)
(1.3213 -1.7863 0)
(1.68133 -2.29704 0)
(1.738 -2.02108 0)
(1.96654 -1.68961 0)
(2.16547 -1.65369 0)
(2.30354 -1.05386 0)
(2.35526 -1.11658 0)
(2.45635 -0.969275 0)
(2.51279 -0.6255 0)
(2.53245 -0.543294 0)
(2.55718 -0.333667 0)
(2.55908 -0.165258 0)
(2.5594 -0.0245798 0)
(2.54552 0.10762 0)
(2.48726 0.28097 0)
(2.47348 0.361624 0)
(2.39523 0.515083 0)
(2.3478 0.561239 0)
(2.30333 0.591658 0)
(2.31931 0.532313 0)
(1.10235 -1.70635 0)
(1.69619 -2.05661 0)
(1.93551 -1.76557 0)
(2.07956 -1.10466 0)
(2.25105 -1.18036 0)
(2.38123 -0.644938 0)
(2.51302 -0.500349 0)
(2.59765 -0.259722 0)
(2.57034 -0.0278674 0)
(2.56114 0.067552 0)
(2.53015 0.218416 0)
(2.49102 0.335446 0)
(2.45396 0.415221 0)
(2.4112 0.481296 0)
(2.35494 0.540962 0)
(2.3264 0.559393 0)
(2.2689 0.623666 0)
(2.21627 0.698893 0)
(2.1596 0.780138 0)
(2.13135 0.799794 0)
(0.997466 -1.4725 0)
(1.73699 -1.86028 0)
(2.1816 -1.46683 0)
(2.1849 -0.799958 0)
(2.39918 -0.577591 0)
(2.52227 -0.380859 0)
(2.57082 -0.351278 0)
(2.52495 0.00889124 0)
(2.49623 0.0964029 0)
(2.46984 0.29134 0)
(2.41156 0.471804 0)
(2.33073 0.631079 0)
(2.27648 0.719911 0)
(2.20656 0.807051 0)
(2.15759 0.834214 0)
(2.1154 0.847943 0)
(2.07925 0.87889 0)
(2.07331 0.880398 0)
(2.04007 0.921192 0)
(2.05889 0.951343 0)
(1.40892 -1.10019 0)
(1.61737 -1.81926 0)
(2.2119 -0.956479 0)
(2.44379 -0.494228 0)
(2.49154 -0.024064 0)
(2.46331 -0.226942 0)
(2.44317 0.0254819 0)
(2.39436 0.22387 0)
(2.33601 0.374681 0)
(2.31386 0.524947 0)
(2.22063 0.691551 0)
(2.14392 0.815065 0)
(2.08853 0.888217 0)
(2.02704 0.957202 0)
(1.98223 0.978857 0)
(1.94653 1.00208 0)
(1.95209 1.02214 0)
(1.96897 0.997173 0)
(1.99615 0.99476 0)
(2.07297 0.97585 0)
(1.58677 -0.517147 0)
(2.11038 -0.995685 0)
(2.33655 0.325547 0)
(2.28823 -0.141449 0)
(2.33575 -0.0165931 0)
(2.37103 0.253219 0)
(2.27991 0.548236 0)
(2.20171 0.693795 0)
(2.13354 0.784225 0)
(2.07659 0.911643 0)
(1.96615 1.01339 0)
(1.91311 1.06178 0)
(1.88922 1.07389 0)
(1.87422 1.08259 0)
(1.87464 1.0545 0)
(1.89616 1.04863 0)
(1.95892 1.02335 0)
(2.16051 0.907469 0)
(2.38051 0.795422 0)
(2.7804 0.441351 0)
(1.1375 -0.0926322 0)
(1.84996 -0.258349 0)
(2.25626 0.0662085 0)
(2.21256 0.553582 0)
(2.20469 0.632508 0)
(2.13443 0.778615 0)
(2.05233 0.897561 0)
(1.96919 0.97548 0)
(1.91011 1.04051 0)
(1.84597 1.12833 0)
(1.78351 1.15931 0)
(1.78616 1.15371 0)
(1.80958 1.13227 0)
(1.85387 1.08696 0)
(2.0441 0.948365 0)
(2.26054 0.826952 0)
(2.66291 0.505408 0)
(3.03562 0.0933316 0)
(3.05532 -0.0235988 0)
(3.00403 -0.00465123 0)
(1.02247 0.0148377 0)
(1.91589 0.834595 0)
(2.08897 0.882761 0)
(1.99809 0.94847 0)
(1.95914 0.975991 0)
(1.8745 1.07876 0)
(1.79753 1.13691 0)
(1.76431 1.14711 0)
(1.75988 1.16361 0)
(1.73458 1.20293 0)
(1.70992 1.19695 0)
(1.8536 1.07343 0)
(2.09359 0.88995 0)
(2.50528 0.579294 0)
(2.98911 0.135764 0)
(3.07374 -0.0295704 0)
(3.00816 -0.00773021 0)
(3.00295 -0.00386991 0)
(3.00123 -0.00221176 0)
(3.00008 -0.000489073 0)
(1.15039 0.775634 0)
(1.82445 1.15137 0)
(1.84236 1.14175 0)
(1.7295 1.19524 0)
(1.71039 1.18898 0)
(1.66877 1.23898 0)
(1.66558 1.2111 0)
(1.73331 1.16502 0)
(1.76551 1.22533 0)
(1.79111 1.13596 0)
(2.26141 0.74144 0)
(2.85076 0.214011 0)
(3.09727 -0.0266077 0)
(3.02118 -0.0125726 0)
(3.00423 -0.00522455 0)
(3.00178 -0.00290817 0)
(3.00006 -0.000576997 0)
(2.99998 -2.42321e-05 0)
(2.99999 1.44324e-05 0)
(3 5.93091e-06 0)
(1.57505 1.25718 0)
(1.58114 1.26492 0)
(1.58423 1.27235 0)
(1.59181 1.26265 0)
(1.6094 1.24259 0)
(1.60504 1.26523 0)
(1.92319 1.16451 0)
(2.99188 0.362276 0)
(3.31321 -0.562232 0)
(3 6.22261e-11 0)
(3 -7.34713e-11 0)
(3 7.86746e-11 0)
(3 -1.02888e-15 0)
(3 -4.31017e-13 0)
(3 -1.65641e-14 0)
(3 1.66646e-14 0)
(3 -1.1887e-14 0)
(3 -9.96006e-16 0)
(3 3.71875e-16 0)
(3 -1.88403e-16 0)
(1.58115 1.25199 0)
(1.59173 1.26022 0)
(1.59492 1.27817 0)
(1.59418 1.28499 0)
(1.65927 1.26307 0)
(1.72509 1.24012 0)
(2.27956 0.746176 0)
(2.99775 0.0151883 0)
(3 5.48265e-08 0)
(3 -3.06522e-11 0)
(3 -9.92379e-15 0)
(3 -8.08154e-18 0)
(3 -3.6071e-15 0)
(3 1.51886e-16 0)
(3 -6.41965e-16 0)
(3 -1.25942e-15 0)
(3 -3.81518e-16 0)
(3 -3.03075e-16 0)
(3 -6.34767e-16 0)
(3 -1.23334e-15 0)
(1.58782 1.2509 0)
(1.60629 1.25457 0)
(1.61299 1.26274 0)
(1.59337 1.29239 0)
(1.67957 1.23615 0)
(2.18563 0.813567 0)
(2.98434 0.00971863 0)
(3.00053 -0.000990425 0)
(3 6.84734e-07 0)
(3 6.09873e-11 0)
(3 -4.32268e-14 0)
(3 -3.00549e-15 0)
(3 -1.78157e-15 0)
(3 -1.24513e-15 0)
(3 -3.52835e-16 0)
(3 -1.36289e-15 0)
(3 -1.07377e-15 0)
(3 -2.48955e-17 0)
(3 -2.44929e-16 0)
(3 -1.04883e-15 0)
(1.58747 1.25369 0)
(1.61097 1.25576 0)
(1.62652 1.25438 0)
(1.63908 1.26963 0)
(1.85292 1.08516 0)
(2.74507 0.214579 0)
(3.00543 -0.00273913 0)
(2.9999 9.42165e-05 0)
(3 -8.72846e-07 0)
(3 8.91324e-10 0)
(3 -1.20882e-14 0)
(3 -2.54004e-15 0)
(3 -1.76777e-15 0)
(3 -1.75276e-15 0)
(3 -8.55764e-17 0)
(3 -2.52028e-15 0)
(3 -1.09772e-15 0)
(3 -5.68461e-16 0)
(3 -4.66953e-16 0)
(3 -1.37682e-15 0)
(1.58645 1.26485 0)
(1.59795 1.26066 0)
(1.62576 1.2464 0)
(1.74524 1.19417 0)
(2.38502 0.625249 0)
(3.01908 -0.0176343 0)
(2.99976 0.000191532 0)
(3 -4.41193e-06 0)
(3 8.61751e-08 0)
(3 -9.18769e-10 0)
(3 1.7025e-13 0)
(3 -2.22019e-15 0)
(3 -2.00564e-15 0)
(3 -2.56981e-15 0)
(3 -1.23035e-15 0)
(3 -4.31056e-15 0)
(3 -2.83313e-15 0)
(3 -2.14884e-15 0)
(3 -9.61297e-16 0)
(3 -1.98989e-15 0)
(1.58318 1.27535 0)
(1.57906 1.26953 0)
(1.62896 1.26226 0)
(1.76663 1.16617 0)
(2.69188 0.268792 0)
(3 -5.89811e-10 0)
(3 1.43786e-08 0)
(3 -1.30151e-08 0)
(3 5.68453e-10 0)
(3 3.20382e-12 0)
(3 -9.82627e-14 0)
(3 -5.48609e-16 0)
(3 -1.75084e-15 0)
(3 -1.91324e-15 0)
(3 -1.80439e-15 0)
(3 -3.42714e-15 0)
(3 -3.69748e-15 0)
(3 -3.10364e-15 0)
(3 -2.10935e-15 0)
(3 -2.97343e-15 0)
(1.57942 1.29452 0)
(1.55601 1.29032 0)
(1.66803 1.2426 0)
(2.14441 0.849902 0)
(3.01036 -0.0104124 0)
(3 -5.17666e-12 0)
(3 -1.75119e-11 0)
(3 2.30304e-11 0)
(3 -3.25311e-12 0)
(3 9.0039e-15 0)
(3 -3.27963e-16 0)
(3 -1.29365e-15 0)
(3 -1.21758e-15 0)
(3 -1.87477e-15 0)
(3 -1.47865e-15 0)
(3 -1.75397e-15 0)
(3 -3.87885e-15 0)
(3 -4.49547e-15 0)
(3 -3.05115e-15 0)
(3 -3.63219e-15 0)
(1.58678 1.3214 0)
(1.50481 1.32803 0)
(1.79456 1.17946 0)
(2.45234 0.532445 0)
(3 -5.70265e-06 0)
(3 -1.59815e-12 0)
(3 1.68776e-13 0)
(3 -9.72245e-14 0)
(3 1.93489e-14 0)
(3 2.64616e-17 0)
(3 -1.05079e-15 0)
(3 -7.98052e-16 0)
(3 -6.71353e-16 0)
(3 -1.50627e-15 0)
(3 -1.66858e-15 0)
(3 -1.70898e-15 0)
(3 -3.17149e-15 0)
(3 -4.36364e-15 0)
(3 -3.79354e-15 0)
(3 -3.86793e-15 0)
(1.59066 1.30871 0)
(1.46557 1.36356 0)
(1.90948 1.0524 0)
(2.84385 0.135738 0)
(3 -2.30324e-08 0)
(3 -1.91108e-12 0)
(3 -5.95776e-14 0)
(3 2.02169e-15 0)
(3 5.66401e-16 0)
(3 -2.90709e-16 0)
(3 -1.09712e-15 0)
(3 -8.82124e-16 0)
(3 -5.18951e-16 0)
(3 -1.00145e-15 0)
(3 -9.38046e-16 0)
(3 -6.64273e-16 0)
(3 -1.24308e-15 0)
(3 -3.05871e-15 0)
(3 -4.22983e-15 0)
(3 -4.73903e-15 0)
(1.60505 1.29529 0)
(1.47933 1.37931 0)
(2.17211 0.816368 0)
(3.01094 -0.00931929 0)
(3 2.41511e-08 0)
(3 1.7495e-12 0)
(3 1.75616e-14 0)
(3 -8.61554e-17 0)
(3 -2.54161e-16 0)
(3 -3.84047e-16 0)
(3 -1.01296e-15 0)
(3 -1.14801e-15 0)
(3 -1.13423e-15 0)
(3 -8.16279e-16 0)
(3 -6.01244e-16 0)
(3 -3.309e-16 0)
(3 -3.1978e-16 0)
(3 -9.30303e-16 0)
(3 -2.0594e-15 0)
(3 -2.84313e-15 0)
(1.62224 1.28002 0)
(1.57682 1.31088 0)
(2.42073 0.533338 0)
(3 -1.94475e-12 0)
(3 -1.43713e-11 0)
(3 5.73811e-14 0)
(3 4.94963e-16 0)
(3 1.10811e-15 0)
(3 6.34317e-16 0)
(3 3.72286e-16 0)
(3 -1.29604e-16 0)
(3 -7.62751e-16 0)
(3 -1.43588e-15 0)
(3 -9.87302e-16 0)
(3 -7.47533e-16 0)
(3 -6.10723e-16 0)
(3 -2.9145e-16 0)
(3 -3.68593e-16 0)
(3 -6.27759e-16 0)
(3 -2.05655e-16 0)
(1.63941 1.26018 0)
(1.62494 1.24939 0)
(2.65184 0.288907 0)
(3 2.72189e-13 0)
(3 -4.68878e-14 0)
(3 -1.16371e-16 0)
(3 1.11534e-15 0)
(3 1.17336e-15 0)
(3 1.04456e-15 0)
(3 6.37475e-16 0)
(3 4.36287e-16 0)
(3 4.87188e-17 0)
(3 -6.75213e-16 0)
(3 -1.39033e-15 0)
(3 -1.14844e-15 0)
(3 -6.10563e-16 0)
(3 -7.04918e-16 0)
(3 -1.02351e-15 0)
(3 -1.86212e-15 0)
(3 -1.88214e-15 0)
(1.6572 1.23894 0)
(1.8318 1.10012 0)
(2.87855 0.0902963 0)
(3 -5.79179e-13 0)
(3 -4.1167e-16 0)
(3 -4.24817e-16 0)
(3 4.15475e-16 0)
(3 1.21678e-16 0)
(3 5.46976e-16 0)
(3 5.24518e-16 0)
(3 4.30221e-16 0)
(3 5.61877e-16 0)
(3 1.09645e-15 0)
(3 4.17794e-16 0)
(3 -2.20208e-16 0)
(3 1.4029e-16 0)
(3 3.71317e-16 0)
(3 -1.93445e-16 0)
(3 -5.864e-16 0)
(3 -1.07048e-15 0)
(1.67316 1.19587 0)
(1.89379 0.982033 0)
(2.99286 0.00610545 0)
(3 -3.24225e-15 0)
(3 -2.02904e-15 0)
(3 -7.62485e-16 0)
(3 8.05913e-16 0)
(3 7.22732e-16 0)
(3 5.4552e-16 0)
(3 6.28447e-17 0)
(3 -3.5261e-16 0)
(3 -1.39517e-16 0)
(3 5.51088e-16 0)
(3 7.32605e-16 0)
(3 1.27748e-16 0)
(3 3.7181e-16 0)
(3 8.83682e-16 0)
(3 4.18061e-16 0)
(3 2.67362e-17 0)
(3 -3.39475e-16 0)
(1.68783 1.17511 0)
(2.03519 0.830739 0)
(3 -5.89003e-15 0)
(3 -4.04697e-15 0)
(3 -1.76494e-15 0)
(3 -7.32792e-16 0)
(3 1.72721e-16 0)
(3 1.13602e-15 0)
(3 1.11124e-15 0)
(3 -5.59042e-17 0)
(3 -4.68255e-16 0)
(3 -5.3967e-16 0)
(3 -4.09244e-16 0)
(3 -6.60739e-16 0)
(3 -5.15376e-16 0)
(3 -9.77353e-17 0)
(3 3.14135e-16 0)
(3 5.69357e-16 0)
(3 1.21936e-16 0)
(3 -3.15229e-16 0)
(1.77144 1.10617 0)
(2.23226 0.647886 0)
(3 -7.44154e-15 0)
(3 -4.35602e-15 0)
(3 -1.97963e-15 0)
(3 -1.12366e-15 0)
(3 1.4268e-15 0)
(3 2.38777e-15 0)
(3 1.53541e-15 0)
(3 3.74905e-16 0)
(3 -2.89871e-16 0)
(3 -8.63879e-16 0)
(3 -1.21991e-15 0)
(3 -1.19536e-15 0)
(3 -1.06692e-15 0)
(3 -7.92987e-16 0)
(3 -6.50493e-16 0)
(3 -4.50215e-16 0)
(3 -2.80193e-16 0)
(3 -2.1064e-16 0)
(1.84667 1.0055 0)
(2.47078 0.432455 0)
(3 -6.56429e-15 0)
(3 -4.30829e-15 0)
(3 -2.00808e-15 0)
(3 -1.42378e-15 0)
(3 9.26362e-16 0)
(3 2.05671e-15 0)
(3 1.84471e-15 0)
(3 1.69434e-15 0)
(3 1.32292e-15 0)
(3 1.07345e-15 0)
(3 6.55925e-16 0)
(3 8.73506e-16 0)
(3 6.29054e-16 0)
(3 3.35883e-16 0)
(3 5.79312e-16 0)
(3 7.99702e-16 0)
(3 9.17789e-16 0)
(3 8.23596e-16 0)
(1.92954 0.865672 0)
(2.71751 0.202324 0)
(3 -4.85983e-15 0)
(3 -1.39728e-15 0)
(3 -6.92548e-17 0)
(3 6.64463e-16 0)
(3 1.51508e-15 0)
(3 2.19553e-15 0)
(3 2.44977e-15 0)
(3 2.92668e-15 0)
(3 2.79532e-15 0)
(3 2.48021e-15 0)
(3 2.12514e-15 0)
(3 1.35306e-15 0)
(3 6.27964e-16 0)
(3 6.39974e-16 0)
(3 4.4875e-16 0)
(3 1.54931e-16 0)
(3 3.20395e-16 0)
(3 6.97066e-16 0)
(2.08992 0.662956 0)
(2.99144 1.94097e-06 0)
(3 -4.15223e-15 0)
(3 -2.08998e-15 0)
(3 -6.73859e-16 0)
(3 1.49254e-16 0)
(3 9.85418e-16 0)
(3 1.33885e-15 0)
(3 1.13944e-15 0)
(3 1.09417e-15 0)
(3 1.55204e-15 0)
(3 1.68903e-15 0)
(3 1.88042e-15 0)
(3 2.25686e-15 0)
(3 2.60465e-15 0)
(3 2.61477e-15 0)
(3 2.379e-15 0)
(3 2.2046e-15 0)
(3 1.8838e-15 0)
(3 1.82483e-15 0)
(1.99156 0.373367 0)
(2.99986 -1.13635e-05 0)
(3 -3.81239e-15 0)
(3 -3.1557e-15 0)
(3 -1.77997e-15 0)
(3 -8.26503e-16 0)
(3 -3.90101e-16 0)
(3 4.44299e-16 0)
(3 8.51123e-16 0)
(3 8.30868e-16 0)
(3 8.82412e-16 0)
(3 6.74923e-16 0)
(3 6.8268e-16 0)
(3 6.29123e-16 0)
(3 6.60177e-16 0)
(3 8.17693e-16 0)
(3 8.50678e-16 0)
(3 9.74994e-16 0)
(3 9.92718e-16 0)
(3 1.01812e-15 0)
(1.99228 -0.372897 0)
(2.99988 6.81435e-06 0)
(3 -1.18815e-15 0)
(3 -3.5316e-16 0)
(3 -6.85976e-16 0)
(3 -7.55261e-16 0)
(3 -2.82815e-16 0)
(3 2.87244e-16 0)
(3 1.07153e-15 0)
(3 1.78282e-15 0)
(3 1.46727e-15 0)
(3 1.16003e-15 0)
(3 8.00793e-16 0)
(3 7.79484e-16 0)
(3 6.48479e-16 0)
(3 4.78667e-16 0)
(3 2.58321e-16 0)
(3 1.78381e-16 0)
(3 4.41423e-16 0)
(3 5.17708e-16 0)
(2.09394 -0.664925 0)
(2.99085 -6.49248e-06 0)
(3 3.32623e-15 0)
(3 2.12618e-15 0)
(3 1.33789e-15 0)
(3 5.52681e-16 0)
(3 3.77721e-16 0)
(3 3.81438e-16 0)
(3 2.15991e-16 0)
(3 -3.61701e-16 0)
(3 -5.10759e-16 0)
(3 -1.74117e-16 0)
(3 5.74593e-16 0)
(3 6.82679e-16 0)
(3 5.93492e-16 0)
(3 3.75924e-16 0)
(3 -1.823e-17 0)
(3 -1.62578e-16 0)
(3 -3.41517e-16 0)
(3 -8.04591e-16 0)
(1.92585 -0.868645 0)
(2.71031 -0.20745 0)
(3 4.28637e-15 0)
(3 4.19044e-15 0)
(3 3.98705e-15 0)
(3 3.26741e-15 0)
(3 2.56866e-15 0)
(3 1.49183e-15 0)
(3 4.37584e-16 0)
(3 4.48333e-17 0)
(3 -2.46059e-17 0)
(3 2.58522e-16 0)
(3 -8.97437e-17 0)
(3 -5.32879e-16 0)
(3 -1.10932e-15 0)
(3 -1.12446e-15 0)
(3 -1.07391e-15 0)
(3 -9.83475e-16 0)
(3 -1.32565e-15 0)
(3 -1.59036e-15 0)
(1.83847 -1.00273 0)
(2.46896 -0.432125 0)
(3 5.97631e-15 0)
(3 4.99602e-15 0)
(3 4.53237e-15 0)
(3 3.44561e-15 0)
(3 2.51173e-15 0)
(3 1.44822e-15 0)
(3 1.25529e-15 0)
(3 1.40836e-15 0)
(3 1.47595e-15 0)
(3 1.13678e-15 0)
(3 5.65682e-16 0)
(3 4.37211e-16 0)
(3 6.52323e-16 0)
(3 6.89698e-16 0)
(3 4.3947e-16 0)
(3 -2.91513e-17 0)
(3 -5.38994e-16 0)
(3 -9.01146e-16 0)
(1.77689 -1.10686 0)
(2.2369 -0.647227 0)
(3 6.88137e-15 0)
(3 5.96889e-15 0)
(3 4.69874e-15 0)
(3 3.61648e-15 0)
(3 2.77594e-15 0)
(3 2.57392e-15 0)
(3 2.80658e-15 0)
(3 2.34664e-15 0)
(3 1.72719e-15 0)
(3 1.26322e-15 0)
(3 9.89473e-16 0)
(3 6.49776e-16 0)
(3 2.46635e-16 0)
(3 -2.95599e-16 0)
(3 -7.28104e-16 0)
(3 -7.97813e-16 0)
(3 -1.06104e-15 0)
(3 -1.1185e-15 0)
(1.69247 -1.17311 0)
(2.04087 -0.826625 0)
(3 7.66816e-15 0)
(3 6.40176e-15 0)
(3 5.71011e-15 0)
(3 4.37182e-15 0)
(3 3.90084e-15 0)
(3 3.59878e-15 0)
(3 2.84869e-15 0)
(3 1.99566e-15 0)
(3 1.2344e-15 0)
(3 7.97311e-16 0)
(3 5.39559e-17 0)
(3 -3.9554e-16 0)
(3 -8.62736e-16 0)
(3 -7.8806e-16 0)
(3 -1.05976e-15 0)
(3 -9.09702e-16 0)
(3 -3.2675e-16 0)
(3 9.39677e-16 0)
(1.67019 -1.19866 0)
(1.88741 -0.984216 0)
(2.98745 -0.010353 0)
(3 6.66468e-15 0)
(3 5.76896e-15 0)
(3 4.37357e-15 0)
(3 3.63882e-15 0)
(3 3.0157e-15 0)
(3 2.22114e-15 0)
(3 1.43376e-15 0)
(3 9.59489e-16 0)
(3 6.99023e-16 0)
(3 1.48849e-16 0)
(3 -1.98204e-16 0)
(3 -1.28188e-16 0)
(3 9.57523e-17 0)
(3 1.15652e-16 0)
(3 1.08194e-15 0)
(3 2.49133e-15 0)
(3 3.26443e-15 0)
(1.65658 -1.23904 0)
(1.83229 -1.10227 0)
(2.87581 -0.0939623 0)
(3 2.47933e-13 0)
(3 4.3493e-15 0)
(3 3.96885e-15 0)
(3 3.66467e-15 0)
(3 3.095e-15 0)
(3 2.47927e-15 0)
(3 1.3196e-15 0)
(3 6.74725e-16 0)
(3 4.61113e-16 0)
(3 1.3484e-16 0)
(3 -6.27725e-17 0)
(3 1.64151e-16 0)
(3 3.94131e-16 0)
(3 1.04578e-15 0)
(3 2.54227e-15 0)
(3 3.40002e-15 0)
(3 3.03482e-15 0)
(1.63907 -1.26018 0)
(1.62623 -1.24956 0)
(2.65267 -0.289363 0)
(3 -4.87505e-13 0)
(3 1.42024e-14 0)
(3 4.38179e-15 0)
(3 3.82483e-15 0)
(3 3.66676e-15 0)
(3 2.27432e-15 0)
(3 1.53057e-15 0)
(3 1.08798e-15 0)
(3 1.13847e-15 0)
(3 1.05222e-15 0)
(3 9.44922e-16 0)
(3 1.22654e-15 0)
(3 1.56061e-15 0)
(3 2.6318e-15 0)
(3 2.83826e-15 0)
(3 2.40567e-15 0)
(3 1.41678e-15 0)
(1.6219 -1.27934 0)
(1.57322 -1.31397 0)
(2.41669 -0.538201 0)
(3 2.82629e-12 0)
(3 2.97727e-11 0)
(3 -4.7793e-14 0)
(3 4.22441e-15 0)
(3 2.88977e-15 0)
(3 2.49872e-15 0)
(3 1.76517e-15 0)
(3 1.31882e-15 0)
(3 1.38168e-15 0)
(3 1.64234e-15 0)
(3 1.96982e-15 0)
(3 1.93635e-15 0)
(3 2.30484e-15 0)
(3 3.0386e-15 0)
(3 2.52187e-15 0)
(3 1.17662e-15 0)
(3 4.86487e-16 0)
(1.60494 -1.29419 0)
(1.47935 -1.37512 0)
(2.18351 -0.808951 0)
(3.01078 0.00918941 0)
(3 -3.0458e-08 0)
(3 1.5827e-12 0)
(3 -1.51828e-14 0)
(3 3.7863e-15 0)
(3 2.87982e-15 0)
(3 2.23608e-15 0)
(3 2.09552e-15 0)
(3 2.25755e-15 0)
(3 2.84644e-15 0)
(3 2.229e-15 0)
(3 2.26895e-15 0)
(3 3.15272e-15 0)
(3 2.78277e-15 0)
(3 2.29316e-15 0)
(3 2.12659e-15 0)
(3 3.5716e-15 0)
(1.59055 -1.30877 0)
(1.46632 -1.36657 0)
(1.90853 -1.05225 0)
(2.84273 -0.134443 0)
(3 1.96172e-08 0)
(3 -1.75427e-12 0)
(3 3.20741e-14 0)
(3 2.65267e-15 0)
(3 3.53679e-15 0)
(3 3.37517e-15 0)
(3 2.98263e-15 0)
(3 3.14319e-15 0)
(3 2.93088e-15 0)
(3 2.68916e-15 0)
(3 2.65713e-15 0)
(3 2.90863e-15 0)
(3 3.03557e-15 0)
(3 2.32665e-15 0)
(3 4.02254e-15 0)
(3 4.35026e-15 0)
(1.58859 -1.32242 0)
(1.49913 -1.33056 0)
(1.78401 -1.17868 0)
(2.44487 -0.535452 0)
(3 2.90503e-05 0)
(3 3.98493e-11 0)
(3 -4.53957e-13 0)
(3 1.81926e-13 0)
(3 -1.7665e-14 0)
(3 4.0938e-15 0)
(3 3.75287e-15 0)
(3 3.33466e-15 0)
(3 3.0816e-15 0)
(3 3.0314e-15 0)
(3 2.53872e-15 0)
(3 2.79152e-15 0)
(3 2.5625e-15 0)
(3 3.17747e-15 0)
(3 5.00906e-15 0)
(3 5.17709e-15 0)
(1.57921 -1.29575 0)
(1.56045 -1.29439 0)
(1.67598 -1.24147 0)
(2.17024 -0.83866 0)
(3.01743 0.0183368 0)
(3 -3.73194e-11 0)
(3 4.57621e-11 0)
(3 -3.64843e-11 0)
(3 3.53804e-12 0)
(3 2.46705e-15 0)
(3 2.91376e-15 0)
(3 3.0612e-15 0)
(3 2.66758e-15 0)
(3 2.64588e-15 0)
(3 2.54695e-15 0)
(3 2.1289e-15 0)
(3 3.02769e-15 0)
(3 3.7822e-15 0)
(3 5.05982e-15 0)
(3 5.09962e-15 0)
(1.58257 -1.27492 0)
(1.57872 -1.26998 0)
(1.63148 -1.26322 0)
(1.75502 -1.17729 0)
(2.67638 -0.282006 0)
(3 5.76246e-10 0)
(3 -1.43746e-08 0)
(3 1.29987e-08 0)
(3 -5.65979e-10 0)
(3 -3.16569e-12 0)
(3 9.55177e-14 0)
(3 2.26801e-15 0)
(3 2.07441e-15 0)
(3 2.59952e-15 0)
(3 2.45723e-15 0)
(3 1.86907e-15 0)
(3 4.06154e-15 0)
(3 4.79292e-15 0)
(3 5.32096e-15 0)
(3 4.83203e-15 0)
(1.58538 -1.26377 0)
(1.59502 -1.25998 0)
(1.6248 -1.25136 0)
(1.73424 -1.1989 0)
(2.38192 -0.626368 0)
(3.01893 0.0174374 0)
(2.99976 -0.000188352 0)
(3 4.42503e-06 0)
(3 -8.59623e-08 0)
(3 9.2364e-10 0)
(3 -1.31692e-13 0)
(3 2.33399e-15 0)
(3 1.98464e-15 0)
(3 3.04001e-15 0)
(3 2.59267e-15 0)
(3 2.47457e-15 0)
(3 4.20685e-15 0)
(3 4.20474e-15 0)
(3 4.83219e-15 0)
(3 4.00699e-15 0)
(1.58668 -1.25316 0)
(1.60899 -1.25471 0)
(1.62461 -1.25265 0)
(1.64281 -1.26376 0)
(1.86813 -1.07671 0)
(2.75325 -0.209206 0)
(3.00523 0.002487 0)
(2.9999 -9.35018e-05 0)
(3 9.03827e-07 0)
(3 -8.96798e-10 0)
(3 5.73423e-15 0)
(3 2.94782e-15 0)
(3 2.88986e-15 0)
(3 3.64704e-15 0)
(3 2.82311e-15 0)
(3 2.24997e-15 0)
(3 3.36349e-15 0)
(3 3.37799e-15 0)
(3 3.72231e-15 0)
(3 2.52607e-15 0)
(1.58791 -1.24957 0)
(1.60614 -1.25452 0)
(1.6148 -1.25968 0)
(1.60041 -1.2882 0)
(1.6747 -1.23622 0)
(2.19953 -0.801023 0)
(2.98835 -0.0058089 0)
(3.00052 0.00098996 0)
(3 -7.23835e-07 0)
(3 -6.08338e-11 0)
(3 5.03002e-15 0)
(3 3.31218e-15 0)
(3 3.80817e-15 0)
(3 4.08185e-15 0)
(3 3.02086e-15 0)
(3 1.57359e-15 0)
(3 3.14975e-15 0)
(3 2.93243e-15 0)
(3 3.51757e-15 0)
(3 3.28469e-15 0)
(1.58291 -1.25105 0)
(1.59356 -1.25909 0)
(1.59822 -1.27562 0)
(1.59906 -1.28429 0)
(1.65602 -1.26655 0)
(1.71611 -1.24163 0)
(2.26404 -0.754931 0)
(2.99524 -0.0181858 0)
(3 -5.26124e-08 0)
(3 2.981e-11 0)
(3 5.04537e-15 0)
(3 3.59739e-15 0)
(3 3.44994e-15 0)
(3 3.37275e-15 0)
(3 2.35947e-15 0)
(3 3.13496e-15 0)
(3 1.4626e-15 0)
(3 2.62454e-15 0)
(3 3.49686e-15 0)
(3 3.12031e-15 0)
(1.57591 -1.25811 0)
(1.58176 -1.2656 0)
(1.58545 -1.27282 0)
(1.59237 -1.26399 0)
(1.60648 -1.24502 0)
(1.60107 -1.26646 0)
(1.92115 -1.1687 0)
(2.98878 -0.371164 0)
(3.31118 0.564202 0)
(3 -6.30348e-11 0)
(3 7.40928e-11 0)
(3 -7.85258e-11 0)
(3 9.24299e-16 0)
(3 4.32737e-13 0)
(3 1.54489e-14 0)
(3 -1.04114e-14 0)
(3 1.087e-14 0)
(3 2.56163e-15 0)
(3 3.95187e-15 0)
(3 5.19855e-15 0)
(1.15324 -0.773794 0)
(1.82688 -1.15026 0)
(1.84077 -1.14602 0)
(1.73148 -1.1956 0)
(1.70767 -1.19017 0)
(1.66674 -1.23953 0)
(1.66375 -1.21105 0)
(1.73337 -1.16529 0)
(1.76844 -1.22543 0)
(1.79588 -1.13509 0)
(2.2645 -0.738561 0)
(2.85276 -0.211615 0)
(3.09829 0.0277824 0)
(3.0214 0.0127317 0)
(3.00422 0.00526613 0)
(3.00175 0.00289454 0)
(3.00006 0.000569261 0)
(2.99998 2.35444e-05 0)
(2.99999 -1.43974e-05 0)
(3 -5.91974e-06 0)
(1.02297 -0.00877765 0)
(1.90937 -0.844855 0)
(2.101 -0.862253 0)
(1.98996 -0.966105 0)
(1.96053 -0.975731 0)
(1.86986 -1.07949 0)
(1.79515 -1.1356 0)
(1.76526 -1.14623 0)
(1.76169 -1.16316 0)
(1.73752 -1.2024 0)
(1.71256 -1.19644 0)
(1.85249 -1.07266 0)
(2.09028 -0.889692 0)
(2.50154 -0.580915 0)
(2.98752 -0.137417 0)
(3.07377 0.02922 0)
(3.00817 0.00771248 0)
(3.00294 0.00386064 0)
(3.00123 0.00220738 0)
(3.00008 0.000489859 0)
(1.15261 0.0855177 0)
(1.85639 0.273313 0)
(2.24708 -0.0826306 0)
(2.21729 -0.513809 0)
(2.20043 -0.637044 0)
(2.13142 -0.782232 0)
(2.05095 -0.897874 0)
(1.96731 -0.978381 0)
(1.91028 -1.04244 0)
(1.84641 -1.12938 0)
(1.78464 -1.15904 0)
(1.787 -1.15369 0)
(1.80849 -1.13269 0)
(1.85298 -1.0875 0)
(2.04433 -0.948463 0)
(2.26127 -0.826684 0)
(2.66297 -0.50522 0)
(3.03552 -0.0934978 0)
(3.05527 0.0235003 0)
(3.004 0.00463526 0)
(1.52716 0.495827 0)
(2.12139 0.997407 0)
(2.31932 -0.380174 0)
(2.28786 0.131637 0)
(2.32956 0.0185958 0)
(2.36737 -0.238952 0)
(2.27734 -0.540128 0)
(2.20371 -0.685932 0)
(2.13625 -0.779463 0)
(2.07982 -0.908338 0)
(1.96844 -1.01029 0)
(1.9139 -1.06015 0)
(1.88788 -1.07426 0)
(1.87327 -1.08296 0)
(1.87516 -1.05431 0)
(1.89706 -1.04827 0)
(1.95941 -1.02319 0)
(2.16053 -0.907779 0)
(2.3806 -0.79558 0)
(2.78082 -0.440878 0)
(1.19439 0.940454 0)
(1.6048 1.72107 0)
(2.2696 1.05087 0)
(2.46213 0.333818 0)
(2.48401 0.148873 0)
(2.47468 0.22759 0)
(2.44708 -0.0220629 0)
(2.39568 -0.225944 0)
(2.33923 -0.372465 0)
(2.31481 -0.526986 0)
(2.2217 -0.693747 0)
(2.14225 -0.818736 0)
(2.08478 -0.89309 0)
(2.02418 -0.960712 0)
(1.98187 -0.979647 0)
(1.94776 -1.00135 0)
(1.95237 -1.02186 0)
(1.96905 -0.997166 0)
(1.99612 -0.994986 0)
(2.07299 -0.976146 0)
(0.873708 1.36854 0)
(1.70711 1.77326 0)
(2.1163 1.47473 0)
(2.12303 0.737941 0)
(2.40865 0.512972 0)
(2.53799 0.340107 0)
(2.58352 0.321483 0)
(2.53367 -0.030293 0)
(2.50103 -0.116806 0)
(2.47093 -0.305407 0)
(2.41159 -0.480664 0)
(2.32792 -0.638467 0)
(2.27288 -0.724056 0)
(2.20528 -0.806724 0)
(2.15931 -0.829473 0)
(2.1184 -0.842608 0)
(2.08081 -0.875236 0)
(2.07301 -0.879724 0)
(2.03901 -0.922697 0)
(2.05881 -0.952241 0)
(1.05965 1.63419 0)
(1.61251 2.01876 0)
(1.84868 1.70686 0)
(1.96183 1.10634 0)
(2.0877 1.19899 0)
(2.34547 0.776446 0)
(2.52918 0.514209 0)
(2.61504 0.287518 0)
(2.57565 0.0378358 0)
(2.56419 -0.0522095 0)
(2.53111 -0.207001 0)
(2.4915 -0.323596 0)
(2.45349 -0.404482 0)
(2.41202 -0.470155 0)
(2.35642 -0.532129 0)
(2.32824 -0.555045 0)
(2.26701 -0.626417 0)
(2.21256 -0.705032 0)
(2.15891 -0.783001 0)
(2.13235 -0.800269 0)
(1.2323 1.73505 0)
(1.59754 2.32147 0)
(1.74817 2.01963 0)
(1.90044 1.67752 0)
(2.09 1.63309 0)
(2.28035 1.18687 0)
(2.36416 1.13045 0)
(2.45662 0.983128 0)
(2.51026 0.647834 0)
(2.52929 0.551621 0)
(2.55634 0.344714 0)
(2.5574 0.1705 0)
(2.55929 0.0260477 0)
(2.54642 -0.111274 0)
(2.48821 -0.288879 0)
(2.47187 -0.372594 0)
(2.39214 -0.525376 0)
(2.34698 -0.560957 0)
(2.3051 -0.588656 0)
(2.32174 -0.528682 0)
(1.26175 1.7344 0)
(1.64316 2.37519 0)
(1.77122 2.15338 0)
(1.83634 1.99852 0)
(1.99173 1.82993 0)
(2.15942 1.49581 0)
(2.2718 1.34529 0)
(2.36159 1.20109 0)
(2.42 1.04681 0)
(2.48891 0.836066 0)
(2.58254 0.640594 0)
(2.61277 0.382568 0)
(2.65182 0.195828 0)
(2.64137 -0.00336435 0)
(2.59118 -0.200591 0)
(2.55922 -0.279176 0)
(2.51796 -0.346972 0)
(2.51556 -0.255855 0)
(2.45283 -0.324361 0)
(2.47492 -0.277724 0)
(1.18727 1.65042 0)
(1.58886 2.34363 0)
(1.93207 2.36322 0)
(1.97548 2.12509 0)
(2.06909 1.93469 0)
(2.20169 1.66935 0)
(2.357 1.47919 0)
(2.48534 1.29579 0)
(2.60666 1.18586 0)
(2.65979 0.793433 0)
(2.72059 0.62847 0)
(2.71621 0.383735 0)
(2.73059 0.289486 0)
(2.71144 0.143396 0)
(2.6906 0.0675677 0)
(2.6605 0.0408591 0)
(2.6363 0.0456868 0)
(2.62768 0.05291 0)
(2.55868 -0.108765 0)
(2.57731 -0.103925 0)
(1.04042 1.43055 0)
(1.42646 2.17098 0)
(1.90637 2.353 0)
(2.2047 2.34434 0)
(2.41552 2.0332 0)
(2.48842 1.86359 0)
(2.65697 1.63158 0)
(2.77074 1.28888 0)
(2.80344 1.19819 0)
(2.78658 0.979212 0)
(2.77108 0.970761 0)
(2.7595 0.772371 0)
(2.72855 0.710966 0)
(2.72558 0.602788 0)
(2.70423 0.495027 0)
(2.69132 0.424361 0)
(2.70149 0.355618 0)
(2.6907 0.211917 0)
(2.65643 0.0329936 0)
(2.61469 -0.0520295 0)
(1.0101 1.24675 0)
(1.24903 1.92633 0)
(1.74868 2.19473 0)
(2.07745 2.24016 0)
(2.3411 2.06965 0)
(2.49797 2.08612 0)
(2.571 1.73575 0)
(2.59206 1.5123 0)
(2.55826 1.51188 0)
(2.56866 1.45632 0)
(2.57126 1.35111 0)
(2.61181 1.20022 0)
(2.61273 1.02604 0)
(2.67122 0.939056 0)
(2.68546 0.737988 0)
(2.73748 0.612569 0)
(2.76162 0.443178 0)
(2.76006 0.226657 0)
(2.71962 0.190332 0)
(2.67156 0.150785 0)
(1.05558 1.16217 0)
(1.23675 1.67664 0)
(1.49476 2.02488 0)
(1.75947 2.19201 0)
(1.96646 2.23056 0)
(2.08788 2.23378 0)
(2.27838 1.95027 0)
(2.31185 1.84189 0)
(2.27877 1.73443 0)
(2.31618 1.67347 0)
(2.4228 1.46584 0)
(2.54625 1.38005 0)
(2.59571 1.12877 0)
(2.72148 1.03567 0)
(2.74335 0.773645 0)
(2.79056 0.650187 0)
(2.7879 0.512373 0)
(2.77631 0.403408 0)
(2.72664 0.53219 0)
(2.69559 0.470835 0)
(1.20118 1.1589 0)
(1.31416 1.56908 0)
(1.41853 1.96803 0)
(1.52806 2.24542 0)
(1.67408 2.27709 0)
(1.80902 2.22132 0)
(2.0028 2.07725 0)
(2.07523 1.92861 0)
(2.15032 1.77884 0)
(2.30652 1.69074 0)
(2.42812 1.49066 0)
(2.61657 1.42477 0)
(2.68421 1.13775 0)
(2.75403 1.05496 0)
(2.76377 0.8932 0)
(2.74457 0.890085 0)
(2.73911 0.839589 0)
(2.72396 0.823401 0)
(2.71156 0.898345 0)
(2.71553 0.726923 0)
(1.36499 1.298 0)
(1.43248 1.49345 0)
(1.45734 1.88818 0)
(1.50324 2.20602 0)
(1.49706 2.26226 0)
(1.68727 2.20784 0)
(1.87852 2.08877 0)
(2.03909 1.9444 0)
(2.2095 1.76773 0)
(2.40849 1.7194 0)
(2.53133 1.52271 0)
(2.63106 1.4412 0)
(2.67957 1.36065 0)
(2.65281 1.38486 0)
(2.66524 1.32434 0)
(2.64547 1.32807 0)
(2.63595 1.20071 0)
(2.65833 1.17023 0)
(2.70391 1.10826 0)
(2.78188 0.869925 0)
(1.58632 1.347 0)
(1.59433 1.42964 0)
(1.58447 1.73208 0)
(1.60298 2.06106 0)
(1.65992 2.21014 0)
(1.66554 2.2378 0)
(1.86098 2.17682 0)
(2.09616 2.00422 0)
(2.25538 1.91011 0)
(2.41898 1.81704 0)
(2.4395 1.78069 0)
(2.50396 1.71285 0)
(2.50412 1.68961 0)
(2.48088 1.6744 0)
(2.50721 1.58527 0)
(2.56198 1.50169 0)
(2.5961 1.36977 0)
(2.70626 1.28238 0)
(2.76507 1.07526 0)
(2.86015 0.884334 0)
(1.75037 1.31682 0)
(1.80551 1.28895 0)
(1.83283 1.41224 0)
(1.84496 1.71025 0)
(1.85305 2.02544 0)
(1.95697 2.20073 0)
(2.02337 2.1807 0)
(2.03026 2.19289 0)
(2.1194 2.1015 0)
(2.28889 1.97278 0)
(2.25434 2.06913 0)
(2.30742 1.94858 0)
(2.32899 1.8544 0)
(2.38131 1.76604 0)
(2.46644 1.68061 0)
(2.61581 1.55053 0)
(2.67233 1.43116 0)
(2.77358 1.30129 0)
(2.83496 1.22314 0)
(2.80608 1.26969 0)
(1.82742 1.27363 0)
(1.9424 1.15878 0)
(2.04112 1.1988 0)
(2.12256 1.33622 0)
(2.13267 1.72941 0)
(2.04782 2.1043 0)
(2.05772 2.16429 0)
(1.99717 2.20772 0)
(2.03392 2.19411 0)
(2.09943 2.10843 0)
(2.10361 2.1444 0)
(2.18134 1.98711 0)
(2.25872 1.91451 0)
(2.35914 1.85606 0)
(2.47637 1.80464 0)
(2.60786 1.72549 0)
(2.66784 1.68062 0)
(2.68618 1.64441 0)
(2.65953 1.63001 0)
(2.60866 1.60818 0)
(1.91499 1.28257 0)
(1.85286 1.14145 0)
(1.90157 1.08507 0)
(2.00365 1.17663 0)
(1.9656 1.25356 0)
(1.93926 1.31622 0)
(1.88078 1.42453 0)
(1.78464 1.5521 0)
(1.74236 1.4766 0)
(1.83189 1.37937 0)
(1.9657 1.55057 0)
(2.02789 1.52483 0)
(2.02936 1.41508 0)
(2.04045 1.21769 0)
(2.12916 1.08941 0)
(2.23118 1.12168 0)
(2.28188 1.22665 0)
(2.26589 1.25565 0)
(2.22064 1.16707 0)
(2.28026 1.18837 0)
(1.32864 0.406889 0)
(1.34151 0.486461 0)
(1.37913 0.307222 0)
(1.43234 0.313182 0)
(1.46724 0.220342 0)
(1.49942 0.196662 0)
(1.51704 0.213232 0)
(1.52015 0.27218 0)
(1.47406 0.201704 0)
(1.53621 0.149128 0)
(1.5958 0.227694 0)
(1.67828 0.308064 0)
(1.65919 0.285139 0)
(1.63863 0.186379 0)
(1.68413 0.135778 0)
(1.70801 0.16573 0)
(1.7445 0.253903 0)
(1.76768 0.273007 0)
(1.77739 0.196125 0)
(1.85515 0.198658 0)
(1.95693 -0.159488 0)
(2.04073 -0.130891 0)
(2.09335 -0.100693 0)
(2.13349 -0.0787913 0)
(2.11747 -0.0124984 0)
(2.11085 -0.00337117 0)
(2.15231 0.00209686 0)
(2.19135 -0.0152338 0)
(2.21393 -0.026599 0)
(2.21476 -0.0228867 0)
(2.20912 -0.00688005 0)
(2.20025 0.00745809 0)
(2.21527 0.0125711 0)
(2.2425 -0.00488693 0)
(2.25158 -0.0121976 0)
(2.26222 -0.00955163 0)
(2.26255 -0.00113713 0)
(2.26355 0.00369745 0)
(2.27636 0.00524774 0)
(2.28711 0.00278008 0)
(2.29023 -0.797081 0)
(2.32011 -0.503354 0)
(2.32426 -0.3521 0)
(2.34197 -0.244059 0)
(2.24888 -0.0321598 0)
(2.22495 -0.0156896 0)
(2.23871 0.023171 0)
(2.27144 -0.00123457 0)
(2.30395 -0.0346181 0)
(2.29145 -0.0491044 0)
(2.27854 -0.0412089 0)
(2.26967 -0.0165074 0)
(2.28156 0.0123758 0)
(2.29844 0.0121747 0)
(2.30697 -0.00845752 0)
(2.29995 -0.018949 0)
(2.29579 -0.0179062 0)
(2.29638 -0.0115927 0)
(2.30856 0.000856063 0)
(2.3159 0.00333656 0)
(2.6394 -1.47178 0)
(2.6688 -1.39551 0)
(2.60965 -1.15666 0)
(2.61328 -0.922894 0)
(2.56694 -0.481143 0)
(2.60843 -0.250165 0)
(2.50793 0.00408443 0)
(2.45067 -0.0148198 0)
(2.4069 -0.0436666 0)
(2.41812 -0.0472868 0)
(2.42126 -0.0494437 0)
(2.40891 -0.0308608 0)
(2.39899 0.00588123 0)
(2.40117 0.0129227 0)
(2.40124 -0.00390779 0)
(2.39161 -0.0218806 0)
(2.38212 -0.0252328 0)
(2.38328 -0.020431 0)
(2.38401 -0.00911481 0)
(2.38197 0.000241419 0)
(2.69695 -1.26669 0)
(2.71056 -1.19366 0)
(2.70389 -1.24219 0)
(2.71009 -1.19945 0)
(2.72826 -1.08358 0)
(2.78946 -0.791469 0)
(2.75256 -0.361811 0)
(2.73674 -0.252077 0)
(2.60672 -0.0918459 0)
(2.5483 -0.08027 0)
(2.52348 -0.0535027 0)
(2.52802 -0.0354265 0)
(2.51417 0.000160297 0)
(2.5045 0.0119166 0)
(2.49521 0.00336096 0)
(2.49145 -0.0167622 0)
(2.48616 -0.0242067 0)
(2.48445 -0.0216562 0)
(2.47819 -0.0105766 0)
(2.46622 -0.000789304 0)
(2.74741 -1.01885 0)
(2.71877 -1.0671 0)
(2.70209 -1.01323 0)
(2.71265 -1.02819 0)
(2.75554 -1.03047 0)
(2.80262 -1.00193 0)
(2.80848 -0.911921 0)
(2.81143 -0.699534 0)
(2.74772 -0.410138 0)
(2.69666 -0.230525 0)
(2.63491 -0.0886152 0)
(2.60697 -0.0409516 0)
(2.59427 -0.0187223 0)
(2.57278 0.0012433 0)
(2.55849 0.0037052 0)
(2.54689 -0.012111 0)
(2.55295 -0.0235949 0)
(2.55082 -0.0218137 0)
(2.54365 -0.00860885 0)
(2.53213 -0.00544358 0)
(2.76442 -0.834058 0)
(2.72666 -0.883963 0)
(2.71322 -0.932272 0)
(2.73275 -0.934934 0)
(2.75235 -0.932934 0)
(2.81075 -0.926818 0)
(2.83364 -0.906796 0)
(2.81918 -0.887729 0)
(2.77807 -0.835796 0)
(2.71173 -0.518032 0)
(2.68829 -0.233864 0)
(2.67078 -0.124253 0)
(2.63342 -0.0545892 0)
(2.60483 -0.0255838 0)
(2.58538 -0.00168199 0)
(2.57057 -0.00355407 0)
(2.57803 -0.00831549 0)
(2.58072 -0.00409504 0)
(2.57089 0.00144867 0)
(2.56367 -0.00391191 0)
(2.7416 -0.663439 0)
(2.73102 -0.716404 0)
(2.74189 -0.738064 0)
(2.75192 -0.790908 0)
(2.76447 -0.80945 0)
(2.7985 -0.827668 0)
(2.8198 -0.824391 0)
(2.80345 -0.796322 0)
(2.74688 -0.769957 0)
(2.72536 -0.779574 0)
(2.68288 -0.60056 0)
(2.65226 -0.259055 0)
(2.6544 -0.174177 0)
(2.612 -0.0686209 0)
(2.58673 -0.0153665 0)
(2.578 -0.00619964 0)
(2.58385 0.0151718 0)
(2.58551 0.0163217 0)
(2.57612 0.00861405 0)
(2.57189 -0.0042989 0)
(2.70953 -0.515847 0)
(2.72102 -0.556085 0)
(2.77066 -0.620436 0)
(2.7829 -0.655631 0)
(2.77587 -0.694901 0)
(2.77413 -0.729911 0)
(2.78753 -0.755345 0)
(2.77241 -0.713318 0)
(2.73122 -0.715496 0)
(2.68387 -0.713576 0)
(2.6882 -0.729886 0)
(2.68809 -0.640683 0)
(2.65274 -0.31574 0)
(2.64638 -0.189558 0)
(2.57932 -0.0534874 0)
(2.57525 -0.00993094 0)
(2.57971 0.0192661 0)
(2.58047 0.0261051 0)
(2.57271 0.00634633 0)
(2.57322 -0.00827113 0)
(2.67529 -0.322568 0)
(2.70159 -0.387081 0)
(2.77676 -0.412667 0)
(2.81108 -0.494457 0)
(2.78514 -0.5705 0)
(2.74096 -0.638363 0)
(2.72952 -0.688134 0)
(2.7308 -0.671918 0)
(2.7001 -0.651965 0)
(2.68576 -0.674685 0)
(2.70261 -0.685531 0)
(2.71284 -0.703236 0)
(2.7155 -0.664629 0)
(2.67098 -0.356684 0)
(2.6368 -0.1813 0)
(2.58587 -0.0362661 0)
(2.58722 0.0160581 0)
(2.5768 0.0159399 0)
(2.56127 -0.0131504 0)
(2.57273 -0.0122022 0)
(2.63476 -0.132025 0)
(2.66373 -0.237098 0)
(2.76112 -0.297221 0)
(2.81065 -0.368903 0)
(2.76071 -0.435053 0)
(2.71086 -0.514456 0)
(2.68882 -0.592641 0)
(2.70065 -0.595632 0)
(2.68725 -0.603408 0)
(2.67808 -0.602247 0)
(2.70557 -0.633735 0)
(2.73182 -0.666457 0)
(2.73148 -0.688424 0)
(2.71494 -0.649941 0)
(2.68222 -0.372096 0)
(2.65873 -0.16807 0)
(2.6195 -0.00472249 0)
(2.57835 -0.00265618 0)
(2.56487 -0.0207646 0)
(2.57913 -0.0120558 0)
(2.50779 0.169735 0)
(2.57795 -0.0521285 0)
(2.61361 -0.0138344 0)
(2.58554 -0.0521116 0)
(2.5987 -0.221159 0)
(2.64038 -0.333385 0)
(2.66085 -0.459375 0)
(2.68274 -0.484061 0)
(2.70793 -0.522516 0)
(2.70571 -0.518135 0)
(2.70532 -0.531935 0)
(2.72687 -0.569653 0)
(2.7306 -0.611702 0)
(2.74246 -0.634541 0)
(2.73906 -0.61187 0)
(2.72521 -0.442226 0)
(2.69034 -0.211825 0)
(2.66975 -0.134927 0)
(2.66703 -0.0345243 0)
(2.62704 -0.0067274 0)
(2.32311 0.601728 0)
(2.45345 0.328605 0)
(2.54648 0.0304441 0)
(2.56617 -0.0209627 0)
(2.5899 -0.103164 0)
(2.63652 -0.226911 0)
(2.65189 -0.334693 0)
(2.68303 -0.358475 0)
(2.72948 -0.419994 0)
(2.72233 -0.465303 0)
(2.70454 -0.473104 0)
(2.7213 -0.499785 0)
(2.73283 -0.514377 0)
(2.75168 -0.536414 0)
(2.77189 -0.576772 0)
(2.78068 -0.579421 0)
(2.77245 -0.516957 0)
(2.75753 -0.339512 0)
(2.75936 -0.185901 0)
(2.72266 -0.0508824 0)
(2.34684 0.707415 0)
(2.38095 0.614139 0)
(2.43305 0.470973 0)
(2.54667 0.157712 0)
(2.59391 0.0666068 0)
(2.59059 0.05308 0)
(2.6165 -0.101356 0)
(2.6386 -0.105602 0)
(2.66893 -0.153877 0)
(2.69684 -0.265735 0)
(2.70411 -0.336832 0)
(2.73309 -0.40342 0)
(2.75792 -0.434458 0)
(2.78692 -0.44298 0)
(2.79993 -0.449813 0)
(2.82195 -0.51401 0)
(2.82936 -0.530262 0)
(2.82613 -0.522043 0)
(2.83095 -0.451676 0)
(2.80575 -0.215975 0)
(2.43399 0.686355 0)
(2.43231 0.679101 0)
(2.43082 0.646593 0)
(2.47046 0.534178 0)
(2.53649 0.352289 0)
(2.57343 0.237113 0)
(2.64413 0.0206773 0)
(2.64503 -0.0289323 0)
(2.69104 -0.156501 0)
(2.71713 -0.262827 0)
(2.74611 -0.298088 0)
(2.77065 -0.343282 0)
(2.79095 -0.359193 0)
(2.80031 -0.317868 0)
(2.8011 -0.342668 0)
(2.83363 -0.41607 0)
(2.84359 -0.449858 0)
(2.84267 -0.473794 0)
(2.87787 -0.482933 0)
(2.87684 -0.420396 0)
(2.72279 0.442348 0)
(2.59268 0.604635 0)
(2.52594 0.630283 0)
(2.52455 0.61585 0)
(2.52632 0.572538 0)
(2.56306 0.465916 0)
(2.62153 0.305013 0)
(2.64912 0.192051 0)
(2.69022 0.0652718 0)
(2.7225 -0.0415935 0)
(2.73221 -0.0282952 0)
(2.73432 -0.0719907 0)
(2.785 -0.175935 0)
(2.80089 -0.225887 0)
(2.81196 -0.26245 0)
(2.84692 -0.332649 0)
(2.86594 -0.37176 0)
(2.89056 -0.401878 0)
(2.92088 -0.423992 0)
(2.92165 -0.426615 0)
(2.96899 0.0697967 0)
(2.84832 0.310197 0)
(2.73595 0.475742 0)
(2.61378 0.579381 0)
(2.61089 0.580277 0)
(2.6097 0.566452 0)
(2.62248 0.511818 0)
(2.65704 0.40125 0)
(2.68731 0.302923 0)
(2.7437 0.140366 0)
(2.76361 0.0482343 0)
(2.78412 -0.0373039 0)
(2.8241 -0.179927 0)
(2.83402 -0.219867 0)
(2.85407 -0.25332 0)
(2.87685 -0.306371 0)
(2.89964 -0.328262 0)
(2.92638 -0.329074 0)
(2.92441 -0.313283 0)
(2.93583 -0.379629 0)
(2.99898 0.00340732 0)
(2.98545 0.0367397 0)
(2.94876 0.135672 0)
(2.82452 0.36743 0)
(2.74759 0.486583 0)
(2.66779 0.552622 0)
(2.66685 0.550399 0)
(2.67034 0.531471 0)
(2.68511 0.482773 0)
(2.71951 0.391689 0)
(2.765 0.246409 0)
(2.78829 0.177588 0)
(2.80201 0.119143 0)
(2.83187 0.000939717 0)
(2.84858 -0.0187062 0)
(2.867 -0.0755337 0)
(2.87919 -0.115221 0)
(2.88259 -0.166733 0)
(2.91981 -0.243263 0)
(2.94282 -0.299266 0)
(2.99998 7.15153e-05 0)
(2.99963 0.000926118 0)
(2.99744 0.00768139 0)
(2.97586 0.0618272 0)
(2.92803 0.181854 0)
(2.83064 0.370765 0)
(2.76922 0.475457 0)
(2.71393 0.522466 0)
(2.71402 0.520132 0)
(2.72011 0.501998 0)
(2.73629 0.456204 0)
(2.77047 0.365856 0)
(2.80432 0.270429 0)
(2.84493 0.14367 0)
(2.86865 0.0568624 0)
(2.88563 -0.00115772 0)
(2.91006 -0.108982 0)
(2.91521 -0.183639 0)
(2.93219 -0.227674 0)
(2.96634 -0.259144 0)
(3 1.0886e-06 0)
(3 9.8891e-06 0)
(2.99996 0.00011209 0)
(2.99921 0.00192716 0)
(2.99453 0.0144793 0)
(2.97061 0.0742799 0)
(2.91694 0.207551 0)
(2.8458 0.354751 0)
(2.79468 0.449858 0)
(2.75185 0.494946 0)
(2.75233 0.492488 0)
(2.75779 0.477635 0)
(2.77487 0.436962 0)
(2.80599 0.360171 0)
(2.83983 0.258078 0)
(2.87096 0.165315 0)
(2.89014 0.102315 0)
(2.90625 0.0265162 0)
(2.91473 -0.0023295 0)
(2.93566 -0.0614861 0)
(3 1.24159e-08 0)
(3 8.30568e-08 0)
(3 9.17215e-07 0)
(2.99999 2.00171e-05 0)
(2.99989 0.000266191 0)
(2.99883 0.00279409 0)
(2.99188 0.0202766 0)
(2.97007 0.0761588 0)
(2.91849 0.204416 0)
(2.85264 0.348296 0)
(2.8208 0.411036 0)
(2.78281 0.46536 0)
(2.7834 0.465186 0)
(2.78861 0.454116 0)
(2.80383 0.41748 0)
(2.82865 0.355929 0)
(2.8636 0.261221 0)
(2.8921 0.176539 0)
(2.91661 0.0918742 0)
(2.94454 -0.0285466 0)
(3 1.06476e-10 0)
(3 6.40383e-10 0)
(3 6.29133e-09 0)
(3 1.41968e-07 0)
(3 2.21437e-06 0)
(2.99998 3.30196e-05 0)
(2.99982 0.000421057 0)
(2.99863 0.00332514 0)
(2.99123 0.0208487 0)
(2.96702 0.0808957 0)
(2.93195 0.173823 0)
(2.86069 0.339893 0)
(2.83848 0.38187 0)
(2.80894 0.432562 0)
(2.80878 0.4346 0)
(2.81173 0.429331 0)
(2.82446 0.402334 0)
(2.84592 0.352532 0)
(2.87675 0.269767 0)
(2.9108 0.16229 0)
(3 6.9732e-13 0)
(3 4.47015e-12 0)
(3 3.94305e-11 0)
(3 8.68411e-10 0)
(3 1.4141e-08 0)
(3 2.44644e-07 0)
(3 3.66743e-06 0)
(2.99998 4.27075e-05 0)
(2.99979 0.000461046 0)
(2.99838 0.00388478 0)
(2.99289 0.0170237 0)
(2.96653 0.0816379 0)
(2.94335 0.146103 0)
(2.87711 0.303525 0)
(2.84726 0.367456 0)
(2.82856 0.4044 0)
(2.8291 0.405343 0)
(2.83147 0.402256 0)
(2.83944 0.387798 0)
(2.86972 0.315049 0)
(3 3.39093e-15 0)
(3 2.61798e-14 0)
(3 2.34433e-13 0)
(3 4.71998e-12 0)
(3 8.04655e-11 0)
(3 1.48641e-09 0)
(3 2.43574e-08 0)
(3 3.15423e-07 0)
(3 4.46537e-06 0)
(2.99998 4.9331e-05 0)
(2.99981 0.000408054 0)
(2.99835 0.00376319 0)
(2.99406 0.0147631 0)
(2.97235 0.0664993 0)
(2.94294 0.139081 0)
(2.90247 0.240665 0)
(2.85768 0.354608 0)
(2.84352 0.375588 0)
(2.84488 0.382481 0)
(2.85091 0.372373 0)
(3 -4.38568e-15 0)
(3 -4.65023e-15 0)
(3 -3.96975e-15 0)
(3 1.74266e-14 0)
(3 3.98533e-13 0)
(3 8.14578e-12 0)
(3 1.39063e-10 0)
(3 1.9536e-09 0)
(3 3.12641e-08 0)
(3 3.53101e-07 0)
(3 4.28861e-06 0)
(2.99998 4.56006e-05 0)
(2.99984 0.000378551 0)
(2.99878 0.00262629 0)
(2.99418 0.0141873 0)
(2.98072 0.0461279 0)
(2.94869 0.125294 0)
(2.91765 0.205055 0)
(2.883 0.309817 0)
(2.87356 0.347135 0)
(3 -2.80858e-15 0)
(3 -3.17443e-15 0)
(3 -3.77711e-15 0)
(3 -3.5982e-15 0)
(3 -8.50637e-16 0)
(3 3.06564e-14 0)
(3 6.44835e-13 0)
(3 9.35227e-12 0)
(3 1.60997e-10 0)
(3 1.92917e-09 0)
(3 2.52638e-08 0)
(3 3.10145e-07 0)
(3 2.96487e-06 0)
(2.99998 3.07924e-05 0)
(2.99984 0.000260926 0)
(2.99903 0.00149522 0)
(2.99427 0.00918915 0)
(2.98108 0.0275645 0)
(2.94842 0.0806233 0)
(2.88065 0.15383 0)
(2.40807 0.420162 0)
(2.2703 0.70538 0)
(2.34059 0.736878 0)
(2.54911 0.6015 0)
(2.85885 0.240772 0)
(2.98705 0.0321851 0)
(2.99955 0.00157558 0)
(2.99999 3.87551e-05 0)
(3 5.85961e-07 0)
(3 5.9388e-09 0)
(3 4.26178e-11 0)
(3 2.26732e-13 0)
(3 -3.10233e-16 0)
(3 -3.96051e-15 0)
(3 -2.54128e-15 0)
(2.29181 0.632023 0)
(2.25552 0.788065 0)
(2.39834 0.74086 0)
(2.77833 0.375493 0)
(2.98986 0.0356366 0)
(3.00004 0.000468185 0)
(3 -1.15207e-06 0)
(3 -8.34541e-08 0)
(3 -1.52896e-08 0)
(3 -6.35073e-10 0)
(3 -8.35942e-12 0)
(3 -6.00661e-14 0)
(3 -2.11936e-15 0)
(3 -3.66787e-15 0)
(3 -2.3826e-15 0)
(2.2064 0.807997 0)
(2.2503 0.803606 0)
(2.5808 0.561264 0)
(2.94139 0.121994 0)
(2.99883 0.00515363 0)
(2.99999 7.23114e-05 0)
(3 8.77633e-07 0)
(3 1.14801e-08 0)
(3 6.69778e-11 0)
(3 6.03453e-13 0)
(3 1.42676e-14 0)
(3 2.04091e-15 0)
(3 -1.38024e-15 0)
(3 -3.60361e-15 0)
(3 -2.1956e-15 0)
(2.17494 0.882549 0)
(2.4183 0.7403 0)
(2.85132 0.266295 0)
(2.99614 0.0145785 0)
(3.00001 7.41486e-05 0)
(3 -9.8593e-07 0)
(3 -6.23469e-09 0)
(3 -1.03609e-09 0)
(3 -5.51439e-11 0)
(3 -9.51462e-13 0)
(3 -5.05434e-15 0)
(3 1.52788e-15 0)
(3 -1.74807e-15 0)
(3 -3.54859e-15 0)
(3 -1.62173e-15 0)
(2.17565 0.899519 0)
(2.66279 0.458757 0)
(2.98398 0.0360358 0)
(2.99996 0.000461071 0)
(3 3.17802e-06 0)
(3 1.16355e-08 0)
(3 -9.98883e-10 0)
(3 -4.19481e-11 0)
(3 -2.8765e-13 0)
(3 4.23987e-16 0)
(3 3.8989e-15 0)
(3 1.78403e-15 0)
(3 -2.0184e-15 0)
(3 -3.62664e-15 0)
(3 -1.8041e-15 0)
(2.57145 0.572235 0)
(2.99106 0.0374226 0)
(3.00025 0.000306451 0)
(3 -2.09771e-06 0)
(3 -3.51294e-07 0)
(3 -2.15952e-08 0)
(3 -3.36687e-10 0)
(3 -9.29136e-14 0)
(3 -4.63996e-15 0)
(3 -9.27531e-16 0)
(3 4.28726e-15 0)
(3 1.88562e-15 0)
(3 -2.26461e-15 0)
(3 -4.12803e-15 0)
(3 -1.73749e-15 0)
(2.99408 0.0489876 0)
(2.99999 0.00106122 0)
(3 -4.25325e-07 0)
(3 -1.28638e-07 0)
(3 -2.19763e-09 0)
(3 3.46347e-11 0)
(3 5.83242e-12 0)
(3 1.09598e-13 0)
(3 -5.24654e-15 0)
(3 -1.3225e-15 0)
(3 5.00955e-15 0)
(3 2.03579e-15 0)
(3 -2.42114e-15 0)
(3 -4.31508e-15 0)
(3 -1.62564e-15 0)
(3.00075 -0.0015348 0)
(3.00004 -0.000108056 0)
(3 -3.53149e-06 0)
(3 -1.47533e-08 0)
(3 2.44759e-11 0)
(3 1.29665e-11 0)
(3 5.03225e-13 0)
(3 6.72514e-16 0)
(3 -4.32778e-15 0)
(3 -1.17093e-15 0)
(3 4.95704e-15 0)
(3 2.15408e-15 0)
(3 -2.38305e-15 0)
(3 -4.80068e-15 0)
(3 -1.58873e-15 0)
(3.00001 -2.18808e-05 0)
(3 1.21159e-07 0)
(3 2.39457e-08 0)
(3 1.16814e-09 0)
(3 3.663e-12 0)
(3 -1.25409e-14 0)
(3 -2.54026e-15 0)
(3 -8.13806e-16 0)
(3 -3.82998e-15 0)
(3 -1.41404e-15 0)
(3 5.13654e-15 0)
(3 2.46739e-15 0)
(3 -2.46482e-15 0)
(3 -5.68143e-15 0)
(3 -1.57584e-15 0)
(3 1.23799e-06 0)
(3 1.42112e-08 0)
(3 -7.64536e-11 0)
(3 -1.26629e-11 0)
(3 -3.97608e-13 0)
(3 3.91581e-15 0)
(3 7.63618e-16 0)
(3 -3.83655e-16 0)
(3 -4.351e-15 0)
(3 -1.39925e-15 0)
(3 5.0985e-15 0)
(3 2.68673e-15 0)
(3 -2.56067e-15 0)
(3 -6.30383e-15 0)
(3 -1.58505e-15 0)
(3 -2.41491e-15 0)
(3 -4.7486e-15 0)
(3 -3.7622e-15 0)
(3 -1.31326e-15 0)
(3 2.51567e-15 0)
(3 3.33761e-15 0)
(3 1.59155e-15 0)
(3 -3.18436e-16 0)
(3 -4.89996e-15 0)
(3 -1.14441e-15 0)
(3 5.15233e-15 0)
(3 3.78315e-15 0)
(3 -3.22443e-15 0)
(3 -7.36673e-15 0)
(3 -1.63633e-15 0)
(3 -3.0655e-15 0)
(3 -3.00365e-15 0)
(3 -3.75241e-15 0)
(3 -2.55472e-16 0)
(3 1.80016e-15 0)
(3 3.39455e-15 0)
(3 2.29341e-15 0)
(3 -4.81541e-16 0)
(3 -5.30355e-15 0)
(3 -1.39184e-15 0)
(3 5.46852e-15 0)
(3 5.3057e-15 0)
(3 -3.92907e-15 0)
(3 -7.78402e-15 0)
(3 -1.60972e-15 0)
(3 -3.66401e-15 0)
(3 -3.14404e-15 0)
(3 -2.84229e-15 0)
(3 4.28232e-16 0)
(3 8.53904e-16 0)
(3 3.66454e-15 0)
(3 1.96219e-15 0)
(3 -4.51315e-16 0)
(3 -5.147e-15 0)
(3 -1.37676e-15 0)
(3 5.3961e-15 0)
(3 4.84875e-15 0)
(3 -4.33547e-15 0)
(3 -7.65849e-15 0)
(3 -1.61365e-15 0)
(3 -3.6478e-15 0)
(3 -2.87516e-15 0)
(3 -2.21362e-15 0)
(3 5.79231e-16 0)
(3 5.88443e-16 0)
(3 4.03188e-15 0)
(3 1.2819e-15 0)
(3 -1.04788e-16 0)
(3 -4.73428e-15 0)
(3 -1.33186e-15 0)
(3 5.019e-15 0)
(3 3.66302e-15 0)
(3 -4.49512e-15 0)
(3 -7.2825e-15 0)
(3 -1.50055e-15 0)
(3 -3.08259e-15 0)
(3 -2.49595e-15 0)
(3 -2.31591e-15 0)
(3 8.32242e-16 0)
(3 7.40865e-16 0)
(3 4.12517e-15 0)
(3 7.5886e-16 0)
(3 3.99242e-16 0)
(3 -4.48593e-15 0)
(3 -1.24117e-15 0)
(3 4.83598e-15 0)
(3 2.95641e-15 0)
(3 -4.66472e-15 0)
(3 -6.38606e-15 0)
(3 -1.35307e-15 0)
(3 -2.93979e-15 0)
(3 -1.95135e-15 0)
(3 -2.49943e-15 0)
(3 3.87461e-16 0)
(3 1.36117e-15 0)
(3 4.00521e-15 0)
(3 8.14371e-16 0)
(3 7.03709e-16 0)
(3 -3.94094e-15 0)
(3 -1.18243e-15 0)
(3 4.3817e-15 0)
(3 2.00983e-15 0)
(3 -4.06593e-15 0)
(3 -5.5312e-15 0)
(3 -1.37463e-15 0)
(3 -3.43122e-15 0)
(3 -1.65188e-15 0)
(3 -2.57848e-15 0)
(3 2.27149e-16 0)
(3 1.48327e-15 0)
(3 3.51867e-15 0)
(3 1.55281e-15 0)
(3 7.9316e-16 0)
(3 -3.30334e-15 0)
(3 -1.23193e-15 0)
(3 2.60027e-15 0)
(3 6.15644e-16 0)
(3 -2.58184e-15 0)
(3 -4.84496e-15 0)
(3 -1.40432e-15 0)
(3 -4.65895e-15 0)
(3 -1.95648e-15 0)
(3 -2.78708e-15 0)
(3 1.48902e-16 0)
(3 1.48133e-15 0)
(3 4.04122e-15 0)
(3 2.34648e-15 0)
(3 6.28071e-16 0)
(3 -2.37548e-15 0)
(3 -1.3696e-15 0)
(3 1.85856e-15 0)
(3 2.07865e-16 0)
(3 -2.52531e-15 0)
(3 -4.38804e-15 0)
(3 -1.51753e-15 0)
(3 -5.55237e-15 0)
(3 -2.82763e-15 0)
(3 -3.17454e-15 0)
(3 -6.49318e-16 0)
(3 1.42012e-15 0)
(3 4.77917e-15 0)
(3 2.94897e-15 0)
(3 4.3981e-16 0)
(3 -1.70598e-15 0)
(3 -1.16319e-15 0)
(3 1.13254e-15 0)
(3 2.86575e-16 0)
(3 -2.396e-15 0)
(3 -4.39614e-15 0)
(3 -1.49175e-15 0)
(3 -5.56557e-15 0)
(3 -4.60629e-15 0)
(3 -3.76131e-15 0)
(3 -2.73365e-15 0)
(3 1.50112e-15 0)
(3 5.47409e-15 0)
(3 4.14808e-15 0)
(3 3.44256e-16 0)
(3 -1.38279e-15 0)
(3 -1.13162e-15 0)
(3 2.08566e-16 0)
(3 2.53274e-16 0)
(3 -2.45803e-15 0)
(3 -4.43033e-15 0)
(3 -1.42667e-15 0)
(3 -4.18971e-15 0)
(3 -5.60481e-15 0)
(3 -4.36616e-15 0)
(3 -4.46468e-15 0)
(3 9.7488e-16 0)
(3 5.28448e-15 0)
(3 5.33004e-15 0)
(3 7.73179e-17 0)
(3 -7.00853e-16 0)
(3 -9.14146e-16 0)
(3 -5.72115e-16 0)
(3 2.2654e-16 0)
(3 -2.32122e-15 0)
(3 -4.4146e-15 0)
(3 -1.38072e-15 0)
(3 -3.94143e-15 0)
(3 -4.7013e-15 0)
(3 -4.58203e-15 0)
(3 -1.73507e-15 0)
(3 1.9403e-15 0)
(3 5.41068e-15 0)
(3 5.19424e-15 0)
(3 -2.36501e-16 0)
(3 -1.21772e-15 0)
(3 3.42147e-16 0)
(3 -1.68621e-15 0)
(3 -1.54757e-16 0)
(3 -2.62944e-15 0)
(3 -3.90113e-15 0)
(3 -1.17979e-15 0)
(3 -3.92563e-15 0)
(3 -5.10118e-15 0)
(3 -5.35692e-15 0)
(3 -2.09092e-15 0)
(3 1.84307e-15 0)
(3 5.37975e-15 0)
(3 5.61845e-15 0)
(3 -4.15718e-17 0)
(3 -7.89474e-16 0)
(3 6.31084e-16 0)
(3 -2.48219e-15 0)
(3 -8.71738e-16 0)
(3 -2.44917e-15 0)
(3 -2.37809e-15 0)
(3 -9.47125e-16 0)
(3 -2.85862e-15 0)
(3 -5.23101e-15 0)
(3 -4.18401e-15 0)
(3 -3.63412e-15 0)
(3 1.31849e-15 0)
(3 5.54985e-15 0)
(3 5.34842e-15 0)
(3 -7.87007e-17 0)
(3 -2.17672e-16 0)
(3 1.63123e-15 0)
(3 -2.16719e-15 0)
(3 -1.81368e-15 0)
(3 -2.80118e-15 0)
(3 -2.90017e-15 0)
(3 -9.19905e-16 0)
(3 -2.38985e-15 0)
(3 -4.02844e-15 0)
(3 -2.36932e-15 0)
(3 -4.36173e-15 0)
(3 3.72903e-16 0)
(3 6.40827e-15 0)
(3 4.99146e-15 0)
(3 -8.30044e-16 0)
(3 1.51713e-16 0)
(3 2.09026e-15 0)
(3 -2.52432e-15 0)
(3 -1.92884e-15 0)
(3 -2.72464e-15 0)
(3 -3.09767e-15 0)
(3 -1.71268e-15 0)
(3 -2.69796e-15 0)
(3 -3.4582e-15 0)
(3 -1.17118e-15 0)
(3 -4.29048e-15 0)
(3 2.77813e-16 0)
(3 6.70662e-15 0)
(3 5.49865e-15 0)
(3 -6.72948e-16 0)
(3 -1.34534e-16 0)
(3 2.77068e-15 0)
(3 -2.46316e-15 0)
(3 -2.47955e-15 0)
(3 -2.11362e-15 0)
(3 -2.1818e-15 0)
(3 -3.14856e-15 0)
(3 -4.23469e-15 0)
(3 -4.50437e-15 0)
(3 9.50146e-16 0)
(3 -1.49709e-15 0)
(3 9.17232e-16 0)
(3 5.82255e-15 0)
(3 3.34785e-15 0)
(3 8.03599e-16 0)
(3 -2.38696e-16 0)
(3 2.03374e-15 0)
(3 -2.13517e-15 0)
(3 -2.95584e-15 0)
(3 -1.47138e-15 0)
(3 -1.83459e-15 0)
(3 -3.5208e-15 0)
(3 -6.62519e-15 0)
(3 -5.67147e-15 0)
(3 1.4198e-17 0)
(3 -1.10844e-16 0)
(3 2.83633e-15 0)
(3 3.58353e-15 0)
(3 3.4654e-15 0)
(3 2.31653e-15 0)
(3 2.23157e-15 0)
(3 1.07872e-15 0)
(3 -2.79628e-15 0)
(3 -4.059e-15 0)
(3 3.26524e-16 0)
(3 -1.47427e-15 0)
(3 -5.38915e-15 0)
(3 1.2972e-15 0)
(3 -2.63688e-15 0)
(3 -3.61463e-15 0)
(3 -5.28906e-16 0)
(3 3.0846e-15 0)
(3 6.19173e-15 0)
(3 2.89695e-15 0)
(3 -2.63446e-16 0)
(3 2.8225e-15 0)
(3 1.93978e-15 0)
(3 -4.02686e-15 0)
(3 -6.73462e-15 0)
(3 2.59147e-15 0)
(3 -1.89491e-15 0)
(3 -5.6381e-15 0)
(3 -1.79436e-15 0)
(3 -1.50025e-15 0)
(3 -1.9024e-15 0)
(3 2.17841e-15 0)
(3 4.37147e-15 0)
(3 3.78877e-15 0)
(3 7.7031e-16 0)
(3 -7.8326e-16 0)
(3 -4.42661e-16 0)
(3 1.00942e-15 0)
(3 1.14163e-15 0)
(3 -3.30651e-15 0)
(3 1.97432e-15 0)
(3 4.11827e-16 0)
(3 -9.48137e-16 0)
(3 -1.25023e-16 0)
(3 -4.72423e-16 0)
(3 -2.74347e-17 0)
(3 2.13842e-15 0)
(3 9.6169e-16 0)
(3 -5.01163e-16 0)
(3 -1.46335e-15 0)
(3 -1.44006e-15 0)
(3 -4.56916e-15 0)
(3 -4.91923e-15 0)
(3 -1.98435e-15 0)
(3 -2.00263e-15 0)
(3 -5.77093e-16 0)
(3 5.28817e-16 0)
(3 -2.42106e-15 0)
(3 -2.8134e-15 0)
(3 -1.07744e-15 0)
(3 -1.30643e-15 0)
(3 -4.93387e-15 0)
(3 -3.35752e-15 0)
(3 -1.71412e-15 0)
(3 -2.28065e-15 0)
(3 -2.45604e-15 0)
(3 -3.07919e-15 0)
(3 -3.22188e-15 0)
(3 -2.76166e-15 0)
(3 3.5625e-16 0)
(3 -2.54817e-15 0)
(3 -3.28681e-15 0)
(3 -3.69762e-15 0)
(3 -4.61857e-16 0)
(3 -5.99461e-16 0)
(3 -2.56379e-15 0)
(3 -3.63817e-15 0)
(3 -1.78021e-15 0)
(3 6.56035e-16 0)
(3 -9.50324e-16 0)
(3 -3.13146e-15 0)
(3 -5.71043e-15 0)
(3 -7.20112e-15 0)
(3 -6.84223e-16 0)
(3 -1.73541e-15 0)
(3 -1.62989e-15 0)
(3 -5.50022e-16 0)
(3 -9.83464e-16 0)
(3 -9.20082e-16 0)
(3 -1.77875e-15 0)
(3 -2.21146e-15 0)
(3 -2.11736e-15 0)
(3 -5.82298e-15 0)
(3 -1.73091e-16 0)
(3 -3.87723e-16 0)
(3 -1.01355e-15 0)
(3 2.82489e-17 0)
(3 -1.04098e-15 0)
(3 -1.94644e-15 0)
(3 -4.13176e-15 0)
(3 -4.73869e-15 0)
(3 -2.47476e-15 0)
(3 -1.99552e-16 0)
(3 7.35429e-16 0)
(3 8.30045e-16 0)
(3 1.03228e-15 0)
(3 1.69147e-15 0)
(3 -3.72636e-16 0)
(3 -3.4645e-15 0)
(3 -5.26313e-15 0)
(3 -7.91394e-15 0)
(3 -8.67623e-15 0)
(3 -8.01196e-18 0)
(3 1.02502e-15 0)
(3 1.49049e-15 0)
(3 9.8781e-16 0)
(3 5.71055e-16 0)
(3 2.53741e-16 0)
(3 -4.04977e-15 0)
(3 -6.19362e-15 0)
(3 -3.31744e-15 0)
(3 -4.85275e-15 0)
(3 -3.11976e-15 0)
(3 1.80369e-15 0)
(3 1.60425e-15 0)
(3 1.682e-16 0)
(3 -7.35675e-16 0)
(3 -5.26321e-16 0)
(3 -1.15825e-15 0)
(3 -3.32734e-15 0)
(3 -1.22909e-15 0)
(3 -1.77712e-15 0)
(3 -4.60534e-15 0)
(3 1.04299e-15 0)
(3 5.34846e-16 0)
(3 2.79587e-16 0)
(3 4.56366e-16 0)
(3 6.57566e-16 0)
(3 -3.28891e-16 0)
(3 -2.05444e-15 0)
(3 -3.06811e-15 0)
(3 -1.40754e-15 0)
(3 1.653e-15 0)
(3 3.84923e-16 0)
(3 6.1277e-16 0)
(3 9.32161e-16 0)
(3 1.82083e-15 0)
(3 2.035e-15 0)
(3 3.23663e-16 0)
(3 -1.15037e-15 0)
(3 -4.19049e-15 0)
(3 -1.05292e-15 0)
(3 5.77425e-15 0)
(3 -1.0526e-15 0)
(3 -1.21835e-15 0)
(3 1.85185e-16 0)
(3 2.60479e-16 0)
(3 4.00897e-16 0)
(3 -3.48694e-16 0)
(3 -1.69227e-15 0)
(3 2.02582e-15 0)
(3 5.07922e-15 0)
(3 1.57883e-15 0)
(3 -1.75529e-15 0)
(3 -1.78796e-15 0)
(3 -2.18794e-15 0)
(3 -1.12266e-15 0)
(3 -1.05621e-15 0)
(3 1.78257e-15 0)
(3 6.32085e-15 0)
(3 5.59152e-15 0)
(3 3.68871e-15 0)
(3 -8.43458e-17 0)
(3 -1.09579e-15 0)
(3 -2.28027e-15 0)
(3 -1.59746e-15 0)
(3 -1.57468e-15 0)
(3 -2.9596e-15 0)
(3 1.03227e-15 0)
(3 6.1716e-15 0)
(3 7.31265e-15 0)
(3 6.84489e-15 0)
(3 -5.61032e-16 0)
(3 -6.56986e-16 0)
(3 -2.36161e-17 0)
(3 1.59762e-15 0)
(3 -1.16901e-16 0)
(3 4.67787e-17 0)
(3 1.96956e-15 0)
(3 4.13633e-15 0)
(3 5.02585e-15 0)
(3 4.42259e-15 0)
(3 2.51725e-15 0)
(3 2.64022e-15 0)
(3 2.51933e-15 0)
(3 2.23105e-15 0)
(3 7.6479e-16 0)
(3 1.96114e-15 0)
(3 2.39877e-15 0)
(3 3.5175e-15 0)
(3 4.07227e-15 0)
(3 5.63967e-15 0)
(3 3.32106e-15 0)
(3 3.3802e-15 0)
(3 2.73199e-15 0)
(3 1.34691e-15 0)
(3 1.4949e-15 0)
(3 8.17807e-16 0)
(3 1.53981e-15 0)
(3 1.93418e-15 0)
(3 3.45794e-15 0)
(3 3.52411e-15 0)
(3 2.54933e-15 0)
(3 1.56878e-15 0)
(3 1.72328e-15 0)
(3 1.18767e-15 0)
(3 2.00138e-15 0)
(3 2.43006e-15 0)
(3 3.13955e-15 0)
(3 4.21001e-16 0)
(3 1.72453e-15 0)
(3 -1.39418e-17 0)
(3 1.77959e-15 0)
(3 -3.8609e-16 0)
(3 4.47316e-16 0)
(3 4.15832e-16 0)
(3 3.12285e-15 0)
(3 5.34103e-15 0)
(3 4.78506e-15 0)
(3 2.07206e-15 0)
(3 1.68922e-15 0)
(3 1.85555e-15 0)
(3 2.74878e-15 0)
(3 1.85616e-15 0)
(3 1.64436e-15 0)
(3 4.75749e-16 0)
(3 3.26389e-15 0)
(3 3.39489e-15 0)
(3 2.29474e-15 0)
(3 2.44457e-15 0)
(3 3.99929e-15 0)
(3 -8.55138e-16 0)
(3 3.38738e-15 0)
(3 5.62529e-15 0)
(3 5.48777e-15 0)
(3 1.96805e-15 0)
(3 2.98699e-15 0)
(3 1.07879e-15 0)
(3 1.61554e-15 0)
(3 4.05878e-15 0)
(3 4.67294e-15 0)
(3 -1.0568e-15 0)
(3 2.64098e-15 0)
(3 5.84403e-15 0)
(3 6.73253e-15 0)
(3 7.97825e-15 0)
(3 6.17274e-15 0)
(3 3.48869e-15 0)
(3 1.87655e-15 0)
(3 1.02184e-15 0)
(3 1.46606e-15 0)
(3 -2.19619e-15 0)
(3 2.93567e-16 0)
(3 4.54331e-15 0)
(3 3.01864e-15 0)
(3 2.42028e-15 0)
(3 7.84697e-16 0)
(3 -3.45028e-16 0)
(3 -4.81404e-15 0)
(3 -5.4209e-15 0)
(3 -1.17277e-15 0)
(3 1.04972e-15 0)
(3 -1.50232e-15 0)
(3 2.31873e-15 0)
(3 2.52082e-15 0)
(3 1.78985e-15 0)
(3 1.02238e-15 0)
(3 -2.40738e-16 0)
(3 -1.36384e-15 0)
(3 -1.58689e-15 0)
(3 -2.91044e-15 0)
(3 7.78344e-16 0)
(3 -5.36229e-16 0)
(3 2.21924e-17 0)
(3 -9.92264e-18 0)
(3 3.14453e-16 0)
(3 4.18979e-16 0)
(3 -8.21543e-17 0)
(3 1.03168e-15 0)
(3 3.57017e-16 0)
(3 -2.34648e-15 0)
(3 2.78286e-16 0)
(3 2.37056e-16 0)
(3 -1.98217e-15 0)
(3 -3.28708e-15 0)
(3 -3.39771e-15 0)
(3 -3.27299e-15 0)
(3 -1.7002e-15 0)
(3 -1.14466e-15 0)
(3 2.70436e-15 0)
(3 4.01643e-15 0)
(3 4.27135e-15 0)
(3 -2.36522e-16 0)
(3 -5.08089e-15 0)
(3 -4.81925e-15 0)
(3 -4.38255e-15 0)
(3 -3.58872e-15 0)
(3 -1.08606e-15 0)
(3 1.74141e-15 0)
(3 4.0067e-15 0)
(3 5.67176e-15 0)
(3 2.07289e-15 0)
(3 -1.59664e-16 0)
(3 -7.31899e-16 0)
(3 4.16148e-16 0)
(3 1.10032e-15 0)
(3 2.59409e-15 0)
(3 3.04488e-15 0)
(3 3.7725e-15 0)
(3 1.50303e-15 0)
(3 -6.32375e-16 0)
(3 -2.61328e-15 0)
(3 -1.24411e-15 0)
(3 -6.98573e-16 0)
(3 -2.83633e-17 0)
(3 7.16171e-16 0)
(3 1.68758e-15 0)
(3 3.09303e-15 0)
(3 3.00717e-15 0)
(3 1.93214e-15 0)
(3 -7.82967e-16 0)
(3 -5.75199e-16 0)
(3 1.20124e-15 0)
(3 -3.22499e-15 0)
(3 -2.57703e-15 0)
(3 -2.14401e-15 0)
(3 -1.21681e-15 0)
(3 1.20442e-15 0)
(3 2.27474e-15 0)
(3 3.17525e-15 0)
(3 4.61108e-15 0)
(3 3.03082e-15 0)
(3 -1.37906e-16 0)
(3 3.15723e-17 0)
(3 2.18386e-16 0)
(3 -1.86925e-16 0)
(3 -1.94334e-15 0)
(3 -3.43813e-15 0)
(3 -4.74022e-15 0)
(3 -2.50149e-15 0)
(3 -6.09354e-16 0)
(3 1.4576e-15 0)
(3 -9.83512e-16 0)
(3 3.83298e-15 0)
(3 2.51935e-15 0)
(3 1.16786e-15 0)
(3 1.11919e-15 0)
(3 6.02209e-16 0)
(3 5.15791e-16 0)
(3 -3.36425e-15 0)
(3 -3.75324e-15 0)
(3 -4.02842e-17 0)
(3 -2.76063e-17 0)
(3 7.54055e-15 0)
(3 7.16945e-15 0)
(3 6.73095e-15 0)
(3 6.4745e-15 0)
(3 5.76042e-15 0)
(3 4.90604e-15 0)
(3 2.74083e-15 0)
(3 7.08259e-16 0)
(3 -1.05346e-15 0)
(3 -2.86778e-15 0)
(3 1.16697e-15 0)
(3 1.18946e-15 0)
(3 1.59553e-15 0)
(3 9.97122e-16 0)
(3 7.28966e-16 0)
(3 -3.93025e-17 0)
(3 1.50912e-16 0)
(3 1.37832e-17 0)
(3 -5.08666e-16 0)
(3 3.07767e-15 0)
(3 -3.69474e-16 0)
(3 -3.33036e-16 0)
(3 -2.80458e-16 0)
(3 -1.49579e-16 0)
(3 6.11983e-16 0)
(3 8.23787e-16 0)
(3 1.14908e-15 0)
(3 1.10472e-15 0)
(3 2.58501e-15 0)
(3 2.93867e-15 0)
(3 5.76909e-15 0)
(3 5.7453e-15 0)
(3 4.77363e-15 0)
(3 5.81309e-16 0)
(3 2.04394e-16 0)
(3 -2.28229e-15 0)
(3 -4.17406e-15 0)
(3 -8.60373e-16 0)
(3 -1.50515e-15 0)
(3 -3.4005e-15 0)
(3 8.07038e-16 0)
(3 4.82534e-15 0)
(3 7.44644e-15 0)
(3 1.02017e-15 0)
(3 -4.39065e-16 0)
(3 5.6513e-15 0)
(3 5.76279e-15 0)
(3 4.12018e-15 0)
(3 -3.80808e-16 0)
(3 4.35683e-16 0)
(3 -2.14916e-15 0)
(3 -3.93824e-15 0)
(3 -7.25325e-16 0)
(3 -1.82024e-15 0)
(3 -3.21567e-15 0)
(3 1.4879e-15 0)
(3 5.30482e-15 0)
(3 7.37995e-15 0)
(3 8.12907e-16 0)
(3 -6.48549e-16 0)
(3 5.52112e-15 0)
(3 5.94492e-15 0)
(3 3.79038e-15 0)
(3 -9.18003e-16 0)
(3 7.58494e-16 0)
(3 -1.86484e-15 0)
(3 -3.73254e-15 0)
(3 -5.24324e-16 0)
(3 -3.62839e-15 0)
(3 -2.83875e-15 0)
(3 2.27535e-15 0)
(3 5.36502e-15 0)
(3 7.33928e-15 0)
(3 8.04243e-16 0)
(3 -7.37634e-16 0)
(3 5.30345e-15 0)
(3 5.87494e-15 0)
(3 3.56796e-15 0)
(3 -1.09411e-15 0)
(3 1.28758e-15 0)
(3 -1.81147e-15 0)
(3 -3.59482e-15 0)
(3 -5.97155e-16 0)
(3 -4.80025e-15 0)
(3 -2.32286e-15 0)
(3 2.68353e-15 0)
(3 5.28281e-15 0)
(3 6.83062e-15 0)
(3 8.29068e-16 0)
(3 -7.81076e-16 0)
(3 4.73297e-15 0)
(3 5.89435e-15 0)
(3 3.77484e-15 0)
(3 -7.54497e-16 0)
(3 1.43633e-15 0)
(3 -1.92357e-15 0)
(3 -3.28215e-15 0)
(3 -7.26495e-16 0)
(3 -5.42746e-15 0)
(3 -2.11409e-15 0)
(3 4.11731e-15 0)
(3 5.37876e-15 0)
(3 6.72543e-15 0)
(3 1.01856e-15 0)
(3 -8.07754e-16 0)
(3 5.12104e-15 0)
(3 6.12178e-15 0)
(3 3.79441e-15 0)
(3 -4.41017e-16 0)
(3 3.8084e-16 0)
(3 -1.93263e-15 0)
(3 -3.17669e-15 0)
(3 -1.215e-15 0)
(3 -5.57106e-15 0)
(3 -2.27744e-15 0)
(3 4.66322e-15 0)
(3 5.55415e-15 0)
(3 6.37751e-15 0)
(3 1.07545e-15 0)
(3 -7.91524e-16 0)
(3 5.57303e-15 0)
(3 6.48124e-15 0)
(3 4.49318e-15 0)
(3 -3.93246e-16 0)
(3 -3.88307e-16 0)
(3 -1.30356e-15 0)
(3 -3.11915e-15 0)
(3 -1.88641e-15 0)
(3 -5.17703e-15 0)
(3 -2.39568e-15 0)
(3 4.90861e-15 0)
(3 6.02977e-15 0)
(3 6.10003e-15 0)
(3 1.01394e-15 0)
(3 -7.72279e-16 0)
(3 5.27619e-15 0)
(3 6.63664e-15 0)
(3 4.79824e-15 0)
(3 -5.72552e-16 0)
(3 -7.52156e-16 0)
(3 -1.19589e-15 0)
(3 -2.9375e-15 0)
(3 -1.83053e-15 0)
(3 -4.71598e-15 0)
(3 -3.01662e-15 0)
(3 4.70518e-15 0)
(3 6.27962e-15 0)
(3 6.13517e-15 0)
(3 8.45481e-16 0)
(3 -7.82764e-16 0)
(3 4.47599e-15 0)
(3 5.79604e-15 0)
(3 4.9081e-15 0)
(3 8.25704e-16 0)
(3 -4.69146e-16 0)
(3 -1.35132e-15 0)
(3 -2.40528e-15 0)
(3 -1.69954e-15 0)
(3 -4.29824e-15 0)
(3 -1.14366e-15 0)
(3 4.24995e-15 0)
(3 6.33272e-15 0)
(3 6.39123e-15 0)
(3 7.00564e-16 0)
(3 -9.97105e-16 0)
(3 2.68698e-15 0)
(3 6.14155e-15 0)
(3 3.91632e-15 0)
(3 1.39994e-15 0)
(3 -4.89897e-16 0)
(3 -1.17651e-15 0)
(3 -2.09503e-15 0)
(3 -1.71166e-15 0)
(3 -4.15368e-15 0)
(3 -5.25471e-16 0)
(3 4.20892e-15 0)
(3 5.72864e-15 0)
(3 6.71566e-15 0)
(3 6.65198e-16 0)
(3 -1.11104e-15 0)
(3 -1.23571e-06 0)
(3 -1.41824e-08 0)
(3 7.63658e-11 0)
(3 1.26445e-11 0)
(3 3.99255e-13 0)
(3 -1.51225e-15 0)
(3 -1.9198e-15 0)
(3 -1.91108e-15 0)
(3 -3.84613e-15 0)
(3 -3.00444e-16 0)
(3 4.17557e-15 0)
(3 5.46211e-15 0)
(3 6.99198e-15 0)
(3 7.35226e-16 0)
(3 -1.23915e-15 0)
(3.00001 2.19029e-05 0)
(3 -1.20733e-07 0)
(3 -2.38664e-08 0)
(3 -1.16456e-09 0)
(3 -3.98026e-12 0)
(3 1.55374e-14 0)
(3 7.20323e-16 0)
(3 -1.68212e-15 0)
(3 -3.65234e-15 0)
(3 -1.5808e-16 0)
(3 4.27571e-15 0)
(3 5.36425e-15 0)
(3 6.86011e-15 0)
(3 8.12779e-16 0)
(3 -1.24504e-15 0)
(3.00074 0.00153101 0)
(3.00004 0.000107736 0)
(3 3.52167e-06 0)
(3 1.80142e-08 0)
(3 -1.96062e-11 0)
(3 -1.25716e-11 0)
(3 -5.36559e-13 0)
(3 -3.26099e-15 0)
(3 -3.35808e-15 0)
(3 -3.91079e-16 0)
(3 4.26752e-15 0)
(3 5.37268e-15 0)
(3 6.63824e-15 0)
(3 5.80346e-16 0)
(3 -1.2656e-15 0)
(2.99415 -0.0488306 0)
(2.99998 -0.0010651 0)
(3 2.11521e-07 0)
(3 9.86609e-08 0)
(3 1.73695e-09 0)
(3 -3.57835e-11 0)
(3 -6.00319e-12 0)
(3 -1.12759e-13 0)
(3 -3.08216e-15 0)
(3 -2.7337e-16 0)
(3 4.10824e-15 0)
(3 5.367e-15 0)
(3 6.69792e-15 0)
(3 7.39191e-16 0)
(3 -1.31879e-15 0)
(2.57157 -0.572127 0)
(2.99119 -0.0371962 0)
(3.00026 -0.000295774 0)
(3 2.16747e-06 0)
(3 3.62137e-07 0)
(3 2.24647e-08 0)
(3 3.45718e-10 0)
(3 1.00974e-13 0)
(3 -4.04977e-15 0)
(3 -7.27908e-16 0)
(3 4.41573e-15 0)
(3 5.43542e-15 0)
(3 6.56473e-15 0)
(3 8.5653e-16 0)
(3 -1.29171e-15 0)
(2.17592 -0.899695 0)
(2.66287 -0.458488 0)
(2.98393 -0.0360294 0)
(2.99996 -0.000464989 0)
(3 -3.30545e-06 0)
(3 -1.22404e-08 0)
(3 9.89534e-10 0)
(3 4.12182e-11 0)
(3 2.8429e-13 0)
(3 -2.23454e-15 0)
(3 4.04198e-15 0)
(3 5.07739e-15 0)
(3 6.60815e-15 0)
(3 9.23278e-16 0)
(3 -1.42069e-15 0)
(2.1754 -0.882369 0)
(2.41858 -0.739829 0)
(2.85137 -0.265992 0)
(2.99615 -0.0145515 0)
(3.00001 -7.17386e-05 0)
(3 1.00102e-06 0)
(3 6.27868e-09 0)
(3 1.04004e-09 0)
(3 5.48344e-11 0)
(3 9.41117e-13 0)
(3 1.23072e-14 0)
(3 4.762e-15 0)
(3 6.63912e-15 0)
(3 1.1009e-15 0)
(3 -1.57245e-15 0)
(2.2069 -0.807178 0)
(2.25008 -0.80358 0)
(2.58074 -0.561129 0)
(2.94142 -0.121926 0)
(2.99883 -0.00518593 0)
(2.99999 -7.31398e-05 0)
(3 -8.84336e-07 0)
(3 -1.15383e-08 0)
(3 -6.77186e-11 0)
(3 -6.1769e-13 0)
(3 -7.76627e-15 0)
(3 4.41133e-15 0)
(3 6.66497e-15 0)
(3 1.41188e-15 0)
(3 -1.68206e-15 0)
(2.29063 -0.634228 0)
(2.25517 -0.788309 0)
(2.39818 -0.740912 0)
(2.77819 -0.375788 0)
(2.98997 -0.0354812 0)
(3.00005 -0.0004642 0)
(3 1.18344e-06 0)
(3 8.36119e-08 0)
(3 1.53151e-08 0)
(3 6.35753e-10 0)
(3 8.36566e-12 0)
(3 6.64042e-14 0)
(3 7.38052e-15 0)
(3 1.3528e-15 0)
(3 -1.52705e-15 0)
(2.40918 -0.418422 0)
(2.26991 -0.705853 0)
(2.34038 -0.737137 0)
(2.54906 -0.601654 0)
(2.85826 -0.241748 0)
(2.98699 -0.0322411 0)
(2.99955 -0.00157713 0)
(2.99999 -3.87853e-05 0)
(3 -5.86375e-07 0)
(3 -5.94099e-09 0)
(3 -4.26117e-11 0)
(3 -2.2097e-13 0)
(3 6.5108e-15 0)
(3 1.40738e-15 0)
(3 -1.39142e-15 0)
(2.50456 -0.181343 0)
(2.32713 -0.595878 0)
(2.34721 -0.706924 0)
(2.43399 -0.686312 0)
(2.72519 -0.438797 0)
(2.96918 -0.0697408 0)
(2.99897 -0.00341604 0)
(2.99998 -7.18587e-05 0)
(3 -1.09035e-06 0)
(3 -1.23942e-08 0)
(3 -1.06497e-10 0)
(3 -6.92958e-13 0)
(3 3.80724e-15 0)
(3 2.98151e-15 0)
(3 -5.17474e-16 0)
(2.57953 0.0700457 0)
(2.4466 -0.343898 0)
(2.3796 -0.617144 0)
(2.43202 -0.67969 0)
(2.58885 -0.60811 0)
(2.84723 -0.310131 0)
(2.98545 -0.0366632 0)
(2.99963 -0.000919135 0)
(3 -9.85335e-06 0)
(3 -8.29482e-08 0)
(3 -6.38138e-10 0)
(3 -4.45255e-12 0)
(3 -2.03595e-14 0)
(3 5.29477e-15 0)
(3 8.71653e-16 0)
(2.62067 0.0376152 0)
(2.54625 -0.0324539 0)
(2.43888 -0.460881 0)
(2.43158 -0.645816 0)
(2.52736 -0.630664 0)
(2.73554 -0.475772 0)
(2.94842 -0.135757 0)
(2.9974 -0.00772565 0)
(2.99996 -0.000112006 0)
(3 -9.17849e-07 0)
(3 -6.32922e-09 0)
(3 -3.97077e-11 0)
(3 -2.28932e-13 0)
(3 7.38927e-15 0)
(3 2.89264e-15 0)
(2.58842 0.0557846 0)
(2.56683 0.0312206 0)
(2.54468 -0.168146 0)
(2.47382 -0.529916 0)
(2.52555 -0.616495 0)
(2.61438 -0.579573 0)
(2.82451 -0.3672 0)
(2.97595 -0.0614808 0)
(2.99921 -0.00193402 0)
(2.99999 -2.00422e-05 0)
(3 -1.41276e-07 0)
(3 -8.63251e-10 0)
(3 -4.69135e-12 0)
(3 -1.22901e-14 0)
(3 4.37176e-15 0)
(2.58897 0.218263 0)
(2.58507 0.116586 0)
(2.58175 -0.108747 0)
(2.53037 -0.371711 0)
(2.52861 -0.570377 0)
(2.61163 -0.580418 0)
(2.74852 -0.485551 0)
(2.92853 -0.180856 0)
(2.99462 -0.0142022 0)
(2.99989 -0.000262744 0)
(3 -2.20694e-06 0)
(3 -1.41518e-08 0)
(3 -8.0558e-11 0)
(3 -3.92283e-13 0)
(3 4.11662e-15 0)
(2.62686 0.325342 0)
(2.63307 0.24763 0)
(2.61075 0.0243324 0)
(2.58799 -0.21043 0)
(2.56251 -0.471707 0)
(2.60984 -0.566576 0)
(2.66742 -0.552918 0)
(2.82884 -0.373993 0)
(2.96974 -0.0760569 0)
(2.9988 -0.0028556 0)
(2.99998 -3.35352e-05 0)
(3 -2.47461e-07 0)
(3 -1.50025e-09 0)
(3 -8.16493e-12 0)
(3 -2.93506e-14 0)
(2.65298 0.454787 0)
(2.64862 0.32078 0)
(2.62314 0.0845322 0)
(2.64051 -0.0315092 0)
(2.62113 -0.302515 0)
(2.62278 -0.509874 0)
(2.66641 -0.550636 0)
(2.77055 -0.472948 0)
(2.91894 -0.203828 0)
(2.99207 -0.0199817 0)
(2.99982 -0.000415788 0)
(3 -3.61891e-06 0)
(3 -2.40062e-08 0)
(3 -1.37567e-10 0)
(3 -6.38681e-13 0)
(2.68195 0.480485 0)
(2.68683 0.352368 0)
(2.64725 0.104548 0)
(2.64404 0.00999043 0)
(2.65745 -0.177262 0)
(2.65558 -0.405448 0)
(2.66965 -0.53226 0)
(2.71368 -0.522313 0)
(2.8445 -0.357899 0)
(2.96976 -0.0766231 0)
(2.99862 -0.0033354 0)
(2.99998 -4.30242e-05 0)
(3 -3.19071e-07 0)
(3 -1.96942e-09 0)
(3 -9.41256e-12 0)
(2.70764 0.526399 0)
(2.7307 0.418512 0)
(2.67654 0.161911 0)
(2.70141 0.166106 0)
(2.69324 -0.0712573 0)
(2.68589 -0.307485 0)
(2.68486 -0.483181 0)
(2.71387 -0.520292 0)
(2.79398 -0.451389 0)
(2.9178 -0.20573 0)
(2.99115 -0.0210839 0)
(2.99979 -0.000464772 0)
(3 -4.45883e-06 0)
(3 -3.11276e-08 0)
(3 -1.59924e-10 0)
(2.71014 0.530701 0)
(2.72064 0.431691 0)
(2.67876 0.257936 0)
(2.7174 0.269051 0)
(2.71931 0.0222382 0)
(2.74713 -0.126343 0)
(2.72198 -0.385759 0)
(2.72013 -0.502333 0)
(2.75241 -0.493672 0)
(2.85432 -0.344628 0)
(2.96759 -0.0798511 0)
(2.99841 -0.00382572 0)
(2.99998 -4.8674e-05 0)
(3 -3.48405e-07 0)
(3 -1.90635e-09 0)
(2.71256 0.547768 0)
(2.70976 0.463217 0)
(2.70748 0.354168 0)
(2.7409 0.309452 0)
(2.72827 0.0259639 0)
(2.76773 -0.0458891 0)
(2.76115 -0.261494 0)
(2.73653 -0.455974 0)
(2.75276 -0.491507 0)
(2.81935 -0.413752 0)
(2.93089 -0.175353 0)
(2.99279 -0.0171328 0)
(2.99981 -0.000409517 0)
(3 -4.31011e-06 0)
(3 -2.53821e-08 0)
(2.73086 0.577512 0)
(2.72238 0.493981 0)
(2.73041 0.405895 0)
(2.76512 0.342267 0)
(2.74705 0.0846747 0)
(2.7906 0.0405411 0)
(2.78652 -0.184281 0)
(2.77167 -0.36424 0)
(2.75817 -0.477139 0)
(2.78289 -0.465924 0)
(2.86102 -0.338053 0)
(2.96665 -0.0811161 0)
(2.99836 -0.00374174 0)
(2.99998 -4.52357e-05 0)
(3 -3.07627e-07 0)
(2.7337 0.615212 0)
(2.73004 0.509437 0)
(2.75575 0.426153 0)
(2.79175 0.359329 0)
(2.77281 0.152319 0)
(2.81903 0.174258 0)
(2.81677 -0.0787736 0)
(2.80133 -0.281716 0)
(2.77528 -0.436485 0)
(2.78354 -0.465149 0)
(2.83863 -0.381241 0)
(2.94311 -0.146242 0)
(2.99405 -0.0147267 0)
(2.99984 -0.000377767 0)
(3 -2.96067e-06 0)
(2.74369 0.638068 0)
(2.74795 0.550146 0)
(2.78635 0.438513 0)
(2.80127 0.326625 0)
(2.78717 0.211961 0)
(2.83136 0.218512 0)
(2.83703 0.000397868 0)
(2.84577 -0.142787 0)
(2.80554 -0.360283 0)
(2.78862 -0.453766 0)
(2.80865 -0.433272 0)
(2.87686 -0.303809 0)
(2.97232 -0.0664335 0)
(2.99878 -0.00262182 0)
(2.99998 -3.07292e-05 0)
(2.73915 0.608564 0)
(2.77838 0.577478 0)
(2.7982 0.446339 0)
(2.81299 0.366142 0)
(2.81688 0.27629 0)
(2.85646 0.260602 0)
(2.84828 0.0101075 0)
(2.86653 -0.0621174 0)
(2.83904 -0.259172 0)
(2.80357 -0.417905 0)
(2.80854 -0.435282 0)
(2.84749 -0.366445 0)
(2.94303 -0.138697 0)
(2.99419 -0.0141594 0)
(2.99984 -0.000260255 0)
(2.72545 0.448559 0)
(2.78491 0.576983 0)
(2.82441 0.520885 0)
(2.83239 0.434203 0)
(2.84854 0.34137 0)
(2.88031 0.301227 0)
(2.86201 0.0637609 0)
(2.88796 0.0183196 0)
(2.86769 -0.174959 0)
(2.82937 -0.355024 0)
(2.81165 -0.429767 0)
(2.82851 -0.404363 0)
(2.90197 -0.241464 0)
(2.98068 -0.0461448 0)
(2.99903 -0.00149701 0)
(2.7031 0.226056 0)
(2.77283 0.512018 0)
(2.83027 0.537702 0)
(2.83978 0.453341 0)
(2.86696 0.368068 0)
(2.90578 0.310359 0)
(2.87578 0.106214 0)
(2.90676 0.123645 0)
(2.88598 -0.10902 0)
(2.86414 -0.260754 0)
(2.82451 -0.402466 0)
(2.82898 -0.40554 0)
(2.85765 -0.354224 0)
(2.94867 -0.125199 0)
(2.99427 -0.00918317 0)
(2.6742 0.135798 0)
(2.76105 0.337256 0)
(2.82524 0.522002 0)
(2.84714 0.49205 0)
(2.89593 0.398998 0)
(2.93048 0.305082 0)
(2.88301 0.162184 0)
(2.91212 0.187007 0)
(2.90514 -0.0244348 0)
(2.89156 -0.178337 0)
(2.84612 -0.352125 0)
(2.8313 -0.402596 0)
(2.84346 -0.375355 0)
(2.91746 -0.205316 0)
(2.98105 -0.0275755 0)
(2.66997 0.0373227 0)
(2.75894 0.182343 0)
(2.82928 0.45084 0)
(2.87682 0.484549 0)
(2.92148 0.432223 0)
(2.91911 0.29928 0)
(2.92079 0.246731 0)
(2.93266 0.231205 0)
(2.9155 0.00422031 0)
(2.91713 -0.0900039 0)
(2.87655 -0.270083 0)
(2.83931 -0.388113 0)
(2.84489 -0.382649 0)
(2.8829 -0.310058 0)
(2.94835 -0.080701 0)
(2.62907 0.00776731 0)
(2.71974 0.0440333 0)
(2.80312 0.210307 0)
(2.86962 0.418902 0)
(2.92131 0.435455 0)
(2.93421 0.375702 0)
(2.94172 0.301216 0)
(2.96718 0.262916 0)
(2.9358 0.0612017 0)
(2.94458 0.0302826 0)
(2.91055 -0.16303 0)
(2.86984 -0.315188 0)
(2.85096 -0.372503 0)
(2.8736 -0.347112 0)
(2.88061 -0.153902 0)
(2.63516 0.138577 0)
(2.66263 0.239464 0)
(2.75258 0.295226 0)
(2.81048 0.375131 0)
(2.7588 0.435646 0)
(2.71574 0.529382 0)
(2.68879 0.589447 0)
(2.69215 0.62066 0)
(2.68528 0.642302 0)
(2.68019 0.601268 0)
(2.70853 0.624004 0)
(2.73232 0.653097 0)
(2.73916 0.693639 0)
(2.71835 0.652861 0)
(2.68558 0.375504 0)
(2.66573 0.134546 0)
(2.62304 -0.0411468 0)
(2.56655 -0.00357077 0)
(2.56661 0.0226003 0)
(2.58381 0.0136876 0)
(2.67564 0.319712 0)
(2.70204 0.402749 0)
(2.7725 0.403421 0)
(2.81559 0.484169 0)
(2.79129 0.555271 0)
(2.74894 0.63737 0)
(2.73332 0.674015 0)
(2.71209 0.677278 0)
(2.68164 0.67548 0)
(2.67443 0.676428 0)
(2.70767 0.685563 0)
(2.71907 0.702652 0)
(2.72412 0.67153 0)
(2.66327 0.385327 0)
(2.6394 0.190088 0)
(2.60854 0.0415214 0)
(2.59923 -0.00762576 0)
(2.58455 -0.0124331 0)
(2.56308 0.0182345 0)
(2.57628 0.01387 0)
(2.7129 0.513919 0)
(2.72481 0.564103 0)
(2.77221 0.610462 0)
(2.78725 0.638933 0)
(2.78232 0.692098 0)
(2.78494 0.729145 0)
(2.79551 0.74248 0)
(2.74309 0.718381 0)
(2.69936 0.729956 0)
(2.67613 0.716858 0)
(2.68952 0.732976 0)
(2.69705 0.649896 0)
(2.65784 0.36107 0)
(2.61935 0.162181 0)
(2.57552 0.0239957 0)
(2.57536 0.0170325 0)
(2.58323 -0.00933576 0)
(2.58432 -0.0224754 0)
(2.57609 -0.00370153 0)
(2.5761 0.0105692 0)
(2.74663 0.657732 0)
(2.73369 0.715597 0)
(2.74355 0.733779 0)
(2.75433 0.783431 0)
(2.76793 0.809857 0)
(2.80815 0.823838 0)
(2.82553 0.81474 0)
(2.77604 0.797618 0)
(2.72852 0.7926 0)
(2.71368 0.786889 0)
(2.68138 0.621009 0)
(2.65919 0.264368 0)
(2.63788 0.146248 0)
(2.60683 0.0667269 0)
(2.59031 0.016566 0)
(2.57619 0.0140883 0)
(2.57802 -0.00306188 0)
(2.57982 -0.00800986 0)
(2.57488 -0.00473757 0)
(2.57395 0.00516383 0)
(2.76817 0.832518 0)
(2.72758 0.887042 0)
(2.71561 0.922679 0)
(2.73276 0.930441 0)
(2.75632 0.933434 0)
(2.82049 0.920239 0)
(2.83894 0.90401 0)
(2.81286 0.890711 0)
(2.77165 0.827503 0)
(2.72352 0.534739 0)
(2.69073 0.219472 0)
(2.67206 0.103938 0)
(2.62493 0.0402818 0)
(2.60069 0.0160229 0)
(2.58179 0.005379 0)
(2.56928 0.00905478 0)
(2.57256 0.00889404 0)
(2.57314 0.00275953 0)
(2.5689 -0.00242557 0)
(2.5643 0.00183309 0)
(2.74553 1.02686 0)
(2.72292 1.05944 0)
(2.69747 1.01359 0)
(2.70976 1.0286 0)
(2.75668 1.0244 0)
(2.80595 0.994157 0)
(2.80404 0.895555 0)
(2.81294 0.675607 0)
(2.75111 0.388812 0)
(2.72258 0.244133 0)
(2.65539 0.0764526 0)
(2.59717 0.0324353 0)
(2.57832 0.00315199 0)
(2.5651 -0.00477132 0)
(2.5535 -0.00172911 0)
(2.54874 0.0121407 0)
(2.5528 0.017937 0)
(2.55011 0.0158764 0)
(2.54456 0.00351766 0)
(2.53144 0.00187088 0)
(2.69622 1.26844 0)
(2.71532 1.18917 0)
(2.7177 1.25468 0)
(2.71019 1.20578 0)
(2.7336 1.09284 0)
(2.79821 0.809255 0)
(2.73247 0.349257 0)
(2.72519 0.243918 0)
(2.59635 0.061928 0)
(2.54984 0.0717808 0)
(2.53295 0.0523783 0)
(2.52831 0.0363756 0)
(2.50423 0.000806242 0)
(2.49547 -0.0135869 0)
(2.48942 -0.00645462 0)
(2.49111 0.0183892 0)
(2.49535 0.0278151 0)
(2.49118 0.0209787 0)
(2.48501 0.00982638 0)
(2.46289 0.000760866 0)
(2.64295 1.47301 0)
(2.66852 1.39738 0)
(2.58587 1.11737 0)
(2.60699 0.887762 0)
(2.5989 0.49635 0)
(2.63639 0.273074 0)
(2.49404 0.00337553 0)
(2.40889 0.00941676 0)
(2.39131 0.0318762 0)
(2.41757 0.0385723 0)
(2.43535 0.0531305 0)
(2.41859 0.037728 0)
(2.39196 -0.00394779 0)
(2.38767 -0.0211073 0)
(2.38536 -0.0109907 0)
(2.38936 0.0109475 0)
(2.39606 0.0238276 0)
(2.39484 0.0157909 0)
(2.39181 0.00656461 0)
(2.37812 -0.00106776 0)
(2.28427 0.787974 0)
(2.30791 0.510764 0)
(2.29936 0.327861 0)
(2.34507 0.23778 0)
(2.27272 0.0288263 0)
(2.24219 0.0368524 0)
(2.23669 -0.0166771 0)
(2.24715 -0.00111134 0)
(2.27841 0.0248923 0)
(2.28819 0.0476848 0)
(2.28842 0.0457127 0)
(2.28343 0.0345843 0)
(2.27785 0.0018308 0)
(2.28454 -0.00907573 0)
(2.28897 -0.00266004 0)
(2.29711 0.0138544 0)
(2.30258 0.0227298 0)
(2.30674 0.0185878 0)
(2.31041 0.00776923 0)
(2.31067 0.00274564 0)
(1.94921 0.16805 0)
(2.03488 0.139153 0)
(2.08784 0.0887987 0)
(2.13204 0.0611566 0)
(2.12498 0.0198788 0)
(2.11933 0.0164175 0)
(2.15254 -0.00403015 0)
(2.18648 -0.00293576 0)
(2.2045 0.00368858 0)
(2.21078 0.0155329 0)
(2.2092 0.0256674 0)
(2.20622 0.0256068 0)
(2.21618 0.00879724 0)
(2.23665 -0.00519005 0)
(2.24583 -0.00708769 0)
(2.26078 0.00258328 0)
(2.26322 0.0077342 0)
(2.26637 0.0129399 0)
(2.27577 0.00586444 0)
(2.28374 0.00216706 0)
)
;

boundaryField
{
    inlet
    {
        type            fixedValue;
        value           uniform (3 0 0);
    }
    outlet
    {
        type            inletOutlet;
        inletValue      uniform (3 0 0);
        value           nonuniform List<vector> 
50
(
(2.62704 -0.0067274 0)
(2.72266 -0.0508824 0)
(2.80575 -0.215975 0)
(2.87684 -0.420396 0)
(2.92165 -0.426615 0)
(2.93583 -0.379629 0)
(2.94282 -0.299266 0)
(2.96634 -0.259144 0)
(2.93566 -0.0614861 0)
(2.94454 -0.0285466 0)
(2.9108 0.16229 0)
(2.86972 0.315049 0)
(2.85091 0.372373 0)
(2.87356 0.347135 0)
(2.88065 0.15383 0)
(2.28711 0.00278008 0)
(2.3159 0.00333656 0)
(2.38197 0.000241419 0)
(2.46622 -0.000789304 0)
(2.53213 -0.00544358 0)
(2.56367 -0.00391191 0)
(2.57189 -0.0042989 0)
(2.57322 -0.00827113 0)
(2.57273 -0.0122022 0)
(2.57913 -0.0120558 0)
(2.58381 0.0136876 0)
(2.57628 0.01387 0)
(2.5761 0.0105692 0)
(2.57395 0.00516383 0)
(2.5643 0.00183309 0)
(2.53144 0.00187088 0)
(2.46289 0.000760866 0)
(2.37812 -0.00106776 0)
(2.31067 0.00274564 0)
(2.28374 0.00216706 0)
(2.62907 0.00776731 0)
(2.71974 0.0440333 0)
(2.80312 0.210307 0)
(2.86962 0.418902 0)
(2.92131 0.435455 0)
(2.93421 0.375702 0)
(2.94172 0.301216 0)
(2.96718 0.262916 0)
(2.9358 0.0612017 0)
(2.94458 0.0302826 0)
(2.91055 -0.16303 0)
(2.86984 -0.315188 0)
(2.85096 -0.372503 0)
(2.8736 -0.347112 0)
(2.88061 -0.153902 0)
)
;
    }
    airfoil
    {
        type            slip;
    }
    top
    {
        type            symmetryPlane;
    }
    bottom
    {
        type            symmetryPlane;
    }
    defaultFaces
    {
        type            empty;
    }
}


// ************************************************************************* //
